300.0	0.246
300.125	0.2492
300.25	0.246
300.375	0.2492
300.5	0.2468
300.625	0.246
300.75	0.2492
300.875	0.2484
301.0	0.246
301.125	0.2476
301.25	0.2492
301.375	0.2476
301.5	0.246
301.625	0.2476
301.75	0.2492
301.875	0.2492
302.0	0.2484
302.125	0.2468
302.25	0.246
302.375	0.2468
302.5	0.2468
302.625	0.2476
302.75	0.2484
302.875	0.246
303.0	0.246
303.125	0.2452
303.25	0.2452
303.375	0.2452
303.5	0.2452
303.625	0.2444
303.75	0.2452
303.875	0.2452
304.0	0.2452
304.125	0.2452
304.25	0.2452
304.375	0.2452
304.5	0.2452
304.625	0.2452
304.75	0.2452
304.875	0.2452
305.0	0.246
305.125	0.2452
305.25	0.2452
305.375	0.2452
305.5	0.2452
305.625	0.246
305.75	0.2452
305.875	0.2468
306.0	0.2452
306.125	0.2476
306.25	0.2484
306.375	0.25
306.5	0.25
306.625	0.2523
306.75	0.2539
306.875	0.2547
307.0	0.2539
307.125	0.2547
307.25	0.2594
307.375	0.2594
307.5	0.2594
307.625	0.2594
307.75	0.2594
307.875	0.2594
308.0	0.2586
308.125	0.2594
308.25	0.2586
308.375	0.2547
308.5	0.2547
308.625	0.2539
308.75	0.2523
308.875	0.2515
309.0	0.2492
309.125	0.2492
309.25	0.2468
309.375	0.2452
309.5	0.2444
309.625	0.2429
309.75	0.2452
309.875	0.2444
310.0	0.2452
310.125	0.2437
310.25	0.2429
310.375	0.2444
310.5	0.2452
310.625	0.2452
310.75	0.2444
310.875	0.2444
311.0	0.2437
311.125	0.2437
311.25	0.2429
311.375	0.2444
311.5	0.2437
311.625	0.2452
311.75	0.2452
311.875	0.2444
312.0	0.2444
312.125	0.2452
312.25	0.2452
312.375	0.2437
312.5	0.2444
312.625	0.2437
312.75	0.2429
312.875	0.2437
313.0	0.2452
313.125	0.2452
313.25	0.2444
313.375	0.2444
313.5	0.2444
313.625	0.2452
313.75	0.2452
313.875	0.2452
314.0	0.2452
314.125	0.2444
314.25	0.2444
314.375	0.2452
314.5	0.2452
314.625	0.2452
314.75	0.2452
314.875	0.2444
315.0	0.2452
315.125	0.2452
315.25	0.2452
315.375	0.2452
315.5	0.2452
315.625	0.2452
315.75	0.2452
315.875	0.246
316.0	0.2452
316.125	0.2437
316.25	0.2452
316.375	0.2452
316.5	0.2452
316.625	0.2452
316.75	0.246
316.875	0.2452
317.0	0.2452
317.125	0.246
317.25	0.2452
317.375	0.2452
317.5	0.246
317.625	0.2468
317.75	0.2476
317.875	0.246
318.0	0.246
318.125	0.2484
318.25	0.2468
318.375	0.2468
318.5	0.2476
318.625	0.2476
318.75	0.2492
318.875	0.2476
319.0	0.2492
319.125	0.25
319.25	0.25
319.375	0.25
319.5	0.25
319.625	0.25
319.75	0.2492
319.875	0.25
320.0	0.2476
320.125	0.2492
320.25	0.2468
320.375	0.2468
320.5	0.2468
320.625	0.246
320.75	0.2468
320.875	0.2468
321.0	0.2468
321.125	0.2452
321.25	0.2468
321.375	0.2476
321.5	0.246
321.625	0.2452
321.75	0.2452
321.875	0.2452
322.0	0.2484
322.125	0.2468
322.25	0.246
322.375	0.2452
322.5	0.2452
322.625	0.246
322.75	0.2452
322.875	0.2452
323.0	0.2452
323.125	0.2452
323.25	0.2468
323.375	0.2452
323.5	0.2452
323.625	0.2452
323.75	0.2452
323.875	0.2452
324.0	0.246
324.125	0.2452
324.25	0.2468
324.375	0.2468
324.5	0.2476
324.625	0.2484
324.75	0.2484
324.875	0.25
325.0	0.25
325.125	0.25
325.25	0.2531
325.375	0.2547
325.5	0.2547
325.625	0.2547
325.75	0.2547
325.875	0.2555
326.0	0.2555
326.125	0.2578
326.25	0.2594
326.375	0.2586
326.5	0.2578
326.625	0.257
326.75	0.257
326.875	0.2547
327.0	0.2555
327.125	0.2547
327.25	0.2547
327.375	0.2531
327.5	0.25
327.625	0.25
327.75	0.2523
327.875	0.2492
328.0	0.2492
328.125	0.2492
328.25	0.25
328.375	0.2492
328.5	0.2476
328.625	0.25
328.75	0.25
328.875	0.25
329.0	0.2484
329.125	0.25
329.25	0.25
329.375	0.2492
329.5	0.25
329.625	0.25
329.75	0.25
329.875	0.25
330.0	0.25
330.125	0.25
330.25	0.25
330.375	0.25
330.5	0.25
330.625	0.2492
330.75	0.25
330.875	0.25
331.0	0.2507
331.125	0.2492
331.25	0.25
331.375	0.25
331.5	0.25
331.625	0.25
331.75	0.25
331.875	0.25
332.0	0.25
332.125	0.2492
332.25	0.25
332.375	0.2507
332.5	0.25
332.625	0.25
332.75	0.2507
332.875	0.25
333.0	0.25
333.125	0.25
333.25	0.25
333.375	0.25
333.5	0.25
333.625	0.25
333.75	0.25
333.875	0.25
334.0	0.25
334.125	0.25
334.25	0.25
334.375	0.25
334.5	0.25
334.625	0.25
334.75	0.25
334.875	0.25
335.0	0.25
335.125	0.2507
335.25	0.25
335.375	0.25
335.5	0.25
335.625	0.25
335.75	0.25
335.875	0.2507
336.0	0.25
336.125	0.25
336.25	0.25
336.375	0.25
336.5	0.25
336.625	0.2515
336.75	0.2531
336.875	0.2523
337.0	0.2515
337.125	0.2531
337.25	0.25
337.375	0.2515
337.5	0.2539
337.625	0.2547
337.75	0.2547
337.875	0.2547
338.0	0.2547
338.125	0.2547
338.25	0.2547
338.375	0.2547
338.5	0.2547
338.625	0.2547
338.75	0.2547
338.875	0.2547
339.0	0.2539
339.125	0.2539
339.25	0.2547
339.375	0.2547
339.5	0.2523
339.625	0.2531
339.75	0.2507
339.875	0.2507
340.0	0.2523
340.125	0.25
340.25	0.2507
340.375	0.25
340.5	0.25
340.625	0.25
340.75	0.25
340.875	0.25
341.0	0.25
341.125	0.25
341.25	0.25
341.375	0.2507
341.5	0.25
341.625	0.25
341.75	0.2507
341.875	0.25
342.0	0.2484
342.125	0.25
342.25	0.25
342.375	0.25
342.5	0.25
342.625	0.25
342.75	0.25
342.875	0.25
343.0	0.25
343.125	0.2492
343.25	0.25
343.375	0.25
343.5	0.25
343.625	0.25
343.75	0.2507
343.875	0.2507
344.0	0.2507
344.125	0.2515
344.25	0.2507
344.375	0.2507
344.5	0.2547
344.625	0.2547
344.75	0.2547
344.875	0.2547
345.0	0.2547
345.125	0.2555
345.25	0.2547
345.375	0.2547
345.5	0.2555
345.625	0.257
345.75	0.257
345.875	0.2594
346.0	0.2594
346.125	0.2594
346.25	0.2594
346.375	0.2594
346.5	0.2594
346.625	0.2602
346.75	0.2594
346.875	0.2594
347.0	0.2594
347.125	0.2594
347.25	0.257
347.375	0.2594
347.5	0.2586
347.625	0.2562
347.75	0.257
347.875	0.2547
348.0	0.2547
348.125	0.2555
348.25	0.2539
348.375	0.2547
348.5	0.2547
348.625	0.2547
348.75	0.2547
348.875	0.2547
349.0	0.2547
349.125	0.2547
349.25	0.2539
349.375	0.2547
349.5	0.2547
349.625	0.2547
349.75	0.2539
349.875	0.2547
350.0	0.2539
350.125	0.2539
350.25	0.2523
350.375	0.2523
350.5	0.2547
350.625	0.2531
350.75	0.2515
350.875	0.2523
351.0	0.2507
351.125	0.2547
351.25	0.25
351.375	0.2515
351.5	0.2507
351.625	0.2515
351.75	0.2507
351.875	0.2507
352.0	0.2523
352.125	0.25
352.25	0.25
352.375	0.25
352.5	0.25
352.625	0.25
352.75	0.25
352.875	0.2523
353.0	0.25
353.125	0.25
353.25	0.25
353.375	0.25
353.5	0.2515
353.625	0.25
353.75	0.25
353.875	0.2515
354.0	0.25
354.125	0.25
354.25	0.25
354.375	0.2507
354.5	0.25
354.625	0.2515
354.75	0.2507
354.875	0.2523
355.0	0.2531
355.125	0.2523
355.25	0.2523
355.375	0.2531
355.5	0.2547
355.625	0.2547
355.75	0.2547
355.875	0.2547
356.0	0.2547
356.125	0.2547
356.25	0.2547
356.375	0.2539
356.5	0.2555
356.625	0.2547
356.75	0.2547
356.875	0.2547
357.0	0.2547
357.125	0.2555
357.25	0.2547
357.375	0.2555
357.5	0.2547
357.625	0.2547
357.75	0.2562
357.875	0.2555
358.0	0.2586
358.125	0.257
358.25	0.2578
358.375	0.2578
358.5	0.257
358.625	0.2578
358.75	0.257
358.875	0.2555
359.0	0.2594
359.125	0.2594
359.25	0.2594
359.375	0.2578
359.5	0.2594
359.625	0.2586
359.75	0.2594
359.875	0.2578
360.0	0.257
360.125	0.2578
360.25	0.2578
360.375	0.257
360.5	0.2586
360.625	0.2555
360.75	0.257
360.875	0.257
361.0	0.2555
361.125	0.2555
361.25	0.2547
361.375	0.2547
361.5	0.2547
361.625	0.2555
361.75	0.2562
361.875	0.2547
362.0	0.2547
362.125	0.2547
362.25	0.2547
362.375	0.2547
362.5	0.2547
362.625	0.2547
362.75	0.2547
362.875	0.2547
363.0	0.2547
363.125	0.2539
363.25	0.2547
363.375	0.2539
363.5	0.2547
363.625	0.2547
363.75	0.2539
363.875	0.2539
364.0	0.2547
364.125	0.2547
364.25	0.2547
364.375	0.2547
364.5	0.2562
364.625	0.2547
364.75	0.2547
364.875	0.2547
365.0	0.2547
365.125	0.2547
365.25	0.2547
365.375	0.2547
365.5	0.2547
365.625	0.2562
365.75	0.2578
365.875	0.2594
366.0	0.2594
366.125	0.2594
366.25	0.2594
366.375	0.2594
366.5	0.2594
366.625	0.2594
366.75	0.2617
366.875	0.261
367.0	0.2625
367.125	0.2602
367.25	0.2594
367.375	0.2602
367.5	0.2594
367.625	0.2594
367.75	0.2562
367.875	0.2578
368.0	0.2586
368.125	0.2594
368.25	0.2562
368.375	0.2594
368.5	0.2594
368.625	0.2594
368.75	0.257
368.875	0.2594
369.0	0.2578
369.125	0.2594
369.25	0.2594
369.375	0.2594
369.5	0.2594
369.625	0.2586
369.75	0.2578
369.875	0.257
370.0	0.2562
370.125	0.2578
370.25	0.2562
370.375	0.2547
370.5	0.2562
370.625	0.2547
370.75	0.2578
370.875	0.2555
371.0	0.2547
371.125	0.2547
371.25	0.2555
371.375	0.2578
371.5	0.2594
371.625	0.2594
371.75	0.2594
371.875	0.2594
372.0	0.2602
372.125	0.2594
372.25	0.2602
372.375	0.2594
372.5	0.2594
372.625	0.2594
372.75	0.2594
372.875	0.2594
373.0	0.2586
373.125	0.2602
373.25	0.2594
373.375	0.2594
373.5	0.2594
373.625	0.2594
373.75	0.2633
373.875	0.2641
374.0	0.2665
374.125	0.2688
374.25	0.268
374.375	0.2688
374.5	0.2688
374.625	0.2688
374.75	0.2688
374.875	0.2688
375.0	0.2688
375.125	0.2688
375.25	0.2649
375.375	0.2641
375.5	0.2625
375.625	0.2594
375.75	0.2562
375.875	0.2547
376.0	0.2547
376.125	0.2539
376.25	0.2547
376.375	0.2547
376.5	0.2531
376.625	0.2539
376.75	0.2531
376.875	0.2547
377.0	0.2547
377.125	0.2539
377.25	0.2531
377.375	0.2531
377.5	0.2539
377.625	0.2531
377.75	0.2531
377.875	0.2547
378.0	0.2531
378.125	0.2547
378.25	0.2547
378.375	0.2539
378.5	0.2547
378.625	0.2539
378.75	0.2547
378.875	0.2555
379.0	0.2547
379.125	0.2547
379.25	0.2555
379.375	0.2555
379.5	0.2562
379.625	0.2547
379.75	0.2562
379.875	0.2555
380.0	0.2594
380.125	0.2586
380.25	0.2594
380.375	0.2594
380.5	0.2594
380.625	0.2594
380.75	0.2594
380.875	0.2594
381.0	0.2594
381.125	0.2602
381.25	0.2602
381.375	0.2594
381.5	0.2633
381.625	0.261
381.75	0.261
381.875	0.2641
382.0	0.2641
382.125	0.2641
382.25	0.2641
382.375	0.2633
382.5	0.2633
382.625	0.2633
382.75	0.2625
382.875	0.2633
383.0	0.2617
383.125	0.2641
383.25	0.2641
383.375	0.2641
383.5	0.2641
383.625	0.2641
383.75	0.2641
383.875	0.2641
384.0	0.2641
384.125	0.2641
384.25	0.2641
384.375	0.2641
384.5	0.2641
384.625	0.2641
384.75	0.2649
384.875	0.2641
385.0	0.2641
385.125	0.2641
385.25	0.2633
385.375	0.2625
385.5	0.2594
385.625	0.2602
385.75	0.2617
385.875	0.2625
386.0	0.2594
386.125	0.2617
386.25	0.2633
386.375	0.2641
386.5	0.268
386.625	0.2735
386.75	0.2783
386.875	0.2877
387.0	0.2948
387.125	0.2987
387.25	0.3018
387.375	0.3066
387.5	0.3066
387.625	0.3113
387.75	0.3128
387.875	0.316
388.0	0.3168
388.125	0.3183
388.25	0.316
388.375	0.3136
388.5	0.3089
388.625	0.3011
388.75	0.2924
388.875	0.283
389.0	0.2783
389.125	0.2743
389.25	0.2743
389.375	0.2743
389.5	0.2735
389.625	0.2735
389.75	0.2735
389.875	0.2688
390.0	0.2696
390.125	0.2672
390.25	0.2657
390.375	0.2633
390.5	0.2625
390.625	0.2594
390.75	0.2586
390.875	0.2547
391.0	0.2547
391.125	0.2547
391.25	0.2539
391.375	0.2531
391.5	0.2547
391.625	0.2539
391.75	0.2547
391.875	0.2547
392.0	0.2547
392.125	0.2539
392.25	0.2539
392.375	0.2531
392.5	0.2547
392.625	0.2555
392.75	0.2547
392.875	0.2555
393.0	0.2555
393.125	0.2555
393.25	0.257
393.375	0.2586
393.5	0.2578
393.625	0.2586
393.75	0.2586
393.875	0.2594
394.0	0.2594
394.125	0.2594
394.25	0.261
394.375	0.2602
394.5	0.261
394.625	0.2617
394.75	0.2625
394.875	0.2641
395.0	0.2633
395.125	0.2641
395.25	0.2641
395.375	0.2633
395.5	0.2641
395.625	0.2641
395.75	0.2641
395.875	0.2641
396.0	0.2641
396.125	0.2641
396.25	0.2641
396.375	0.2633
396.5	0.2617
396.625	0.2625
396.75	0.2641
396.875	0.2633
397.0	0.2633
397.125	0.2641
397.25	0.2641
397.375	0.2641
397.5	0.2641
397.625	0.2641
397.75	0.2641
397.875	0.2641
398.0	0.2641
398.125	0.2625
398.25	0.2641
398.375	0.2625
398.5	0.2641
398.625	0.2625
398.75	0.2633
398.875	0.261
399.0	0.2594
399.125	0.2594
399.25	0.2594
399.375	0.261
399.5	0.2594
399.625	0.2594
399.75	0.2586
399.875	0.2594
400.0	0.2586
400.125	0.2594
400.25	0.2594
400.375	0.2594
400.5	0.2586
400.625	0.2578
400.75	0.2578
400.875	0.2562
401.0	0.257
401.125	0.2578
401.25	0.2562
401.375	0.2562
401.5	0.2586
401.625	0.2578
401.75	0.2562
401.875	0.2555
402.0	0.2555
402.125	0.2555
402.25	0.2547
402.375	0.257
402.5	0.2547
402.625	0.2547
402.75	0.2547
402.875	0.2547
403.0	0.2555
403.125	0.2547
403.25	0.2555
403.375	0.2547
403.5	0.2547
403.625	0.2547
403.75	0.2555
403.875	0.2555
404.0	0.257
404.125	0.257
404.25	0.2547
404.375	0.2547
404.5	0.2547
404.625	0.2547
404.75	0.2547
404.875	0.2555
405.0	0.2547
405.125	0.2555
405.25	0.2547
405.375	0.2547
405.5	0.2547
405.625	0.2547
405.75	0.2555
405.875	0.2547
406.0	0.2547
406.125	0.2547
406.25	0.2547
406.375	0.2547
406.5	0.2547
406.625	0.2547
406.75	0.2547
406.875	0.2547
407.0	0.2547
407.125	0.2555
407.25	0.2547
407.375	0.2562
407.5	0.2547
407.625	0.2555
407.75	0.2578
407.875	0.2555
408.0	0.257
408.125	0.2586
408.25	0.2586
408.375	0.2562
408.5	0.2594
408.625	0.2594
408.75	0.2594
408.875	0.2578
409.0	0.2578
409.125	0.2578
409.25	0.2555
409.375	0.257
409.5	0.2562
409.625	0.2586
409.75	0.2586
409.875	0.261
410.0	0.2633
410.125	0.2712
410.25	0.2845
410.375	0.305
410.5	0.3309
410.625	0.3632
410.75	0.3907
410.875	0.4143
411.0	0.43
411.125	0.4402
411.25	0.4528
411.375	0.4591
411.5	0.4669
411.625	0.474
411.75	0.4764
411.875	0.4764
412.0	0.4693
412.125	0.452
412.25	0.4221
412.375	0.382
412.5	0.3427
412.625	0.3073
412.75	0.2861
412.875	0.2751
413.0	0.2665
413.125	0.2641
413.25	0.2649
413.375	0.2633
413.5	0.2633
413.625	0.2641
413.75	0.2633
413.875	0.2641
414.0	0.2641
414.125	0.2641
414.25	0.2672
414.375	0.2641
414.5	0.268
414.625	0.2688
414.75	0.2665
414.875	0.2688
415.0	0.2665
415.125	0.2649
415.25	0.2641
415.375	0.2641
415.5	0.2625
415.625	0.2641
415.75	0.2641
415.875	0.2641
416.0	0.2641
416.125	0.2641
416.25	0.261
416.375	0.2617
416.5	0.261
416.625	0.2617
416.75	0.2602
416.875	0.2594
417.0	0.2562
417.125	0.2578
417.25	0.2555
417.375	0.2562
417.5	0.2547
417.625	0.2555
417.75	0.2547
417.875	0.2547
418.0	0.2547
418.125	0.2547
418.25	0.2547
418.375	0.2547
418.5	0.2547
418.625	0.2547
418.75	0.2547
418.875	0.2562
419.0	0.2547
419.125	0.2547
419.25	0.2547
419.375	0.2555
419.5	0.2547
419.625	0.2547
419.75	0.2547
419.875	0.2547
420.0	0.2515
420.125	0.2515
420.25	0.2539
420.375	0.2507
420.5	0.25
420.625	0.2515
420.75	0.2507
420.875	0.2507
421.0	0.2507
421.125	0.25
421.25	0.2531
421.375	0.2515
421.5	0.2515
421.625	0.2515
421.75	0.2539
421.875	0.2539
422.0	0.2555
422.125	0.2547
422.25	0.2531
422.375	0.2547
422.5	0.2547
422.625	0.2547
422.75	0.2547
422.875	0.2547
423.0	0.2547
423.125	0.2547
423.25	0.2547
423.375	0.2547
423.5	0.2547
423.625	0.2547
423.75	0.2547
423.875	0.2547
424.0	0.2539
424.125	0.2547
424.25	0.2547
424.375	0.2547
424.5	0.2539
424.625	0.2547
424.75	0.2547
424.875	0.2547
425.0	0.2547
425.125	0.2547
425.25	0.2547
425.375	0.2547
425.5	0.2586
425.625	0.257
425.75	0.2594
425.875	0.2594
426.0	0.2594
426.125	0.2602
426.25	0.2625
426.375	0.2641
426.5	0.2641
426.625	0.2657
426.75	0.2688
426.875	0.2688
427.0	0.2696
427.125	0.2712
427.25	0.2704
427.375	0.2735
427.5	0.2735
427.625	0.2735
427.75	0.2751
427.875	0.2743
428.0	0.2751
428.125	0.2735
428.25	0.2735
428.375	0.2735
428.5	0.272
428.625	0.2688
428.75	0.2704
428.875	0.2657
429.0	0.2641
429.125	0.2633
429.25	0.2617
429.375	0.2594
429.5	0.257
429.625	0.2562
429.75	0.2555
429.875	0.2562
430.0	0.2555
430.125	0.2547
430.25	0.2547
430.375	0.2547
430.5	0.2547
430.625	0.2547
430.75	0.2555
430.875	0.2547
431.0	0.2547
431.125	0.2547
431.25	0.2547
431.375	0.2539
431.5	0.2547
431.625	0.2547
431.75	0.2547
431.875	0.2547
432.0	0.2547
432.125	0.2539
432.25	0.2547
432.375	0.2547
432.5	0.2547
432.625	0.2539
432.75	0.2539
432.875	0.2547
433.0	0.2547
433.125	0.2547
433.25	0.2547
433.375	0.2547
433.5	0.2539
433.625	0.2547
433.75	0.2547
433.875	0.2523
434.0	0.2547
434.125	0.2547
434.25	0.2547
434.375	0.2547
434.5	0.2547
434.625	0.2531
434.75	0.2547
434.875	0.2539
435.0	0.2547
435.125	0.2555
435.25	0.2547
435.375	0.2547
435.5	0.2547
435.625	0.2539
435.75	0.2539
435.875	0.2523
436.0	0.2515
436.125	0.2531
436.25	0.2507
436.375	0.2515
436.5	0.25
436.625	0.25
436.75	0.25
436.875	0.2484
437.0	0.2492
437.125	0.25
437.25	0.25
437.375	0.25
437.5	0.25
437.625	0.2492
437.75	0.2484
437.875	0.2492
438.0	0.2484
438.125	0.2484
438.25	0.25
438.375	0.25
438.5	0.25
438.625	0.25
438.75	0.2484
438.875	0.2492
439.0	0.2484
439.125	0.2492
439.25	0.25
439.375	0.2484
439.5	0.25
439.625	0.25
439.75	0.25
439.875	0.2523
440.0	0.2531
440.125	0.2507
440.25	0.2531
440.375	0.2523
440.5	0.2523
440.625	0.2531
440.75	0.2539
440.875	0.2515
441.0	0.2523
441.125	0.2523
441.25	0.2507
441.375	0.25
441.5	0.2492
441.625	0.25
441.75	0.25
441.875	0.2492
442.0	0.2492
442.125	0.25
442.25	0.25
442.375	0.2476
442.5	0.25
442.625	0.25
442.75	0.25
442.875	0.2492
443.0	0.25
443.125	0.25
443.25	0.25
443.375	0.25
443.5	0.25
443.625	0.2515
443.75	0.2515
443.875	0.25
444.0	0.25
444.125	0.25
444.25	0.2492
444.375	0.25
444.5	0.25
444.625	0.25
444.75	0.25
444.875	0.2523
445.0	0.2507
445.125	0.25
445.25	0.25
445.375	0.2507
445.5	0.2507
445.625	0.2531
445.75	0.2539
445.875	0.2531
446.0	0.2547
446.125	0.2523
446.25	0.2515
446.375	0.2539
446.5	0.2507
446.625	0.2507
446.75	0.25
446.875	0.25
447.0	0.2507
447.125	0.2507
447.25	0.25
447.375	0.25
447.5	0.25
447.625	0.2507
447.75	0.2476
447.875	0.25
448.0	0.25
448.125	0.25
448.25	0.25
448.375	0.25
448.5	0.2492
448.625	0.2492
448.75	0.25
448.875	0.25
449.0	0.25
449.125	0.2492
449.25	0.25
449.375	0.25
449.5	0.25
449.625	0.25
449.75	0.2507
449.875	0.2492
450.0	0.25
450.125	0.25
450.25	0.25
450.375	0.2507
450.5	0.25
450.625	0.25
450.75	0.25
450.875	0.25
451.0	0.2468
451.125	0.2468
451.25	0.25
451.375	0.25
451.5	0.2492
451.625	0.2484
451.75	0.25
451.875	0.25
452.0	0.2492
452.125	0.2492
452.25	0.25
452.375	0.25
452.5	0.25
452.625	0.25
452.75	0.25
452.875	0.25
453.0	0.25
453.125	0.25
453.25	0.25
453.375	0.25
453.5	0.2492
453.625	0.25
453.75	0.25
453.875	0.2492
454.0	0.25
454.125	0.2492
454.25	0.2492
454.375	0.25
454.5	0.2492
454.625	0.25
454.75	0.25
454.875	0.25
455.0	0.2492
455.125	0.2484
455.25	0.25
455.375	0.25
455.5	0.25
455.625	0.25
455.75	0.25
455.875	0.25
456.0	0.25
456.125	0.25
456.25	0.2507
456.375	0.25
456.5	0.25
456.625	0.2523
456.75	0.2523
456.875	0.2539
457.0	0.2547
457.125	0.2531
457.25	0.2547
457.375	0.2539
457.5	0.2547
457.625	0.2547
457.75	0.2547
457.875	0.2547
458.0	0.2555
458.125	0.2594
458.25	0.2586
458.375	0.2594
458.5	0.2594
458.625	0.2602
458.75	0.2625
458.875	0.2633
459.0	0.2641
459.125	0.2641
459.25	0.2688
459.375	0.2688
459.5	0.2688
459.625	0.2704
459.75	0.2735
459.875	0.2727
460.0	0.2735
460.125	0.272
460.25	0.2727
460.375	0.2727
460.5	0.2712
460.625	0.2688
460.75	0.2688
460.875	0.2641
461.0	0.2641
461.125	0.2633
461.25	0.2602
461.375	0.2594
461.5	0.2594
461.625	0.2602
461.75	0.2657
461.875	0.2822
462.0	0.3144
462.125	0.3679
462.25	0.4536
462.375	0.5605
462.5	0.6847
462.625	0.8011
462.75	0.8844
462.875	0.9426
463.0	0.9866
463.125	1.0212
463.25	1.0566
463.375	1.0872
463.5	1.1084
463.625	1.1226
463.75	1.121
463.875	1.0919
464.0	1.018
464.125	0.8891
464.25	0.7303
464.375	0.5566
464.5	0.4229
464.625	0.3451
464.75	0.3066
464.875	0.2845
465.0	0.2712
465.125	0.2625
465.25	0.2547
465.375	0.2539
465.5	0.25
465.625	0.2492
465.75	0.25
465.875	0.25
466.0	0.2492
466.125	0.2484
466.25	0.2484
466.375	0.2492
466.5	0.2484
466.625	0.2452
466.75	0.2476
466.875	0.246
467.0	0.2468
467.125	0.246
467.25	0.2476
467.375	0.2452
467.5	0.2452
467.625	0.2452
467.75	0.2468
467.875	0.246
468.0	0.2452
468.125	0.2452
468.25	0.2452
468.375	0.2452
468.5	0.2452
468.625	0.2429
468.75	0.2444
468.875	0.2452
469.0	0.246
469.125	0.2452
469.25	0.2452
469.375	0.2452
469.5	0.2452
469.625	0.2452
469.75	0.2476
469.875	0.2476
470.0	0.2468
470.125	0.246
470.25	0.246
470.375	0.2476
470.5	0.2484
470.625	0.2468
470.75	0.2476
470.875	0.246
471.0	0.2476
471.125	0.2476
471.25	0.2452
471.375	0.2452
471.5	0.2452
471.625	0.2444
471.75	0.2437
471.875	0.2437
472.0	0.2444
472.125	0.2437
472.25	0.2429
472.375	0.2429
472.5	0.2444
472.625	0.2452
472.75	0.2444
472.875	0.2452
473.0	0.2452
473.125	0.2452
473.25	0.2452
473.375	0.2452
473.5	0.2452
473.625	0.246
473.75	0.2452
473.875	0.2452
474.0	0.2452
474.125	0.2444
474.25	0.2452
474.375	0.2444
474.5	0.2452
474.625	0.2452
474.75	0.2444
474.875	0.2452
475.0	0.2452
475.125	0.2452
475.25	0.2444
475.375	0.2437
475.5	0.2437
475.625	0.2444
475.75	0.2444
475.875	0.2421
476.0	0.2429
476.125	0.2429
476.25	0.2452
476.375	0.2437
476.5	0.2429
476.625	0.2437
476.75	0.2429
476.875	0.2452
477.0	0.2452
477.125	0.2452
477.25	0.2444
477.375	0.2452
477.5	0.2452
477.625	0.2452
477.75	0.2437
477.875	0.2437
478.0	0.2437
478.125	0.2444
478.25	0.2444
478.375	0.2444
478.5	0.2444
478.625	0.2437
478.75	0.2444
478.875	0.2452
479.0	0.2452
479.125	0.2421
479.25	0.2452
479.375	0.2429
479.5	0.2444
479.625	0.2437
479.75	0.2437
479.875	0.2413
480.0	0.2405
480.125	0.2421
480.25	0.2421
480.375	0.2421
480.5	0.2421
480.625	0.2421
480.75	0.2437
480.875	0.2421
481.0	0.2429
481.125	0.2413
481.25	0.2452
481.375	0.2421
481.5	0.2437
481.625	0.2452
481.75	0.2444
481.875	0.2437
482.0	0.2437
482.125	0.2437
482.25	0.2429
482.375	0.2437
482.5	0.2452
482.625	0.2452
482.75	0.2444
482.875	0.2437
483.0	0.2444
483.125	0.2444
483.25	0.2444
483.375	0.2444
483.5	0.2421
483.625	0.2429
483.75	0.2437
483.875	0.2452
484.0	0.2452
484.125	0.2452
484.25	0.2452
484.375	0.2452
484.5	0.2444
484.625	0.2452
484.75	0.2452
484.875	0.2452
485.0	0.2452
485.125	0.2444
485.25	0.246
485.375	0.2452
485.5	0.2452
485.625	0.2444
485.75	0.2452
485.875	0.2452
486.0	0.2444
486.125	0.2444
486.25	0.2421
486.375	0.2444
486.5	0.2452
486.625	0.2437
486.75	0.2444
486.875	0.2421
487.0	0.2452
487.125	0.2444
487.25	0.2444
487.375	0.2452
487.5	0.2452
487.625	0.2444
487.75	0.2452
487.875	0.2452
488.0	0.2452
488.125	0.2452
488.25	0.2452
488.375	0.2437
488.5	0.246
488.625	0.2444
488.75	0.2452
488.875	0.246
489.0	0.2452
489.125	0.2452
489.25	0.2452
489.375	0.2452
489.5	0.2452
489.625	0.246
489.75	0.2452
489.875	0.246
490.0	0.246
490.125	0.246
490.25	0.2476
490.375	0.2476
490.5	0.246
490.625	0.2452
490.75	0.25
490.875	0.2492
491.0	0.2452
491.125	0.2484
491.25	0.25
491.375	0.2484
491.5	0.2492
491.625	0.25
491.75	0.25
491.875	0.2492
492.0	0.25
492.125	0.2484
492.25	0.2492
492.375	0.2492
492.5	0.25
492.625	0.25
492.75	0.25
492.875	0.25
493.0	0.25
493.125	0.25
493.25	0.25
493.375	0.25
493.5	0.25
493.625	0.2507
493.75	0.2523
493.875	0.2539
494.0	0.2547
494.125	0.2539
494.25	0.2547
494.375	0.2547
494.5	0.2547
494.625	0.2555
494.75	0.2562
494.875	0.2594
495.0	0.2594
495.125	0.2594
495.25	0.2594
495.375	0.2594
495.5	0.261
495.625	0.2641
495.75	0.2641
495.875	0.2641
496.0	0.2641
496.125	0.2649
496.25	0.2641
496.375	0.2641
496.5	0.261
496.625	0.2641
496.75	0.2625
496.875	0.2594
497.0	0.2594
497.125	0.257
497.25	0.2562
497.375	0.2547
497.5	0.2531
497.625	0.25
497.75	0.2484
497.875	0.2484
498.0	0.2468
498.125	0.2452
498.25	0.2468
498.375	0.246
498.5	0.2452
498.625	0.2452
498.75	0.2452
498.875	0.246
499.0	0.246
499.125	0.2452
499.25	0.2476
499.375	0.2468
499.5	0.2452
499.625	0.2452
499.75	0.246
499.875	0.2452
500.0	0.2452
500.125	0.2452
500.25	0.2452
500.375	0.2452
500.5	0.2452
500.625	0.2452
500.75	0.246
500.875	0.2452
501.0	0.2452
501.125	0.2452
501.25	0.2468
501.375	0.2468
501.5	0.2468
501.625	0.2476
501.75	0.2468
501.875	0.246
502.0	0.2452
502.125	0.246
502.25	0.246
502.375	0.2452
502.5	0.2476
502.625	0.2452
502.75	0.2452
502.875	0.246
503.0	0.2452
503.125	0.2452
503.25	0.2452
503.375	0.246
503.5	0.2484
503.625	0.2452
503.75	0.2468
503.875	0.2452
504.0	0.246
504.125	0.2452
504.25	0.2452
504.375	0.2452
504.5	0.2452
504.625	0.2452
504.75	0.2452
504.875	0.2452
505.0	0.2452
505.125	0.2452
505.25	0.2444
505.375	0.2452
505.5	0.2452
505.625	0.2452
505.75	0.2437
505.875	0.2444
506.0	0.2444
506.125	0.2452
506.25	0.2452
506.375	0.2444
506.5	0.2452
506.625	0.2452
506.75	0.2444
506.875	0.2444
507.0	0.2452
507.125	0.2452
507.25	0.2452
507.375	0.2452
507.5	0.2444
507.625	0.2437
507.75	0.2437
507.875	0.2429
508.0	0.2429
508.125	0.2452
508.25	0.2444
508.375	0.2444
508.5	0.2452
508.625	0.2437
508.75	0.2421
508.875	0.2437
509.0	0.2437
509.125	0.2444
509.25	0.2444
509.375	0.2429
509.5	0.2452
509.625	0.2444
509.75	0.2444
509.875	0.2452
510.0	0.2444
510.125	0.2452
510.25	0.2452
510.375	0.2452
510.5	0.2452
510.625	0.2452
510.75	0.2444
510.875	0.2452
511.0	0.2444
511.125	0.2444
511.25	0.2444
511.375	0.2437
511.5	0.2429
511.625	0.2437
511.75	0.2429
511.875	0.2429
512.0	0.2429
512.125	0.2421
512.25	0.2452
512.375	0.2429
512.5	0.2429
512.625	0.2444
512.75	0.2437
512.875	0.2413
513.0	0.2413
513.125	0.2413
513.25	0.2413
513.375	0.2421
513.5	0.2429
513.625	0.2421
513.75	0.2413
513.875	0.2413
514.0	0.2421
514.125	0.2444
514.25	0.2421
514.375	0.2421
514.5	0.2421
514.625	0.2429
514.75	0.2437
514.875	0.2429
515.0	0.2429
515.125	0.2421
515.25	0.2437
515.375	0.2421
515.5	0.2429
515.625	0.2437
515.75	0.2437
515.875	0.2437
516.0	0.2413
516.125	0.2437
516.25	0.2421
516.375	0.2429
516.5	0.2421
516.625	0.2429
516.75	0.2444
516.875	0.2429
517.0	0.2413
517.125	0.2421
517.25	0.2421
517.375	0.2413
517.5	0.2405
517.625	0.2421
517.75	0.2405
517.875	0.2421
518.0	0.2421
518.125	0.2405
518.25	0.2413
518.375	0.2413
518.5	0.2405
518.625	0.2413
518.75	0.2429
518.875	0.2421
519.0	0.2421
519.125	0.2405
519.25	0.2429
519.375	0.2413
519.5	0.2444
519.625	0.2429
519.75	0.2429
519.875	0.2421
520.0	0.2413
520.125	0.2405
520.25	0.2421
520.375	0.2405
520.5	0.2405
520.625	0.2413
520.75	0.2405
520.875	0.2413
521.0	0.2429
521.125	0.2405
521.25	0.2405
521.375	0.2405
521.5	0.2405
521.625	0.2405
521.75	0.2405
521.875	0.2405
522.0	0.2413
522.125	0.2413
522.25	0.2405
522.375	0.2405
522.5	0.2405
522.625	0.2405
522.75	0.2405
522.875	0.2405
523.0	0.2405
523.125	0.2405
523.25	0.2405
523.375	0.2405
523.5	0.2405
523.625	0.2405
523.75	0.2405
523.875	0.2405
524.0	0.2405
524.125	0.2405
524.25	0.2413
524.375	0.2405
524.5	0.2405
524.625	0.2405
524.75	0.2405
524.875	0.2405
525.0	0.2405
525.125	0.2413
525.25	0.2405
525.375	0.2405
525.5	0.2405
525.625	0.2405
525.75	0.2413
525.875	0.2405
526.0	0.2413
526.125	0.2413
526.25	0.2421
526.375	0.2405
526.5	0.2405
526.625	0.2405
526.75	0.2405
526.875	0.2405
527.0	0.2405
527.125	0.2405
527.25	0.2405
527.375	0.2405
527.5	0.2405
527.625	0.2405
527.75	0.2405
527.875	0.2405
528.0	0.2405
528.125	0.2405
528.25	0.2405
528.375	0.2405
528.5	0.2405
528.625	0.2421
528.75	0.2405
528.875	0.2405
529.0	0.2405
529.125	0.2405
529.25	0.2405
529.375	0.2421
529.5	0.2421
529.625	0.2421
529.75	0.2421
529.875	0.2421
530.0	0.2413
530.125	0.2452
530.25	0.2429
530.375	0.2437
530.5	0.2437
530.625	0.2437
530.75	0.2444
530.875	0.2429
531.0	0.2444
531.125	0.2444
531.25	0.2452
531.375	0.2452
531.5	0.2444
531.625	0.2444
531.75	0.2437
531.875	0.2437
532.0	0.2452
532.125	0.2437
532.25	0.2429
532.375	0.2452
532.5	0.2452
532.625	0.2452
532.75	0.2444
532.875	0.2452
533.0	0.2444
533.125	0.2444
533.25	0.2452
533.375	0.2452
533.5	0.2444
533.625	0.2444
533.75	0.2452
533.875	0.2429
534.0	0.2452
534.125	0.246
534.25	0.2468
534.375	0.2452
534.5	0.2452
534.625	0.2468
534.75	0.2476
534.875	0.2452
535.0	0.2452
535.125	0.2452
535.25	0.246
535.375	0.2476
535.5	0.2492
535.625	0.2476
535.75	0.246
535.875	0.2484
536.0	0.2492
536.125	0.25
536.25	0.25
536.375	0.25
536.5	0.25
536.625	0.2492
536.75	0.25
536.875	0.25
537.0	0.25
537.125	0.25
537.25	0.25
537.375	0.25
537.5	0.25
537.625	0.2468
537.75	0.246
537.875	0.246
538.0	0.2468
538.125	0.2444
538.25	0.2452
538.375	0.2421
538.5	0.2405
538.625	0.2405
538.75	0.2405
538.875	0.2358
539.0	0.2358
539.125	0.2358
539.25	0.2358
539.375	0.2358
539.5	0.2358
539.625	0.235
539.75	0.2319
539.875	0.2319
540.0	0.2311
540.125	0.2311
540.25	0.2327
540.375	0.2303
540.5	0.2311
540.625	0.2311
540.75	0.2311
540.875	0.2311
541.0	0.2311
541.125	0.2311
541.25	0.2327
541.375	0.2311
541.5	0.2311
541.625	0.2311
541.75	0.2295
541.875	0.2311
542.0	0.2311
542.125	0.2311
542.25	0.2311
542.375	0.2295
542.5	0.2311
542.625	0.2303
542.75	0.2311
542.875	0.2279
543.0	0.2311
543.125	0.2303
543.25	0.2303
543.375	0.2303
543.5	0.2295
543.625	0.2287
543.75	0.2311
543.875	0.2311
544.0	0.2295
544.125	0.2311
544.25	0.2311
544.375	0.2311
544.5	0.2311
544.625	0.2311
544.75	0.2311
544.875	0.2311
545.0	0.2311
545.125	0.2311
545.25	0.2311
545.375	0.2311
545.5	0.2319
545.625	0.2319
545.75	0.2327
545.875	0.2342
546.0	0.2334
546.125	0.2342
546.25	0.235
546.375	0.2311
546.5	0.235
546.625	0.2358
546.75	0.2334
546.875	0.2342
547.0	0.2327
547.125	0.235
547.25	0.2342
547.375	0.2311
547.5	0.2342
547.625	0.2319
547.75	0.2311
547.875	0.2319
548.0	0.2319
548.125	0.2311
548.25	0.2311
548.375	0.2311
548.5	0.2327
548.625	0.2311
548.75	0.2311
548.875	0.2311
549.0	0.2311
549.125	0.2319
549.25	0.2311
549.375	0.2319
549.5	0.2319
549.625	0.2311
549.75	0.2311
549.875	0.2311
550.0	0.2319
550.125	0.2327
550.25	0.2334
550.375	0.2358
550.5	0.235
550.625	0.2358
550.75	0.2358
550.875	0.2366
551.0	0.2358
551.125	0.2358
551.25	0.2382
551.375	0.2397
551.5	0.2358
551.625	0.2397
551.75	0.2405
551.875	0.2405
552.0	0.2405
552.125	0.2429
552.25	0.2405
552.375	0.2405
552.5	0.2421
552.625	0.2405
552.75	0.2413
552.875	0.2444
553.0	0.2452
553.125	0.2444
553.25	0.2452
553.375	0.2437
553.5	0.2452
553.625	0.2452
553.75	0.2452
553.875	0.2452
554.0	0.2444
554.125	0.2452
554.25	0.2452
554.375	0.2452
554.5	0.2444
554.625	0.2452
554.75	0.2444
554.875	0.2452
555.0	0.2452
555.125	0.2452
555.25	0.2452
555.375	0.2452
555.5	0.2452
555.625	0.2452
555.75	0.2452
555.875	0.246
556.0	0.246
556.125	0.2452
556.25	0.2452
556.375	0.2452
556.5	0.2452
556.625	0.2452
556.75	0.2452
556.875	0.2452
557.0	0.2452
557.125	0.2452
557.25	0.2452
557.375	0.246
557.5	0.2452
557.625	0.2452
557.75	0.2468
557.875	0.2452
558.0	0.2476
558.125	0.2452
558.25	0.2484
558.375	0.2492
558.5	0.246
558.625	0.246
558.75	0.2476
558.875	0.246
559.0	0.2476
559.125	0.2452
559.25	0.2452
559.375	0.2476
559.5	0.2452
559.625	0.246
559.75	0.2452
559.875	0.2452
560.0	0.2452
560.125	0.2452
560.25	0.2452
560.375	0.2452
560.5	0.2444
560.625	0.2452
560.75	0.2437
560.875	0.2452
561.0	0.2444
561.125	0.2452
561.25	0.2452
561.375	0.2444
561.5	0.2452
561.625	0.2444
561.75	0.2444
561.875	0.2452
562.0	0.2444
562.125	0.2452
562.25	0.2444
562.375	0.2444
562.5	0.2452
562.625	0.2444
562.75	0.2452
562.875	0.2444
563.0	0.2444
563.125	0.2452
563.25	0.2452
563.375	0.2452
563.5	0.2452
563.625	0.2444
563.75	0.2452
563.875	0.2452
564.0	0.2452
564.125	0.2452
564.25	0.246
564.375	0.2452
564.5	0.246
564.625	0.2452
564.75	0.2452
564.875	0.2452
565.0	0.2452
565.125	0.2452
565.25	0.2452
565.375	0.2452
565.5	0.2452
565.625	0.2444
565.75	0.246
565.875	0.246
566.0	0.2452
566.125	0.2452
566.25	0.2444
566.375	0.2452
566.5	0.2452
566.625	0.2444
566.75	0.2429
566.875	0.2452
567.0	0.2452
567.125	0.2437
567.25	0.2429
567.375	0.2452
567.5	0.2437
567.625	0.2452
567.75	0.2452
567.875	0.2444
568.0	0.2429
568.125	0.2452
568.25	0.2444
568.375	0.2452
568.5	0.2452
568.625	0.2452
568.75	0.2452
568.875	0.2452
569.0	0.2452
569.125	0.2452
569.25	0.2476
569.375	0.2452
569.5	0.246
569.625	0.2452
569.75	0.25
569.875	0.2484
570.0	0.2484
570.125	0.2476
570.25	0.25
570.375	0.25
570.5	0.25
570.625	0.2492
570.75	0.25
570.875	0.2507
571.0	0.2492
571.125	0.2492
571.25	0.246
571.375	0.2484
571.5	0.2476
571.625	0.2484
571.75	0.2492
571.875	0.2468
572.0	0.246
572.125	0.2468
572.25	0.246
572.375	0.2452
572.5	0.246
572.625	0.2452
572.75	0.2452
572.875	0.2452
573.0	0.2437
573.125	0.2444
573.25	0.2444
573.375	0.2452
573.5	0.2452
573.625	0.2452
573.75	0.2452
573.875	0.2452
574.0	0.2452
574.125	0.2452
574.25	0.2468
574.375	0.2468
574.5	0.246
574.625	0.2452
574.75	0.2452
574.875	0.2452
575.0	0.2452
575.125	0.2452
575.25	0.2452
575.375	0.2452
575.5	0.2444
575.625	0.2452
575.75	0.2452
575.875	0.2444
576.0	0.2452
576.125	0.2452
576.25	0.2444
576.375	0.2452
576.5	0.2452
576.625	0.2452
576.75	0.2452
576.875	0.2452
577.0	0.2452
577.125	0.2452
577.25	0.2452
577.375	0.2452
577.5	0.2452
577.625	0.2452
577.75	0.2452
577.875	0.2452
578.0	0.2452
578.125	0.2452
578.25	0.246
578.375	0.246
578.5	0.2484
578.625	0.2476
578.75	0.2452
578.875	0.2468
579.0	0.25
579.125	0.25
579.25	0.2492
579.375	0.25
579.5	0.2484
579.625	0.2476
579.75	0.25
579.875	0.2484
580.0	0.2468
580.125	0.2484
580.25	0.2492
580.375	0.2484
580.5	0.2484
580.625	0.2476
580.75	0.2476
580.875	0.2476
581.0	0.2452
581.125	0.246
581.25	0.246
581.375	0.246
581.5	0.2484
581.625	0.246
581.75	0.246
581.875	0.2468
582.0	0.2452
582.125	0.246
582.25	0.246
582.375	0.2484
582.5	0.2484
582.625	0.246
582.75	0.2452
582.875	0.2452
583.0	0.2452
583.125	0.2468
583.25	0.2468
583.375	0.2468
583.5	0.2484
583.625	0.2468
583.75	0.2484
583.875	0.2476
584.0	0.2492
584.125	0.2468
584.25	0.2476
584.375	0.2476
584.5	0.2492
584.625	0.2476
584.75	0.246
584.875	0.2452
585.0	0.2468
585.125	0.2476
585.25	0.2452
585.375	0.246
585.5	0.2468
585.625	0.2452
585.75	0.2452
585.875	0.2452
586.0	0.2452
586.125	0.246
586.25	0.2452
586.375	0.2452
586.5	0.2437
586.625	0.2452
586.75	0.2452
586.875	0.2452
587.0	0.2452
587.125	0.2444
587.25	0.2452
587.375	0.2444
587.5	0.2452
587.625	0.2452
587.75	0.2452
587.875	0.2444
588.0	0.2452
588.125	0.2444
588.25	0.2452
588.375	0.2452
588.5	0.2452
588.625	0.2452
588.75	0.2452
588.875	0.2452
589.0	0.246
589.125	0.2484
589.25	0.2484
589.375	0.2476
589.5	0.25
589.625	0.2507
589.75	0.25
589.875	0.2523
590.0	0.2515
590.125	0.2507
590.25	0.2507
590.375	0.2531
590.5	0.2531
590.625	0.2531
590.75	0.2515
590.875	0.2507
591.0	0.2507
591.125	0.2507
591.25	0.25
591.375	0.25
591.5	0.25
591.625	0.2507
591.75	0.2507
591.875	0.2531
592.0	0.2507
592.125	0.2523
592.25	0.2539
592.375	0.2539
592.5	0.2539
592.625	0.2547
592.75	0.2547
592.875	0.2547
593.0	0.2547
593.125	0.2547
593.25	0.2539
593.375	0.2547
593.5	0.2547
593.625	0.2539
593.75	0.2547
593.875	0.2531
594.0	0.2515
594.125	0.2539
594.25	0.2531
594.375	0.2531
594.5	0.2539
594.625	0.2547
594.75	0.2531
594.875	0.2539
595.0	0.2539
595.125	0.2539
595.25	0.2547
595.375	0.2523
595.5	0.2547
595.625	0.2547
595.75	0.2547
595.875	0.2547
596.0	0.2515
596.125	0.2539
596.25	0.2507
596.375	0.2507
596.5	0.2507
596.625	0.2507
596.75	0.2515
596.875	0.2507
597.0	0.2507
597.125	0.25
597.25	0.2507
597.375	0.25
597.5	0.25
597.625	0.25
597.75	0.25
597.875	0.2484
598.0	0.25
598.125	0.25
598.25	0.2492
598.375	0.25
598.5	0.25
598.625	0.25
598.75	0.25
598.875	0.25
599.0	0.25
599.125	0.25
599.25	0.25
599.375	0.25
599.5	0.25
599.625	0.2515
599.75	0.2523
599.875	0.2515
600.0	0.2523
600.125	0.2515
600.25	0.2523
600.375	0.25
600.5	0.2523
600.625	0.2547
600.75	0.2547
600.875	0.2547
601.0	0.2547
601.125	0.2547
601.25	0.2562
601.375	0.2562
601.5	0.2555
601.625	0.2562
601.75	0.2562
601.875	0.2586
602.0	0.2578
602.125	0.2578
602.25	0.2562
602.375	0.2562
602.5	0.2578
602.625	0.2555
602.75	0.2547
602.875	0.2562
603.0	0.2547
603.125	0.2547
603.25	0.2547
603.375	0.2547
603.5	0.2547
603.625	0.2547
603.75	0.2523
603.875	0.2515
604.0	0.25
604.125	0.2507
604.25	0.2515
604.375	0.25
604.5	0.25
604.625	0.25
604.75	0.25
604.875	0.25
605.0	0.2492
605.125	0.25
605.25	0.2515
605.375	0.25
605.5	0.25
605.625	0.25
605.75	0.25
605.875	0.25
606.0	0.25
606.125	0.25
606.25	0.2492
606.375	0.25
606.5	0.25
606.625	0.25
606.75	0.25
606.875	0.25
607.0	0.25
607.125	0.25
607.25	0.25
607.375	0.25
607.5	0.2492
607.625	0.25
607.75	0.25
607.875	0.2468
608.0	0.25
608.125	0.2492
608.25	0.2484
608.375	0.2484
608.5	0.2468
608.625	0.2492
608.75	0.2492
608.875	0.2492
609.0	0.25
609.125	0.2476
609.25	0.25
609.375	0.25
609.5	0.2484
609.625	0.2492
609.75	0.2468
609.875	0.2476
610.0	0.2492
610.125	0.2492
610.25	0.25
610.375	0.2468
610.5	0.246
610.625	0.2492
610.75	0.246
610.875	0.2476
611.0	0.2476
611.125	0.2452
611.25	0.2468
611.375	0.2468
611.5	0.2476
611.625	0.2452
611.75	0.2452
611.875	0.2468
612.0	0.246
612.125	0.246
612.25	0.2452
612.375	0.2468
612.5	0.246
612.625	0.2468
612.75	0.2468
612.875	0.246
613.0	0.2452
613.125	0.2468
613.25	0.246
613.375	0.246
613.5	0.246
613.625	0.2452
613.75	0.2452
613.875	0.2452
614.0	0.246
614.125	0.2468
614.25	0.246
614.375	0.2468
614.5	0.246
614.625	0.246
614.75	0.2452
614.875	0.246
615.0	0.246
615.125	0.2468
615.25	0.2476
615.375	0.2476
615.5	0.2452
615.625	0.246
615.75	0.246
615.875	0.2452
616.0	0.2468
616.125	0.2468
616.25	0.2452
616.375	0.2452
616.5	0.2452
616.625	0.2476
616.75	0.246
616.875	0.2452
617.0	0.246
617.125	0.2452
617.25	0.2452
617.375	0.246
617.5	0.2452
617.625	0.2452
617.75	0.2452
617.875	0.2468
618.0	0.246
618.125	0.2452
618.25	0.2452
618.375	0.246
618.5	0.2468
618.625	0.2452
618.75	0.2452
618.875	0.2468
619.0	0.2452
619.125	0.2476
619.25	0.246
619.375	0.2452
619.5	0.2452
619.625	0.246
619.75	0.246
619.875	0.2452
620.0	0.246
620.125	0.2452
620.25	0.2468
620.375	0.2452
620.5	0.2452
620.625	0.2452
620.75	0.2452
620.875	0.246
621.0	0.2452
621.125	0.2452
621.25	0.2452
621.375	0.2476
621.5	0.2452
621.625	0.2476
621.75	0.2468
621.875	0.246
622.0	0.2468
622.125	0.2452
622.25	0.2452
622.375	0.2452
622.5	0.2468
622.625	0.246
622.75	0.2468
622.875	0.2452
623.0	0.2492
623.125	0.2476
623.25	0.246
623.375	0.2476
623.5	0.2452
623.625	0.2452
623.75	0.246
623.875	0.2452
624.0	0.2476
624.125	0.246
624.25	0.2492
624.375	0.2468
624.5	0.246
624.625	0.2452
624.75	0.2452
624.875	0.2452
625.0	0.2452
625.125	0.2468
625.25	0.2468
625.375	0.2452
625.5	0.2468
625.625	0.246
625.75	0.2476
625.875	0.2452
626.0	0.2468
626.125	0.2468
626.25	0.2452
626.375	0.2452
626.5	0.2452
626.625	0.2452
626.75	0.2452
626.875	0.2468
627.0	0.2452
627.125	0.246
627.25	0.246
627.375	0.2452
627.5	0.246
627.625	0.2468
627.75	0.2452
627.875	0.246
628.0	0.246
628.125	0.2484
628.25	0.246
628.375	0.246
628.5	0.246
628.625	0.2484
628.75	0.2468
628.875	0.246
629.0	0.2452
629.125	0.246
629.25	0.246
629.375	0.246
629.5	0.246
629.625	0.2484
629.75	0.25
629.875	0.2484
630.0	0.2492
630.125	0.2484
630.25	0.25
630.375	0.25
630.5	0.25
630.625	0.25
630.75	0.2492
630.875	0.25
631.0	0.2515
631.125	0.2539
631.25	0.2539
631.375	0.2562
631.5	0.2625
631.625	0.2775
631.75	0.305
631.875	0.3577
632.0	0.4551
632.125	0.6077
632.25	0.8223
632.375	1.0794
632.5	1.3231
632.625	1.5204
632.75	1.6643
632.875	1.7735
633.0	1.8616
633.125	1.9386
633.25	2.0047
633.375	2.0613
633.5	2.0935
633.625	2.088
633.75	2.0196
633.875	1.8522
634.0	1.5786
634.125	1.2334
634.25	0.8962
634.375	0.632
634.5	0.4772
634.625	0.3907
634.75	0.338
634.875	0.305
635.0	0.2861
635.125	0.272
635.25	0.2633
635.375	0.2594
635.5	0.2555
635.625	0.2562
635.75	0.2555
635.875	0.2539
636.0	0.2547
636.125	0.2547
636.25	0.2523
636.375	0.2539
636.5	0.2547
636.625	0.2539
636.75	0.2547
636.875	0.2507
637.0	0.25
637.125	0.2515
637.25	0.25
637.375	0.25
637.5	0.25
637.625	0.25
637.75	0.25
637.875	0.2484
638.0	0.2468
638.125	0.246
638.25	0.2452
638.375	0.2452
638.5	0.2452
638.625	0.2452
638.75	0.2444
638.875	0.2452
639.0	0.2452
639.125	0.2452
639.25	0.2452
639.375	0.2444
639.5	0.2452
639.625	0.2437
639.75	0.2444
639.875	0.2452
640.0	0.2452
640.125	0.2444
640.25	0.2437
640.375	0.2444
640.5	0.2444
640.625	0.2452
640.75	0.2444
640.875	0.2444
641.0	0.2429
641.125	0.2429
641.25	0.2429
641.375	0.2452
641.5	0.2437
641.625	0.2429
641.75	0.2444
641.875	0.2437
642.0	0.2429
642.125	0.2444
642.25	0.2452
642.375	0.2413
642.5	0.2429
642.625	0.2437
642.75	0.2444
642.875	0.2452
643.0	0.2437
643.125	0.2413
643.25	0.2405
643.375	0.2429
643.5	0.2429
643.625	0.2429
643.75	0.2421
643.875	0.2444
644.0	0.2421
644.125	0.2405
644.25	0.2405
644.375	0.2444
644.5	0.2421
644.625	0.2413
644.75	0.2429
644.875	0.2413
645.0	0.2413
645.125	0.2413
645.25	0.2437
645.375	0.2429
645.5	0.2405
645.625	0.2421
645.75	0.2429
645.875	0.2421
646.0	0.2437
646.125	0.2452
646.25	0.2437
646.375	0.2437
646.5	0.2437
646.625	0.2413
646.75	0.2413
646.875	0.2413
647.0	0.2421
647.125	0.2421
647.25	0.2437
647.375	0.2421
647.5	0.2421
647.625	0.2429
647.75	0.2405
647.875	0.2405
648.0	0.2413
648.125	0.2429
648.25	0.2437
648.375	0.2452
648.5	0.2405
648.625	0.2421
648.75	0.2429
648.875	0.2429
649.0	0.2421
649.125	0.2429
649.25	0.2421
649.375	0.2444
649.5	0.2429
649.625	0.2413
649.75	0.2413
649.875	0.2421
650.0	0.2421
650.125	0.2413
650.25	0.2444
650.375	0.2429
650.5	0.2421
650.625	0.2405
650.75	0.2429
650.875	0.2437
651.0	0.2444
651.125	0.2421
651.25	0.2421
651.375	0.2413
651.5	0.2437
651.625	0.2452
651.75	0.2444
651.875	0.2429
652.0	0.2452
652.125	0.2452
652.25	0.2444
652.375	0.2429
652.5	0.2452
652.625	0.2452
652.75	0.2437
652.875	0.2452
653.0	0.2452
653.125	0.2452
653.25	0.2452
653.375	0.2437
653.5	0.2437
653.625	0.2452
653.75	0.2437
653.875	0.2429
654.0	0.2437
654.125	0.2437
654.25	0.2452
654.375	0.2437
654.5	0.2437
654.625	0.2429
654.75	0.2444
654.875	0.2444
655.0	0.2437
655.125	0.2444
655.25	0.2444
655.375	0.2452
655.5	0.2452
655.625	0.2437
655.75	0.2444
655.875	0.2452
656.0	0.2452
656.125	0.2444
656.25	0.2452
656.375	0.2444
656.5	0.2452
656.625	0.2444
656.75	0.2452
656.875	0.2444
657.0	0.2452
657.125	0.2452
657.25	0.2452
657.375	0.2444
657.5	0.2452
657.625	0.2452
657.75	0.2444
657.875	0.2429
658.0	0.2437
658.125	0.2452
658.25	0.2452
658.375	0.246
658.5	0.2437
658.625	0.2437
658.75	0.2452
658.875	0.2452
659.0	0.2452
659.125	0.2452
659.25	0.2452
659.375	0.2452
659.5	0.2452
659.625	0.2452
659.75	0.2444
659.875	0.2444
660.0	0.2452
660.125	0.2452
660.25	0.2452
660.375	0.2444
660.5	0.2452
660.625	0.2444
660.75	0.2452
660.875	0.246
661.0	0.2452
661.125	0.2452
661.25	0.2444
661.375	0.2444
661.5	0.2452
661.625	0.2444
661.75	0.2452
661.875	0.2429
662.0	0.2429
662.125	0.2452
662.25	0.2452
662.375	0.2452
662.5	0.2444
662.625	0.2444
662.75	0.2452
662.875	0.2444
663.0	0.2452
663.125	0.2437
663.25	0.2452
663.375	0.2444
663.5	0.2437
663.625	0.2429
663.75	0.2437
663.875	0.2444
664.0	0.2437
664.125	0.2444
664.25	0.2444
664.375	0.2437
664.5	0.2444
664.625	0.2452
664.75	0.2452
664.875	0.2452
665.0	0.2452
665.125	0.2452
665.25	0.2452
665.375	0.2452
665.5	0.2444
665.625	0.2452
665.75	0.2452
665.875	0.2444
666.0	0.2452
666.125	0.2452
666.25	0.2444
666.375	0.2452
666.5	0.2444
666.625	0.2452
666.75	0.2452
666.875	0.2444
667.0	0.2444
667.125	0.2452
667.25	0.2452
667.375	0.2452
667.5	0.2437
667.625	0.2444
667.75	0.2437
667.875	0.2452
668.0	0.2452
668.125	0.2452
668.25	0.2444
668.375	0.2437
668.5	0.2437
668.625	0.2444
668.75	0.2452
668.875	0.2444
669.0	0.2444
669.125	0.2452
669.25	0.2452
669.375	0.2444
669.5	0.2452
669.625	0.2444
669.75	0.2429
669.875	0.2452
670.0	0.2437
670.125	0.2429
670.25	0.2452
670.375	0.2413
670.5	0.2452
670.625	0.2429
670.75	0.2452
670.875	0.2444
671.0	0.2452
671.125	0.2452
671.25	0.2452
671.375	0.2452
671.5	0.246
671.625	0.2452
671.75	0.2452
671.875	0.2444
672.0	0.2452
672.125	0.2452
672.25	0.2452
672.375	0.2452
672.5	0.2452
672.625	0.2452
672.75	0.246
672.875	0.2452
673.0	0.2452
673.125	0.246
673.25	0.2468
673.375	0.2452
673.5	0.2452
673.625	0.2452
673.75	0.246
673.875	0.246
674.0	0.2452
674.125	0.2452
674.25	0.2452
674.375	0.2452
674.5	0.2452
674.625	0.246
674.75	0.2452
674.875	0.2452
675.0	0.2452
675.125	0.2452
675.25	0.2452
675.375	0.2444
675.5	0.2452
675.625	0.2444
675.75	0.2444
675.875	0.2452
676.0	0.2429
676.125	0.2452
676.25	0.2444
676.375	0.2452
676.5	0.2452
676.625	0.2437
676.75	0.2444
676.875	0.2452
677.0	0.2452
677.125	0.2452
677.25	0.2437
677.375	0.2444
677.5	0.246
677.625	0.2437
677.75	0.2437
677.875	0.2452
678.0	0.2452
678.125	0.2452
678.25	0.2429
678.375	0.2452
678.5	0.2452
678.625	0.2437
678.75	0.2437
678.875	0.2444
679.0	0.2452
679.125	0.2444
679.25	0.2437
679.375	0.2444
679.5	0.2452
679.625	0.2429
679.75	0.2437
679.875	0.2421
680.0	0.2444
680.125	0.2437
680.25	0.2421
680.375	0.2444
680.5	0.2437
680.625	0.2437
680.75	0.2452
680.875	0.2437
681.0	0.2444
681.125	0.2437
681.25	0.2429
681.375	0.2444
681.5	0.2444
681.625	0.2421
681.75	0.2437
681.875	0.2452
682.0	0.2429
682.125	0.2437
682.25	0.2429
682.375	0.2421
682.5	0.2444
682.625	0.2452
682.75	0.2444
682.875	0.2429
683.0	0.2444
683.125	0.2452
683.25	0.2452
683.375	0.2437
683.5	0.2429
683.625	0.2452
683.75	0.2452
683.875	0.2437
684.0	0.2444
684.125	0.2444
684.25	0.2437
684.375	0.2444
684.5	0.2444
684.625	0.2444
684.75	0.2437
684.875	0.2452
685.0	0.2437
685.125	0.2452
685.25	0.2429
685.375	0.2437
685.5	0.2437
685.625	0.2413
685.75	0.2429
685.875	0.2429
686.0	0.2444
686.125	0.2444
686.25	0.2413
686.375	0.2444
686.5	0.2429
686.625	0.2421
686.75	0.2452
686.875	0.2421
687.0	0.2444
687.125	0.2437
687.25	0.2429
687.375	0.2444
687.5	0.2444
687.625	0.2429
687.75	0.2437
687.875	0.2413
688.0	0.2421
688.125	0.2429
688.25	0.2429
688.375	0.2429
688.5	0.2444
688.625	0.2413
688.75	0.2429
688.875	0.2421
689.0	0.2421
689.125	0.2421
689.25	0.2413
689.375	0.2405
689.5	0.2421
689.625	0.2429
689.75	0.2413
689.875	0.2429
690.0	0.2413
690.125	0.2429
690.25	0.2421
690.375	0.2429
690.5	0.2429
690.625	0.2421
690.75	0.2421
690.875	0.2405
691.0	0.2429
691.125	0.2452
691.25	0.2421
691.375	0.2429
691.5	0.2421
691.625	0.2437
691.75	0.2437
691.875	0.2444
692.0	0.2429
692.125	0.2405
692.25	0.2421
692.375	0.2437
692.5	0.2444
692.625	0.2429
692.75	0.2413
692.875	0.2421
693.0	0.2421
693.125	0.2429
693.25	0.2413
693.375	0.2429
693.5	0.2429
693.625	0.2437
693.75	0.2429
693.875	0.2444
694.0	0.2437
694.125	0.2421
694.25	0.2429
694.375	0.2437
694.5	0.2437
694.625	0.2421
694.75	0.2429
694.875	0.2421
695.0	0.2405
695.125	0.2437
695.25	0.2437
695.375	0.2405
695.5	0.2429
695.625	0.2437
695.75	0.2421
695.875	0.2429
696.0	0.2444
696.125	0.2437
696.25	0.2437
696.375	0.2437
696.5	0.2405
696.625	0.2421
696.75	0.2452
696.875	0.2437
697.0	0.2444
697.125	0.2429
697.25	0.2444
697.375	0.2437
697.5	0.2437
697.625	0.2429
697.75	0.2437
697.875	0.2421
698.0	0.2444
698.125	0.2429
698.25	0.2444
698.375	0.2444
698.5	0.2413
698.625	0.2444
698.75	0.2421
698.875	0.2437
699.0	0.2405
699.125	0.2437
699.25	0.2429
699.375	0.2437
699.5	0.2429
699.625	0.2437
699.75	0.2437
699.875	0.2413
700.0	0.2437
700.125	0.2429
700.25	0.2405
700.375	0.2429
700.5	0.2429
700.625	0.2452
700.75	0.2437
700.875	0.2437
701.0	0.2429
701.125	0.2444
701.25	0.2444
701.375	0.2429
701.5	0.2444
701.625	0.2437
701.75	0.2437
701.875	0.2437
702.0	0.2437
702.125	0.2444
702.25	0.2429
702.375	0.2429
702.5	0.2437
702.625	0.2437
702.75	0.2437
702.875	0.2437
703.0	0.2452
703.125	0.2437
703.25	0.2437
703.375	0.2452
703.5	0.2437
703.625	0.2444
703.75	0.2429
703.875	0.2444
704.0	0.2444
704.125	0.2437
704.25	0.2437
704.375	0.2437
704.5	0.2413
704.625	0.2429
704.75	0.2429
704.875	0.2437
705.0	0.2421
705.125	0.2444
705.25	0.2437
705.375	0.2421
705.5	0.2437
705.625	0.2429
705.75	0.2429
705.875	0.2437
706.0	0.2437
706.125	0.2437
706.25	0.2437
706.375	0.2437
706.5	0.2421
706.625	0.2421
706.75	0.2444
706.875	0.2437
707.0	0.2437
707.125	0.2405
707.25	0.2413
707.375	0.2437
707.5	0.2421
707.625	0.2429
707.75	0.2437
707.875	0.2405
708.0	0.2429
708.125	0.2444
708.25	0.2444
708.375	0.2444
708.5	0.2444
708.625	0.2437
708.75	0.2421
708.875	0.2437
709.0	0.2452
709.125	0.2413
709.25	0.2437
709.375	0.2421
709.5	0.2429
709.625	0.2429
709.75	0.2437
709.875	0.2429
710.0	0.2429
710.125	0.2437
710.25	0.2437
710.375	0.2437
710.5	0.2421
710.625	0.2405
710.75	0.2421
710.875	0.2421
711.0	0.2421
711.125	0.2429
711.25	0.2437
711.375	0.2437
711.5	0.2429
711.625	0.2452
711.75	0.2429
711.875	0.2452
712.0	0.2444
712.125	0.2437
712.25	0.2437
712.375	0.2429
712.5	0.2437
712.625	0.2437
712.75	0.2429
712.875	0.2444
713.0	0.2452
713.125	0.2437
713.25	0.2429
713.375	0.2413
713.5	0.2437
713.625	0.2429
713.75	0.2437
713.875	0.2452
714.0	0.2437
714.125	0.2437
714.25	0.2429
714.375	0.2452
714.5	0.2437
714.625	0.2437
714.75	0.2437
714.875	0.2444
715.0	0.2452
715.125	0.2452
715.25	0.2437
715.375	0.2437
715.5	0.2429
715.625	0.2444
715.75	0.2421
715.875	0.2421
716.0	0.2437
716.125	0.2444
716.25	0.2437
716.375	0.2452
716.5	0.2452
716.625	0.2429
716.75	0.2421
716.875	0.2413
717.0	0.2429
717.125	0.2421
717.25	0.2444
717.375	0.2429
717.5	0.2413
717.625	0.2421
717.75	0.2429
717.875	0.2413
718.0	0.2421
718.125	0.2429
718.25	0.2413
718.375	0.2405
718.5	0.2437
718.625	0.2413
718.75	0.2429
718.875	0.2413
719.0	0.2421
719.125	0.2421
719.25	0.2444
719.375	0.2421
719.5	0.2437
719.625	0.2413
719.75	0.2413
719.875	0.2421
720.0	0.2429
720.125	0.2429
720.25	0.2413
720.375	0.2405
720.5	0.2405
720.625	0.2421
720.75	0.2421
720.875	0.2405
721.0	0.2429
721.125	0.2429
721.25	0.2421
721.375	0.2429
721.5	0.2421
721.625	0.2421
721.75	0.2421
721.875	0.2421
722.0	0.2429
722.125	0.2413
722.25	0.2421
722.375	0.2405
722.5	0.2413
722.625	0.2413
722.75	0.2429
722.875	0.2405
723.0	0.2421
723.125	0.2421
723.25	0.2405
723.375	0.2405
723.5	0.2413
723.625	0.2437
723.75	0.2429
723.875	0.2413
724.0	0.2405
724.125	0.2405
724.25	0.2421
724.375	0.2413
724.5	0.2429
724.625	0.2413
724.75	0.2429
724.875	0.2421
725.0	0.2413
725.125	0.2421
725.25	0.2421
725.375	0.2421
725.5	0.2429
725.625	0.2421
725.75	0.2413
725.875	0.2413
726.0	0.2437
726.125	0.2421
726.25	0.2413
726.375	0.2405
726.5	0.2413
726.625	0.2413
726.75	0.2413
726.875	0.2421
727.0	0.2429
727.125	0.2429
727.25	0.2405
727.375	0.2413
727.5	0.2405
727.625	0.2413
727.75	0.2421
727.875	0.2413
728.0	0.2437
728.125	0.2413
728.25	0.2405
728.375	0.2437
728.5	0.2429
728.625	0.2405
728.75	0.2429
728.875	0.2437
729.0	0.2405
729.125	0.2413
729.25	0.2413
729.375	0.2421
729.5	0.2429
729.625	0.2405
729.75	0.2413
729.875	0.2437
730.0	0.2429
730.125	0.2421
730.25	0.2413
730.375	0.2405
730.5	0.2421
730.625	0.2413
730.75	0.2413
730.875	0.2413
731.0	0.2405
731.125	0.2429
731.25	0.2429
731.375	0.2429
731.5	0.2413
731.625	0.2421
731.75	0.2429
731.875	0.2421
732.0	0.2444
732.125	0.2429
732.25	0.2429
732.375	0.2429
732.5	0.2437
732.625	0.2421
732.75	0.2437
732.875	0.2452
733.0	0.2437
733.125	0.2444
733.25	0.2437
733.375	0.2421
733.5	0.2413
733.625	0.2413
733.75	0.2429
733.875	0.2421
734.0	0.2429
734.125	0.2421
734.25	0.2421
734.375	0.2437
734.5	0.2437
734.625	0.2413
734.75	0.2429
734.875	0.2421
735.0	0.2429
735.125	0.2429
735.25	0.2429
735.375	0.2429
735.5	0.2429
735.625	0.2429
735.75	0.2444
735.875	0.2437
736.0	0.2452
736.125	0.2421
736.25	0.2437
736.375	0.2444
736.5	0.2452
736.625	0.2437
736.75	0.2444
736.875	0.2444
737.0	0.2429
737.125	0.2421
737.25	0.2452
737.375	0.2437
737.5	0.2429
737.625	0.2444
737.75	0.2437
737.875	0.2421
738.0	0.2444
738.125	0.2421
738.25	0.2429
738.375	0.2452
738.5	0.2437
738.625	0.2444
738.75	0.2437
738.875	0.2429
739.0	0.2429
739.125	0.2452
739.25	0.2437
739.375	0.2444
739.5	0.2421
739.625	0.2421
739.75	0.2444
739.875	0.2421
740.0	0.2421
740.125	0.2421
740.25	0.2421
740.375	0.2444
740.5	0.2421
740.625	0.2413
740.75	0.2437
740.875	0.2452
741.0	0.2437
741.125	0.2437
741.25	0.2437
741.375	0.2429
741.5	0.2444
741.625	0.2429
741.75	0.2421
741.875	0.2444
742.0	0.2437
742.125	0.2421
742.25	0.2429
742.375	0.2429
742.5	0.2429
742.625	0.2429
742.75	0.2413
742.875	0.2429
743.0	0.2429
743.125	0.2421
743.25	0.2437
743.375	0.2429
743.5	0.2437
743.625	0.2421
743.75	0.2429
743.875	0.2437
744.0	0.2437
744.125	0.2421
744.25	0.2421
744.375	0.2405
744.5	0.2437
744.625	0.2452
744.75	0.2444
744.875	0.2444
745.0	0.2429
745.125	0.2413
745.25	0.2421
745.375	0.2421
745.5	0.2405
745.625	0.2437
745.75	0.2413
745.875	0.2421
746.0	0.2413
746.125	0.2437
746.25	0.2421
746.375	0.2437
746.5	0.2413
746.625	0.2413
746.75	0.2429
746.875	0.2437
747.0	0.2421
747.125	0.2421
747.25	0.2405
747.375	0.2405
747.5	0.2421
747.625	0.2413
747.75	0.2421
747.875	0.2405
748.0	0.2421
748.125	0.2413
748.25	0.2421
748.375	0.2405
748.5	0.2421
748.625	0.2413
748.75	0.2437
748.875	0.2405
749.0	0.2405
749.125	0.2405
749.25	0.2405
749.375	0.2413
749.5	0.2429
749.625	0.2405
749.75	0.2429
749.875	0.2405
750.0	0.2421
750.125	0.2405
750.25	0.2405
750.375	0.2405
750.5	0.2405
750.625	0.2413
750.75	0.2405
750.875	0.2413
751.0	0.2413
751.125	0.2421
751.25	0.2413
751.375	0.2413
751.5	0.2405
751.625	0.2405
751.75	0.2405
751.875	0.2405
752.0	0.2405
752.125	0.2437
752.25	0.2421
752.375	0.2405
752.5	0.2421
752.625	0.2413
752.75	0.2405
752.875	0.2413
753.0	0.2437
753.125	0.2452
753.25	0.2444
753.375	0.2444
753.5	0.2444
753.625	0.2452
753.75	0.2452
753.875	0.2484
754.0	0.25
754.125	0.2507
754.25	0.2515
754.375	0.2547
754.5	0.2547
754.625	0.2547
754.75	0.2547
754.875	0.2539
755.0	0.2547
755.125	0.2539
755.25	0.2531
755.375	0.25
755.5	0.25
755.625	0.2484
755.75	0.2444
755.875	0.2452
756.0	0.2437
756.125	0.2452
756.25	0.2437
756.375	0.2437
756.5	0.2421
756.625	0.2444
756.75	0.2437
756.875	0.2429
757.0	0.2405
757.125	0.2421
757.25	0.2421
757.375	0.2429
757.5	0.2405
757.625	0.2405
757.75	0.2437
757.875	0.2421
758.0	0.2421
758.125	0.2437
758.25	0.2421
758.375	0.2437
758.5	0.2405
758.625	0.2429
758.75	0.2413
758.875	0.2429
759.0	0.2437
759.125	0.2437
759.25	0.2437
759.375	0.2429
759.5	0.2429
759.625	0.2452
759.75	0.2421
759.875	0.2429
760.0	0.2437
760.125	0.2437
760.25	0.2444
760.375	0.2413
760.5	0.2437
760.625	0.2429
760.75	0.2421
760.875	0.2444
761.0	0.2429
761.125	0.2452
761.25	0.2452
761.375	0.2429
761.5	0.2437
761.625	0.2413
761.75	0.2429
761.875	0.2429
762.0	0.2413
762.125	0.2413
762.25	0.2405
762.375	0.2421
762.5	0.2413
762.625	0.2405
762.75	0.2421
762.875	0.2413
763.0	0.2437
763.125	0.2429
763.25	0.2421
763.375	0.2421
763.5	0.2405
763.625	0.2413
763.75	0.2429
763.875	0.2421
764.0	0.2405
764.125	0.2405
764.25	0.2405
764.375	0.2405
764.5	0.2421
764.625	0.2421
764.75	0.2405
764.875	0.2413
765.0	0.2405
765.125	0.2429
765.25	0.2421
765.375	0.2405
765.5	0.2405
765.625	0.2421
765.75	0.2429
765.875	0.2413
766.0	0.2444
766.125	0.2429
766.25	0.2429
766.375	0.2429
766.5	0.2429
766.625	0.2437
766.75	0.2437
766.875	0.2444
767.0	0.2437
767.125	0.2421
767.25	0.2421
767.375	0.2405
767.5	0.2429
767.625	0.2437
767.75	0.2429
767.875	0.2421
768.0	0.2429
768.125	0.2413
768.25	0.2413
768.375	0.2437
768.5	0.2429
768.625	0.2413
768.75	0.2444
768.875	0.2429
769.0	0.2429
769.125	0.2421
769.25	0.2405
769.375	0.2405
769.5	0.2429
769.625	0.2405
769.75	0.2413
769.875	0.2429
770.0	0.2444
770.125	0.2421
770.25	0.2429
770.375	0.2429
770.5	0.2437
770.625	0.2452
770.75	0.2452
770.875	0.2444
771.0	0.2437
771.125	0.2437
771.25	0.2452
771.375	0.2452
771.5	0.2452
771.625	0.2421
771.75	0.2437
771.875	0.2429
772.0	0.2437
772.125	0.2437
772.25	0.2413
772.375	0.2405
772.5	0.2421
772.625	0.2405
772.75	0.2397
772.875	0.2405
773.0	0.2413
773.125	0.2413
773.25	0.2429
773.375	0.2405
773.5	0.2405
773.625	0.2421
773.75	0.2405
773.875	0.2405
774.0	0.2405
774.125	0.2421
774.25	0.2405
774.375	0.2405
774.5	0.2421
774.625	0.2429
774.75	0.2405
774.875	0.2429
775.0	0.2405
775.125	0.2413
775.25	0.2405
775.375	0.2413
775.5	0.2405
775.625	0.2429
775.75	0.2405
775.875	0.2405
776.0	0.2405
776.125	0.2437
776.25	0.2444
776.375	0.2421
776.5	0.2405
776.625	0.2405
776.75	0.2405
776.875	0.2413
777.0	0.2429
777.125	0.2405
777.25	0.2421
777.375	0.2429
777.5	0.2429
777.625	0.2421
777.75	0.2413
777.875	0.2413
778.0	0.2405
778.125	0.2405
778.25	0.2444
778.375	0.2421
778.5	0.2444
778.625	0.2421
778.75	0.2429
778.875	0.2437
779.0	0.2413
779.125	0.2421
779.25	0.2421
779.375	0.2421
779.5	0.2413
779.625	0.2437
779.75	0.2429
779.875	0.2413
780.0	0.2413
780.125	0.2429
780.25	0.2437
780.375	0.2413
780.5	0.2421
780.625	0.2421
780.75	0.2421
780.875	0.2421
781.0	0.2413
781.125	0.2405
781.25	0.2444
781.375	0.2421
781.5	0.2421
781.625	0.2452
781.75	0.2452
781.875	0.2421
782.0	0.2429
782.125	0.2413
782.25	0.2413
782.375	0.2444
782.5	0.2429
782.625	0.2452
782.75	0.2421
782.875	0.2437
783.0	0.2437
783.125	0.2429
783.25	0.2421
783.375	0.2429
783.5	0.2444
783.625	0.2437
783.75	0.2429
783.875	0.2429
784.0	0.2413
784.125	0.2429
784.25	0.2437
784.375	0.2429
784.5	0.2437
784.625	0.2437
784.75	0.2437
784.875	0.2421
785.0	0.2437
785.125	0.2429
785.25	0.2421
785.375	0.2421
785.5	0.2437
785.625	0.2452
785.75	0.2413
785.875	0.2437
786.0	0.2413
786.125	0.2444
786.25	0.2429
786.375	0.2437
786.5	0.2429
786.625	0.2452
786.75	0.2452
786.875	0.2421
787.0	0.2413
787.125	0.2429
787.25	0.2413
787.375	0.2429
787.5	0.2444
787.625	0.2421
787.75	0.2429
787.875	0.2437
788.0	0.2429
788.125	0.2444
788.25	0.2421
788.375	0.2421
788.5	0.2413
788.625	0.2413
788.75	0.2429
788.875	0.2405
789.0	0.2429
789.125	0.2413
789.25	0.2405
789.375	0.2405
789.5	0.2437
789.625	0.2444
789.75	0.2429
789.875	0.2421
790.0	0.2421
790.125	0.2444
790.25	0.2429
790.375	0.2437
790.5	0.2452
790.625	0.2437
790.75	0.2437
790.875	0.2421
791.0	0.2421
791.125	0.2413
791.25	0.2421
791.375	0.2437
791.5	0.2429
791.625	0.2437
791.75	0.2413
791.875	0.2413
792.0	0.2421
792.125	0.2405
792.25	0.2444
792.375	0.2421
792.5	0.2413
792.625	0.2413
792.75	0.2413
792.875	0.2413
793.0	0.2413
793.125	0.2413
793.25	0.2405
793.375	0.2413
793.5	0.2413
793.625	0.2413
793.75	0.2405
793.875	0.2405
794.0	0.2413
794.125	0.2405
794.25	0.2429
794.375	0.2429
794.5	0.2421
794.625	0.2405
794.75	0.2405
794.875	0.2405
795.0	0.2413
795.125	0.2421
795.25	0.2413
795.375	0.2405
795.5	0.2413
795.625	0.2421
795.75	0.2413
795.875	0.2413
796.0	0.2437
796.125	0.2405
796.25	0.2421
796.375	0.2429
796.5	0.2429
796.625	0.2452
796.75	0.2444
796.875	0.2452
797.0	0.2452
797.125	0.2452
797.25	0.2452
797.375	0.2452
797.5	0.246
797.625	0.2468
797.75	0.2492
797.875	0.2468
798.0	0.2492
798.125	0.2468
798.25	0.2468
798.375	0.246
798.5	0.2452
798.625	0.246
798.75	0.2444
798.875	0.2444
799.0	0.2413
799.125	0.2405
799.25	0.2405
799.375	0.2405
799.5	0.2421
799.625	0.2405
799.75	0.2429
799.875	0.2405
800.0	0.2405
800.125	0.2413
800.25	0.2421
800.375	0.2429
800.5	0.2413
800.625	0.2413
800.75	0.2405
800.875	0.2421
801.0	0.2405
801.125	0.2405
801.25	0.2405
801.375	0.2397
801.5	0.2413
801.625	0.2405
801.75	0.2405
801.875	0.2397
802.0	0.2382
802.125	0.2374
802.25	0.2358
802.375	0.2358
802.5	0.2358
802.625	0.235
802.75	0.235
802.875	0.2327
803.0	0.2327
803.125	0.2319
803.25	0.2327
803.375	0.2311
803.5	0.2311
803.625	0.2311
803.75	0.2319
803.875	0.2311
804.0	0.2311
804.125	0.2311
804.25	0.2311
804.375	0.2311
804.5	0.2319
804.625	0.2311
804.75	0.2311
804.875	0.2311
805.0	0.2311
805.125	0.2319
805.25	0.2319
805.375	0.2311
805.5	0.2327
805.625	0.2311
805.75	0.2311
805.875	0.2311
806.0	0.2319
806.125	0.2327
806.25	0.2319
806.375	0.2342
806.5	0.2342
806.625	0.2327
806.75	0.2311
806.875	0.2342
807.0	0.235
807.125	0.2334
807.25	0.2334
807.375	0.235
807.5	0.235
807.625	0.235
807.75	0.235
807.875	0.2358
808.0	0.2342
808.125	0.2358
808.25	0.2358
808.375	0.235
808.5	0.2358
808.625	0.2358
808.75	0.2358
808.875	0.2358
809.0	0.2358
809.125	0.2358
809.25	0.2358
809.375	0.2366
809.5	0.2358
809.625	0.2366
809.75	0.2358
809.875	0.2358
810.0	0.2366
810.125	0.2358
810.25	0.2358
810.375	0.2358
810.5	0.2358
810.625	0.2366
810.75	0.2358
810.875	0.2358
811.0	0.2358
811.125	0.2358
811.25	0.2358
811.375	0.2366
811.5	0.2358
811.625	0.2374
811.75	0.2358
811.875	0.2358
812.0	0.2358
812.125	0.2358
812.25	0.2358
812.375	0.2358
812.5	0.2366
812.625	0.2358
812.75	0.2374
812.875	0.2366
813.0	0.2358
813.125	0.2366
813.25	0.2374
813.375	0.2366
813.5	0.2358
813.625	0.2358
813.75	0.2358
813.875	0.2358
814.0	0.2366
814.125	0.2366
814.25	0.2366
814.375	0.2358
814.5	0.2358
814.625	0.2358
814.75	0.2358
814.875	0.2358
815.0	0.2358
815.125	0.2358
815.25	0.2358
815.375	0.2358
815.5	0.2358
815.625	0.2358
815.75	0.2358
815.875	0.2358
816.0	0.2374
816.125	0.2358
816.25	0.2358
816.375	0.2358
816.5	0.2358
816.625	0.2358
816.75	0.2358
816.875	0.2358
817.0	0.2358
817.125	0.2358
817.25	0.2358
817.375	0.235
817.5	0.2358
817.625	0.2358
817.75	0.2358
817.875	0.235
818.0	0.2358
818.125	0.2358
818.25	0.2358
818.375	0.2358
818.5	0.2374
818.625	0.2358
818.75	0.2358
818.875	0.2358
819.0	0.2358
819.125	0.2358
819.25	0.2358
819.375	0.2358
819.5	0.2358
819.625	0.2358
819.75	0.2366
819.875	0.2358
820.0	0.2358
820.125	0.2358
820.25	0.2358
820.375	0.2358
820.5	0.2358
820.625	0.2358
820.75	0.2358
820.875	0.2366
821.0	0.2358
821.125	0.2358
821.25	0.2366
821.375	0.2366
821.5	0.2358
821.625	0.2358
821.75	0.2358
821.875	0.2358
822.0	0.2358
822.125	0.2374
822.25	0.2382
822.375	0.2366
822.5	0.2358
822.625	0.2366
822.75	0.2358
822.875	0.2358
823.0	0.2358
823.125	0.2358
823.25	0.2358
823.375	0.2366
823.5	0.2358
823.625	0.2358
823.75	0.2358
823.875	0.2358
824.0	0.2358
824.125	0.2358
824.25	0.2358
824.375	0.2358
824.5	0.2358
824.625	0.2358
824.75	0.2358
824.875	0.235
825.0	0.2358
825.125	0.2358
825.25	0.2358
825.375	0.2358
825.5	0.2358
825.625	0.2358
825.75	0.2358
825.875	0.2358
826.0	0.2358
826.125	0.235
826.25	0.2358
826.375	0.2358
826.5	0.2358
826.625	0.2374
826.75	0.2358
826.875	0.2358
827.0	0.2358
827.125	0.2358
827.25	0.2366
827.375	0.2358
827.5	0.2358
827.625	0.2358
827.75	0.2327
827.875	0.2342
828.0	0.2358
828.125	0.235
828.25	0.2342
828.375	0.2358
828.5	0.2358
828.625	0.2358
828.75	0.235
828.875	0.2358
829.0	0.2366
829.125	0.2358
829.25	0.2366
829.375	0.2358
829.5	0.2358
829.625	0.2358
829.75	0.2358
829.875	0.2358
830.0	0.2374
830.125	0.2358
830.25	0.2358
830.375	0.2366
830.5	0.2374
830.625	0.2382
830.75	0.2374
830.875	0.2366
831.0	0.2374
831.125	0.2382
831.25	0.2358
831.375	0.2389
831.5	0.2374
831.625	0.2389
831.75	0.2366
831.875	0.2374
832.0	0.2389
832.125	0.2366
832.25	0.2374
832.375	0.2358
832.5	0.2366
832.625	0.2358
832.75	0.2374
832.875	0.2366
833.0	0.2366
833.125	0.2366
833.25	0.2358
833.375	0.2358
833.5	0.235
833.625	0.2358
833.75	0.2358
833.875	0.2358
834.0	0.2358
834.125	0.2342
834.25	0.2342
834.375	0.235
834.5	0.2327
834.625	0.2311
834.75	0.2319
834.875	0.235
835.0	0.2327
835.125	0.2319
835.25	0.2311
835.375	0.2311
835.5	0.2311
835.625	0.2327
835.75	0.2311
835.875	0.2311
836.0	0.2311
836.125	0.2311
836.25	0.2311
836.375	0.2311
836.5	0.2327
836.625	0.2311
836.75	0.2311
836.875	0.2311
837.0	0.2319
837.125	0.2319
837.25	0.2311
837.375	0.2311
837.5	0.2303
837.625	0.2311
837.75	0.2311
837.875	0.2311
838.0	0.2311
838.125	0.2327
838.25	0.2311
838.375	0.2311
838.5	0.2311
838.625	0.2311
838.75	0.2311
838.875	0.2311
839.0	0.2303
839.125	0.2311
839.25	0.2311
839.375	0.2311
839.5	0.2311
839.625	0.2327
839.75	0.2319
839.875	0.2319
840.0	0.2311
840.125	0.2311
840.25	0.2311
840.375	0.2311
840.5	0.2311
840.625	0.2311
840.75	0.2311
840.875	0.2311
841.0	0.2319
841.125	0.2311
841.25	0.2311
841.375	0.2327
841.5	0.2311
841.625	0.2311
841.75	0.2311
841.875	0.2311
842.0	0.2311
842.125	0.2334
842.25	0.2311
842.375	0.2311
842.5	0.2311
842.625	0.2311
842.75	0.2327
842.875	0.2311
843.0	0.2319
843.125	0.2319
843.25	0.2319
843.375	0.2319
843.5	0.2311
843.625	0.2311
843.75	0.2319
843.875	0.2319
844.0	0.2319
844.125	0.2327
844.25	0.2311
844.375	0.2358
844.5	0.2366
844.625	0.2374
844.75	0.2405
844.875	0.2421
845.0	0.2452
845.125	0.2452
845.25	0.2452
845.375	0.2452
845.5	0.25
845.625	0.25
845.75	0.2492
845.875	0.25
846.0	0.25
846.125	0.2468
846.25	0.2468
846.375	0.2452
846.5	0.2397
846.625	0.2382
846.75	0.2358
846.875	0.2358
847.0	0.2342
847.125	0.2342
847.25	0.2327
847.375	0.2334
847.5	0.235
847.625	0.2319
847.75	0.2311
847.875	0.2327
848.0	0.2311
848.125	0.2319
848.25	0.2327
848.375	0.2334
848.5	0.2311
848.625	0.2334
848.75	0.2319
848.875	0.2319
849.0	0.2334
849.125	0.2334
849.25	0.2327
849.375	0.2327
849.5	0.2319
849.625	0.2311
849.75	0.2327
849.875	0.2311
850.0	0.2319
850.125	0.2327
850.25	0.2319
850.375	0.2311
850.5	0.235
850.625	0.2334
850.75	0.2327
850.875	0.2334
851.0	0.2342
851.125	0.2334
851.25	0.2342
851.375	0.2334
851.5	0.2342
851.625	0.2334
851.75	0.2342
851.875	0.235
852.0	0.2319
852.125	0.2342
852.25	0.2334
852.375	0.2358
852.5	0.2358
852.625	0.2342
852.75	0.2327
852.875	0.2342
853.0	0.2334
853.125	0.2334
853.25	0.2327
853.375	0.235
853.5	0.2342
853.625	0.235
853.75	0.235
853.875	0.2334
854.0	0.2342
854.125	0.2342
854.25	0.2319
854.375	0.2319
854.5	0.2342
854.625	0.2342
854.75	0.235
854.875	0.235
855.0	0.2358
855.125	0.235
855.25	0.2358
855.375	0.2358
855.5	0.2358
855.625	0.2358
855.75	0.2358
855.875	0.2358
856.0	0.2366
856.125	0.2366
856.25	0.2358
856.375	0.2374
856.5	0.2366
856.625	0.2405
856.75	0.2374
856.875	0.2374
857.0	0.2397
857.125	0.2374
857.25	0.2358
857.375	0.2374
857.5	0.2366
857.625	0.2389
857.75	0.2374
857.875	0.2374
858.0	0.2389
858.125	0.2382
858.25	0.2374
858.375	0.2397
858.5	0.2389
858.625	0.2374
858.75	0.2389
858.875	0.2389
859.0	0.2405
859.125	0.2366
859.25	0.2374
859.375	0.2366
859.5	0.2389
859.625	0.2405
859.75	0.2382
859.875	0.2374
860.0	0.2382
860.125	0.2358
860.25	0.2374
860.375	0.2382
860.5	0.2374
860.625	0.2358
860.75	0.2382
860.875	0.2358
861.0	0.2358
861.125	0.2358
861.25	0.2366
861.375	0.235
861.5	0.2358
861.625	0.2358
861.75	0.235
861.875	0.2342
862.0	0.2358
862.125	0.2334
862.25	0.2311
862.375	0.2311
862.5	0.2311
862.625	0.2311
862.75	0.2311
862.875	0.2311
863.0	0.2303
863.125	0.2295
863.25	0.2311
863.375	0.2311
863.5	0.2311
863.625	0.2295
863.75	0.2295
863.875	0.2303
864.0	0.2311
864.125	0.2287
864.25	0.2287
864.375	0.2279
864.5	0.2311
864.625	0.2264
864.75	0.2264
864.875	0.2287
865.0	0.2295
865.125	0.2264
865.25	0.2279
865.375	0.2295
865.5	0.2264
865.625	0.2279
865.75	0.2295
865.875	0.2279
866.0	0.2295
866.125	0.2295
866.25	0.2311
866.375	0.2279
866.5	0.2279
866.625	0.2279
866.75	0.2279
866.875	0.2287
867.0	0.2272
867.125	0.2279
867.25	0.2272
867.375	0.2287
867.5	0.2272
867.625	0.2279
867.75	0.2287
867.875	0.2272
868.0	0.2264
868.125	0.2287
868.25	0.2311
868.375	0.2295
868.5	0.2311
868.625	0.2287
868.75	0.2303
868.875	0.2311
869.0	0.2311
869.125	0.2311
869.25	0.2311
869.375	0.2311
869.5	0.2311
869.625	0.2311
869.75	0.2311
869.875	0.2327
870.0	0.2327
870.125	0.2319
870.25	0.2342
870.375	0.2334
870.5	0.2358
870.625	0.235
870.75	0.2334
870.875	0.235
871.0	0.235
871.125	0.2358
871.25	0.235
871.375	0.2358
871.5	0.2366
871.625	0.235
871.75	0.2358
871.875	0.2358
872.0	0.2358
872.125	0.2358
872.25	0.235
872.375	0.2358
872.5	0.2358
872.625	0.2358
872.75	0.2342
872.875	0.2358
873.0	0.2358
873.125	0.2358
873.25	0.2358
873.375	0.2358
873.5	0.2358
873.625	0.2358
873.75	0.2358
873.875	0.2358
874.0	0.2358
874.125	0.2358
874.25	0.2358
874.375	0.2358
874.5	0.2358
874.625	0.2358
874.75	0.2358
874.875	0.2358
875.0	0.2358
875.125	0.2358
875.25	0.2358
875.375	0.2358
875.5	0.2358
875.625	0.2358
875.75	0.2358
875.875	0.2358
876.0	0.2358
876.125	0.2358
876.25	0.2358
876.375	0.2366
876.5	0.2358
876.625	0.2358
876.75	0.2366
876.875	0.2358
877.0	0.2358
877.125	0.2358
877.25	0.2358
877.375	0.2358
877.5	0.235
877.625	0.2358
877.75	0.2358
877.875	0.2358
878.0	0.2358
878.125	0.2358
878.25	0.2358
878.375	0.235
878.5	0.2358
878.625	0.2358
878.75	0.2366
878.875	0.2358
879.0	0.2366
879.125	0.2358
879.25	0.2358
879.375	0.2382
879.5	0.2358
879.625	0.2358
879.75	0.2366
879.875	0.2374
880.0	0.2358
880.125	0.2358
880.25	0.2366
880.375	0.2358
880.5	0.2358
880.625	0.2358
880.75	0.2358
880.875	0.2358
881.0	0.2374
881.125	0.2366
881.25	0.2358
881.375	0.2366
881.5	0.2374
881.625	0.2366
881.75	0.2358
881.875	0.2358
882.0	0.2366
882.125	0.2374
882.25	0.2374
882.375	0.2389
882.5	0.2366
882.625	0.2366
882.75	0.2382
882.875	0.2366
883.0	0.2358
883.125	0.2358
883.25	0.2366
883.375	0.2358
883.5	0.2374
883.625	0.2374
883.75	0.2374
883.875	0.2382
884.0	0.2366
884.125	0.2366
884.25	0.2358
884.375	0.2374
884.5	0.2374
884.625	0.2358
884.75	0.2366
884.875	0.2366
885.0	0.2366
885.125	0.2358
885.25	0.2366
885.375	0.2366
885.5	0.2358
885.625	0.2366
885.75	0.2366
885.875	0.2366
886.0	0.2389
886.125	0.2366
886.25	0.2358
886.375	0.2358
886.5	0.2358
886.625	0.2366
886.75	0.2366
886.875	0.2358
887.0	0.2366
887.125	0.2358
887.25	0.2358
887.375	0.2366
887.5	0.2374
887.625	0.2366
887.75	0.2389
887.875	0.2358
888.0	0.2358
888.125	0.2366
888.25	0.2358
888.375	0.2358
888.5	0.2374
888.625	0.2358
888.75	0.2358
888.875	0.2358
889.0	0.2358
889.125	0.2366
889.25	0.2358
889.375	0.2358
889.5	0.2358
889.625	0.2358
889.75	0.2358
889.875	0.2358
890.0	0.2358
890.125	0.2358
890.25	0.235
890.375	0.2358
890.5	0.235
890.625	0.2358
890.75	0.2334
890.875	0.2342
891.0	0.2334
891.125	0.2327
891.25	0.2342
891.375	0.2334
891.5	0.2319
891.625	0.2319
891.75	0.2327
891.875	0.2342
892.0	0.2319
892.125	0.2311
892.25	0.2334
892.375	0.2327
892.5	0.2327
892.625	0.2327
892.75	0.2334
892.875	0.2327
893.0	0.2342
893.125	0.2311
893.25	0.2327
893.375	0.2327
893.5	0.235
893.625	0.2334
893.75	0.235
893.875	0.2342
894.0	0.2358
894.125	0.2334
894.25	0.2358
894.375	0.2358
894.5	0.235
894.625	0.235
894.75	0.2334
894.875	0.2358
895.0	0.235
895.125	0.2358
895.25	0.2358
895.375	0.2358
895.5	0.2358
895.625	0.2366
895.75	0.2358
895.875	0.2358
896.0	0.2358
896.125	0.2358
896.25	0.2358
896.375	0.2358
896.5	0.2358
896.625	0.2358
896.75	0.2358
896.875	0.2358
897.0	0.2342
897.125	0.2358
897.25	0.2358
897.375	0.2358
897.5	0.2358
897.625	0.2358
897.75	0.2358
897.875	0.235
898.0	0.2358
898.125	0.2374
898.25	0.2358
898.375	0.2358
898.5	0.2358
898.625	0.2342
898.75	0.2358
898.875	0.2358
899.0	0.2358
899.125	0.2358
899.25	0.2374
899.375	0.2366
899.5	0.2366
899.625	0.2358
899.75	0.2358
899.875	0.2382
