300.0	0.2476
300.125	0.2484
300.25	0.246
300.375	0.2476
300.5	0.2468
300.625	0.25
300.75	0.25
300.875	0.25
301.0	0.2484
301.125	0.2492
301.25	0.25
301.375	0.25
301.5	0.2507
301.625	0.25
301.75	0.2515
301.875	0.2523
302.0	0.2523
302.125	0.2547
302.25	0.2547
302.375	0.257
302.5	0.2555
302.625	0.2594
302.75	0.2602
302.875	0.261
303.0	0.2633
303.125	0.2649
303.25	0.2641
303.375	0.2665
303.5	0.2696
303.625	0.2688
303.75	0.2696
303.875	0.272
304.0	0.2735
304.125	0.272
304.25	0.272
304.375	0.2735
304.5	0.2759
304.625	0.2759
304.75	0.2735
304.875	0.2735
305.0	0.2751
305.125	0.2767
305.25	0.2751
305.375	0.2759
305.5	0.2735
305.625	0.2767
305.75	0.2743
305.875	0.2735
306.0	0.2743
306.125	0.2727
306.25	0.2735
306.375	0.272
306.5	0.2704
306.625	0.2688
306.75	0.2688
306.875	0.2688
307.0	0.2688
307.125	0.268
307.25	0.2688
307.375	0.2696
307.5	0.2688
307.625	0.2704
307.75	0.2696
307.875	0.2712
308.0	0.272
308.125	0.2704
308.25	0.2688
308.375	0.2696
308.5	0.2688
308.625	0.2688
308.75	0.268
308.875	0.2672
309.0	0.2641
309.125	0.2657
309.25	0.2657
309.375	0.2641
309.5	0.2641
309.625	0.2641
309.75	0.2649
309.875	0.2649
310.0	0.2649
310.125	0.2688
310.25	0.2688
310.375	0.2688
310.5	0.2688
310.625	0.2712
310.75	0.2727
310.875	0.2735
311.0	0.2735
311.125	0.2735
311.25	0.2751
311.375	0.2767
311.5	0.2783
311.625	0.2783
311.75	0.2838
311.875	0.2877
312.0	0.2908
312.125	0.2979
312.25	0.3042
312.375	0.3136
312.5	0.3231
312.625	0.3341
312.75	0.3466
312.875	0.3632
313.0	0.3812
313.125	0.4009
313.25	0.4213
313.375	0.441
313.5	0.4559
313.625	0.4693
313.75	0.4772
313.875	0.4787
314.0	0.4779
314.125	0.4764
314.25	0.4685
314.375	0.4599
314.5	0.4457
314.625	0.4323
314.75	0.4127
314.875	0.393
315.0	0.3694
315.125	0.3435
315.25	0.3207
315.375	0.3018
315.5	0.2861
315.625	0.2767
315.75	0.2672
315.875	0.2625
316.0	0.2594
316.125	0.2547
316.25	0.2547
316.375	0.2547
316.5	0.2507
316.625	0.2515
316.75	0.2531
316.875	0.2515
317.0	0.25
317.125	0.2515
317.25	0.2515
317.375	0.25
317.5	0.25
317.625	0.25
317.75	0.2492
317.875	0.25
318.0	0.25
318.125	0.2492
318.25	0.25
318.375	0.25
318.5	0.25
318.625	0.25
318.75	0.2492
318.875	0.2484
319.0	0.25
319.125	0.25
319.25	0.25
319.375	0.2484
319.5	0.2492
319.625	0.2492
319.75	0.25
319.875	0.2492
320.0	0.2492
320.125	0.2468
320.25	0.25
320.375	0.25
320.5	0.25
320.625	0.25
320.75	0.2492
320.875	0.2507
321.0	0.25
321.125	0.25
321.25	0.25
321.375	0.25
321.5	0.25
321.625	0.2515
321.75	0.2515
321.875	0.2539
322.0	0.25
322.125	0.2507
322.25	0.25
322.375	0.2523
322.5	0.2523
322.625	0.25
322.75	0.25
322.875	0.25
323.0	0.2531
323.125	0.2539
323.25	0.2531
323.375	0.2547
323.5	0.2531
323.625	0.2547
323.75	0.2547
323.875	0.2539
324.0	0.2547
324.125	0.2547
324.25	0.2547
324.375	0.2547
324.5	0.2531
324.625	0.2547
324.75	0.2555
324.875	0.2547
325.0	0.2547
325.125	0.2547
325.25	0.2594
325.375	0.2594
325.5	0.2594
325.625	0.2625
325.75	0.2641
325.875	0.2641
326.0	0.268
326.125	0.2688
326.25	0.272
326.375	0.272
326.5	0.2727
326.625	0.2727
326.75	0.2767
326.875	0.2743
327.0	0.2743
327.125	0.2743
327.25	0.2751
327.375	0.2759
327.5	0.2775
327.625	0.2767
327.75	0.2735
327.875	0.2735
328.0	0.2751
328.125	0.2759
328.25	0.2775
328.375	0.2798
328.5	0.2806
328.625	0.2838
328.75	0.2877
328.875	0.2924
329.0	0.2955
329.125	0.3018
329.25	0.3089
329.375	0.3152
329.5	0.3238
329.625	0.3349
329.75	0.3427
329.875	0.3498
330.0	0.3561
330.125	0.3584
330.25	0.3624
330.375	0.3632
330.5	0.3624
330.625	0.3584
330.75	0.3569
330.875	0.3529
331.0	0.349
331.125	0.3404
331.25	0.3341
331.375	0.3254
331.5	0.3144
331.625	0.3089
331.75	0.3034
331.875	0.2971
332.0	0.294
332.125	0.2971
332.25	0.2971
332.375	0.2995
332.5	0.3058
332.625	0.3128
332.75	0.3215
332.875	0.3309
333.0	0.3404
333.125	0.3545
333.25	0.3687
333.375	0.3812
333.5	0.4017
333.625	0.4221
333.75	0.4426
333.875	0.4567
334.0	0.4693
334.125	0.4795
334.25	0.4811
334.375	0.4811
334.5	0.4787
334.625	0.4724
334.75	0.4646
334.875	0.4528
335.0	0.4394
335.125	0.4221
335.25	0.4025
335.375	0.3805
335.5	0.3561
335.625	0.3317
335.75	0.3121
335.875	0.2955
336.0	0.2814
336.125	0.272
336.25	0.2672
336.375	0.2602
336.5	0.2562
336.625	0.2562
336.75	0.2547
336.875	0.2531
337.0	0.2547
337.125	0.2547
337.25	0.2531
337.375	0.2547
337.5	0.2531
337.625	0.2547
337.75	0.2547
337.875	0.2523
338.0	0.2547
338.125	0.2515
338.25	0.2531
338.375	0.2523
338.5	0.2539
338.625	0.2539
338.75	0.25
338.875	0.2531
339.0	0.2539
339.125	0.2539
339.25	0.2547
339.375	0.2531
339.5	0.2539
339.625	0.2547
339.75	0.2547
339.875	0.2547
340.0	0.2547
340.125	0.2555
340.25	0.2586
340.375	0.2586
340.5	0.2578
340.625	0.2578
340.75	0.2594
340.875	0.2602
341.0	0.2594
341.125	0.2594
341.25	0.2594
341.375	0.2594
341.5	0.2602
341.625	0.2586
341.75	0.2594
341.875	0.2555
342.0	0.2578
342.125	0.2586
342.25	0.2594
342.375	0.2594
342.5	0.2602
342.625	0.2625
342.75	0.2641
342.875	0.2641
343.0	0.268
343.125	0.2688
343.25	0.2727
343.375	0.2735
343.5	0.2759
343.625	0.2743
343.75	0.2735
343.875	0.2735
344.0	0.2735
344.125	0.2727
344.25	0.2735
344.375	0.2704
344.5	0.2688
344.625	0.2672
344.75	0.2641
344.875	0.2641
345.0	0.261
345.125	0.2586
345.25	0.2586
345.375	0.2586
345.5	0.2594
345.625	0.261
345.75	0.2641
345.875	0.2641
346.0	0.2665
346.125	0.2688
346.25	0.2727
346.375	0.2767
346.5	0.2783
346.625	0.2861
346.75	0.2916
346.875	0.2971
347.0	0.3003
347.125	0.305
347.25	0.3066
347.375	0.3113
347.5	0.3113
347.625	0.3105
347.75	0.3113
347.875	0.3066
348.0	0.3066
348.125	0.3018
348.25	0.3018
348.375	0.2963
348.5	0.2916
348.625	0.2869
348.75	0.283
348.875	0.2775
349.0	0.272
349.125	0.2672
349.25	0.2657
349.375	0.2657
349.5	0.2665
349.625	0.2649
349.75	0.2672
349.875	0.2712
350.0	0.2735
350.125	0.2767
350.25	0.2814
350.375	0.2845
350.5	0.2877
350.625	0.294
350.75	0.2987
350.875	0.3058
351.0	0.3128
351.125	0.3215
351.25	0.3309
351.375	0.3404
351.5	0.3498
351.625	0.3545
351.75	0.3592
351.875	0.3632
352.0	0.3632
352.125	0.3632
352.25	0.3632
352.375	0.3624
352.5	0.3553
352.625	0.3506
352.75	0.3435
352.875	0.3325
353.0	0.3238
353.125	0.3136
353.25	0.3034
353.375	0.2916
353.5	0.2822
353.625	0.2743
353.75	0.2688
353.875	0.2665
354.0	0.2641
354.125	0.2641
354.25	0.2617
354.375	0.2641
354.5	0.2641
354.625	0.2649
354.75	0.2688
354.875	0.2696
355.0	0.2735
355.125	0.2767
355.25	0.279
355.375	0.2861
355.5	0.29
355.625	0.2963
355.75	0.3018
355.875	0.3073
356.0	0.3136
356.125	0.3223
356.25	0.3333
356.375	0.3419
356.5	0.3498
356.625	0.3569
356.75	0.3584
356.875	0.3592
357.0	0.36
357.125	0.3592
357.25	0.3569
357.375	0.3522
357.5	0.3474
357.625	0.3419
357.75	0.3325
357.875	0.3231
358.0	0.3128
358.125	0.3011
358.25	0.2932
358.375	0.2814
358.5	0.2727
358.625	0.2641
358.75	0.2594
358.875	0.2578
359.0	0.2547
359.125	0.2531
359.25	0.2507
359.375	0.2507
359.5	0.2515
359.625	0.2507
359.75	0.2523
359.875	0.25
360.0	0.2515
360.125	0.2539
360.25	0.2523
360.375	0.2531
360.5	0.2547
360.625	0.2547
360.75	0.2547
360.875	0.2547
361.0	0.2594
361.125	0.2586
361.25	0.2594
361.375	0.2617
361.5	0.2641
361.625	0.2641
361.75	0.2688
361.875	0.2688
362.0	0.2688
362.125	0.2688
362.25	0.268
362.375	0.2688
362.5	0.2688
362.625	0.2688
362.75	0.2688
362.875	0.2665
363.0	0.2665
363.125	0.2641
363.25	0.2641
363.375	0.2586
363.5	0.2594
363.625	0.2594
363.75	0.2547
363.875	0.257
364.0	0.2578
364.125	0.2586
364.25	0.2602
364.375	0.2617
364.5	0.2641
364.625	0.2641
364.75	0.2657
364.875	0.2688
365.0	0.2735
365.125	0.2751
365.25	0.2783
365.375	0.283
365.5	0.283
365.625	0.283
365.75	0.2869
365.875	0.2861
366.0	0.2838
366.125	0.2845
366.25	0.2822
366.375	0.2822
366.5	0.2783
366.625	0.2775
366.75	0.2743
366.875	0.2712
367.0	0.2688
367.125	0.2649
367.25	0.2617
367.375	0.2594
367.5	0.2594
367.625	0.257
367.75	0.2547
367.875	0.2555
368.0	0.2547
368.125	0.257
368.25	0.2562
368.375	0.2586
368.5	0.2578
368.625	0.2586
368.75	0.2586
368.875	0.2594
369.0	0.2594
369.125	0.2633
369.25	0.2641
369.375	0.2657
369.5	0.2688
369.625	0.2727
369.75	0.2775
369.875	0.2814
370.0	0.2861
370.125	0.2877
370.25	0.2908
370.375	0.2924
370.5	0.2908
370.625	0.2877
370.75	0.2877
370.875	0.2853
371.0	0.283
371.125	0.2783
371.25	0.2775
371.375	0.272
371.5	0.268
371.625	0.2602
371.75	0.2539
371.875	0.2484
372.0	0.2452
372.125	0.2382
372.25	0.2366
372.375	0.2358
372.5	0.2358
372.625	0.2358
372.75	0.2358
372.875	0.2405
373.0	0.2421
373.125	0.2444
373.25	0.2468
373.375	0.25
373.5	0.2523
373.625	0.2555
373.75	0.2547
373.875	0.2594
374.0	0.2594
374.125	0.2594
374.25	0.2641
374.375	0.2657
374.5	0.268
374.625	0.2688
374.75	0.2727
374.875	0.2735
375.0	0.2783
375.125	0.2822
375.25	0.2861
375.375	0.29
375.5	0.2955
375.625	0.3003
375.75	0.3026
375.875	0.3066
376.0	0.3058
376.125	0.3066
376.25	0.3081
376.375	0.3066
376.5	0.3026
376.625	0.3018
376.75	0.2971
376.875	0.294
377.0	0.29
377.125	0.2838
377.25	0.279
377.375	0.2735
377.5	0.2665
377.625	0.2594
377.75	0.2578
377.875	0.2547
378.0	0.25
378.125	0.2492
378.25	0.25
378.375	0.2492
378.5	0.2492
378.625	0.2476
378.75	0.2484
378.875	0.2468
379.0	0.2492
379.125	0.2492
379.25	0.2484
379.375	0.2507
379.5	0.25
379.625	0.25
379.75	0.2515
379.875	0.2531
380.0	0.2547
380.125	0.2531
380.25	0.2555
380.375	0.2547
380.5	0.257
380.625	0.2594
380.75	0.2602
380.875	0.2641
381.0	0.2625
381.125	0.2657
381.25	0.2688
381.375	0.2735
381.5	0.2751
381.625	0.2783
381.75	0.2814
381.875	0.2806
382.0	0.283
382.125	0.283
382.25	0.283
382.375	0.283
382.5	0.283
382.625	0.283
382.75	0.2783
382.875	0.2783
383.0	0.2743
383.125	0.2743
383.25	0.2704
383.375	0.2672
383.5	0.2641
383.625	0.261
383.75	0.2586
383.875	0.2547
384.0	0.2547
384.125	0.2547
384.25	0.2539
384.375	0.2547
384.5	0.2507
384.625	0.25
384.75	0.25
384.875	0.2492
385.0	0.2452
385.125	0.2452
385.25	0.2452
385.375	0.2444
385.5	0.246
385.625	0.2452
385.75	0.25
385.875	0.25
386.0	0.25
386.125	0.25
386.25	0.25
386.375	0.25
386.5	0.25
386.625	0.25
386.75	0.25
386.875	0.2492
387.0	0.2484
387.125	0.2468
387.25	0.2476
387.375	0.2452
387.5	0.2452
387.625	0.2452
387.75	0.246
387.875	0.2452
388.0	0.2476
388.125	0.246
388.25	0.2492
388.375	0.25
388.5	0.25
388.625	0.2515
388.75	0.2515
388.875	0.2547
389.0	0.2547
389.125	0.257
389.25	0.2555
389.375	0.2594
389.5	0.2594
389.625	0.2617
389.75	0.2649
389.875	0.2657
390.0	0.2688
390.125	0.2696
390.25	0.2696
390.375	0.272
390.5	0.272
390.625	0.2696
390.75	0.268
390.875	0.2688
391.0	0.2688
391.125	0.2641
391.25	0.2633
391.375	0.2602
391.5	0.2594
391.625	0.2562
391.75	0.2531
391.875	0.2531
392.0	0.2492
392.125	0.2492
392.25	0.25
392.375	0.25
392.5	0.2484
392.625	0.246
392.75	0.25
392.875	0.25
393.0	0.25
393.125	0.25
393.25	0.25
393.375	0.2492
393.5	0.25
393.625	0.25
393.75	0.25
393.875	0.25
394.0	0.25
394.125	0.2539
394.25	0.25
394.375	0.2547
394.5	0.2547
394.625	0.2547
394.75	0.2547
394.875	0.2562
395.0	0.2586
395.125	0.2594
395.25	0.2602
395.375	0.2641
395.5	0.2641
395.625	0.2657
395.75	0.2688
395.875	0.2696
396.0	0.2727
396.125	0.2727
396.25	0.2727
396.375	0.2735
396.5	0.272
396.625	0.2712
396.75	0.2688
396.875	0.2688
397.0	0.2657
397.125	0.2641
397.25	0.2641
397.375	0.2586
397.5	0.2547
397.625	0.2523
397.75	0.25
397.875	0.2484
398.0	0.25
398.125	0.246
398.25	0.2484
398.375	0.2476
398.5	0.2452
398.625	0.2452
398.75	0.2452
398.875	0.246
399.0	0.2452
399.125	0.2452
399.25	0.2476
399.375	0.2484
399.5	0.2476
399.625	0.246
399.75	0.25
399.875	0.25
400.0	0.2484
400.125	0.25
400.25	0.25
400.375	0.25
400.5	0.2492
400.625	0.25
400.75	0.25
400.875	0.2507
401.0	0.2515
401.125	0.25
401.25	0.2515
401.375	0.2547
401.5	0.2547
401.625	0.2555
401.75	0.2555
401.875	0.2555
402.0	0.2578
402.125	0.2594
402.25	0.2594
402.375	0.2625
402.5	0.2633
402.625	0.2641
402.75	0.2641
402.875	0.2657
403.0	0.268
403.125	0.2665
403.25	0.268
403.375	0.268
403.5	0.2665
403.625	0.2641
403.75	0.2641
403.875	0.2641
404.0	0.261
404.125	0.2594
404.25	0.2547
404.375	0.2547
404.5	0.2547
404.625	0.25
404.75	0.2507
404.875	0.2484
405.0	0.2484
405.125	0.2476
405.25	0.2468
405.375	0.246
405.5	0.2452
405.625	0.2452
405.75	0.2452
405.875	0.2452
406.0	0.2452
406.125	0.2468
406.25	0.2452
406.375	0.2452
406.5	0.2452
406.625	0.2452
406.75	0.246
406.875	0.246
407.0	0.2452
407.125	0.246
407.25	0.246
407.375	0.2468
407.5	0.2452
407.625	0.246
407.75	0.2452
407.875	0.2452
408.0	0.2476
408.125	0.246
408.25	0.2476
408.375	0.25
408.5	0.2468
408.625	0.25
408.75	0.25
408.875	0.25
409.0	0.25
409.125	0.25
409.25	0.25
409.375	0.25
409.5	0.2547
409.625	0.2539
409.75	0.2547
409.875	0.2547
410.0	0.2555
410.125	0.2562
410.25	0.2562
410.375	0.2578
410.5	0.257
410.625	0.2578
410.75	0.2594
410.875	0.2594
411.0	0.2594
411.125	0.2594
411.25	0.2594
411.375	0.2594
411.5	0.2594
411.625	0.2586
411.75	0.2586
411.875	0.2578
412.0	0.2547
412.125	0.2555
412.25	0.2562
412.375	0.2547
412.5	0.2547
412.625	0.2515
412.75	0.25
412.875	0.2515
413.0	0.25
413.125	0.2492
413.25	0.2476
413.375	0.2452
413.5	0.2452
413.625	0.2444
413.75	0.2452
413.875	0.2452
414.0	0.246
414.125	0.2444
414.25	0.2452
414.375	0.2452
414.5	0.2452
414.625	0.2452
414.75	0.2452
414.875	0.2452
415.0	0.2452
415.125	0.2452
415.25	0.2476
415.375	0.2476
415.5	0.246
415.625	0.246
415.75	0.2492
415.875	0.2492
416.0	0.2484
416.125	0.25
416.25	0.25
416.375	0.25
416.5	0.25
416.625	0.2507
416.75	0.2531
416.875	0.2547
417.0	0.2547
417.125	0.2539
417.25	0.2547
417.375	0.2547
417.5	0.2547
417.625	0.2547
417.75	0.2547
417.875	0.2547
418.0	0.2547
418.125	0.2531
418.25	0.2547
418.375	0.2523
418.5	0.2515
418.625	0.2515
418.75	0.25
418.875	0.25
419.0	0.2452
419.125	0.2452
419.25	0.246
419.375	0.2452
419.5	0.2452
419.625	0.246
419.75	0.246
419.875	0.2452
420.0	0.2437
420.125	0.2444
420.25	0.2452
420.375	0.2452
420.5	0.2452
420.625	0.246
420.75	0.2452
420.875	0.2452
421.0	0.2452
421.125	0.2444
421.25	0.2452
421.375	0.2452
421.5	0.2444
421.625	0.2468
421.75	0.246
421.875	0.246
422.0	0.2452
422.125	0.246
422.25	0.2452
422.375	0.2468
422.5	0.2452
422.625	0.246
422.75	0.246
422.875	0.2452
423.0	0.2492
423.125	0.2468
423.25	0.2476
423.375	0.25
423.5	0.2492
423.625	0.2507
423.75	0.2492
423.875	0.2492
424.0	0.25
424.125	0.25
424.25	0.2507
424.375	0.2523
424.5	0.2523
424.625	0.2523
424.75	0.2547
424.875	0.2547
425.0	0.2547
425.125	0.2539
425.25	0.2547
425.375	0.2531
425.5	0.2515
425.625	0.2539
425.75	0.2539
425.875	0.2523
426.0	0.25
426.125	0.25
426.25	0.2492
426.375	0.2468
426.5	0.2484
426.625	0.2468
426.75	0.2452
426.875	0.2452
427.0	0.2452
427.125	0.2476
427.25	0.2452
427.375	0.2452
427.5	0.2452
427.625	0.2452
427.75	0.246
427.875	0.2468
428.0	0.246
428.125	0.2452
428.25	0.2444
428.375	0.246
428.5	0.2452
428.625	0.246
428.75	0.2452
428.875	0.2452
429.0	0.2452
429.125	0.2452
429.25	0.2452
429.375	0.2452
429.5	0.2468
429.625	0.2452
429.75	0.2452
429.875	0.2452
430.0	0.2452
430.125	0.2452
430.25	0.2468
430.375	0.2452
430.5	0.2452
430.625	0.2452
430.75	0.2452
430.875	0.246
431.0	0.246
431.125	0.2452
431.25	0.2452
431.375	0.2452
431.5	0.2476
431.625	0.2452
431.75	0.2476
431.875	0.2492
432.0	0.2476
432.125	0.2468
432.25	0.2476
432.375	0.2476
432.5	0.25
432.625	0.2476
432.75	0.25
432.875	0.25
433.0	0.2484
433.125	0.25
433.25	0.25
433.375	0.2484
433.5	0.2492
433.625	0.2476
433.75	0.25
433.875	0.25
434.0	0.25
434.125	0.2492
434.25	0.2468
434.375	0.2476
434.5	0.2437
434.625	0.246
434.75	0.2444
434.875	0.2437
435.0	0.2452
435.125	0.2421
435.25	0.2437
435.375	0.2437
435.5	0.2452
435.625	0.2421
435.75	0.2444
435.875	0.2421
436.0	0.2429
436.125	0.2452
436.25	0.2413
436.375	0.2452
436.5	0.2444
436.625	0.2437
436.75	0.2429
436.875	0.2413
437.0	0.2444
437.125	0.2437
437.25	0.2452
437.375	0.2437
437.5	0.2413
437.625	0.2444
437.75	0.2437
437.875	0.2429
438.0	0.2437
438.125	0.2437
438.25	0.2429
438.375	0.2429
438.5	0.2444
438.625	0.2452
438.75	0.2452
438.875	0.2444
439.0	0.2437
439.125	0.2452
439.25	0.2452
439.375	0.2437
439.5	0.2452
439.625	0.2452
439.75	0.2437
439.875	0.2452
440.0	0.2452
440.125	0.2476
440.25	0.2468
440.375	0.2452
440.5	0.246
440.625	0.2468
440.75	0.2476
440.875	0.246
441.0	0.2476
441.125	0.246
441.25	0.2452
441.375	0.246
441.5	0.2452
441.625	0.246
441.75	0.246
441.875	0.2452
442.0	0.246
442.125	0.2452
442.25	0.2452
442.375	0.2452
442.5	0.2444
442.625	0.2452
442.75	0.2452
442.875	0.2452
443.0	0.2437
443.125	0.2444
443.25	0.2421
443.375	0.2452
443.5	0.2421
443.625	0.2437
443.75	0.2452
443.875	0.2405
444.0	0.2421
444.125	0.2413
444.25	0.2421
444.375	0.2405
444.5	0.2413
444.625	0.2413
444.75	0.2413
444.875	0.2405
445.0	0.2405
445.125	0.2413
445.25	0.2429
445.375	0.2429
445.5	0.2413
445.625	0.2421
445.75	0.2405
445.875	0.2413
446.0	0.2405
446.125	0.2429
446.25	0.2429
446.375	0.2421
446.5	0.2413
446.625	0.2444
446.75	0.2405
446.875	0.2437
447.0	0.2452
447.125	0.2429
447.25	0.2444
447.375	0.2444
447.5	0.2437
447.625	0.2444
447.75	0.2444
447.875	0.2444
448.0	0.2452
448.125	0.2444
448.25	0.2444
448.375	0.2444
448.5	0.2437
448.625	0.2452
448.75	0.2452
448.875	0.2452
449.0	0.2444
449.125	0.2429
449.25	0.2437
449.375	0.2444
449.5	0.2413
449.625	0.2413
449.75	0.2444
449.875	0.2429
450.0	0.2429
450.125	0.2405
450.25	0.2429
450.375	0.2405
450.5	0.2413
450.625	0.2405
450.75	0.2421
450.875	0.2429
451.0	0.2405
451.125	0.2405
451.25	0.2413
451.375	0.2413
451.5	0.2413
451.625	0.2405
451.75	0.2444
451.875	0.2421
452.0	0.2444
452.125	0.2405
452.25	0.2429
452.375	0.2405
452.5	0.2413
452.625	0.2413
452.75	0.2429
452.875	0.2413
453.0	0.2444
453.125	0.2421
453.25	0.2405
453.375	0.2413
453.5	0.2444
453.625	0.2405
453.75	0.2421
453.875	0.2405
454.0	0.2429
454.125	0.2444
454.25	0.2413
454.375	0.2452
454.5	0.2429
454.625	0.2429
454.75	0.2444
454.875	0.2444
455.0	0.2444
455.125	0.2452
455.25	0.2429
455.375	0.2413
455.5	0.2405
455.625	0.2452
455.75	0.2452
455.875	0.2437
456.0	0.2437
456.125	0.2444
456.25	0.2452
456.375	0.2444
456.5	0.2452
456.625	0.2444
456.75	0.2444
456.875	0.2468
457.0	0.2452
457.125	0.2452
457.25	0.2429
457.375	0.2437
457.5	0.2452
457.625	0.2437
457.75	0.2444
457.875	0.2452
458.0	0.2452
458.125	0.2437
458.25	0.2452
458.375	0.2452
458.5	0.2452
458.625	0.2452
458.75	0.2452
458.875	0.2437
459.0	0.2452
459.125	0.2429
459.25	0.2421
459.375	0.2429
459.5	0.2437
459.625	0.2437
459.75	0.2421
459.875	0.2429
460.0	0.2413
460.125	0.2413
460.25	0.2437
460.375	0.2444
460.5	0.2429
460.625	0.2421
460.75	0.2452
460.875	0.2413
461.0	0.2437
461.125	0.2437
461.25	0.2437
461.375	0.2429
461.5	0.2437
461.625	0.2437
461.75	0.2444
461.875	0.2452
462.0	0.2452
462.125	0.2429
462.25	0.2437
462.375	0.2452
462.5	0.2452
462.625	0.2452
462.75	0.2421
462.875	0.2444
463.0	0.2429
463.125	0.2444
463.25	0.2444
463.375	0.2444
463.5	0.2429
463.625	0.2444
463.75	0.2421
463.875	0.2444
464.0	0.2444
464.125	0.2444
464.25	0.2444
464.375	0.2437
464.5	0.2429
464.625	0.2429
464.75	0.2444
464.875	0.2444
465.0	0.2444
465.125	0.2429
465.25	0.2452
465.375	0.2452
465.5	0.2437
465.625	0.2452
465.75	0.2452
465.875	0.2452
466.0	0.2444
466.125	0.246
466.25	0.2452
466.375	0.2429
466.5	0.2452
466.625	0.2444
466.75	0.2437
466.875	0.2452
467.0	0.2444
467.125	0.2444
467.25	0.2452
467.375	0.2444
467.5	0.2452
467.625	0.2452
467.75	0.2452
467.875	0.2452
468.0	0.2444
468.125	0.2444
468.25	0.2452
468.375	0.2444
468.5	0.2437
468.625	0.2421
468.75	0.2413
468.875	0.2405
469.0	0.2421
469.125	0.2405
469.25	0.2421
469.375	0.2429
469.5	0.2405
469.625	0.2405
469.75	0.2429
469.875	0.2413
470.0	0.2429
470.125	0.2405
470.25	0.2405
470.375	0.2413
470.5	0.2405
470.625	0.2429
470.75	0.2413
470.875	0.2405
471.0	0.2429
471.125	0.2429
471.25	0.2405
471.375	0.2421
471.5	0.2413
471.625	0.2405
471.75	0.2405
471.875	0.2437
472.0	0.2413
472.125	0.2413
472.25	0.2421
472.375	0.2413
472.5	0.2421
472.625	0.2429
472.75	0.2429
472.875	0.2429
473.0	0.2437
473.125	0.2429
473.25	0.2444
473.375	0.2444
473.5	0.2405
473.625	0.2444
473.75	0.2429
473.875	0.2421
474.0	0.2444
474.125	0.2421
474.25	0.2405
474.375	0.2421
474.5	0.2437
474.625	0.2413
474.75	0.2413
474.875	0.2421
475.0	0.2405
475.125	0.2413
475.25	0.2421
475.375	0.2437
475.5	0.2421
475.625	0.2405
475.75	0.2413
475.875	0.2405
476.0	0.2405
476.125	0.2429
476.25	0.2429
476.375	0.2405
476.5	0.2405
476.625	0.2405
476.75	0.2413
476.875	0.2413
477.0	0.2421
477.125	0.2429
477.25	0.2421
477.375	0.2405
477.5	0.2421
477.625	0.2413
477.75	0.2405
477.875	0.2413
478.0	0.2413
478.125	0.2437
478.25	0.2444
478.375	0.2421
478.5	0.2405
478.625	0.2437
478.75	0.2405
478.875	0.2444
479.0	0.2444
479.125	0.2421
479.25	0.2437
479.375	0.2444
479.5	0.2429
479.625	0.2437
479.75	0.2421
479.875	0.2437
480.0	0.2452
480.125	0.2413
480.25	0.2437
480.375	0.2413
480.5	0.2421
480.625	0.2444
480.75	0.2452
480.875	0.2429
481.0	0.2405
481.125	0.2452
481.25	0.2421
481.375	0.2452
481.5	0.2413
481.625	0.2444
481.75	0.2444
481.875	0.2444
482.0	0.2437
482.125	0.2429
482.25	0.2405
482.375	0.2437
482.5	0.2437
482.625	0.2444
482.75	0.2437
482.875	0.2429
483.0	0.2429
483.125	0.2444
483.25	0.2437
483.375	0.2429
483.5	0.2452
483.625	0.2444
483.75	0.2437
483.875	0.2444
484.0	0.2405
484.125	0.2444
484.25	0.2444
484.375	0.2444
484.5	0.2413
484.625	0.2437
484.75	0.2413
484.875	0.2421
485.0	0.2444
485.125	0.2429
485.25	0.2421
485.375	0.2444
485.5	0.2444
485.625	0.2413
485.75	0.2421
485.875	0.2437
486.0	0.2429
486.125	0.2429
486.25	0.2444
486.375	0.2437
486.5	0.2421
486.625	0.2452
486.75	0.2444
486.875	0.2421
487.0	0.2452
487.125	0.2444
487.25	0.2437
487.375	0.2437
487.5	0.2421
487.625	0.2429
487.75	0.2421
487.875	0.2437
488.0	0.2429
488.125	0.2444
488.25	0.2452
488.375	0.2444
488.5	0.2452
488.625	0.2452
488.75	0.2452
488.875	0.2437
489.0	0.2444
489.125	0.2437
489.25	0.2452
489.375	0.2444
489.5	0.2444
489.625	0.2437
489.75	0.2452
489.875	0.2437
490.0	0.2437
490.125	0.2452
490.25	0.246
490.375	0.2444
490.5	0.2452
490.625	0.2452
490.75	0.2444
490.875	0.2452
491.0	0.2452
491.125	0.2468
491.25	0.2452
491.375	0.246
491.5	0.2452
491.625	0.2452
491.75	0.2452
491.875	0.2452
492.0	0.2444
492.125	0.2452
492.25	0.2452
492.375	0.2452
492.5	0.2444
492.625	0.2452
492.75	0.2452
492.875	0.2429
493.0	0.2429
493.125	0.2452
493.25	0.2437
493.375	0.2452
493.5	0.2452
493.625	0.2452
493.75	0.2452
493.875	0.2437
494.0	0.2437
494.125	0.2452
494.25	0.2444
494.375	0.2452
494.5	0.2421
494.625	0.2452
494.75	0.2452
494.875	0.2452
495.0	0.2429
495.125	0.2429
495.25	0.2452
495.375	0.2437
495.5	0.2437
495.625	0.2437
495.75	0.2444
495.875	0.2405
496.0	0.2437
496.125	0.2444
496.25	0.2437
496.375	0.2452
496.5	0.2437
496.625	0.2437
496.75	0.2444
496.875	0.2437
497.0	0.2421
497.125	0.2437
497.25	0.2429
497.375	0.2429
497.5	0.2437
497.625	0.2437
497.75	0.2429
497.875	0.2421
498.0	0.2429
498.125	0.2413
498.25	0.2437
498.375	0.2429
498.5	0.2429
498.625	0.2413
498.75	0.2405
498.875	0.2437
499.0	0.2429
499.125	0.2413
499.25	0.2413
499.375	0.2437
499.5	0.2413
499.625	0.2429
499.75	0.2452
499.875	0.2413
500.0	0.2405
500.125	0.2437
500.25	0.2444
500.375	0.2405
500.5	0.2421
500.625	0.2421
500.75	0.2421
500.875	0.2405
501.0	0.2421
501.125	0.2413
501.25	0.2405
501.375	0.2429
501.5	0.2437
501.625	0.2405
501.75	0.2413
501.875	0.2405
502.0	0.2421
502.125	0.2421
502.25	0.2429
502.375	0.2429
502.5	0.2429
502.625	0.2413
502.75	0.2413
502.875	0.2413
503.0	0.2437
503.125	0.2413
503.25	0.2437
503.375	0.2421
503.5	0.2405
503.625	0.2421
503.75	0.2405
503.875	0.2421
504.0	0.2413
504.125	0.2421
504.25	0.2405
504.375	0.2405
504.5	0.2452
504.625	0.2437
504.75	0.2405
504.875	0.2405
505.0	0.2405
505.125	0.2421
505.25	0.2437
505.375	0.2413
505.5	0.2437
505.625	0.2437
505.75	0.2444
505.875	0.2421
506.0	0.2413
506.125	0.2413
506.25	0.2444
506.375	0.2444
506.5	0.2452
506.625	0.2405
506.75	0.2444
506.875	0.2413
507.0	0.2437
507.125	0.2405
507.25	0.2413
507.375	0.2444
507.5	0.2421
507.625	0.2421
507.75	0.2413
507.875	0.2405
508.0	0.2421
508.125	0.2437
508.25	0.2421
508.375	0.2413
508.5	0.2429
508.625	0.2413
508.75	0.2405
508.875	0.2421
509.0	0.2437
509.125	0.2421
509.25	0.2405
509.375	0.2405
509.5	0.2444
509.625	0.2437
509.75	0.2405
509.875	0.2413
510.0	0.2405
510.125	0.2421
510.25	0.2421
510.375	0.2421
510.5	0.2437
510.625	0.2444
510.75	0.2452
510.875	0.2452
511.0	0.2405
511.125	0.2437
511.25	0.2444
511.375	0.2421
511.5	0.2444
511.625	0.2452
511.75	0.2429
511.875	0.2405
512.0	0.2429
512.125	0.2429
512.25	0.2429
512.375	0.2437
512.5	0.2405
512.625	0.2444
512.75	0.2421
512.875	0.2444
513.0	0.2429
513.125	0.2437
513.25	0.2405
513.375	0.2452
513.5	0.2429
513.625	0.2421
513.75	0.2405
513.875	0.2421
514.0	0.2437
514.125	0.2421
514.25	0.2437
514.375	0.2452
514.5	0.2421
514.625	0.2405
514.75	0.2405
514.875	0.2421
515.0	0.2413
515.125	0.2405
515.25	0.2405
515.375	0.2405
515.5	0.2397
515.625	0.2405
515.75	0.2405
515.875	0.2405
516.0	0.2405
516.125	0.2405
516.25	0.2405
516.375	0.2374
516.5	0.2405
516.625	0.2405
516.75	0.2405
516.875	0.2405
517.0	0.2405
517.125	0.2405
517.25	0.2413
517.375	0.2405
517.5	0.2405
517.625	0.2405
517.75	0.2389
517.875	0.2397
518.0	0.2397
518.125	0.2389
518.25	0.2382
518.375	0.2397
518.5	0.2382
518.625	0.2397
518.75	0.2389
518.875	0.2405
519.0	0.2389
519.125	0.2389
519.25	0.2382
519.375	0.2389
519.5	0.2358
519.625	0.2389
519.75	0.2358
519.875	0.2358
520.0	0.2358
520.125	0.2358
520.25	0.2311
520.375	0.2319
520.5	0.2303
520.625	0.2272
520.75	0.2264
520.875	0.2264
521.0	0.2248
521.125	0.2256
521.25	0.2248
521.375	0.2216
521.5	0.2224
521.625	0.2224
521.75	0.2216
521.875	0.2216
522.0	0.2224
522.125	0.2216
522.25	0.2216
522.375	0.2216
522.5	0.2216
522.625	0.2216
522.75	0.2216
522.875	0.2216
523.0	0.2216
523.125	0.2224
523.25	0.2216
523.375	0.2216
523.5	0.2216
523.625	0.2216
523.75	0.2216
523.875	0.224
524.0	0.2256
524.125	0.2264
524.25	0.2264
524.375	0.2295
524.5	0.2303
524.625	0.2342
524.75	0.2358
524.875	0.2358
525.0	0.2382
525.125	0.2374
525.25	0.2405
525.375	0.2389
525.5	0.2405
525.625	0.2421
525.75	0.2405
525.875	0.2405
526.0	0.2405
526.125	0.2429
526.25	0.2452
526.375	0.2421
526.5	0.2405
526.625	0.2437
526.75	0.2421
526.875	0.2429
527.0	0.2429
527.125	0.2444
527.25	0.2437
527.375	0.2444
527.5	0.2444
527.625	0.2429
527.75	0.2429
527.875	0.2444
528.0	0.2429
528.125	0.2444
528.25	0.2429
528.375	0.2444
528.5	0.2437
528.625	0.2452
528.75	0.2452
528.875	0.2429
529.0	0.2452
529.125	0.2444
529.25	0.2444
529.375	0.2437
529.5	0.2444
529.625	0.2444
529.75	0.2452
529.875	0.2452
530.0	0.2444
530.125	0.2429
530.25	0.2444
530.375	0.2444
530.5	0.2452
530.625	0.2437
530.75	0.2452
530.875	0.246
531.0	0.2452
531.125	0.2444
531.25	0.2444
531.375	0.2452
531.5	0.2452
531.625	0.2452
531.75	0.2444
531.875	0.2444
532.0	0.246
532.125	0.2452
532.25	0.2452
532.375	0.2452
532.5	0.2452
532.625	0.2468
532.75	0.2452
532.875	0.2452
533.0	0.2452
533.125	0.2452
533.25	0.246
533.375	0.2452
533.5	0.246
533.625	0.246
533.75	0.2452
533.875	0.2452
534.0	0.2444
534.125	0.2452
534.25	0.2452
534.375	0.2452
534.5	0.2452
534.625	0.2444
534.75	0.2437
534.875	0.2452
535.0	0.2452
535.125	0.2452
535.25	0.2452
535.375	0.246
535.5	0.2452
535.625	0.2452
535.75	0.2452
535.875	0.2452
536.0	0.2452
536.125	0.246
536.25	0.2452
536.375	0.2452
536.5	0.2437
536.625	0.2452
536.75	0.2452
536.875	0.2429
537.0	0.2429
537.125	0.2452
537.25	0.2452
537.375	0.246
537.5	0.2429
537.625	0.2437
537.75	0.2452
537.875	0.2452
538.0	0.2452
538.125	0.2452
538.25	0.2437
538.375	0.2437
538.5	0.2444
538.625	0.2452
538.75	0.2452
538.875	0.2452
539.0	0.2437
539.125	0.2452
539.25	0.2452
539.375	0.2444
539.5	0.246
539.625	0.2452
539.75	0.2452
539.875	0.2452
540.0	0.2437
540.125	0.2452
540.25	0.2452
540.375	0.246
540.5	0.2452
540.625	0.2452
540.75	0.246
540.875	0.2452
541.0	0.2476
541.125	0.2452
541.25	0.2452
541.375	0.246
541.5	0.2452
541.625	0.2452
541.75	0.2452
541.875	0.2452
542.0	0.246
542.125	0.2452
542.25	0.2468
542.375	0.246
542.5	0.246
542.625	0.2468
542.75	0.246
542.875	0.2476
543.0	0.246
543.125	0.2452
543.25	0.2468
543.375	0.2452
543.5	0.2452
543.625	0.246
543.75	0.246
543.875	0.246
544.0	0.2452
544.125	0.2452
544.25	0.2452
544.375	0.2452
544.5	0.2452
544.625	0.2444
544.75	0.2452
544.875	0.2452
545.0	0.246
545.125	0.246
545.25	0.2444
545.375	0.2452
545.5	0.2476
545.625	0.2452
545.75	0.246
545.875	0.2452
546.0	0.246
546.125	0.2452
546.25	0.2452
546.375	0.2452
546.5	0.2452
546.625	0.246
546.75	0.246
546.875	0.2476
547.0	0.2468
547.125	0.246
547.25	0.2476
547.375	0.246
547.5	0.2452
547.625	0.2484
547.75	0.246
547.875	0.2468
548.0	0.2468
548.125	0.246
548.25	0.2468
548.375	0.2468
548.5	0.2452
548.625	0.2476
548.75	0.2468
548.875	0.2476
549.0	0.2492
549.125	0.2468
549.25	0.2492
549.375	0.25
549.5	0.2476
549.625	0.2468
549.75	0.2484
549.875	0.25
550.0	0.2484
550.125	0.2484
550.25	0.25
550.375	0.2452
550.5	0.246
550.625	0.2484
550.75	0.246
550.875	0.2484
551.0	0.2468
551.125	0.2476
551.25	0.2476
551.375	0.2484
551.5	0.2468
551.625	0.2468
551.75	0.2476
551.875	0.2468
552.0	0.2452
552.125	0.2476
552.25	0.246
552.375	0.2476
552.5	0.2468
552.625	0.246
552.75	0.2468
552.875	0.2476
553.0	0.2468
553.125	0.2484
553.25	0.2468
553.375	0.246
553.5	0.2476
553.625	0.2492
553.75	0.2484
553.875	0.2492
554.0	0.25
554.125	0.2484
554.25	0.2492
554.375	0.2484
554.5	0.2484
554.625	0.25
554.75	0.25
554.875	0.25
555.0	0.25
555.125	0.25
555.25	0.2468
555.375	0.25
555.5	0.25
555.625	0.2484
555.75	0.25
555.875	0.25
556.0	0.25
556.125	0.2492
556.25	0.2492
556.375	0.25
556.5	0.2484
556.625	0.2484
556.75	0.25
556.875	0.25
557.0	0.2492
557.125	0.2476
557.25	0.246
557.375	0.2452
557.5	0.246
557.625	0.2484
557.75	0.2476
557.875	0.2452
558.0	0.2468
558.125	0.2476
558.25	0.2468
558.375	0.246
558.5	0.2452
558.625	0.2468
558.75	0.2468
558.875	0.2468
559.0	0.2484
559.125	0.2476
559.25	0.2484
559.375	0.2484
559.5	0.246
559.625	0.2476
559.75	0.2468
559.875	0.2468
560.0	0.2476
560.125	0.2476
560.25	0.2452
560.375	0.2484
560.5	0.2468
560.625	0.2476
560.75	0.2476
560.875	0.246
561.0	0.2484
561.125	0.2452
561.25	0.2452
561.375	0.2468
561.5	0.2452
561.625	0.2452
561.75	0.2452
561.875	0.246
562.0	0.2452
562.125	0.2452
562.25	0.2452
562.375	0.2468
562.5	0.2468
562.625	0.246
562.75	0.246
562.875	0.2452
563.0	0.2452
563.125	0.246
563.25	0.246
563.375	0.2452
563.5	0.2492
563.625	0.2492
563.75	0.2476
563.875	0.2484
564.0	0.2468
564.125	0.2484
564.25	0.2468
564.375	0.2468
564.5	0.2484
564.625	0.25
564.75	0.25
564.875	0.25
565.0	0.25
565.125	0.2492
565.25	0.25
565.375	0.25
565.5	0.2507
565.625	0.25
565.75	0.2515
565.875	0.2507
566.0	0.2539
566.125	0.2547
566.25	0.2531
566.375	0.2515
566.5	0.2507
566.625	0.2515
566.75	0.2515
566.875	0.2515
567.0	0.2539
567.125	0.2507
567.25	0.25
567.375	0.2515
567.5	0.2507
567.625	0.25
567.75	0.2507
567.875	0.2507
568.0	0.25
568.125	0.25
568.25	0.25
568.375	0.25
568.5	0.2515
568.625	0.25
568.75	0.25
568.875	0.25
569.0	0.25
569.125	0.2492
569.25	0.25
569.375	0.2484
569.5	0.2484
569.625	0.2484
569.75	0.2492
569.875	0.25
570.0	0.246
570.125	0.25
570.25	0.25
570.375	0.25
570.5	0.25
570.625	0.25
570.75	0.25
570.875	0.25
571.0	0.25
571.125	0.25
571.25	0.25
571.375	0.25
571.5	0.25
571.625	0.25
571.75	0.2492
571.875	0.25
572.0	0.25
572.125	0.2492
572.25	0.2476
572.375	0.2476
572.5	0.246
572.625	0.2468
572.75	0.2484
572.875	0.246
573.0	0.246
573.125	0.2452
573.25	0.246
573.375	0.2444
573.5	0.2452
573.625	0.2452
573.75	0.2452
573.875	0.2429
574.0	0.2452
574.125	0.2452
574.25	0.2452
574.375	0.2452
574.5	0.2444
574.625	0.2452
574.75	0.2452
574.875	0.246
575.0	0.2452
575.125	0.2452
575.25	0.2452
575.375	0.2468
575.5	0.2468
575.625	0.2452
575.75	0.246
575.875	0.2468
576.0	0.2484
576.125	0.2452
576.25	0.2452
576.375	0.2468
576.5	0.2468
576.625	0.2476
576.75	0.2484
576.875	0.2476
577.0	0.2452
577.125	0.2452
577.25	0.2476
577.375	0.2468
577.5	0.246
577.625	0.246
577.75	0.2476
577.875	0.2468
578.0	0.2452
578.125	0.2468
578.25	0.2476
578.375	0.2476
578.5	0.2468
578.625	0.25
578.75	0.2452
578.875	0.2476
579.0	0.2476
579.125	0.246
579.25	0.2468
579.375	0.2476
579.5	0.2476
579.625	0.2492
579.75	0.2484
579.875	0.2476
580.0	0.2476
580.125	0.2492
580.25	0.2484
580.375	0.25
580.5	0.25
580.625	0.25
580.75	0.25
580.875	0.2507
581.0	0.25
581.125	0.25
581.25	0.25
581.375	0.25
581.5	0.25
581.625	0.25
581.75	0.2507
581.875	0.2507
582.0	0.25
582.125	0.25
582.25	0.25
582.375	0.25
582.5	0.25
582.625	0.25
582.75	0.2515
582.875	0.25
583.0	0.25
583.125	0.25
583.25	0.25
583.375	0.2515
583.5	0.2507
583.625	0.25
583.75	0.25
583.875	0.25
584.0	0.25
584.125	0.25
584.25	0.25
584.375	0.25
584.5	0.2507
584.625	0.25
584.75	0.25
584.875	0.25
585.0	0.25
585.125	0.25
585.25	0.25
585.375	0.2492
585.5	0.25
585.625	0.25
585.75	0.25
585.875	0.2468
586.0	0.25
586.125	0.25
586.25	0.2492
586.375	0.25
586.5	0.2492
586.625	0.25
586.75	0.2484
586.875	0.2484
587.0	0.2476
587.125	0.2492
587.25	0.2476
587.375	0.25
587.5	0.2492
587.625	0.25
587.75	0.2492
587.875	0.25
588.0	0.25
588.125	0.2492
588.25	0.2492
588.375	0.2476
588.5	0.2492
588.625	0.2492
588.75	0.2484
588.875	0.2492
589.0	0.2492
589.125	0.2476
589.25	0.2468
589.375	0.2452
589.5	0.2476
589.625	0.2484
589.75	0.2476
589.875	0.2476
590.0	0.2484
590.125	0.2492
590.25	0.246
590.375	0.2484
590.5	0.2468
590.625	0.2492
590.75	0.2452
590.875	0.246
591.0	0.246
591.125	0.2476
591.25	0.2468
591.375	0.2468
591.5	0.2468
591.625	0.2452
591.75	0.2452
591.875	0.2468
592.0	0.2452
592.125	0.2452
592.25	0.246
592.375	0.2452
592.5	0.2468
592.625	0.246
592.75	0.2452
592.875	0.2452
593.0	0.2452
593.125	0.2452
593.25	0.246
593.375	0.2452
593.5	0.2452
593.625	0.2468
593.75	0.2452
593.875	0.2452
594.0	0.246
594.125	0.246
594.25	0.2452
594.375	0.246
594.5	0.2452
594.625	0.2452
594.75	0.2468
594.875	0.2468
595.0	0.2484
595.125	0.25
595.25	0.2492
595.375	0.2468
595.5	0.2476
595.625	0.2492
595.75	0.25
595.875	0.25
596.0	0.2507
596.125	0.25
596.25	0.25
596.375	0.25
596.5	0.25
596.625	0.2523
596.75	0.25
596.875	0.25
597.0	0.2523
597.125	0.2547
597.25	0.2531
597.375	0.2547
597.5	0.2507
597.625	0.2547
597.75	0.2531
597.875	0.2531
598.0	0.2547
598.125	0.2547
598.25	0.2547
598.375	0.2547
598.5	0.2547
598.625	0.2562
598.75	0.2562
598.875	0.2594
599.0	0.2594
599.125	0.2594
599.25	0.2594
599.375	0.2594
599.5	0.2594
599.625	0.2586
599.75	0.2578
599.875	0.2578
600.0	0.2562
600.125	0.2547
600.25	0.2547
600.375	0.2547
600.5	0.2523
600.625	0.2539
600.75	0.2531
600.875	0.2547
601.0	0.2547
601.125	0.2539
601.25	0.2547
601.375	0.2555
601.5	0.2594
601.625	0.2586
601.75	0.2594
601.875	0.2633
602.0	0.2641
602.125	0.2672
602.25	0.2696
602.375	0.2735
602.5	0.2735
602.625	0.2775
602.75	0.2759
602.875	0.2783
603.0	0.2798
603.125	0.2783
603.25	0.2783
603.375	0.2775
603.5	0.2735
603.625	0.2735
603.75	0.2712
603.875	0.2696
604.0	0.2696
604.125	0.2657
604.25	0.2633
604.375	0.2594
604.5	0.257
604.625	0.2586
604.75	0.2555
604.875	0.2555
605.0	0.257
605.125	0.2578
605.25	0.2617
605.375	0.2602
605.5	0.2625
605.625	0.2657
605.75	0.2665
605.875	0.2688
606.0	0.2712
606.125	0.2735
606.25	0.2759
606.375	0.2783
606.5	0.2814
606.625	0.283
606.75	0.2908
606.875	0.2932
607.0	0.2987
607.125	0.3026
607.25	0.3066
607.375	0.3073
607.5	0.3066
607.625	0.3066
607.75	0.3066
607.875	0.3066
608.0	0.3034
608.125	0.3011
608.25	0.2971
608.375	0.2924
608.5	0.2861
608.625	0.279
608.75	0.272
608.875	0.2657
609.0	0.2617
609.125	0.2562
609.25	0.2531
609.375	0.25
609.5	0.2476
609.625	0.2476
609.75	0.246
609.875	0.2452
610.0	0.246
610.125	0.2452
610.25	0.2452
610.375	0.2452
610.5	0.2452
610.625	0.2444
610.75	0.2452
610.875	0.2444
611.0	0.2452
611.125	0.2452
611.25	0.2452
611.375	0.2452
611.5	0.2452
611.625	0.246
611.75	0.2452
611.875	0.2452
612.0	0.2452
612.125	0.2452
612.25	0.2452
612.375	0.2452
612.5	0.2484
612.625	0.2452
612.75	0.2452
612.875	0.2468
613.0	0.2468
613.125	0.2452
613.25	0.246
613.375	0.2452
613.5	0.2468
613.625	0.246
613.75	0.2452
613.875	0.2452
614.0	0.2452
614.125	0.2452
614.25	0.2452
614.375	0.2468
614.5	0.2452
614.625	0.2468
614.75	0.2452
614.875	0.2476
615.0	0.2468
615.125	0.2468
615.25	0.246
615.375	0.2452
615.5	0.2468
615.625	0.246
615.75	0.2452
615.875	0.2452
616.0	0.2452
616.125	0.2452
616.25	0.2452
616.375	0.2452
616.5	0.246
616.625	0.2452
616.75	0.2452
616.875	0.2452
617.0	0.246
617.125	0.2452
617.25	0.2452
617.375	0.2452
617.5	0.2468
617.625	0.2452
617.75	0.2468
617.875	0.2452
618.0	0.2452
618.125	0.2452
618.25	0.2452
618.375	0.2468
618.5	0.2468
618.625	0.246
618.75	0.2452
618.875	0.2452
619.0	0.2452
619.125	0.2452
619.25	0.246
619.375	0.2468
619.5	0.2452
619.625	0.2452
619.75	0.246
619.875	0.2452
620.0	0.2452
620.125	0.2452
620.25	0.246
620.375	0.246
620.5	0.246
620.625	0.2452
620.75	0.2452
620.875	0.246
621.0	0.2468
621.125	0.246
621.25	0.2452
621.375	0.246
621.5	0.2452
621.625	0.246
621.75	0.2452
621.875	0.2476
622.0	0.2452
622.125	0.2476
622.25	0.2452
622.375	0.2484
622.5	0.2468
622.625	0.2476
622.75	0.246
622.875	0.2476
623.0	0.2468
623.125	0.2468
623.25	0.2476
623.375	0.25
623.5	0.2492
623.625	0.2468
623.75	0.2484
623.875	0.2484
624.0	0.25
624.125	0.2476
624.25	0.2492
624.375	0.2476
624.5	0.25
624.625	0.25
624.75	0.25
624.875	0.25
625.0	0.25
625.125	0.25
625.25	0.25
625.375	0.2507
625.5	0.25
625.625	0.25
625.75	0.2523
625.875	0.2515
626.0	0.2547
626.125	0.2539
626.25	0.2547
626.375	0.2555
626.5	0.2539
626.625	0.2547
626.75	0.2555
626.875	0.2547
627.0	0.2547
627.125	0.2547
627.25	0.2562
627.375	0.2547
627.5	0.2555
627.625	0.2547
627.75	0.2586
627.875	0.257
628.0	0.257
628.125	0.2586
628.25	0.2594
628.375	0.2586
628.5	0.2594
628.625	0.2594
628.75	0.261
628.875	0.261
629.0	0.2625
629.125	0.2633
629.25	0.2625
629.375	0.2633
629.5	0.2617
629.625	0.261
629.75	0.2625
629.875	0.2617
630.0	0.2594
630.125	0.2625
630.25	0.2594
630.375	0.2594
630.5	0.2594
630.625	0.2586
630.75	0.2586
630.875	0.2547
631.0	0.2547
631.125	0.2547
631.25	0.2562
631.375	0.2562
631.5	0.2547
631.625	0.2555
631.75	0.2547
631.875	0.2555
632.0	0.2547
632.125	0.2586
632.25	0.2594
632.375	0.2594
632.5	0.2594
632.625	0.2594
632.75	0.2594
632.875	0.2586
633.0	0.2594
633.125	0.2578
633.25	0.2594
633.375	0.257
633.5	0.2555
633.625	0.2555
633.75	0.2547
633.875	0.2547
634.0	0.2547
634.125	0.2507
634.25	0.2515
634.375	0.25
634.5	0.25
634.625	0.25
634.75	0.25
634.875	0.25
635.0	0.2476
635.125	0.2484
635.25	0.25
635.375	0.2476
635.5	0.2492
635.625	0.2507
635.75	0.2492
635.875	0.2492
636.0	0.25
636.125	0.25
636.25	0.25
636.375	0.2492
636.5	0.2492
636.625	0.25
636.75	0.25
636.875	0.2492
637.0	0.25
637.125	0.25
637.25	0.25
637.375	0.25
637.5	0.25
637.625	0.25
637.75	0.2492
637.875	0.2484
638.0	0.25
638.125	0.25
638.25	0.25
638.375	0.25
638.5	0.2492
638.625	0.2476
638.75	0.246
638.875	0.2476
639.0	0.246
639.125	0.2452
639.25	0.246
639.375	0.2452
639.5	0.2452
639.625	0.2452
639.75	0.2452
639.875	0.2452
640.0	0.2452
640.125	0.2452
640.25	0.2468
640.375	0.246
640.5	0.246
640.625	0.2452
640.75	0.2476
640.875	0.2452
641.0	0.246
641.125	0.2452
641.25	0.2452
641.375	0.2476
641.5	0.246
641.625	0.2468
641.75	0.246
641.875	0.246
642.0	0.2468
642.125	0.2468
642.25	0.2484
642.375	0.2492
642.5	0.2484
642.625	0.25
642.75	0.2492
642.875	0.25
643.0	0.25
643.125	0.25
643.25	0.25
643.375	0.2507
643.5	0.25
643.625	0.25
643.75	0.25
643.875	0.2492
644.0	0.2492
644.125	0.2492
644.25	0.2492
644.375	0.25
644.5	0.25
644.625	0.25
644.75	0.25
644.875	0.25
645.0	0.25
645.125	0.25
645.25	0.25
645.375	0.25
645.5	0.25
645.625	0.2531
645.75	0.2547
645.875	0.2547
646.0	0.2547
646.125	0.2547
646.25	0.2547
646.375	0.2547
646.5	0.257
646.625	0.2594
646.75	0.2617
646.875	0.2625
647.0	0.2633
647.125	0.2641
647.25	0.2672
647.375	0.268
647.5	0.2727
647.625	0.2735
647.75	0.2743
647.875	0.2783
648.0	0.2798
648.125	0.283
648.25	0.2853
648.375	0.2885
648.5	0.2924
648.625	0.2971
648.75	0.2979
648.875	0.3026
649.0	0.3066
649.125	0.3121
649.25	0.3207
649.375	0.3262
649.5	0.3364
649.625	0.3443
649.75	0.3498
649.875	0.3537
650.0	0.3577
650.125	0.3553
650.25	0.3537
650.375	0.3529
650.5	0.3506
650.625	0.3459
650.75	0.3404
650.875	0.3349
651.0	0.3262
651.125	0.3152
651.25	0.305
651.375	0.2908
651.5	0.2783
651.625	0.2712
651.75	0.2641
651.875	0.2555
652.0	0.2539
652.125	0.25
652.25	0.2484
652.375	0.246
652.5	0.2452
652.625	0.2452
652.75	0.2452
652.875	0.2452
653.0	0.2452
653.125	0.2437
653.25	0.2452
653.375	0.2452
653.5	0.2452
653.625	0.2444
653.75	0.2452
653.875	0.2452
654.0	0.2452
654.125	0.2452
654.25	0.2452
654.375	0.2444
654.5	0.2452
654.625	0.2452
654.75	0.2468
654.875	0.2429
655.0	0.2452
655.125	0.2437
655.25	0.2437
655.375	0.2452
655.5	0.2437
655.625	0.2452
655.75	0.2437
655.875	0.2452
656.0	0.2444
656.125	0.2421
656.25	0.2437
656.375	0.2437
656.5	0.2421
656.625	0.2444
656.75	0.246
656.875	0.2452
657.0	0.2452
657.125	0.2429
657.25	0.2444
657.375	0.2429
657.5	0.2437
657.625	0.2452
657.75	0.2444
657.875	0.2452
658.0	0.2452
658.125	0.246
658.25	0.2437
658.375	0.2452
658.5	0.2452
658.625	0.2452
658.75	0.2444
658.875	0.2452
659.0	0.2452
659.125	0.2452
659.25	0.2452
659.375	0.2444
659.5	0.2444
659.625	0.2452
659.75	0.2452
659.875	0.2452
660.0	0.2429
660.125	0.2452
660.25	0.2452
660.375	0.2452
660.5	0.2468
660.625	0.2452
660.75	0.2452
660.875	0.2444
661.0	0.2437
661.125	0.246
661.25	0.246
661.375	0.246
661.5	0.246
661.625	0.2452
661.75	0.2452
661.875	0.2452
662.0	0.2452
662.125	0.2468
662.25	0.2452
662.375	0.2452
662.5	0.2452
662.625	0.2452
662.75	0.2468
662.875	0.2452
663.0	0.2437
663.125	0.2452
663.25	0.2468
663.375	0.2476
663.5	0.2452
663.625	0.2468
663.75	0.246
663.875	0.2468
664.0	0.2452
664.125	0.2452
664.25	0.2468
664.375	0.2476
664.5	0.2468
664.625	0.2452
664.75	0.2452
664.875	0.2452
665.0	0.2484
665.125	0.2476
665.25	0.25
665.375	0.2492
665.5	0.25
665.625	0.25
665.75	0.25
665.875	0.25
666.0	0.25
666.125	0.25
666.25	0.25
666.375	0.25
666.5	0.2484
666.625	0.25
666.75	0.25
666.875	0.2507
667.0	0.25
667.125	0.25
667.25	0.2476
667.375	0.2492
667.5	0.2484
667.625	0.25
667.75	0.25
667.875	0.25
668.0	0.2492
668.125	0.25
668.25	0.2468
668.375	0.2492
668.5	0.2484
668.625	0.2492
668.75	0.2484
668.875	0.2476
669.0	0.2492
669.125	0.2492
669.25	0.2476
669.375	0.2468
669.5	0.246
669.625	0.2484
669.75	0.246
669.875	0.2468
670.0	0.2484
670.125	0.2452
670.25	0.246
670.375	0.2452
670.5	0.2468
670.625	0.2476
670.75	0.2452
670.875	0.2468
671.0	0.2452
671.125	0.2468
671.25	0.2452
671.375	0.2476
671.5	0.2468
671.625	0.246
671.75	0.246
671.875	0.2492
672.0	0.2484
672.125	0.246
672.25	0.246
672.375	0.246
672.5	0.2468
672.625	0.246
672.75	0.2484
672.875	0.2492
673.0	0.2468
673.125	0.2476
673.25	0.2476
673.375	0.246
673.5	0.25
673.625	0.2484
673.75	0.2468
673.875	0.25
674.0	0.25
674.125	0.2484
674.25	0.25
674.375	0.25
674.5	0.2476
674.625	0.2484
674.75	0.25
674.875	0.2492
675.0	0.2484
675.125	0.2492
675.25	0.25
675.375	0.2507
675.5	0.25
675.625	0.25
675.75	0.2507
675.875	0.25
676.0	0.25
676.125	0.25
676.25	0.25
676.375	0.25
676.5	0.25
676.625	0.25
676.75	0.2492
676.875	0.2484
677.0	0.2452
677.125	0.2452
677.25	0.2452
677.375	0.246
677.5	0.2452
677.625	0.2452
677.75	0.2437
677.875	0.2444
678.0	0.2452
678.125	0.2444
678.25	0.2429
678.375	0.2437
678.5	0.2444
678.625	0.2444
678.75	0.2413
678.875	0.2452
679.0	0.2452
679.125	0.2444
679.25	0.2452
679.375	0.2452
679.5	0.2452
679.625	0.2452
679.75	0.246
679.875	0.2492
680.0	0.25
680.125	0.2476
680.25	0.25
680.375	0.25
680.5	0.25
680.625	0.25
680.75	0.25
680.875	0.2547
681.0	0.2547
681.125	0.2547
681.25	0.2547
681.375	0.2547
681.5	0.2586
681.625	0.2578
681.75	0.2578
681.875	0.2594
682.0	0.261
682.125	0.2641
682.25	0.2641
682.375	0.2672
682.5	0.2712
682.625	0.2735
682.75	0.2735
682.875	0.2759
683.0	0.2751
683.125	0.2775
683.25	0.2743
683.375	0.2743
683.5	0.2735
683.625	0.2727
683.75	0.2712
683.875	0.2688
684.0	0.2657
684.125	0.2625
684.25	0.257
684.375	0.2539
684.5	0.2531
684.625	0.25
684.75	0.25
684.875	0.2452
685.0	0.2468
685.125	0.246
685.25	0.2452
685.375	0.2444
685.5	0.2452
685.625	0.246
685.75	0.2452
685.875	0.246
686.0	0.246
686.125	0.2452
686.25	0.246
686.375	0.2452
686.5	0.2468
686.625	0.2484
686.75	0.25
686.875	0.2492
687.0	0.25
687.125	0.2507
687.25	0.2515
687.375	0.2523
687.5	0.2531
687.625	0.2547
687.75	0.2562
687.875	0.2555
688.0	0.2578
688.125	0.2594
688.25	0.2594
688.375	0.2617
688.5	0.2641
688.625	0.2649
688.75	0.2688
688.875	0.2688
689.0	0.2688
689.125	0.2735
689.25	0.2735
689.375	0.2767
689.5	0.2783
689.625	0.2806
689.75	0.2806
689.875	0.2845
690.0	0.2877
690.125	0.2924
690.25	0.2987
690.375	0.3026
690.5	0.3073
690.625	0.3128
690.75	0.3144
690.875	0.316
691.0	0.316
691.125	0.316
691.25	0.3121
691.375	0.3113
691.5	0.3073
691.625	0.3058
691.75	0.3003
691.875	0.2948
692.0	0.2885
692.125	0.2806
692.25	0.272
692.375	0.2665
692.5	0.2594
692.625	0.2547
692.75	0.2515
692.875	0.2492
693.0	0.2452
693.125	0.2476
693.25	0.2444
693.375	0.2452
693.5	0.2437
693.625	0.2437
693.75	0.2452
693.875	0.2437
694.0	0.2429
694.125	0.2444
694.25	0.2421
694.375	0.2421
694.5	0.2405
694.625	0.2405
694.75	0.2405
694.875	0.2405
695.0	0.2429
695.125	0.2405
695.25	0.2413
695.375	0.2421
695.5	0.2405
695.625	0.2413
695.75	0.2413
695.875	0.2437
696.0	0.2452
696.125	0.2444
696.25	0.2429
696.375	0.2437
696.5	0.2413
696.625	0.2421
696.75	0.2452
696.875	0.2429
697.0	0.2429
697.125	0.2429
697.25	0.2437
697.375	0.2413
697.5	0.2429
697.625	0.2444
697.75	0.2413
697.875	0.2413
698.0	0.2413
698.125	0.2421
698.25	0.2421
698.375	0.2452
698.5	0.2444
698.625	0.2437
698.75	0.2444
698.875	0.2444
699.0	0.2421
699.125	0.2421
699.25	0.2437
699.375	0.2437
699.5	0.2444
699.625	0.2452
699.75	0.2452
699.875	0.2452
700.0	0.2452
700.125	0.2421
700.25	0.2452
700.375	0.2437
700.5	0.2413
700.625	0.2452
700.75	0.2429
700.875	0.2444
701.0	0.2452
701.125	0.2444
701.25	0.2421
701.375	0.2452
701.5	0.2444
701.625	0.2452
701.75	0.246
701.875	0.2452
702.0	0.2444
702.125	0.2452
702.25	0.2452
702.375	0.2437
702.5	0.2452
702.625	0.2452
702.75	0.2444
702.875	0.246
703.0	0.2452
703.125	0.2452
703.25	0.2452
703.375	0.2444
703.5	0.2452
703.625	0.2452
703.75	0.2452
703.875	0.2468
704.0	0.2468
704.125	0.2452
704.25	0.2476
704.375	0.2452
704.5	0.2484
704.625	0.246
704.75	0.246
704.875	0.246
705.0	0.2452
705.125	0.2452
705.25	0.2468
705.375	0.2452
705.5	0.2452
705.625	0.2452
705.75	0.2452
705.875	0.2452
706.0	0.2452
706.125	0.2444
706.25	0.2452
706.375	0.2452
706.5	0.2452
706.625	0.2452
706.75	0.2429
706.875	0.2444
707.0	0.2452
707.125	0.2452
707.25	0.2444
707.375	0.2452
707.5	0.2452
707.625	0.2452
707.75	0.2468
707.875	0.2452
708.0	0.2452
708.125	0.2468
708.25	0.246
708.375	0.246
708.5	0.2452
708.625	0.246
708.75	0.2484
708.875	0.25
709.0	0.2468
709.125	0.2476
709.25	0.25
709.375	0.25
709.5	0.2492
709.625	0.25
709.75	0.2515
709.875	0.25
710.0	0.25
710.125	0.2507
710.25	0.25
710.375	0.25
710.5	0.25
710.625	0.25
710.75	0.2492
710.875	0.25
711.0	0.2484
711.125	0.2492
711.25	0.246
711.375	0.2468
711.5	0.2468
711.625	0.2452
711.75	0.2452
711.875	0.246
712.0	0.2468
712.125	0.2452
712.25	0.2437
712.375	0.2452
712.5	0.2437
712.625	0.2452
712.75	0.2452
712.875	0.2452
713.0	0.2452
713.125	0.2444
713.25	0.2452
713.375	0.246
713.5	0.246
713.625	0.2452
713.75	0.2444
713.875	0.2452
714.0	0.2452
714.125	0.2452
714.25	0.246
714.375	0.246
714.5	0.2468
714.625	0.2476
714.75	0.2468
714.875	0.2476
715.0	0.2484
715.125	0.2492
715.25	0.25
715.375	0.2515
715.5	0.25
715.625	0.2484
715.75	0.2507
715.875	0.2515
716.0	0.2507
716.125	0.2515
716.25	0.2539
716.375	0.2539
716.5	0.2547
716.625	0.2547
716.75	0.2547
716.875	0.2555
717.0	0.2562
717.125	0.257
717.25	0.2594
717.375	0.2594
717.5	0.2594
717.625	0.2602
717.75	0.2594
717.875	0.2602
718.0	0.2594
718.125	0.2594
718.25	0.2578
718.375	0.2547
718.5	0.2547
718.625	0.2547
718.75	0.2515
718.875	0.2523
719.0	0.25
719.125	0.246
719.25	0.2444
719.375	0.2429
719.5	0.2421
719.625	0.2429
719.75	0.2413
719.875	0.2421
720.0	0.2437
720.125	0.2413
720.25	0.2413
720.375	0.2413
720.5	0.2405
720.625	0.2405
720.75	0.2405
720.875	0.2389
721.0	0.2405
721.125	0.2397
721.25	0.2405
721.375	0.2389
721.5	0.2397
721.625	0.2389
721.75	0.2389
721.875	0.2405
722.0	0.2405
722.125	0.2405
722.25	0.2389
722.375	0.2405
722.5	0.2405
722.625	0.2397
722.75	0.2405
722.875	0.2405
723.0	0.2405
723.125	0.2405
723.25	0.2413
723.375	0.2452
723.5	0.2437
723.625	0.2437
723.75	0.2452
723.875	0.2444
724.0	0.246
724.125	0.2444
724.25	0.2452
724.375	0.2444
724.5	0.2444
724.625	0.2437
724.75	0.2452
724.875	0.2444
725.0	0.2452
725.125	0.2444
725.25	0.2437
725.375	0.2452
725.5	0.246
725.625	0.2452
725.75	0.2468
725.875	0.2484
726.0	0.2492
726.125	0.25
726.25	0.2547
726.375	0.2547
726.5	0.2586
726.625	0.261
726.75	0.2602
726.875	0.2633
727.0	0.2633
727.125	0.2633
727.25	0.2625
727.375	0.2633
727.5	0.2594
727.625	0.2602
727.75	0.257
727.875	0.2547
728.0	0.2539
728.125	0.2507
728.25	0.2468
728.375	0.2421
728.5	0.2405
728.625	0.2358
728.75	0.235
728.875	0.2358
729.0	0.2358
729.125	0.2334
729.25	0.2334
729.375	0.235
729.5	0.2334
729.625	0.2342
729.75	0.2334
729.875	0.2342
730.0	0.2358
730.125	0.2358
730.25	0.235
730.375	0.2358
730.5	0.2366
730.625	0.2358
730.75	0.2366
730.875	0.2374
731.0	0.2366
731.125	0.2358
731.25	0.2374
731.375	0.2374
731.5	0.2374
731.625	0.2389
731.75	0.2389
731.875	0.2374
732.0	0.2382
732.125	0.2397
732.25	0.2389
732.375	0.2405
732.5	0.2405
732.625	0.2397
732.75	0.2413
732.875	0.2405
733.0	0.2405
733.125	0.2405
733.25	0.2405
733.375	0.2413
733.5	0.2413
733.625	0.2413
733.75	0.2444
733.875	0.2444
734.0	0.2452
734.125	0.2452
734.25	0.2437
734.375	0.2437
734.5	0.2476
734.625	0.2452
734.75	0.2452
734.875	0.2476
735.0	0.2476
735.125	0.2476
735.25	0.25
735.375	0.25
735.5	0.2507
735.625	0.25
735.75	0.25
735.875	0.2547
736.0	0.2555
736.125	0.2562
736.25	0.2578
736.375	0.2602
736.5	0.2633
736.625	0.261
736.75	0.2633
736.875	0.261
737.0	0.2617
737.125	0.2594
737.25	0.2594
737.375	0.2586
737.5	0.257
737.625	0.2547
737.75	0.2507
737.875	0.2492
738.0	0.2476
738.125	0.2429
738.25	0.2429
738.375	0.2405
738.5	0.2382
738.625	0.2366
738.75	0.2366
738.875	0.2358
739.0	0.2358
739.125	0.2358
739.25	0.2358
739.375	0.2342
739.5	0.2358
739.625	0.2358
739.75	0.2358
739.875	0.2366
740.0	0.2358
740.125	0.2374
740.25	0.2358
740.375	0.2358
740.5	0.2382
740.625	0.2382
740.75	0.2358
740.875	0.2366
741.0	0.2358
741.125	0.2358
741.25	0.2358
741.375	0.2358
741.5	0.2366
741.625	0.2358
741.75	0.2374
741.875	0.2366
742.0	0.2358
742.125	0.2358
742.25	0.2358
742.375	0.2358
742.5	0.2366
742.625	0.2358
742.75	0.2358
742.875	0.2358
743.0	0.2366
743.125	0.2389
743.25	0.2358
743.375	0.2358
743.5	0.2366
743.625	0.2358
743.75	0.2358
743.875	0.2382
744.0	0.2358
744.125	0.2358
744.25	0.2374
744.375	0.2358
744.5	0.2358
744.625	0.2366
744.75	0.235
744.875	0.2358
745.0	0.2358
745.125	0.2366
745.25	0.2358
745.375	0.2366
745.5	0.2374
745.625	0.2389
745.75	0.2366
745.875	0.2374
746.0	0.2374
746.125	0.2366
746.25	0.2358
746.375	0.2382
746.5	0.2382
746.625	0.2382
746.75	0.2382
746.875	0.2405
747.0	0.2405
747.125	0.2397
747.25	0.2405
747.375	0.2397
747.5	0.2405
747.625	0.2397
747.75	0.2405
747.875	0.2405
748.0	0.2405
748.125	0.2397
748.25	0.2405
748.375	0.2405
748.5	0.2389
748.625	0.2366
748.75	0.2358
748.875	0.2366
749.0	0.2358
749.125	0.2358
749.25	0.2366
749.375	0.2358
749.5	0.2366
749.625	0.2358
749.75	0.2358
749.875	0.2366
750.0	0.2366
750.125	0.2366
750.25	0.2358
750.375	0.2382
750.5	0.2358
750.625	0.2358
750.75	0.2358
750.875	0.2358
751.0	0.235
751.125	0.2358
751.25	0.235
751.375	0.2358
751.5	0.2382
751.625	0.2366
751.75	0.2358
751.875	0.2366
752.0	0.2358
752.125	0.2358
752.25	0.2374
752.375	0.2366
752.5	0.2358
752.625	0.2382
752.75	0.2358
752.875	0.2397
753.0	0.2389
753.125	0.2389
753.25	0.2397
753.375	0.2405
753.5	0.2405
753.625	0.2405
753.75	0.2397
753.875	0.2405
754.0	0.2405
754.125	0.2405
754.25	0.2405
754.375	0.2429
754.5	0.2429
754.625	0.2437
754.75	0.2452
754.875	0.2452
755.0	0.2421
755.125	0.2444
755.25	0.2413
755.375	0.2437
755.5	0.2413
755.625	0.2429
755.75	0.2413
755.875	0.2421
756.0	0.2405
756.125	0.2397
756.25	0.2382
756.375	0.2389
756.5	0.2389
756.625	0.2366
756.75	0.2358
756.875	0.2366
757.0	0.2358
757.125	0.2358
757.25	0.2358
757.375	0.2358
757.5	0.2358
757.625	0.2358
757.75	0.2358
757.875	0.2358
758.0	0.2366
758.125	0.2366
758.25	0.2358
758.375	0.2358
758.5	0.2358
758.625	0.2358
758.75	0.2358
758.875	0.2358
759.0	0.2358
759.125	0.2358
759.25	0.2358
759.375	0.2358
759.5	0.2358
759.625	0.2382
759.75	0.2358
759.875	0.2358
760.0	0.2358
760.125	0.2382
760.25	0.2366
760.375	0.2358
760.5	0.235
760.625	0.2358
760.75	0.2358
760.875	0.2358
761.0	0.2366
761.125	0.2358
761.25	0.2358
761.375	0.2358
761.5	0.2358
761.625	0.2358
761.75	0.2358
761.875	0.2358
762.0	0.2366
762.125	0.2358
762.25	0.2382
762.375	0.2389
762.5	0.2405
762.625	0.2397
762.75	0.2405
762.875	0.2413
763.0	0.2437
763.125	0.2405
763.25	0.2405
763.375	0.2421
763.5	0.2405
763.625	0.2429
763.75	0.2437
763.875	0.2452
764.0	0.2444
764.125	0.2452
764.25	0.2452
764.375	0.2468
764.5	0.2468
764.625	0.2452
764.75	0.2452
764.875	0.2444
765.0	0.2452
765.125	0.2468
765.25	0.2437
765.375	0.2452
765.5	0.2437
765.625	0.2413
765.75	0.2413
765.875	0.2405
766.0	0.2405
766.125	0.2405
766.25	0.2389
766.375	0.2405
766.5	0.2405
766.625	0.2405
766.75	0.2405
766.875	0.2405
767.0	0.2405
767.125	0.2429
767.25	0.2397
767.375	0.2405
767.5	0.2413
767.625	0.2405
767.75	0.2405
767.875	0.2421
768.0	0.2405
768.125	0.2405
768.25	0.2405
768.375	0.2405
768.5	0.2405
768.625	0.2405
768.75	0.2405
768.875	0.2405
769.0	0.2405
769.125	0.2405
769.25	0.2405
769.375	0.2405
769.5	0.2405
769.625	0.2405
769.75	0.2405
769.875	0.2413
770.0	0.2405
770.125	0.2405
770.25	0.2405
770.375	0.2421
770.5	0.2405
770.625	0.2397
770.75	0.2405
770.875	0.2405
771.0	0.2405
771.125	0.2397
771.25	0.2413
771.375	0.2405
771.5	0.2413
771.625	0.2421
771.75	0.2413
771.875	0.2437
772.0	0.2405
772.125	0.2413
772.25	0.2429
772.375	0.2429
772.5	0.2437
772.625	0.2452
772.75	0.2429
772.875	0.2421
773.0	0.2452
773.125	0.2421
773.25	0.2444
773.375	0.2452
773.5	0.246
773.625	0.246
773.75	0.2452
773.875	0.2444
774.0	0.2452
774.125	0.2452
774.25	0.246
774.375	0.2452
774.5	0.2452
774.625	0.2452
774.75	0.2476
774.875	0.2468
775.0	0.2468
775.125	0.25
775.25	0.25
775.375	0.25
775.5	0.25
775.625	0.2507
775.75	0.25
775.875	0.25
776.0	0.2492
776.125	0.25
776.25	0.25
776.375	0.2484
776.5	0.246
776.625	0.25
776.75	0.2452
776.875	0.2452
777.0	0.2452
777.125	0.2437
777.25	0.2437
777.375	0.2413
777.5	0.2405
777.625	0.2397
777.75	0.2397
777.875	0.2397
778.0	0.2397
778.125	0.2397
778.25	0.2358
778.375	0.2389
778.5	0.2358
778.625	0.2374
778.75	0.2397
778.875	0.2366
779.0	0.2358
779.125	0.2374
779.25	0.2358
779.375	0.2358
779.5	0.2366
779.625	0.2358
779.75	0.2358
779.875	0.2358
780.0	0.2358
780.125	0.2358
780.25	0.2358
780.375	0.2358
780.5	0.2358
780.625	0.2366
780.75	0.2358
780.875	0.2389
781.0	0.2358
781.125	0.2358
781.25	0.2358
781.375	0.2366
781.5	0.2358
781.625	0.2358
781.75	0.2358
781.875	0.2358
782.0	0.2358
782.125	0.2382
782.25	0.2358
782.375	0.2366
782.5	0.2358
782.625	0.2358
782.75	0.2358
782.875	0.2358
783.0	0.2358
783.125	0.2358
783.25	0.2358
783.375	0.2358
783.5	0.2374
783.625	0.2358
783.75	0.2374
783.875	0.2358
784.0	0.2358
784.125	0.2358
784.25	0.2366
784.375	0.2358
784.5	0.2366
784.625	0.2358
784.75	0.2366
784.875	0.2374
785.0	0.2366
785.125	0.2389
785.25	0.2358
785.375	0.2374
785.5	0.2366
785.625	0.2366
785.75	0.2358
785.875	0.2366
786.0	0.2374
786.125	0.2374
786.25	0.2366
786.375	0.2382
786.5	0.2366
786.625	0.2382
786.75	0.2382
786.875	0.2382
787.0	0.2374
787.125	0.2389
787.25	0.2397
787.375	0.2405
787.5	0.2405
787.625	0.2405
787.75	0.2405
787.875	0.2421
788.0	0.2405
788.125	0.2405
788.25	0.2405
788.375	0.2397
788.5	0.2405
788.625	0.2405
788.75	0.2397
788.875	0.2405
789.0	0.2374
789.125	0.2366
789.25	0.2382
789.375	0.2358
789.5	0.2358
789.625	0.2358
789.75	0.2342
789.875	0.2366
790.0	0.2374
790.125	0.2358
790.25	0.2358
790.375	0.2374
790.5	0.2358
790.625	0.2358
790.75	0.2366
790.875	0.2382
791.0	0.2358
791.125	0.2382
791.25	0.2366
791.375	0.2374
791.5	0.2358
791.625	0.2389
791.75	0.2382
791.875	0.2358
792.0	0.2358
792.125	0.2358
792.25	0.2358
792.375	0.2366
792.5	0.2358
792.625	0.2358
792.75	0.2358
792.875	0.2358
793.0	0.2358
793.125	0.2366
793.25	0.2366
793.375	0.2358
793.5	0.2358
793.625	0.2382
793.75	0.2358
793.875	0.2358
794.0	0.2374
794.125	0.2358
794.25	0.2358
794.375	0.2358
794.5	0.2382
794.625	0.2358
794.75	0.2358
794.875	0.2358
795.0	0.2358
795.125	0.2397
795.25	0.2358
795.375	0.2358
795.5	0.2358
795.625	0.2382
795.75	0.2366
795.875	0.2358
796.0	0.2358
796.125	0.2358
796.25	0.2358
796.375	0.2342
796.5	0.2358
796.625	0.2358
796.75	0.2358
796.875	0.2366
797.0	0.235
797.125	0.2358
797.25	0.2358
797.375	0.2358
797.5	0.2334
797.625	0.235
797.75	0.235
797.875	0.235
798.0	0.2342
798.125	0.2334
798.25	0.2334
798.375	0.2358
798.5	0.2358
798.625	0.2342
798.75	0.2334
798.875	0.2311
799.0	0.2342
799.125	0.2319
799.25	0.235
799.375	0.2334
799.5	0.2334
799.625	0.2334
799.75	0.235
799.875	0.2319
800.0	0.2311
800.125	0.2342
800.25	0.2319
800.375	0.2334
800.5	0.2342
800.625	0.2334
800.75	0.235
800.875	0.2327
801.0	0.2358
801.125	0.235
801.25	0.2358
801.375	0.2342
801.5	0.2358
801.625	0.2358
801.75	0.2358
801.875	0.235
802.0	0.2358
802.125	0.2358
802.25	0.235
802.375	0.2358
802.5	0.235
802.625	0.2358
802.75	0.2358
802.875	0.2358
803.0	0.2358
803.125	0.2358
803.25	0.2358
803.375	0.2358
803.5	0.2358
803.625	0.235
803.75	0.2358
803.875	0.2358
804.0	0.2358
804.125	0.2358
804.25	0.2358
804.375	0.2358
804.5	0.2366
804.625	0.2358
804.75	0.2358
804.875	0.2374
805.0	0.2358
805.125	0.2358
805.25	0.2358
805.375	0.2366
805.5	0.2358
805.625	0.2358
805.75	0.2358
805.875	0.2358
806.0	0.235
806.125	0.2358
806.25	0.2358
806.375	0.2342
806.5	0.235
806.625	0.2327
806.75	0.235
806.875	0.2342
807.0	0.2342
807.125	0.2342
807.25	0.2334
807.375	0.2342
807.5	0.2334
807.625	0.2334
807.75	0.2327
807.875	0.2327
808.0	0.2319
808.125	0.2342
808.25	0.2334
808.375	0.2319
808.5	0.235
808.625	0.2358
808.75	0.2334
808.875	0.2334
809.0	0.2342
809.125	0.2358
809.25	0.2327
809.375	0.2358
809.5	0.2319
809.625	0.2358
809.75	0.235
809.875	0.2342
810.0	0.2327
810.125	0.2334
810.25	0.2334
810.375	0.2358
810.5	0.2342
810.625	0.2342
810.75	0.2319
810.875	0.2334
811.0	0.235
811.125	0.2342
811.25	0.235
811.375	0.235
811.5	0.2358
811.625	0.235
811.75	0.235
811.875	0.2358
812.0	0.2358
812.125	0.235
812.25	0.2358
812.375	0.2342
812.5	0.2358
812.625	0.2366
812.75	0.2358
812.875	0.2366
813.0	0.2358
813.125	0.2358
813.25	0.2358
813.375	0.2358
813.5	0.2358
813.625	0.2358
813.75	0.2358
813.875	0.2358
814.0	0.2366
814.125	0.2366
814.25	0.2366
814.375	0.2358
814.5	0.2366
814.625	0.2366
814.75	0.2366
814.875	0.2358
815.0	0.2358
815.125	0.2358
815.25	0.2366
815.375	0.2358
815.5	0.2397
815.625	0.2389
815.75	0.2397
815.875	0.2382
816.0	0.2397
816.125	0.2405
816.25	0.2366
816.375	0.2397
816.5	0.2405
816.625	0.2382
816.75	0.2382
816.875	0.2389
817.0	0.2389
817.125	0.2382
817.25	0.2374
817.375	0.2366
817.5	0.2358
817.625	0.2358
817.75	0.2366
817.875	0.2358
818.0	0.2366
818.125	0.2358
818.25	0.2374
818.375	0.2358
818.5	0.2358
818.625	0.2358
818.75	0.235
818.875	0.2342
819.0	0.2327
819.125	0.235
819.25	0.2358
819.375	0.2358
819.5	0.2374
819.625	0.2358
819.75	0.2358
819.875	0.2358
820.0	0.2358
820.125	0.235
820.25	0.235
820.375	0.2358
820.5	0.2358
820.625	0.235
820.75	0.2342
820.875	0.235
821.0	0.235
821.125	0.2358
821.25	0.2319
821.375	0.2358
821.5	0.2358
821.625	0.2358
821.75	0.2358
821.875	0.2358
822.0	0.2358
822.125	0.2358
822.25	0.2358
822.375	0.2366
822.5	0.2342
822.625	0.235
822.75	0.2358
822.875	0.2342
823.0	0.2358
823.125	0.2358
823.25	0.2358
823.375	0.2358
823.5	0.2358
823.625	0.2358
823.75	0.2358
823.875	0.2358
824.0	0.2358
824.125	0.2358
824.25	0.2358
824.375	0.2358
824.5	0.2358
824.625	0.2358
824.75	0.2358
824.875	0.2382
825.0	0.2358
825.125	0.2358
825.25	0.2366
825.375	0.2358
825.5	0.2358
825.625	0.2358
825.75	0.2358
825.875	0.2358
826.0	0.2358
826.125	0.2358
826.25	0.2358
826.375	0.2358
826.5	0.2358
826.625	0.2358
826.75	0.2358
826.875	0.2358
827.0	0.2358
827.125	0.2358
827.25	0.2358
827.375	0.2366
827.5	0.2358
827.625	0.2366
827.75	0.2366
827.875	0.2366
828.0	0.235
828.125	0.2358
828.25	0.235
828.375	0.2366
828.5	0.2366
828.625	0.2358
828.75	0.2358
828.875	0.2358
829.0	0.2358
829.125	0.2374
829.25	0.2358
829.375	0.2374
829.5	0.2358
829.625	0.2358
829.75	0.2366
829.875	0.2366
830.0	0.2366
830.125	0.2374
830.25	0.2358
830.375	0.2366
830.5	0.2358
830.625	0.2366
830.75	0.2358
830.875	0.2358
831.0	0.2358
831.125	0.2358
831.25	0.2358
831.375	0.2374
831.5	0.2358
831.625	0.2358
831.75	0.2358
831.875	0.2358
832.0	0.2358
832.125	0.2342
832.25	0.2358
832.375	0.2358
832.5	0.2366
832.625	0.235
832.75	0.235
832.875	0.2358
833.0	0.2358
833.125	0.2334
833.25	0.235
833.375	0.2334
833.5	0.2358
833.625	0.2358
833.75	0.2366
833.875	0.2358
834.0	0.235
834.125	0.2358
834.25	0.2334
834.375	0.235
834.5	0.2358
834.625	0.2358
834.75	0.235
834.875	0.2334
835.0	0.235
835.125	0.2358
835.25	0.2342
835.375	0.2358
835.5	0.2358
835.625	0.235
835.75	0.2358
835.875	0.2358
836.0	0.235
836.125	0.235
836.25	0.2358
836.375	0.2358
836.5	0.235
836.625	0.2358
836.75	0.2358
836.875	0.2358
837.0	0.2334
837.125	0.2358
837.25	0.2358
837.375	0.2342
837.5	0.2358
837.625	0.2358
837.75	0.235
837.875	0.2358
838.0	0.2358
838.125	0.2358
838.25	0.235
838.375	0.235
838.5	0.2358
838.625	0.2358
838.75	0.2358
838.875	0.2358
839.0	0.2358
839.125	0.2358
839.25	0.2358
839.375	0.2358
839.5	0.2358
839.625	0.2358
839.75	0.2358
839.875	0.2342
840.0	0.2358
840.125	0.2358
840.25	0.2358
840.375	0.2358
840.5	0.2358
840.625	0.2366
840.75	0.2358
840.875	0.2358
841.0	0.2366
841.125	0.2358
841.25	0.2342
841.375	0.2358
841.5	0.2358
841.625	0.2358
841.75	0.2358
841.875	0.2358
842.0	0.2366
842.125	0.2358
842.25	0.2358
842.375	0.2358
842.5	0.235
842.625	0.2366
842.75	0.2358
842.875	0.2358
843.0	0.2358
843.125	0.2358
843.25	0.2358
843.375	0.2358
843.5	0.2358
843.625	0.2358
843.75	0.2358
843.875	0.2358
844.0	0.2358
844.125	0.2358
844.25	0.2358
844.375	0.235
844.5	0.235
844.625	0.2358
844.75	0.2334
844.875	0.235
845.0	0.2358
845.125	0.2358
845.25	0.2358
845.375	0.2358
845.5	0.2358
845.625	0.2358
845.75	0.2358
845.875	0.2358
846.0	0.2358
846.125	0.2358
846.25	0.2358
846.375	0.235
846.5	0.2334
846.625	0.2358
846.75	0.2358
846.875	0.2366
847.0	0.2358
847.125	0.2358
847.25	0.235
847.375	0.2358
847.5	0.2358
847.625	0.2342
847.75	0.235
847.875	0.2358
848.0	0.235
848.125	0.2358
848.25	0.2358
848.375	0.2358
848.5	0.2366
848.625	0.235
848.75	0.2358
848.875	0.2358
849.0	0.235
849.125	0.2358
849.25	0.2358
849.375	0.2358
849.5	0.2358
849.625	0.2327
849.75	0.2358
849.875	0.2358
850.0	0.235
850.125	0.2358
850.25	0.2358
850.375	0.235
850.5	0.235
850.625	0.2358
850.75	0.2358
850.875	0.2358
851.0	0.2358
851.125	0.2342
851.25	0.2358
851.375	0.2358
851.5	0.2342
851.625	0.235
851.75	0.2358
851.875	0.2358
852.0	0.2358
852.125	0.2342
852.25	0.235
852.375	0.2358
852.5	0.2358
852.625	0.235
852.75	0.235
852.875	0.235
853.0	0.2358
853.125	0.2342
853.25	0.2358
853.375	0.2358
853.5	0.2374
853.625	0.2358
853.75	0.235
853.875	0.2342
854.0	0.2334
854.125	0.2358
854.25	0.235
854.375	0.2358
854.5	0.2358
854.625	0.2358
854.75	0.235
854.875	0.2358
855.0	0.2358
855.125	0.2358
855.25	0.235
855.375	0.2358
855.5	0.2342
855.625	0.2358
855.75	0.2358
855.875	0.2358
856.0	0.235
856.125	0.2358
856.25	0.2342
856.375	0.2334
856.5	0.2358
856.625	0.2358
856.75	0.2358
856.875	0.235
857.0	0.2358
857.125	0.2358
857.25	0.2358
857.375	0.2358
857.5	0.2358
857.625	0.2358
857.75	0.2358
857.875	0.2327
858.0	0.2342
858.125	0.235
858.25	0.235
858.375	0.2358
858.5	0.2358
858.625	0.2358
858.75	0.2358
858.875	0.2358
859.0	0.2358
859.125	0.2358
859.25	0.2358
859.375	0.2327
859.5	0.2358
859.625	0.235
859.75	0.2358
859.875	0.235
860.0	0.2358
860.125	0.2358
860.25	0.2358
860.375	0.2358
860.5	0.2358
860.625	0.2366
860.75	0.2327
860.875	0.235
861.0	0.2358
861.125	0.2358
861.25	0.235
861.375	0.2358
861.5	0.2358
861.625	0.2358
861.75	0.2358
861.875	0.2342
862.0	0.2342
862.125	0.235
862.25	0.2358
862.375	0.235
862.5	0.235
862.625	0.2358
862.75	0.2358
862.875	0.2358
863.0	0.2358
863.125	0.235
863.25	0.2358
863.375	0.2358
863.5	0.2358
863.625	0.2342
863.75	0.2358
863.875	0.235
864.0	0.2358
864.125	0.235
864.25	0.2358
864.375	0.2358
864.5	0.2358
864.625	0.2358
864.75	0.2342
864.875	0.235
865.0	0.2358
865.125	0.235
865.25	0.2358
865.375	0.235
865.5	0.2358
865.625	0.2358
865.75	0.2358
865.875	0.2366
866.0	0.2358
866.125	0.2342
866.25	0.235
866.375	0.2342
866.5	0.2358
866.625	0.2358
866.75	0.2358
866.875	0.235
867.0	0.2358
867.125	0.2358
867.25	0.2358
867.375	0.2358
867.5	0.2358
867.625	0.2358
867.75	0.2358
867.875	0.2358
868.0	0.2342
868.125	0.235
868.25	0.2334
868.375	0.2358
868.5	0.2358
868.625	0.2358
868.75	0.2358
868.875	0.2342
869.0	0.2358
869.125	0.2342
869.25	0.2342
869.375	0.2358
869.5	0.2334
869.625	0.2342
869.75	0.2342
869.875	0.2358
870.0	0.2358
870.125	0.2358
870.25	0.235
870.375	0.235
870.5	0.2358
870.625	0.235
870.75	0.235
870.875	0.2342
871.0	0.2342
871.125	0.2358
871.25	0.2342
871.375	0.2358
871.5	0.2358
871.625	0.2358
871.75	0.2358
871.875	0.2358
872.0	0.2358
872.125	0.2342
872.25	0.2358
872.375	0.2358
872.5	0.2334
872.625	0.235
872.75	0.2358
872.875	0.2342
873.0	0.2358
873.125	0.2342
873.25	0.2358
873.375	0.2358
873.5	0.2334
873.625	0.2358
873.75	0.2358
873.875	0.2358
874.0	0.2358
874.125	0.2342
874.25	0.2358
874.375	0.2358
874.5	0.2358
874.625	0.2342
874.75	0.2342
874.875	0.2358
875.0	0.2358
875.125	0.2366
875.25	0.235
875.375	0.235
875.5	0.2358
875.625	0.2358
875.75	0.2358
875.875	0.2358
876.0	0.2358
876.125	0.2342
876.25	0.2334
876.375	0.235
876.5	0.2358
876.625	0.235
876.75	0.2334
876.875	0.2358
877.0	0.2358
877.125	0.2358
877.25	0.2358
877.375	0.2342
877.5	0.2342
877.625	0.2358
877.75	0.235
877.875	0.235
878.0	0.2358
878.125	0.2358
878.25	0.235
878.375	0.2358
878.5	0.2342
878.625	0.2358
878.75	0.2358
878.875	0.2342
879.0	0.2358
879.125	0.2342
879.25	0.2342
879.375	0.2342
879.5	0.2358
879.625	0.2358
879.75	0.2358
879.875	0.2358
880.0	0.2358
880.125	0.235
880.25	0.2342
880.375	0.235
880.5	0.2358
880.625	0.2358
880.75	0.2342
880.875	0.2358
881.0	0.2358
881.125	0.2358
881.25	0.2358
881.375	0.2358
881.5	0.2358
881.625	0.2358
881.75	0.2334
881.875	0.2342
882.0	0.2342
882.125	0.2358
882.25	0.235
882.375	0.2358
882.5	0.235
882.625	0.2342
882.75	0.2358
882.875	0.2358
883.0	0.235
883.125	0.235
883.25	0.2358
883.375	0.235
883.5	0.2342
883.625	0.2358
883.75	0.2358
883.875	0.2358
884.0	0.2358
884.125	0.2358
884.25	0.235
884.375	0.235
884.5	0.235
884.625	0.2342
884.75	0.235
884.875	0.235
885.0	0.2358
885.125	0.2366
885.25	0.2358
885.375	0.2358
885.5	0.2358
885.625	0.235
885.75	0.2334
885.875	0.2358
886.0	0.235
886.125	0.235
886.25	0.2358
886.375	0.2358
886.5	0.235
886.625	0.235
886.75	0.2358
886.875	0.2358
887.0	0.2358
887.125	0.2358
887.25	0.2366
887.375	0.235
887.5	0.2358
887.625	0.2358
887.75	0.2342
887.875	0.2358
888.0	0.2342
888.125	0.2358
888.25	0.2358
888.375	0.2358
888.5	0.2358
888.625	0.2358
888.75	0.2358
888.875	0.2358
889.0	0.235
889.125	0.2358
889.25	0.2358
889.375	0.2358
889.5	0.2358
889.625	0.2358
889.75	0.2358
889.875	0.2358
890.0	0.235
890.125	0.2358
890.25	0.2342
890.375	0.2342
890.5	0.2358
890.625	0.2358
890.75	0.2358
890.875	0.2358
891.0	0.2358
891.125	0.2358
891.25	0.2358
891.375	0.2366
891.5	0.2358
891.625	0.2358
891.75	0.2358
891.875	0.2358
892.0	0.2358
892.125	0.2358
892.25	0.2358
892.375	0.2334
892.5	0.2342
892.625	0.2342
892.75	0.2319
892.875	0.2358
893.0	0.235
893.125	0.2358
893.25	0.2358
893.375	0.235
893.5	0.2358
893.625	0.2358
893.75	0.2358
893.875	0.2342
894.0	0.2358
894.125	0.235
894.25	0.2358
894.375	0.2358
894.5	0.2358
894.625	0.2358
894.75	0.235
894.875	0.235
895.0	0.2358
895.125	0.235
895.25	0.2334
895.375	0.2342
895.5	0.2358
895.625	0.2358
895.75	0.2327
895.875	0.2358
896.0	0.235
896.125	0.235
896.25	0.2358
896.375	0.2342
896.5	0.2358
896.625	0.235
896.75	0.2358
896.875	0.2358
897.0	0.2358
897.125	0.2358
897.25	0.2366
897.375	0.2374
897.5	0.2374
897.625	0.2374
897.75	0.2358
897.875	0.2382
898.0	0.2374
898.125	0.2397
898.25	0.2374
898.375	0.2405
898.5	0.2382
898.625	0.2397
898.75	0.2366
898.875	0.2366
899.0	0.2382
899.125	0.2389
899.25	0.2405
899.375	0.2382
899.5	0.2389
899.625	0.2366
899.75	0.2374
899.875	0.2389
