900.0	0.7122
899.875	0.7122
899.75	0.7154
899.625	0.713
899.5	0.7146
899.375	0.7122
899.25	0.7122
899.125	0.713
899.0	0.7122
898.875	0.7122
898.75	0.7122
898.625	0.7122
898.5	0.7122
898.375	0.7122
898.25	0.7122
898.125	0.7106
898.0	0.7122
897.875	0.7122
897.75	0.7122
897.625	0.7106
897.5	0.7091
897.375	0.7106
897.25	0.7091
897.125	0.7083
897.0	0.7083
896.875	0.7091
896.75	0.7091
896.625	0.7075
896.5	0.7075
896.375	0.7075
896.25	0.7091
896.125	0.7091
896.0	0.7075
895.875	0.7075
895.75	0.7075
895.625	0.7075
895.5	0.7075
895.375	0.7067
895.25	0.7028
895.125	0.7044
895.0	0.7028
894.875	0.7028
894.75	0.7012
894.625	0.7012
894.5	0.7012
894.375	0.7004
894.25	0.6988
894.125	0.6988
894.0	0.6973
893.875	0.6941
893.75	0.6933
893.625	0.6933
893.5	0.6886
893.375	0.6886
893.25	0.6839
893.125	0.6816
893.0	0.6792
892.875	0.6792
892.75	0.6753
892.625	0.6745
892.5	0.6713
892.375	0.6698
892.25	0.6674
892.125	0.6658
892.0	0.6643
891.875	0.665
891.75	0.6619
891.625	0.6603
891.5	0.6595
891.375	0.6603
891.25	0.6603
891.125	0.658
891.0	0.6564
890.875	0.658
890.75	0.6564
890.625	0.6556
890.5	0.6564
890.375	0.6556
890.25	0.6556
890.125	0.6556
890.0	0.6564
889.875	0.6556
889.75	0.6564
889.625	0.6556
889.5	0.6556
889.375	0.658
889.25	0.658
889.125	0.6595
889.0	0.6603
888.875	0.6595
888.75	0.6603
888.625	0.6603
888.5	0.6627
888.375	0.6627
888.25	0.6635
888.125	0.665
888.0	0.665
887.875	0.6682
887.75	0.6674
887.625	0.6705
887.5	0.6698
887.375	0.6729
887.25	0.6721
887.125	0.6721
887.0	0.6745
886.875	0.6745
886.75	0.6745
886.625	0.6745
886.5	0.6792
886.375	0.6745
886.25	0.6753
886.125	0.6792
886.0	0.6792
885.875	0.68
885.75	0.6831
885.625	0.6831
885.5	0.6839
885.375	0.6839
885.25	0.6816
885.125	0.6839
885.0	0.6863
884.875	0.6863
884.75	0.6871
884.625	0.6886
884.5	0.6886
884.375	0.6886
884.25	0.6886
884.125	0.6933
884.0	0.6918
883.875	0.6933
883.75	0.6918
883.625	0.6949
883.5	0.6933
883.375	0.6933
883.25	0.6941
883.125	0.6941
883.0	0.6973
882.875	0.6949
882.75	0.6973
882.625	0.6957
882.5	0.6981
882.375	0.6973
882.25	0.6988
882.125	0.6981
882.0	0.6981
881.875	0.6981
881.75	0.6981
881.625	0.6981
881.5	0.6981
881.375	0.6981
881.25	0.6981
881.125	0.6988
881.0	0.6996
880.875	0.6996
880.75	0.6996
880.625	0.6996
880.5	0.7028
880.375	0.7028
880.25	0.7028
880.125	0.7028
880.0	0.7028
879.875	0.7028
879.75	0.7028
879.625	0.7028
879.5	0.7028
879.375	0.7028
879.25	0.7028
879.125	0.6996
879.0	0.7028
878.875	0.7036
878.75	0.7028
878.625	0.7004
878.5	0.7036
878.375	0.7036
878.25	0.7028
878.125	0.7051
878.0	0.7075
877.875	0.7075
877.75	0.7075
877.625	0.7059
877.5	0.7075
877.375	0.7075
877.25	0.7075
877.125	0.7075
877.0	0.7091
876.875	0.7099
876.75	0.7075
876.625	0.7075
876.5	0.7091
876.375	0.7091
876.25	0.7122
876.125	0.7122
876.0	0.7106
875.875	0.7083
875.75	0.7091
875.625	0.7122
875.5	0.7114
875.375	0.7114
875.25	0.7122
875.125	0.7091
875.0	0.7122
874.875	0.7114
874.75	0.7122
874.625	0.7106
874.5	0.7083
874.375	0.7122
874.25	0.7075
874.125	0.7114
874.0	0.7122
873.875	0.7099
873.75	0.7122
873.625	0.7075
873.5	0.7114
873.375	0.7114
873.25	0.7106
873.125	0.7122
873.0	0.7106
872.875	0.7122
872.75	0.7075
872.625	0.7099
872.5	0.7091
872.375	0.7083
872.25	0.7099
872.125	0.7099
872.0	0.7083
871.875	0.7083
871.75	0.7099
871.625	0.7083
871.5	0.7091
871.375	0.7075
871.25	0.7106
871.125	0.7091
871.0	0.7083
870.875	0.7083
870.75	0.7075
870.625	0.7067
870.5	0.7075
870.375	0.7075
870.25	0.7075
870.125	0.7075
870.0	0.7059
869.875	0.7059
869.75	0.7028
869.625	0.7004
869.5	0.6988
869.375	0.6973
869.25	0.6941
869.125	0.6933
869.0	0.6933
868.875	0.6933
868.75	0.6933
868.625	0.6886
868.5	0.6902
868.375	0.691
868.25	0.6886
868.125	0.6886
868.0	0.6886
867.875	0.6839
867.75	0.6847
867.625	0.6831
867.5	0.6816
867.375	0.6792
867.25	0.6792
867.125	0.6761
867.0	0.6745
866.875	0.6745
866.75	0.6745
866.625	0.6745
866.5	0.6745
866.375	0.6721
866.25	0.6729
866.125	0.6713
866.0	0.6737
865.875	0.6745
865.75	0.6745
865.625	0.6745
865.5	0.6745
865.375	0.6745
865.25	0.6698
865.125	0.6705
865.0	0.6698
864.875	0.6698
864.75	0.6698
864.625	0.6698
864.5	0.669
864.375	0.6721
864.25	0.6698
864.125	0.6698
864.0	0.6705
863.875	0.6713
863.75	0.6745
863.625	0.6745
863.5	0.6737
863.375	0.6705
863.25	0.6721
863.125	0.6729
863.0	0.6737
862.875	0.6713
862.75	0.6713
862.625	0.6705
862.5	0.6737
862.375	0.6737
862.25	0.6737
862.125	0.6745
862.0	0.6745
861.875	0.6745
861.75	0.6753
861.625	0.6745
861.5	0.6745
861.375	0.6745
861.25	0.6745
861.125	0.6753
861.0	0.6792
860.875	0.6792
860.75	0.6792
860.625	0.6792
860.5	0.6792
860.375	0.6784
860.25	0.6792
860.125	0.68
860.0	0.6808
859.875	0.68
859.75	0.6792
859.625	0.6839
859.5	0.6847
859.375	0.6863
859.25	0.6886
859.125	0.6894
859.0	0.6933
858.875	0.6918
858.75	0.6933
858.625	0.6957
858.5	0.6981
858.375	0.6981
858.25	0.6981
858.125	0.7028
858.0	0.6988
857.875	0.7028
857.75	0.7028
857.625	0.7036
857.5	0.7051
857.375	0.7036
857.25	0.7059
857.125	0.7075
857.0	0.7075
856.875	0.7083
856.75	0.7075
856.625	0.7075
856.5	0.7067
856.375	0.7099
856.25	0.7067
856.125	0.7075
856.0	0.7099
855.875	0.7075
855.75	0.7083
855.625	0.7075
855.5	0.7075
855.375	0.7075
855.25	0.7075
855.125	0.7083
855.0	0.7099
854.875	0.7075
854.75	0.7091
854.625	0.7091
854.5	0.7075
854.375	0.7091
854.25	0.7099
854.125	0.7099
854.0	0.7099
853.875	0.7075
853.75	0.7075
853.625	0.7106
853.5	0.7075
853.375	0.7075
853.25	0.7083
853.125	0.7075
853.0	0.7075
852.875	0.7075
852.75	0.7075
852.625	0.7059
852.5	0.7067
852.375	0.7028
852.25	0.7051
852.125	0.7028
852.0	0.702
851.875	0.6988
851.75	0.7004
851.625	0.6981
851.5	0.6981
851.375	0.6965
851.25	0.6949
851.125	0.6949
851.0	0.6941
850.875	0.6894
850.75	0.6863
850.625	0.6863
850.5	0.6839
850.375	0.6847
850.25	0.6839
850.125	0.6808
850.0	0.6792
849.875	0.6792
849.75	0.6792
849.625	0.6784
849.5	0.6745
849.375	0.6753
849.25	0.6745
849.125	0.6745
849.0	0.6745
848.875	0.6721
848.75	0.6745
848.625	0.6745
848.5	0.6745
848.375	0.6721
848.25	0.6705
848.125	0.6729
848.0	0.6713
847.875	0.6737
847.75	0.6721
847.625	0.6745
847.5	0.6745
847.375	0.6745
847.25	0.6745
847.125	0.6745
847.0	0.6745
846.875	0.6768
846.75	0.6792
846.625	0.6792
846.5	0.6776
846.375	0.6776
846.25	0.6792
846.125	0.6792
846.0	0.6792
845.875	0.6792
845.75	0.68
845.625	0.68
845.5	0.6839
845.375	0.6839
845.25	0.6855
845.125	0.6886
845.0	0.6894
844.875	0.6933
844.75	0.6981
844.625	0.6981
844.5	0.6973
844.375	0.6988
844.25	0.7028
844.125	0.7028
844.0	0.7075
843.875	0.7067
843.75	0.7091
843.625	0.7106
843.5	0.7114
843.375	0.7122
843.25	0.7122
843.125	0.7122
843.0	0.7146
842.875	0.7122
842.75	0.713
842.625	0.7122
842.5	0.7138
842.375	0.713
842.25	0.7146
842.125	0.7161
842.0	0.7138
841.875	0.7154
841.75	0.7146
841.625	0.7146
841.5	0.7169
841.375	0.7154
841.25	0.7146
841.125	0.7161
841.0	0.713
840.875	0.713
840.75	0.7169
840.625	0.7169
840.5	0.7169
840.375	0.7169
840.25	0.7169
840.125	0.7169
840.0	0.7169
839.875	0.7169
839.75	0.7169
839.625	0.7138
839.5	0.7169
839.375	0.7161
839.25	0.7169
839.125	0.7169
839.0	0.7169
838.875	0.7169
838.75	0.7169
838.625	0.7169
838.5	0.7169
838.375	0.7177
838.25	0.7169
838.125	0.7193
838.0	0.7209
837.875	0.7169
837.75	0.7209
837.625	0.7216
837.5	0.7201
837.375	0.7193
837.25	0.7216
837.125	0.7185
837.0	0.7201
836.875	0.7177
836.75	0.7209
836.625	0.7169
836.5	0.7169
836.375	0.7177
836.25	0.7169
836.125	0.7146
836.0	0.7169
835.875	0.7169
835.75	0.7169
835.625	0.7169
835.5	0.7169
835.375	0.7169
835.25	0.7169
835.125	0.7169
835.0	0.7169
834.875	0.7169
834.75	0.7169
834.625	0.7169
834.5	0.7169
834.375	0.7146
834.25	0.7169
834.125	0.7122
834.0	0.7122
833.875	0.7099
833.75	0.7075
833.625	0.7044
833.5	0.7012
833.375	0.6981
833.25	0.6973
833.125	0.6933
833.0	0.691
832.875	0.6886
832.75	0.6855
832.625	0.6839
832.5	0.6839
832.375	0.68
832.25	0.6792
832.125	0.6792
832.0	0.6792
831.875	0.6792
831.75	0.6792
831.625	0.6792
831.5	0.68
831.375	0.6792
831.25	0.6792
831.125	0.6768
831.0	0.6745
830.875	0.6784
830.75	0.6792
830.625	0.6753
830.5	0.6792
830.375	0.6792
830.25	0.6792
830.125	0.6816
830.0	0.6839
829.875	0.6847
829.75	0.6839
829.625	0.6847
829.5	0.6839
829.375	0.6839
829.25	0.6823
829.125	0.6839
829.0	0.6823
828.875	0.6839
828.75	0.6823
828.625	0.6792
828.5	0.6761
828.375	0.6745
828.25	0.6721
828.125	0.6713
828.0	0.6721
827.875	0.6698
827.75	0.669
827.625	0.6682
827.5	0.6682
827.375	0.6666
827.25	0.665
827.125	0.665
827.0	0.6643
826.875	0.665
826.75	0.6643
826.625	0.6603
826.5	0.665
826.375	0.665
826.25	0.6611
826.125	0.6619
826.0	0.6643
825.875	0.6627
825.75	0.6603
825.625	0.6603
825.5	0.6603
825.375	0.6603
825.25	0.6627
825.125	0.6611
825.0	0.6603
824.875	0.6627
824.75	0.6603
824.625	0.6627
824.5	0.6643
824.375	0.6603
824.25	0.6611
824.125	0.665
824.0	0.665
823.875	0.665
823.75	0.6643
823.625	0.665
823.5	0.6611
823.375	0.665
823.25	0.6619
823.125	0.6619
823.0	0.6635
822.875	0.6611
822.75	0.665
822.625	0.665
822.5	0.665
822.375	0.6666
822.25	0.6666
822.125	0.665
822.0	0.669
821.875	0.6658
821.75	0.6698
821.625	0.6698
821.5	0.665
821.375	0.669
821.25	0.6682
821.125	0.6674
821.0	0.6682
820.875	0.6698
820.75	0.6698
820.625	0.6698
820.5	0.6745
820.375	0.6729
820.25	0.6745
820.125	0.6737
820.0	0.6745
819.875	0.6745
819.75	0.6745
819.625	0.6745
819.5	0.6745
819.375	0.6745
819.25	0.6745
819.125	0.6745
819.0	0.6745
818.875	0.6745
818.75	0.6745
818.625	0.6768
818.5	0.6792
818.375	0.6792
818.25	0.6839
818.125	0.6886
818.0	0.6933
817.875	0.6949
817.75	0.6988
817.625	0.6981
817.5	0.7012
817.375	0.6981
817.25	0.6981
817.125	0.6981
817.0	0.6973
816.875	0.6933
816.75	0.6933
816.625	0.6894
816.5	0.6902
816.375	0.6886
816.25	0.6863
816.125	0.6839
816.0	0.6816
815.875	0.6792
815.75	0.6839
815.625	0.6784
815.5	0.68
815.375	0.6792
815.25	0.6792
815.125	0.6792
815.0	0.6792
814.875	0.6792
814.75	0.6792
814.625	0.6792
814.5	0.6792
814.375	0.6816
814.25	0.6816
814.125	0.6823
814.0	0.6839
813.875	0.6839
813.75	0.6847
813.625	0.6823
813.5	0.6831
813.375	0.6839
813.25	0.6839
813.125	0.6808
813.0	0.6808
812.875	0.6776
812.75	0.6768
812.625	0.6745
812.5	0.6729
812.375	0.6745
812.25	0.6698
812.125	0.6745
812.0	0.6698
811.875	0.6737
811.75	0.6705
811.625	0.6705
811.5	0.6698
811.375	0.6698
811.25	0.6698
811.125	0.6674
811.0	0.665
810.875	0.6603
810.75	0.6603
810.625	0.6556
810.5	0.6556
810.375	0.6556
810.25	0.6556
810.125	0.6556
810.0	0.6603
809.875	0.6603
809.75	0.665
809.625	0.6682
809.5	0.6721
809.375	0.6737
809.25	0.6745
809.125	0.6808
809.0	0.6839
808.875	0.6886
808.75	0.6894
808.625	0.6941
808.5	0.6949
808.375	0.6957
808.25	0.6981
808.125	0.6981
808.0	0.6981
807.875	0.7012
807.75	0.702
807.625	0.7028
807.5	0.7028
807.375	0.7059
807.25	0.7051
807.125	0.7075
807.0	0.7075
806.875	0.7083
806.75	0.7106
806.625	0.7114
806.5	0.7091
806.375	0.7091
806.25	0.7114
806.125	0.7114
806.0	0.7114
805.875	0.7122
805.75	0.7122
805.625	0.7106
805.5	0.7114
805.375	0.7114
805.25	0.7114
805.125	0.7091
805.0	0.7114
804.875	0.7083
804.75	0.7091
804.625	0.7114
804.5	0.7138
804.375	0.713
804.25	0.7169
804.125	0.7169
804.0	0.7216
803.875	0.7177
803.75	0.7216
803.625	0.7193
803.5	0.7216
803.375	0.7216
803.25	0.7216
803.125	0.7216
803.0	0.7216
802.875	0.7201
802.75	0.7177
802.625	0.7216
802.5	0.7177
802.375	0.7201
802.25	0.7169
802.125	0.7185
802.0	0.7177
801.875	0.7193
801.75	0.7177
801.625	0.7209
801.5	0.7185
801.375	0.7193
801.25	0.7185
801.125	0.7209
801.0	0.7177
800.875	0.7185
800.75	0.7209
800.625	0.7193
800.5	0.7201
800.375	0.7185
800.25	0.7185
800.125	0.7169
800.0	0.7216
799.875	0.7185
799.75	0.7201
799.625	0.7185
799.5	0.7193
799.375	0.7169
799.25	0.7177
799.125	0.7169
799.0	0.7177
798.875	0.7185
798.75	0.7177
798.625	0.7169
798.5	0.7169
798.375	0.7169
798.25	0.7169
798.125	0.7169
798.0	0.7193
797.875	0.7169
797.75	0.7177
797.625	0.7169
797.5	0.7169
797.375	0.7169
797.25	0.7169
797.125	0.7169
797.0	0.7177
796.875	0.7161
796.75	0.7169
796.625	0.7169
796.5	0.7169
796.375	0.7169
796.25	0.7169
796.125	0.7169
796.0	0.7169
795.875	0.7169
795.75	0.7169
795.625	0.7169
795.5	0.7169
795.375	0.7169
795.25	0.7169
795.125	0.7169
795.0	0.7169
794.875	0.7177
794.75	0.7185
794.625	0.7169
794.5	0.7169
794.375	0.7177
794.25	0.7161
794.125	0.7169
794.0	0.7169
793.875	0.7177
793.75	0.7169
793.625	0.7169
793.5	0.7185
793.375	0.7177
793.25	0.7154
793.125	0.7169
793.0	0.7185
792.875	0.7177
792.75	0.7169
792.625	0.7177
792.5	0.7169
792.375	0.7169
792.25	0.7169
792.125	0.7169
792.0	0.7169
791.875	0.7169
791.75	0.7169
791.625	0.7177
791.5	0.7161
791.375	0.7177
791.25	0.7169
791.125	0.7169
791.0	0.7169
790.875	0.7169
790.75	0.7177
790.625	0.7185
790.5	0.7201
790.375	0.7209
790.25	0.7216
790.125	0.7256
790.0	0.7287
789.875	0.7397
789.75	0.7492
789.625	0.7578
789.5	0.7704
789.375	0.7783
789.25	0.7783
789.125	0.7814
789.0	0.7814
788.875	0.7822
788.75	0.783
788.625	0.7838
788.5	0.7869
788.375	0.7869
788.25	0.783
788.125	0.7783
788.0	0.7672
787.875	0.7594
787.75	0.7507
787.625	0.7452
787.5	0.7429
787.375	0.7405
787.25	0.7405
787.125	0.7374
787.0	0.7366
786.875	0.735
786.75	0.7303
786.625	0.7264
786.5	0.7264
786.375	0.7264
786.25	0.7264
786.125	0.7256
786.0	0.7232
785.875	0.7216
785.75	0.7256
785.625	0.724
785.5	0.7216
785.375	0.7216
785.25	0.7216
785.125	0.7216
785.0	0.7216
784.875	0.7216
784.75	0.7201
784.625	0.7209
784.5	0.7216
784.375	0.7201
784.25	0.7216
784.125	0.7216
784.0	0.7216
783.875	0.7193
783.75	0.7209
783.625	0.7216
783.5	0.7216
783.375	0.7216
783.25	0.7209
783.125	0.7209
783.0	0.7209
782.875	0.7224
782.75	0.7193
782.625	0.7216
782.5	0.7224
782.375	0.7224
782.25	0.7216
782.125	0.7216
782.0	0.7216
781.875	0.7216
781.75	0.7216
781.625	0.7216
781.5	0.7216
781.375	0.7216
781.25	0.7224
781.125	0.7216
781.0	0.7224
780.875	0.7216
780.75	0.7216
780.625	0.7216
780.5	0.7224
780.375	0.7216
780.25	0.7256
780.125	0.7264
780.0	0.7264
779.875	0.7279
779.75	0.7311
779.625	0.7358
779.5	0.7405
779.375	0.7437
779.25	0.7452
779.125	0.7452
779.0	0.7468
778.875	0.7452
778.75	0.75
778.625	0.7523
778.5	0.7523
778.375	0.7507
778.25	0.75
778.125	0.75
778.0	0.7452
777.875	0.7405
777.75	0.7389
777.625	0.7358
777.5	0.7311
777.375	0.7311
777.25	0.7287
777.125	0.7264
777.0	0.7264
776.875	0.7216
776.75	0.7216
776.625	0.7216
776.5	0.7216
776.375	0.7216
776.25	0.7216
776.125	0.7209
776.0	0.7216
775.875	0.7216
775.75	0.7201
775.625	0.7177
775.5	0.7201
775.375	0.7201
775.25	0.7209
775.125	0.7216
775.0	0.7201
774.875	0.7209
774.75	0.7177
774.625	0.7216
774.5	0.7209
774.375	0.7209
774.25	0.7216
774.125	0.7216
774.0	0.7216
773.875	0.7209
773.75	0.7201
773.625	0.7209
773.5	0.7209
773.375	0.7216
773.25	0.7232
773.125	0.7256
773.0	0.7303
772.875	0.7327
772.75	0.7405
772.625	0.7421
772.5	0.7452
772.375	0.7452
772.25	0.7452
772.125	0.746
772.0	0.7452
771.875	0.7452
771.75	0.7444
771.625	0.7437
771.5	0.7429
771.375	0.7405
771.25	0.7358
771.125	0.7334
771.0	0.7287
770.875	0.7264
770.75	0.7256
770.625	0.7216
770.5	0.7216
770.375	0.7201
770.25	0.7201
770.125	0.7216
770.0	0.7201
769.875	0.7216
769.75	0.7209
769.625	0.7216
769.5	0.7201
769.375	0.7209
769.25	0.7216
769.125	0.7216
769.0	0.7193
768.875	0.7216
768.75	0.7216
768.625	0.7216
768.5	0.7209
768.375	0.7216
768.25	0.7216
768.125	0.7216
768.0	0.7216
767.875	0.7216
767.75	0.7232
767.625	0.7216
767.5	0.7232
767.375	0.7264
767.25	0.7248
767.125	0.7248
767.0	0.7256
766.875	0.7264
766.75	0.7264
766.625	0.7264
766.5	0.7248
766.375	0.7224
766.25	0.7216
766.125	0.7201
766.0	0.7209
765.875	0.7209
765.75	0.7201
765.625	0.7169
765.5	0.7169
765.375	0.7169
765.25	0.7169
765.125	0.7177
765.0	0.7169
764.875	0.7177
764.75	0.7216
764.625	0.7169
764.5	0.7193
764.375	0.7169
764.25	0.7169
764.125	0.7169
764.0	0.7216
763.875	0.7169
763.75	0.7169
763.625	0.7169
763.5	0.7169
763.375	0.7169
763.25	0.7169
763.125	0.7177
763.0	0.7169
762.875	0.7169
762.75	0.7169
762.625	0.7169
762.5	0.7201
762.375	0.7177
762.25	0.7209
762.125	0.7185
762.0	0.7193
761.875	0.7201
761.75	0.7209
761.625	0.7201
761.5	0.7216
761.375	0.7216
761.25	0.7216
761.125	0.7216
761.0	0.7201
760.875	0.7201
760.75	0.7216
760.625	0.7216
760.5	0.7216
760.375	0.7216
760.25	0.7193
760.125	0.7216
760.0	0.7216
759.875	0.7201
759.75	0.7216
759.625	0.7216
759.5	0.7216
759.375	0.7216
759.25	0.724
759.125	0.724
759.0	0.7216
758.875	0.7216
758.75	0.7248
758.625	0.7224
758.5	0.724
758.375	0.7232
758.25	0.7256
758.125	0.724
758.0	0.7248
757.875	0.7248
757.75	0.7264
757.625	0.724
757.5	0.7264
757.375	0.7248
757.25	0.7264
757.125	0.7264
757.0	0.7264
756.875	0.7264
756.75	0.7256
756.625	0.7264
756.5	0.7264
756.375	0.7272
756.25	0.7264
756.125	0.7272
756.0	0.7311
755.875	0.7311
755.75	0.7342
755.625	0.7382
755.5	0.7452
755.375	0.75
755.25	0.7547
755.125	0.7602
755.0	0.7641
754.875	0.7641
754.75	0.7641
754.625	0.7641
754.5	0.7633
754.375	0.7641
754.25	0.7594
754.125	0.7625
754.0	0.757
753.875	0.7515
753.75	0.7476
753.625	0.7444
753.5	0.7382
753.375	0.7358
753.25	0.7295
753.125	0.7272
753.0	0.7279
752.875	0.7272
752.75	0.7279
752.625	0.7264
752.5	0.7264
752.375	0.7264
752.25	0.7264
752.125	0.7264
752.0	0.7264
751.875	0.7264
751.75	0.7303
751.625	0.7264
751.5	0.7264
751.375	0.7264
751.25	0.7264
751.125	0.7303
751.0	0.7272
750.875	0.7311
750.75	0.7342
750.625	0.7389
750.5	0.7452
750.375	0.7547
750.25	0.7641
750.125	0.7696
750.0	0.7735
749.875	0.7735
749.75	0.7767
749.625	0.7759
749.5	0.7735
749.375	0.7727
749.25	0.7688
749.125	0.7688
749.0	0.7688
748.875	0.7641
748.75	0.757
748.625	0.75
748.5	0.7413
748.375	0.7342
748.25	0.7287
748.125	0.7264
748.0	0.7264
747.875	0.7264
747.75	0.724
747.625	0.7264
747.5	0.7264
747.375	0.7264
747.25	0.7248
747.125	0.724
747.0	0.7264
746.875	0.7256
746.75	0.7248
746.625	0.7216
746.5	0.7232
746.375	0.7256
746.25	0.7232
746.125	0.7232
746.0	0.7264
745.875	0.7232
745.75	0.724
745.625	0.724
745.5	0.7264
745.375	0.7224
745.25	0.7264
745.125	0.7264
745.0	0.7216
744.875	0.7264
744.75	0.7279
744.625	0.7272
744.5	0.7295
744.375	0.7264
744.25	0.7272
744.125	0.7264
744.0	0.7264
743.875	0.7264
743.75	0.7264
743.625	0.7264
743.5	0.7264
743.375	0.7272
743.25	0.7264
743.125	0.7264
743.0	0.7279
742.875	0.7264
742.75	0.7264
742.625	0.7311
742.5	0.7264
742.375	0.7272
742.25	0.7319
742.125	0.7311
742.0	0.7374
741.875	0.746
741.75	0.7594
741.625	0.7838
741.5	0.8168
741.375	0.8482
741.25	0.8742
741.125	0.8915
741.0	0.8962
740.875	0.8977
740.75	0.8962
740.625	0.8962
740.5	0.8907
740.375	0.8867
740.25	0.8805
740.125	0.8694
740.0	0.8561
739.875	0.8333
739.75	0.8105
739.625	0.7798
739.5	0.7578
739.375	0.7437
739.25	0.7358
739.125	0.7311
739.0	0.7311
738.875	0.7311
738.75	0.7272
738.625	0.7279
738.5	0.7279
738.375	0.7264
738.25	0.7264
738.125	0.7272
738.0	0.7264
737.875	0.7272
737.75	0.7264
737.625	0.7287
737.5	0.7264
737.375	0.7279
737.25	0.7303
737.125	0.7287
737.0	0.7287
736.875	0.7264
736.75	0.7272
736.625	0.7287
736.5	0.7303
736.375	0.7303
736.25	0.7287
736.125	0.7303
736.0	0.7303
735.875	0.7279
735.75	0.7279
735.625	0.7264
735.5	0.7272
735.375	0.7272
735.25	0.7279
735.125	0.7279
735.0	0.7311
734.875	0.7303
734.75	0.7264
734.625	0.7295
734.5	0.7311
734.375	0.7287
734.25	0.7272
734.125	0.7264
734.0	0.7279
733.875	0.7264
733.75	0.7264
733.625	0.7279
733.5	0.7272
733.375	0.7264
733.25	0.7248
733.125	0.7264
733.0	0.7264
732.875	0.7264
732.75	0.7264
732.625	0.7256
732.5	0.7256
732.375	0.7224
732.25	0.7248
732.125	0.7256
732.0	0.7264
731.875	0.7264
731.75	0.7256
731.625	0.724
731.5	0.7248
731.375	0.7232
731.25	0.7216
731.125	0.7216
731.0	0.7216
730.875	0.7209
730.75	0.7216
730.625	0.7209
730.5	0.7216
730.375	0.7201
730.25	0.7216
730.125	0.7224
730.0	0.7272
729.875	0.7358
729.75	0.75
729.625	0.7704
729.5	0.7995
729.375	0.8325
729.25	0.8577
729.125	0.8742
729.0	0.8875
728.875	0.9033
728.75	0.9261
728.625	0.9685
728.5	1.0259
728.375	1.1037
728.25	1.1745
728.125	1.2342
728.0	1.2641
727.875	1.2649
727.75	1.2468
727.625	1.2185
727.5	1.191
727.375	1.165
727.25	1.1391
727.125	1.1194
727.0	1.0982
726.875	1.0636
726.75	1.0188
726.625	0.9606
726.5	0.8867
726.375	0.8207
726.25	0.772
726.125	0.7421
726.0	0.7287
725.875	0.7216
725.75	0.7154
725.625	0.7146
725.5	0.713
725.375	0.7114
725.25	0.7138
725.125	0.7122
725.0	0.7122
724.875	0.7122
724.75	0.7122
724.625	0.7122
724.5	0.7122
724.375	0.7138
724.25	0.7122
724.125	0.7122
724.0	0.7138
723.875	0.7122
723.75	0.7122
723.625	0.7122
723.5	0.7169
723.375	0.7122
723.25	0.7161
723.125	0.7169
723.0	0.7169
722.875	0.7216
722.75	0.7169
722.625	0.7185
722.5	0.7193
722.375	0.7216
722.25	0.7216
722.125	0.7216
722.0	0.7216
721.875	0.7216
721.75	0.7216
721.625	0.7216
721.5	0.7216
721.375	0.7216
721.25	0.7209
721.125	0.7216
721.0	0.7193
720.875	0.7201
720.75	0.7177
720.625	0.7193
720.5	0.7169
720.375	0.7169
720.25	0.7169
720.125	0.7169
720.0	0.7169
719.875	0.7169
719.75	0.7169
719.625	0.7177
719.5	0.7169
719.375	0.7169
719.25	0.7169
719.125	0.7169
719.0	0.7169
718.875	0.7169
718.75	0.7177
718.625	0.7169
718.5	0.7185
718.375	0.7216
718.25	0.7209
718.125	0.7201
718.0	0.7209
717.875	0.7216
717.75	0.7216
717.625	0.7232
717.5	0.7216
717.375	0.7256
717.25	0.7232
717.125	0.7264
717.0	0.7279
716.875	0.7311
716.75	0.7358
716.625	0.7413
716.5	0.7515
716.375	0.7696
716.25	0.7885
716.125	0.8042
716.0	0.8152
715.875	0.8207
715.75	0.8215
715.625	0.8223
715.5	0.8207
715.375	0.8191
715.25	0.816
715.125	0.816
715.0	0.8128
714.875	0.8089
714.75	0.7979
714.625	0.7853
714.5	0.7704
714.375	0.7562
714.25	0.7484
714.125	0.7421
714.0	0.7405
713.875	0.7389
713.75	0.7358
713.625	0.7358
713.5	0.7358
713.375	0.7358
713.25	0.735
713.125	0.7374
713.0	0.7405
712.875	0.7389
712.75	0.7358
712.625	0.7358
712.5	0.7358
712.375	0.7358
712.25	0.7382
712.125	0.7358
712.0	0.7358
711.875	0.735
711.75	0.7358
711.625	0.7358
711.5	0.7334
711.375	0.7327
711.25	0.7327
711.125	0.7295
711.0	0.7311
710.875	0.7334
710.75	0.7311
710.625	0.7311
710.5	0.7311
710.375	0.7311
710.25	0.7311
710.125	0.7319
710.0	0.7311
709.875	0.7334
709.75	0.7319
709.625	0.7327
709.5	0.735
709.375	0.7358
709.25	0.7327
709.125	0.7342
709.0	0.7358
708.875	0.7358
708.75	0.7358
708.625	0.7358
708.5	0.7358
708.375	0.7358
708.25	0.7342
708.125	0.7358
708.0	0.735
707.875	0.7358
707.75	0.7334
707.625	0.7334
707.5	0.7342
707.375	0.7311
707.25	0.7319
707.125	0.7334
707.0	0.7342
706.875	0.7319
706.75	0.7319
706.625	0.7342
706.5	0.7327
706.375	0.7358
706.25	0.7358
706.125	0.7358
706.0	0.7358
705.875	0.7358
705.75	0.7358
705.625	0.7358
705.5	0.7405
705.375	0.7405
705.25	0.7444
705.125	0.746
705.0	0.7468
704.875	0.75
704.75	0.75
704.625	0.75
704.5	0.75
704.375	0.75
704.25	0.7507
704.125	0.75
704.0	0.7484
703.875	0.7507
703.75	0.746
703.625	0.7452
703.5	0.7452
703.375	0.7413
703.25	0.7389
703.125	0.7366
703.0	0.7358
702.875	0.7358
702.75	0.7358
702.625	0.735
702.5	0.735
702.375	0.7342
702.25	0.7334
702.125	0.7311
702.0	0.7311
701.875	0.7311
701.75	0.7311
701.625	0.7319
701.5	0.7311
701.375	0.7295
701.25	0.7311
701.125	0.7303
701.0	0.7311
700.875	0.7311
700.75	0.7311
700.625	0.7303
700.5	0.7311
700.375	0.7311
700.25	0.7311
700.125	0.7287
700.0	0.7303
699.875	0.7279
699.75	0.7287
699.625	0.7264
699.5	0.7232
699.375	0.7216
699.25	0.7169
699.125	0.7146
699.0	0.7099
698.875	0.7036
698.75	0.6973
698.625	0.6918
698.5	0.6847
698.375	0.6761
698.25	0.6721
698.125	0.6658
698.0	0.6572
697.875	0.6501
697.75	0.6383
697.625	0.6281
697.5	0.6163
697.375	0.6022
697.25	0.5943
697.125	0.5888
697.0	0.5825
696.875	0.577
696.75	0.5715
696.625	0.566
696.5	0.566
696.375	0.566
696.25	0.5652
696.125	0.5676
696.0	0.5707
695.875	0.5715
695.75	0.5754
695.625	0.5754
695.5	0.5754
695.375	0.5754
695.25	0.577
695.125	0.5754
695.0	0.5754
694.875	0.5746
694.75	0.5762
694.625	0.5762
694.5	0.5762
694.375	0.5786
694.25	0.5801
694.125	0.5801
694.0	0.5825
693.875	0.5849
693.75	0.588
693.625	0.5904
693.5	0.5935
693.375	0.5943
693.25	0.5982
693.125	0.6022
693.0	0.6037
692.875	0.6084
692.75	0.6108
692.625	0.6139
692.5	0.6179
692.375	0.6234
692.25	0.6242
692.125	0.6281
692.0	0.6273
691.875	0.6312
691.75	0.632
691.625	0.632
691.5	0.632
691.375	0.632
691.25	0.632
691.125	0.632
691.0	0.6273
690.875	0.6273
690.75	0.6234
690.625	0.6234
690.5	0.6226
690.375	0.6218
690.25	0.6218
690.125	0.6187
690.0	0.6171
689.875	0.6171
689.75	0.6163
689.625	0.6139
689.5	0.6139
689.375	0.61
689.25	0.6084
689.125	0.6084
689.0	0.6037
688.875	0.6037
688.75	0.6037
688.625	0.6029
688.5	0.6029
688.375	0.6029
688.25	0.6037
688.125	0.599
688.0	0.599
687.875	0.5982
687.75	0.5982
687.625	0.5966
687.5	0.5951
687.375	0.5943
687.25	0.5896
687.125	0.5896
687.0	0.5888
686.875	0.5849
686.75	0.5825
686.625	0.5825
686.5	0.5825
686.375	0.5809
686.25	0.5801
686.125	0.5801
686.0	0.5801
685.875	0.5801
685.75	0.5801
685.625	0.5794
685.5	0.5754
685.375	0.5794
685.25	0.5801
685.125	0.5849
685.0	0.5927
684.875	0.6037
684.75	0.6155
684.625	0.6297
684.5	0.6399
684.375	0.6485
684.25	0.6501
684.125	0.6509
684.0	0.6509
683.875	0.6485
683.75	0.6509
683.625	0.6462
683.5	0.6462
683.375	0.6415
683.25	0.6367
683.125	0.6265
683.0	0.6147
682.875	0.6037
682.75	0.5935
682.625	0.5833
682.5	0.5786
682.375	0.5754
682.25	0.5738
682.125	0.5683
682.0	0.5691
681.875	0.5652
681.75	0.5676
681.625	0.5715
681.5	0.577
681.375	0.5825
681.25	0.5943
681.125	0.6022
681.0	0.6116
680.875	0.6226
680.75	0.632
680.625	0.6422
680.5	0.658
680.375	0.6745
680.25	0.6894
680.125	0.7012
680.0	0.7161
679.875	0.7224
679.75	0.7303
679.625	0.7366
679.5	0.7405
679.375	0.7421
679.25	0.7444
679.125	0.7405
679.0	0.7405
678.875	0.7405
678.75	0.7405
678.625	0.7405
678.5	0.7397
678.375	0.7397
678.25	0.7405
678.125	0.7405
678.0	0.7405
677.875	0.7389
677.75	0.7405
677.625	0.7374
677.5	0.7397
677.375	0.7366
677.25	0.7405
677.125	0.7405
677.0	0.7405
676.875	0.7366
676.75	0.7366
676.625	0.7374
676.5	0.7358
676.375	0.7358
676.25	0.7358
676.125	0.7358
676.0	0.735
675.875	0.7358
675.75	0.7358
675.625	0.7358
675.5	0.7358
675.375	0.7358
675.25	0.7358
675.125	0.7358
675.0	0.7358
674.875	0.7382
674.75	0.7452
674.625	0.7507
674.5	0.7625
674.375	0.779
674.25	0.7948
674.125	0.8066
674.0	0.816
673.875	0.816
673.75	0.8168
673.625	0.8207
673.5	0.8168
673.375	0.816
673.25	0.8144
673.125	0.8105
673.0	0.8066
672.875	0.8011
672.75	0.7908
672.625	0.779
672.5	0.7657
672.375	0.7515
672.25	0.7452
672.125	0.7421
672.0	0.7405
671.875	0.7382
671.75	0.7382
671.625	0.7382
671.5	0.7382
671.375	0.7389
671.25	0.7366
671.125	0.7397
671.0	0.7358
670.875	0.7397
670.75	0.7374
670.625	0.7397
670.5	0.7405
670.375	0.7358
670.25	0.7382
670.125	0.7374
670.0	0.7405
669.875	0.7382
669.75	0.7358
669.625	0.7374
669.5	0.7358
669.375	0.7366
669.25	0.7382
669.125	0.7366
669.0	0.7366
668.875	0.7382
668.75	0.7382
668.625	0.7405
668.5	0.7405
668.375	0.7389
668.25	0.7405
668.125	0.7382
668.0	0.7382
667.875	0.7405
667.75	0.7389
667.625	0.7389
667.5	0.7405
667.375	0.7374
667.25	0.7389
667.125	0.7389
667.0	0.7382
666.875	0.7374
666.75	0.7405
666.625	0.7397
666.5	0.7405
666.375	0.7405
666.25	0.7405
666.125	0.7413
666.0	0.7405
665.875	0.7437
665.75	0.7444
665.625	0.7429
665.5	0.7437
665.375	0.7413
665.25	0.7476
665.125	0.7468
665.0	0.7468
664.875	0.75
664.75	0.75
664.625	0.7507
664.5	0.7539
664.375	0.7547
664.25	0.7539
664.125	0.7539
664.0	0.7547
663.875	0.7547
663.75	0.7547
663.625	0.7523
663.5	0.7531
663.375	0.7515
663.25	0.75
663.125	0.7492
663.0	0.7484
662.875	0.7452
662.75	0.7468
662.625	0.7452
662.5	0.7452
662.375	0.7452
662.25	0.7437
662.125	0.7444
662.0	0.7429
661.875	0.7452
661.75	0.7437
661.625	0.7452
661.5	0.7444
661.375	0.7452
661.25	0.7444
661.125	0.7437
661.0	0.7452
660.875	0.7452
660.75	0.7444
660.625	0.7437
660.5	0.7444
660.375	0.7452
660.25	0.7413
660.125	0.7452
660.0	0.7452
659.875	0.7452
659.75	0.7429
659.625	0.7429
659.5	0.7452
659.375	0.7444
659.25	0.7452
659.125	0.7444
659.0	0.7452
658.875	0.7444
658.75	0.7452
658.625	0.7452
658.5	0.7452
658.375	0.7452
658.25	0.7452
658.125	0.746
658.0	0.7452
657.875	0.7452
657.75	0.7452
657.625	0.7452
657.5	0.7452
657.375	0.7452
657.25	0.7452
657.125	0.7444
657.0	0.7444
656.875	0.7452
656.75	0.7413
656.625	0.7405
656.5	0.7405
656.375	0.7382
656.25	0.7358
656.125	0.7342
656.0	0.7334
655.875	0.7311
655.75	0.7311
655.625	0.7295
655.5	0.7272
655.375	0.7248
655.25	0.7201
655.125	0.7193
655.0	0.7169
654.875	0.7122
654.75	0.7099
654.625	0.7044
654.5	0.702
654.375	0.6981
654.25	0.6941
654.125	0.6886
654.0	0.6871
653.875	0.6831
653.75	0.6753
653.625	0.6761
653.5	0.6713
653.375	0.6666
653.25	0.6682
653.125	0.6635
653.0	0.6603
652.875	0.6556
652.75	0.6533
652.625	0.6462
652.5	0.643
652.375	0.6367
652.25	0.6352
652.125	0.632
652.0	0.6289
651.875	0.6273
651.75	0.625
651.625	0.6226
651.5	0.6202
651.375	0.6163
651.25	0.6124
651.125	0.6116
651.0	0.6124
650.875	0.6084
650.75	0.6124
650.625	0.6147
650.5	0.6147
650.375	0.6171
650.25	0.6202
650.125	0.6226
650.0	0.6257
649.875	0.6273
649.75	0.6336
649.625	0.636
649.5	0.6415
649.375	0.6446
649.25	0.6462
649.125	0.6509
649.0	0.654
648.875	0.6572
648.75	0.6603
648.625	0.665
648.5	0.6666
648.375	0.6698
648.25	0.6705
648.125	0.6745
648.0	0.6792
647.875	0.6831
647.75	0.6839
647.625	0.6886
647.5	0.6933
647.375	0.6933
647.25	0.6981
647.125	0.7028
647.0	0.7028
646.875	0.7044
646.75	0.7051
646.625	0.7075
646.5	0.7067
646.375	0.7075
646.25	0.7075
646.125	0.7091
646.0	0.7122
645.875	0.7122
645.75	0.7122
645.625	0.7169
645.5	0.7169
645.375	0.7177
645.25	0.7193
645.125	0.7216
645.0	0.7209
644.875	0.7216
644.75	0.7201
644.625	0.7216
644.5	0.7216
644.375	0.7209
644.25	0.7216
644.125	0.7169
644.0	0.7193
643.875	0.7169
643.75	0.7154
643.625	0.7122
643.5	0.7122
643.375	0.713
643.25	0.7122
643.125	0.7122
643.0	0.7122
642.875	0.7122
642.75	0.7146
642.625	0.7169
642.5	0.7169
642.375	0.7185
642.25	0.7216
642.125	0.7216
642.0	0.7216
641.875	0.7264
641.75	0.7248
641.625	0.7264
641.5	0.7264
641.375	0.7264
641.25	0.7264
641.125	0.7264
641.0	0.7311
640.875	0.7311
640.75	0.7311
640.625	0.7303
640.5	0.735
640.375	0.7311
640.25	0.7327
640.125	0.7311
640.0	0.7319
639.875	0.7311
639.75	0.7319
639.625	0.7311
639.5	0.7311
639.375	0.7311
639.25	0.7319
639.125	0.7311
639.0	0.7303
638.875	0.7295
638.75	0.7311
638.625	0.7311
638.5	0.7303
638.375	0.7295
638.25	0.7287
638.125	0.7264
638.0	0.7264
637.875	0.7224
637.75	0.7216
637.625	0.7216
637.5	0.7177
637.375	0.7209
637.25	0.7169
637.125	0.7154
637.0	0.7138
636.875	0.7106
636.75	0.7099
636.625	0.7114
636.5	0.7091
636.375	0.713
636.25	0.7106
636.125	0.7146
636.0	0.7122
635.875	0.7161
635.75	0.7209
635.625	0.7216
635.5	0.7216
635.375	0.7264
635.25	0.7264
635.125	0.7287
635.0	0.7311
634.875	0.7303
634.75	0.7319
634.625	0.7327
634.5	0.735
634.375	0.7366
634.25	0.7358
634.125	0.7358
634.0	0.7358
633.875	0.7405
633.75	0.7405
633.625	0.7374
633.5	0.7405
633.375	0.7405
633.25	0.7405
633.125	0.7413
633.0	0.7437
632.875	0.7405
632.75	0.7437
632.625	0.7452
632.5	0.746
632.375	0.7468
632.25	0.75
632.125	0.75
632.0	0.75
631.875	0.7484
631.75	0.7484
631.625	0.7492
631.5	0.7484
631.375	0.7452
631.25	0.7452
631.125	0.746
631.0	0.7452
630.875	0.7437
630.75	0.7421
630.625	0.7405
630.5	0.7405
630.375	0.7382
630.25	0.7366
630.125	0.7358
630.0	0.7366
629.875	0.7358
629.75	0.7358
629.625	0.7366
629.5	0.7358
629.375	0.7358
629.25	0.7358
629.125	0.7342
629.0	0.7334
628.875	0.7334
628.75	0.7358
628.625	0.7358
628.5	0.7327
628.375	0.7358
628.25	0.7358
628.125	0.7358
628.0	0.7358
627.875	0.7358
627.75	0.7358
627.625	0.7358
627.5	0.7311
627.375	0.7311
627.25	0.7334
627.125	0.7342
627.0	0.7342
626.875	0.7311
626.75	0.7303
626.625	0.7303
626.5	0.7295
626.375	0.7279
626.25	0.7264
626.125	0.7248
626.0	0.7216
625.875	0.7216
625.75	0.7177
625.625	0.7154
625.5	0.7122
625.375	0.7091
625.25	0.7075
625.125	0.7004
625.0	0.6973
624.875	0.6902
624.75	0.6831
624.625	0.6721
624.5	0.6635
624.375	0.6525
624.25	0.6407
624.125	0.6281
624.0	0.6179
623.875	0.6077
623.75	0.599
623.625	0.5919
623.5	0.5849
623.375	0.5801
623.25	0.5801
623.125	0.5801
623.0	0.5801
622.875	0.5794
622.75	0.5762
622.625	0.5731
622.5	0.5754
622.375	0.5715
622.25	0.5707
622.125	0.5707
622.0	0.5707
621.875	0.5683
621.75	0.5699
621.625	0.5707
621.5	0.5699
621.375	0.5691
621.25	0.5683
621.125	0.5676
621.0	0.5707
620.875	0.5707
620.75	0.5762
620.625	0.5786
620.5	0.5801
620.375	0.5849
620.25	0.5896
620.125	0.5943
620.0	0.6014
619.875	0.6061
619.75	0.6132
619.625	0.6202
619.5	0.6273
619.375	0.632
619.25	0.6375
619.125	0.6462
619.0	0.6525
618.875	0.6603
618.75	0.6682
618.625	0.6745
618.5	0.6816
618.375	0.6886
618.25	0.6941
618.125	0.6981
618.0	0.7059
617.875	0.7075
617.75	0.7099
617.625	0.7114
617.5	0.713
617.375	0.7154
617.25	0.7169
617.125	0.7224
617.0	0.7248
616.875	0.7256
616.75	0.7272
616.625	0.7311
616.5	0.7311
616.375	0.7358
616.25	0.7358
616.125	0.7358
616.0	0.7405
615.875	0.7382
615.75	0.7405
615.625	0.7452
615.5	0.7452
615.375	0.7452
615.25	0.7452
615.125	0.746
615.0	0.7476
614.875	0.7476
614.75	0.7476
614.625	0.7452
614.5	0.7492
614.375	0.75
614.25	0.7476
614.125	0.75
614.0	0.7468
613.875	0.75
613.75	0.7468
613.625	0.75
613.5	0.75
613.375	0.75
613.25	0.7507
613.125	0.7484
613.0	0.75
612.875	0.75
612.75	0.75
612.625	0.7523
612.5	0.75
612.375	0.7515
612.25	0.75
612.125	0.7484
612.0	0.7476
611.875	0.7492
611.75	0.7492
611.625	0.7452
611.5	0.7476
611.375	0.746
611.25	0.7452
611.125	0.7452
611.0	0.7437
610.875	0.7421
610.75	0.7421
610.625	0.7389
610.5	0.7334
610.375	0.7342
610.25	0.7311
610.125	0.7272
610.0	0.7264
609.875	0.7232
609.75	0.7216
609.625	0.7169
609.5	0.7161
609.375	0.7114
609.25	0.7106
609.125	0.7075
609.0	0.7075
608.875	0.7059
608.75	0.7028
608.625	0.7028
608.5	0.702
608.375	0.7028
608.25	0.7028
608.125	0.7044
608.0	0.7036
607.875	0.7044
607.75	0.7075
607.625	0.7075
607.5	0.7083
607.375	0.7122
607.25	0.7122
607.125	0.7106
607.0	0.7138
606.875	0.7122
606.75	0.7122
606.625	0.7122
606.5	0.7169
606.375	0.7138
606.25	0.7122
606.125	0.7154
606.0	0.7154
605.875	0.7138
605.75	0.7146
605.625	0.7146
605.5	0.713
605.375	0.7146
605.25	0.713
605.125	0.7122
605.0	0.7154
604.875	0.7146
604.75	0.7138
604.625	0.7122
604.5	0.7138
604.375	0.7154
604.25	0.7161
604.125	0.7154
604.0	0.7169
603.875	0.7169
603.75	0.7169
603.625	0.7169
603.5	0.7169
603.375	0.7169
603.25	0.7154
603.125	0.7169
603.0	0.7169
602.875	0.7169
602.75	0.7154
602.625	0.7169
602.5	0.7169
602.375	0.7138
602.25	0.7138
602.125	0.7169
602.0	0.7146
601.875	0.713
601.75	0.7146
601.625	0.7122
601.5	0.7161
601.375	0.7122
601.25	0.7122
601.125	0.7154
601.0	0.7114
600.875	0.7122
600.75	0.7122
600.625	0.7122
600.5	0.7122
600.375	0.7106
600.25	0.7075
600.125	0.7075
600.0	0.7028
599.875	0.7028
599.75	0.7012
599.625	0.7012
599.5	0.6988
599.375	0.6981
599.25	0.6981
599.125	0.6981
599.0	0.6965
598.875	0.6957
598.75	0.6933
598.625	0.6933
598.5	0.6918
598.375	0.6886
598.25	0.6886
598.125	0.6863
598.0	0.6871
597.875	0.6839
597.75	0.6808
597.625	0.6792
597.5	0.6776
597.375	0.6776
597.25	0.6745
597.125	0.6761
597.0	0.6761
596.875	0.6761
596.75	0.6792
596.625	0.6792
596.5	0.6792
596.375	0.6792
596.25	0.6792
596.125	0.6792
596.0	0.6792
595.875	0.6792
595.75	0.6792
595.625	0.68
595.5	0.6839
595.375	0.6823
595.25	0.6839
595.125	0.6863
595.0	0.6878
594.875	0.6886
594.75	0.6886
594.625	0.6918
594.5	0.6933
594.375	0.6933
594.25	0.6933
594.125	0.6933
594.0	0.6941
593.875	0.6941
593.75	0.6957
593.625	0.6981
593.5	0.6996
593.375	0.6996
593.25	0.7028
593.125	0.7067
593.0	0.7067
592.875	0.7051
592.75	0.7075
592.625	0.7083
592.5	0.7075
592.375	0.7114
592.25	0.7099
592.125	0.7122
592.0	0.7114
591.875	0.7091
591.75	0.7075
591.625	0.7075
591.5	0.7075
591.375	0.7075
591.25	0.7091
591.125	0.7075
591.0	0.7075
590.875	0.7075
590.75	0.7067
590.625	0.7028
590.5	0.7028
590.375	0.7028
590.25	0.7004
590.125	0.6981
590.0	0.6981
589.875	0.6981
589.75	0.6965
589.625	0.6933
589.5	0.6933
589.375	0.6933
589.25	0.691
589.125	0.6918
589.0	0.6886
588.875	0.6886
588.75	0.6886
588.625	0.6855
588.5	0.6878
588.375	0.6886
588.25	0.6847
588.125	0.6847
588.0	0.6839
587.875	0.6847
587.75	0.6839
587.625	0.6808
587.5	0.68
587.375	0.6808
587.25	0.68
587.125	0.6792
587.0	0.6792
586.875	0.6753
586.75	0.6792
586.625	0.6745
586.5	0.6753
586.375	0.6745
586.25	0.6761
586.125	0.6745
586.0	0.6768
585.875	0.6745
585.75	0.6761
585.625	0.6745
585.5	0.6745
585.375	0.6745
585.25	0.6745
585.125	0.6792
585.0	0.6745
584.875	0.6761
584.75	0.6761
584.625	0.6792
584.5	0.6792
584.375	0.6792
584.25	0.6792
584.125	0.6792
584.0	0.6808
583.875	0.6839
583.75	0.6831
583.625	0.6839
583.5	0.6839
583.375	0.6839
583.25	0.6839
583.125	0.6886
583.0	0.6886
582.875	0.6878
582.75	0.6886
582.625	0.6886
582.5	0.6894
582.375	0.6886
582.25	0.6933
582.125	0.6926
582.0	0.6941
581.875	0.6933
581.75	0.6981
581.625	0.6981
581.5	0.702
581.375	0.7059
581.25	0.7106
581.125	0.7122
581.0	0.7169
580.875	0.7169
580.75	0.7169
580.625	0.7177
580.5	0.7177
580.375	0.7169
580.25	0.7169
580.125	0.7169
580.0	0.7177
579.875	0.7146
579.75	0.7154
579.625	0.7154
579.5	0.7122
579.375	0.7083
579.25	0.7083
579.125	0.7067
579.0	0.7044
578.875	0.7036
578.75	0.7028
578.625	0.7012
578.5	0.7028
578.375	0.702
578.25	0.702
578.125	0.7028
578.0	0.702
577.875	0.7012
577.75	0.7004
577.625	0.6988
577.5	0.6988
577.375	0.6981
577.25	0.6988
577.125	0.6988
577.0	0.7004
576.875	0.6988
576.75	0.6981
576.625	0.6981
576.5	0.6981
576.375	0.6981
576.25	0.6996
576.125	0.6981
576.0	0.6981
575.875	0.6981
575.75	0.6973
575.625	0.6957
575.5	0.6981
575.375	0.6957
575.25	0.6941
575.125	0.6981
575.0	0.6981
574.875	0.6941
574.75	0.6949
574.625	0.6957
574.5	0.6941
574.375	0.6957
574.25	0.6957
574.125	0.6933
574.0	0.6933
573.875	0.6949
573.75	0.6933
573.625	0.6933
573.5	0.6933
573.375	0.691
573.25	0.6933
573.125	0.6933
573.0	0.6933
572.875	0.6933
572.75	0.6894
572.625	0.6918
572.5	0.6918
572.375	0.6933
572.25	0.691
572.125	0.6933
572.0	0.6933
571.875	0.6933
571.75	0.6933
571.625	0.6933
571.5	0.6918
571.375	0.6918
571.25	0.691
571.125	0.6886
571.0	0.6886
570.875	0.6886
570.75	0.6886
570.625	0.691
570.5	0.6886
570.375	0.6933
570.25	0.691
570.125	0.6926
570.0	0.6902
569.875	0.6933
569.75	0.6886
569.625	0.6926
569.5	0.6902
569.375	0.691
569.25	0.6933
569.125	0.6918
569.0	0.6933
568.875	0.6933
568.75	0.6965
568.625	0.6949
568.5	0.6973
568.375	0.6973
568.25	0.6933
568.125	0.6973
568.0	0.6981
567.875	0.6981
567.75	0.6973
567.625	0.6981
567.5	0.6965
567.375	0.6933
567.25	0.6933
567.125	0.6941
567.0	0.6933
566.875	0.6965
566.75	0.6981
566.625	0.6981
566.5	0.6981
566.375	0.6981
566.25	0.6996
566.125	0.7012
566.0	0.7028
565.875	0.6996
565.75	0.6981
565.625	0.6996
565.5	0.7004
565.375	0.6988
565.25	0.6981
565.125	0.6965
565.0	0.6941
564.875	0.6941
564.75	0.6933
564.625	0.6926
564.5	0.6933
564.375	0.6933
564.25	0.6933
564.125	0.6933
564.0	0.6933
563.875	0.6949
563.75	0.6957
563.625	0.6933
563.5	0.6933
563.375	0.6918
563.25	0.6933
563.125	0.6886
563.0	0.6894
562.875	0.6878
562.75	0.6831
562.625	0.6839
562.5	0.6808
562.375	0.6792
562.25	0.6784
562.125	0.6745
562.0	0.6745
561.875	0.6698
561.75	0.6698
561.625	0.6698
561.5	0.6698
561.375	0.6698
561.25	0.6698
561.125	0.6698
561.0	0.6698
560.875	0.6698
560.75	0.6698
560.625	0.6698
560.5	0.6682
560.375	0.665
560.25	0.6698
560.125	0.669
560.0	0.6698
559.875	0.6698
559.75	0.6698
559.625	0.6698
559.5	0.6682
559.375	0.669
559.25	0.6674
559.125	0.6698
559.0	0.669
558.875	0.6698
558.75	0.669
558.625	0.6698
558.5	0.6713
558.375	0.6698
558.25	0.6729
558.125	0.6698
558.0	0.6721
557.875	0.6721
557.75	0.6698
557.625	0.6698
557.5	0.6737
557.375	0.6705
557.25	0.6713
557.125	0.6698
557.0	0.669
556.875	0.669
556.75	0.6674
556.625	0.6658
556.5	0.665
556.375	0.6627
556.25	0.665
556.125	0.6611
556.0	0.6627
555.875	0.6588
555.75	0.6603
555.625	0.6603
555.5	0.658
555.375	0.6595
555.25	0.6588
555.125	0.6595
555.0	0.6588
554.875	0.6595
554.75	0.6603
554.625	0.6619
554.5	0.6611
554.375	0.6603
554.25	0.6603
554.125	0.6603
554.0	0.6603
553.875	0.6603
553.75	0.6603
553.625	0.6627
553.5	0.6627
553.375	0.6635
553.25	0.665
553.125	0.6643
553.0	0.6635
552.875	0.665
552.75	0.665
552.625	0.6635
552.5	0.6658
552.375	0.665
552.25	0.665
552.125	0.6698
552.0	0.6698
551.875	0.6698
551.75	0.6705
551.625	0.6705
551.5	0.6705
551.375	0.6705
551.25	0.6745
551.125	0.6745
551.0	0.6737
550.875	0.6737
550.75	0.6745
550.625	0.6737
550.5	0.6745
550.375	0.6745
550.25	0.6745
550.125	0.6721
550.0	0.6721
549.875	0.6713
549.75	0.6698
549.625	0.6713
549.5	0.6705
549.375	0.6698
549.25	0.6698
549.125	0.6721
549.0	0.6698
548.875	0.6705
548.75	0.6698
548.625	0.6698
548.5	0.6698
548.375	0.6713
548.25	0.6698
548.125	0.6713
548.0	0.6713
547.875	0.6705
547.75	0.6705
547.625	0.669
547.5	0.6713
547.375	0.6721
547.25	0.6705
547.125	0.6713
547.0	0.6721
546.875	0.6737
546.75	0.6745
546.625	0.6721
546.5	0.6745
546.375	0.6721
546.25	0.6745
546.125	0.6753
546.0	0.6753
545.875	0.6753
545.75	0.6761
545.625	0.6745
545.5	0.6753
545.375	0.6745
545.25	0.6753
545.125	0.6737
545.0	0.6745
544.875	0.6737
544.75	0.6745
544.625	0.6721
544.5	0.6745
544.375	0.6737
544.25	0.6745
544.125	0.6745
544.0	0.6745
543.875	0.6745
543.75	0.6737
543.625	0.6745
543.5	0.6721
543.375	0.6745
543.25	0.6745
543.125	0.6761
543.0	0.6784
542.875	0.6776
542.75	0.6776
542.625	0.6792
542.5	0.6792
542.375	0.6792
542.25	0.6792
542.125	0.6792
542.0	0.6776
541.875	0.6792
541.75	0.6784
541.625	0.6792
541.5	0.6792
541.375	0.6784
541.25	0.6753
541.125	0.6784
541.0	0.6753
540.875	0.6753
540.75	0.6745
540.625	0.6745
540.5	0.6761
540.375	0.6745
540.25	0.6745
540.125	0.6745
540.0	0.6768
539.875	0.6753
539.75	0.6745
539.625	0.6776
539.5	0.6792
539.375	0.6768
539.25	0.6784
539.125	0.6792
539.0	0.6792
538.875	0.6792
538.75	0.6839
538.625	0.6831
538.5	0.6839
538.375	0.6855
538.25	0.6855
538.125	0.6878
538.0	0.6886
537.875	0.6878
537.75	0.6886
537.625	0.6863
537.5	0.6855
537.375	0.6863
537.25	0.6847
537.125	0.6839
537.0	0.6816
536.875	0.6792
536.75	0.6768
536.625	0.6753
536.5	0.6761
536.375	0.6761
536.25	0.6784
536.125	0.6784
536.0	0.6792
535.875	0.6839
535.75	0.6855
535.625	0.6871
535.5	0.6902
535.375	0.6886
535.25	0.6902
535.125	0.6894
535.0	0.6839
534.875	0.6792
534.75	0.6753
534.625	0.6721
534.5	0.6698
534.375	0.6674
534.25	0.665
534.125	0.6643
534.0	0.6635
533.875	0.6611
533.75	0.6595
533.625	0.6556
533.5	0.6533
533.375	0.6509
533.25	0.6462
533.125	0.6462
533.0	0.6438
532.875	0.6415
532.75	0.6367
532.625	0.6336
532.5	0.632
532.375	0.6242
532.25	0.6226
532.125	0.6147
532.0	0.6108
531.875	0.6037
531.75	0.6014
531.625	0.599
531.5	0.5959
531.375	0.5911
531.25	0.588
531.125	0.5833
531.0	0.5809
530.875	0.5786
530.75	0.5778
530.625	0.5754
530.5	0.5754
530.375	0.5762
530.25	0.5762
530.125	0.577
530.0	0.5833
529.875	0.5817
529.75	0.5896
529.625	0.5896
529.5	0.5943
529.375	0.5982
529.25	0.6006
529.125	0.6045
529.0	0.6108
528.875	0.6147
528.75	0.6179
528.625	0.6226
528.5	0.6242
528.375	0.6297
528.25	0.632
528.125	0.636
528.0	0.6367
527.875	0.6446
527.75	0.6462
527.625	0.6509
527.5	0.6525
527.375	0.6603
527.25	0.6603
527.125	0.6611
527.0	0.665
526.875	0.665
526.75	0.665
526.625	0.6682
526.5	0.6682
526.375	0.6698
526.25	0.6705
526.125	0.6729
526.0	0.6745
525.875	0.6721
525.75	0.6745
525.625	0.6745
525.5	0.6753
525.375	0.6745
525.25	0.6768
525.125	0.6776
525.0	0.6768
524.875	0.6792
524.75	0.6792
524.625	0.6792
524.5	0.6792
524.375	0.6792
524.25	0.6823
524.125	0.6823
524.0	0.6831
523.875	0.6839
523.75	0.6839
523.625	0.6839
523.5	0.6847
523.375	0.6839
523.25	0.6855
523.125	0.6878
523.0	0.6886
522.875	0.6886
522.75	0.6886
522.625	0.6886
522.5	0.6886
522.375	0.6886
522.25	0.6886
522.125	0.6886
522.0	0.6886
521.875	0.6918
521.75	0.691
521.625	0.6894
521.5	0.6886
521.375	0.6886
521.25	0.6878
521.125	0.6863
521.0	0.6878
520.875	0.6847
520.75	0.6855
520.625	0.6863
520.5	0.6855
520.375	0.6878
520.25	0.6855
520.125	0.6878
520.0	0.6863
519.875	0.6871
519.75	0.6886
519.625	0.6886
519.5	0.6902
519.375	0.6886
519.25	0.6886
519.125	0.6886
519.0	0.6878
518.875	0.6863
518.75	0.6855
518.625	0.6839
518.5	0.6831
518.375	0.6816
518.25	0.6792
518.125	0.6792
518.0	0.6784
517.875	0.6792
517.75	0.6784
517.625	0.6784
517.5	0.6761
517.375	0.6768
517.25	0.6745
517.125	0.6753
517.0	0.6753
516.875	0.6745
516.75	0.6753
516.625	0.6745
516.5	0.6745
516.375	0.6753
516.25	0.6745
516.125	0.6745
516.0	0.6745
515.875	0.6729
515.75	0.6745
515.625	0.6737
515.5	0.6737
515.375	0.6721
515.25	0.6737
515.125	0.6698
515.0	0.6721
514.875	0.6705
514.75	0.6705
514.625	0.6698
514.5	0.6698
514.375	0.6698
514.25	0.6713
514.125	0.6698
514.0	0.6698
513.875	0.6698
513.75	0.6698
513.625	0.6713
513.5	0.6682
513.375	0.6698
513.25	0.669
513.125	0.6698
513.0	0.6682
512.875	0.6682
512.75	0.6682
512.625	0.6658
512.5	0.6674
512.375	0.6698
512.25	0.6698
512.125	0.6682
512.0	0.665
511.875	0.6666
511.75	0.6658
511.625	0.6658
511.5	0.6658
511.375	0.6658
511.25	0.665
511.125	0.669
511.0	0.665
510.875	0.6698
510.75	0.665
510.625	0.6658
510.5	0.6666
510.375	0.6682
510.25	0.6682
510.125	0.665
510.0	0.6666
509.875	0.665
509.75	0.6674
509.625	0.665
509.5	0.6674
509.375	0.665
509.25	0.665
509.125	0.6658
509.0	0.6666
508.875	0.6682
508.75	0.665
508.625	0.665
508.5	0.665
508.375	0.665
508.25	0.665
508.125	0.6658
508.0	0.665
507.875	0.665
507.75	0.6643
507.625	0.665
507.5	0.665
507.375	0.6666
507.25	0.6666
507.125	0.6698
507.0	0.6682
506.875	0.6698
506.75	0.6698
506.625	0.6698
506.5	0.6698
506.375	0.6698
506.25	0.6705
506.125	0.6698
506.0	0.6698
505.875	0.6698
505.75	0.6698
505.625	0.6698
505.5	0.6698
505.375	0.6698
505.25	0.6698
505.125	0.6698
505.0	0.6745
504.875	0.6713
504.75	0.6721
504.625	0.6729
504.5	0.6698
504.375	0.6698
504.25	0.6729
504.125	0.6713
504.0	0.6698
503.875	0.6713
503.75	0.6698
503.625	0.6698
503.5	0.6698
503.375	0.6737
503.25	0.6698
503.125	0.6721
503.0	0.6698
502.875	0.6698
502.75	0.6698
502.625	0.6682
502.5	0.6658
502.375	0.6635
502.25	0.665
502.125	0.6635
502.0	0.6603
501.875	0.6603
501.75	0.6588
501.625	0.6556
501.5	0.6556
501.375	0.6556
501.25	0.6556
501.125	0.6533
501.0	0.6517
500.875	0.6509
500.75	0.6509
500.625	0.6509
500.5	0.6509
500.375	0.6509
500.25	0.6501
500.125	0.6509
500.0	0.6485
499.875	0.6501
499.75	0.6509
499.625	0.6485
499.5	0.6493
499.375	0.6477
499.25	0.6462
499.125	0.6485
499.0	0.6462
498.875	0.6485
498.75	0.6493
498.625	0.6462
498.5	0.6462
498.375	0.6462
498.25	0.6454
498.125	0.6454
498.0	0.6454
497.875	0.643
497.75	0.6415
497.625	0.6422
497.5	0.6415
497.375	0.6399
497.25	0.6415
497.125	0.6415
497.0	0.6415
496.875	0.6446
496.75	0.6415
496.625	0.6438
496.5	0.6415
496.375	0.6446
496.25	0.6415
496.125	0.6415
496.0	0.6407
495.875	0.6415
495.75	0.6375
495.625	0.6367
495.5	0.6367
495.375	0.6328
495.25	0.632
495.125	0.6281
495.0	0.6265
494.875	0.6226
494.75	0.621
494.625	0.6179
494.5	0.6179
494.375	0.6202
494.25	0.6194
494.125	0.621
494.0	0.6187
493.875	0.621
493.75	0.6226
493.625	0.6226
493.5	0.6234
493.375	0.6273
493.25	0.6273
493.125	0.625
493.0	0.6257
492.875	0.6273
492.75	0.6273
492.625	0.6273
492.5	0.6226
492.375	0.6226
492.25	0.6226
492.125	0.6218
492.0	0.6202
491.875	0.6226
491.75	0.6179
491.625	0.6202
491.5	0.6179
491.375	0.6187
491.25	0.6163
491.125	0.6132
491.0	0.6132
490.875	0.6132
490.75	0.6171
490.625	0.6179
490.5	0.6202
490.375	0.6226
490.25	0.625
490.125	0.6265
490.0	0.6312
489.875	0.632
489.75	0.6336
489.625	0.6383
489.5	0.6415
489.375	0.6438
489.25	0.6454
489.125	0.6501
489.0	0.6517
488.875	0.6556
488.75	0.6564
488.625	0.6619
488.5	0.665
488.375	0.6698
488.25	0.6745
488.125	0.6792
488.0	0.6823
487.875	0.6839
487.75	0.6886
487.625	0.691
487.5	0.6957
487.375	0.6981
487.25	0.7012
487.125	0.7036
487.0	0.7075
486.875	0.7075
486.75	0.7091
486.625	0.7122
486.5	0.7122
486.375	0.7122
486.25	0.7138
486.125	0.7169
486.0	0.7169
485.875	0.7185
485.75	0.7209
485.625	0.7201
485.5	0.7209
485.375	0.7216
485.25	0.7232
485.125	0.7216
485.0	0.7216
484.875	0.7216
484.75	0.7216
484.625	0.7224
484.5	0.7216
484.375	0.7216
484.25	0.724
484.125	0.7216
484.0	0.724
483.875	0.7216
483.75	0.7216
483.625	0.7216
483.5	0.7216
483.375	0.7216
483.25	0.7216
483.125	0.7232
483.0	0.7216
482.875	0.7216
482.75	0.7216
482.625	0.7216
482.5	0.7264
482.375	0.7216
482.25	0.7216
482.125	0.7216
482.0	0.7216
481.875	0.7216
481.75	0.7209
481.625	0.7216
481.5	0.7216
481.375	0.7216
481.25	0.7216
481.125	0.7209
481.0	0.7201
480.875	0.7185
480.75	0.7201
480.625	0.7193
480.5	0.7209
480.375	0.7216
480.25	0.7216
480.125	0.7216
480.0	0.7216
479.875	0.7209
479.75	0.7193
479.625	0.7216
479.5	0.7209
479.375	0.7216
479.25	0.7185
479.125	0.7201
479.0	0.7209
478.875	0.7193
478.75	0.7216
478.625	0.7216
478.5	0.7209
478.375	0.7216
478.25	0.7216
478.125	0.7216
478.0	0.7209
477.875	0.7216
477.75	0.7201
477.625	0.7209
477.5	0.7216
477.375	0.7209
477.25	0.7209
477.125	0.7209
477.0	0.7177
476.875	0.7169
476.75	0.7177
476.625	0.7185
476.5	0.7193
476.375	0.7185
476.25	0.7177
476.125	0.7169
476.0	0.7169
475.875	0.7169
475.75	0.7169
475.625	0.7161
475.5	0.7154
475.375	0.7169
475.25	0.7138
475.125	0.7161
475.0	0.713
474.875	0.7138
474.75	0.7154
474.625	0.7146
474.5	0.7154
474.375	0.7169
474.25	0.7161
474.125	0.7169
474.0	0.7161
473.875	0.7169
473.75	0.7169
473.625	0.7169
473.5	0.7169
473.375	0.7161
473.25	0.7169
473.125	0.7154
473.0	0.7169
472.875	0.7169
472.75	0.7161
472.625	0.7154
472.5	0.7169
472.375	0.7169
472.25	0.7169
472.125	0.7169
472.0	0.7169
471.875	0.7169
471.75	0.7161
471.625	0.7169
471.5	0.7154
471.375	0.7177
471.25	0.7169
471.125	0.7169
471.0	0.7169
470.875	0.7169
470.75	0.7169
470.625	0.7169
470.5	0.7169
470.375	0.7193
470.25	0.7169
470.125	0.7177
470.0	0.7177
469.875	0.7169
469.75	0.7169
469.625	0.7169
469.5	0.7185
469.375	0.7185
469.25	0.7185
469.125	0.7169
469.0	0.7169
468.875	0.7177
468.75	0.7185
468.625	0.7169
468.5	0.7169
468.375	0.7177
468.25	0.7169
468.125	0.7193
468.0	0.7177
467.875	0.7169
467.75	0.7177
467.625	0.7177
467.5	0.7169
467.375	0.7185
467.25	0.7169
467.125	0.7177
467.0	0.7193
466.875	0.7169
466.75	0.7216
466.625	0.7193
466.5	0.7224
466.375	0.7177
466.25	0.7209
466.125	0.7216
466.0	0.7216
465.875	0.7224
465.75	0.7216
465.625	0.7216
465.5	0.724
465.375	0.7216
465.25	0.7216
465.125	0.724
465.0	0.7216
464.875	0.7216
464.75	0.7224
464.625	0.7216
464.5	0.7248
464.375	0.7248
464.25	0.7232
464.125	0.724
464.0	0.7216
463.875	0.7224
463.75	0.7209
463.625	0.7216
463.5	0.7216
463.375	0.7216
463.25	0.7216
463.125	0.7216
463.0	0.7224
462.875	0.7248
462.75	0.724
462.625	0.7256
462.5	0.7264
462.375	0.7264
462.25	0.7264
462.125	0.7279
462.0	0.7303
461.875	0.7287
461.75	0.7311
461.625	0.7287
461.5	0.7303
461.375	0.7311
461.25	0.7272
461.125	0.7311
461.0	0.7311
460.875	0.7311
460.75	0.7311
460.625	0.7303
460.5	0.7311
460.375	0.7303
460.25	0.7303
460.125	0.7311
460.0	0.7342
459.875	0.7319
459.75	0.7311
459.625	0.735
459.5	0.7342
459.375	0.7311
459.25	0.7311
459.125	0.7334
459.0	0.7311
458.875	0.7319
458.75	0.7319
458.625	0.7334
458.5	0.735
458.375	0.7311
458.25	0.7319
458.125	0.7311
458.0	0.7327
457.875	0.7334
457.75	0.7319
457.625	0.7327
457.5	0.735
457.375	0.7334
457.25	0.7311
457.125	0.7334
457.0	0.7311
456.875	0.7311
456.75	0.7327
456.625	0.7327
456.5	0.7327
456.375	0.7311
456.25	0.7342
456.125	0.7311
456.0	0.7334
455.875	0.7327
455.75	0.7342
455.625	0.7319
455.5	0.7358
455.375	0.7319
455.25	0.7342
455.125	0.735
455.0	0.7358
454.875	0.7342
454.75	0.7358
454.625	0.7358
454.5	0.735
454.375	0.7334
454.25	0.7358
454.125	0.7311
454.0	0.735
453.875	0.735
453.75	0.7342
453.625	0.7342
453.5	0.7358
453.375	0.7358
453.25	0.7327
453.125	0.7358
453.0	0.7358
452.875	0.7327
452.75	0.735
452.625	0.7366
452.5	0.7334
452.375	0.7358
452.25	0.735
452.125	0.7358
452.0	0.7358
451.875	0.735
451.75	0.735
451.625	0.735
451.5	0.7358
451.375	0.7358
451.25	0.7334
451.125	0.7334
451.0	0.735
450.875	0.7358
450.75	0.7358
450.625	0.7334
450.5	0.7342
450.375	0.7311
450.25	0.735
450.125	0.7334
450.0	0.7342
449.875	0.7334
449.75	0.735
449.625	0.7342
449.5	0.7342
449.375	0.7319
449.25	0.7319
449.125	0.7334
449.0	0.7311
448.875	0.7327
448.75	0.7334
448.625	0.7358
448.5	0.7358
448.375	0.7358
448.25	0.7358
448.125	0.7374
448.0	0.7358
447.875	0.7366
447.75	0.7389
447.625	0.7374
447.5	0.735
447.375	0.7358
447.25	0.735
447.125	0.7358
447.0	0.7342
446.875	0.7334
446.75	0.7342
446.625	0.7311
446.5	0.7311
446.375	0.7295
446.25	0.7279
446.125	0.7264
446.0	0.7264
445.875	0.7303
445.75	0.7264
445.625	0.7264
445.5	0.7311
445.375	0.7264
445.25	0.7264
445.125	0.7264
445.0	0.7264
444.875	0.7303
444.75	0.7272
444.625	0.7295
444.5	0.7272
444.375	0.7303
444.25	0.7311
444.125	0.7311
444.0	0.7272
443.875	0.7311
443.75	0.7319
443.625	0.7311
443.5	0.7319
443.375	0.735
443.25	0.7311
443.125	0.735
443.0	0.7358
442.875	0.735
442.75	0.7358
442.625	0.735
442.5	0.7358
442.375	0.7366
442.25	0.7382
442.125	0.7358
442.0	0.7358
441.875	0.7382
441.75	0.7358
441.625	0.7382
441.5	0.735
441.375	0.7358
441.25	0.7366
441.125	0.7358
441.0	0.7374
440.875	0.7405
440.75	0.7389
440.625	0.7374
440.5	0.7374
440.375	0.7374
440.25	0.7389
440.125	0.7405
440.0	0.7397
439.875	0.7405
439.75	0.7374
439.625	0.7382
439.5	0.7382
439.375	0.7382
439.25	0.7397
439.125	0.7374
439.0	0.7374
438.875	0.7405
438.75	0.7366
438.625	0.7358
438.5	0.7382
438.375	0.7374
438.25	0.7389
438.125	0.7382
438.0	0.7405
437.875	0.7405
437.75	0.7405
437.625	0.7405
437.5	0.7405
437.375	0.7405
437.25	0.7405
437.125	0.7444
437.0	0.7437
436.875	0.7421
436.75	0.7421
436.625	0.7429
436.5	0.7413
436.375	0.7413
436.25	0.7437
436.125	0.7405
436.0	0.7405
435.875	0.7405
435.75	0.7405
435.625	0.7429
435.5	0.7405
435.375	0.7405
435.25	0.7405
435.125	0.7405
435.0	0.7437
434.875	0.7405
434.75	0.7405
434.625	0.7421
434.5	0.7405
434.375	0.7405
434.25	0.7413
434.125	0.7421
434.0	0.7413
433.875	0.7413
433.75	0.7405
433.625	0.7421
433.5	0.7405
433.375	0.7437
433.25	0.7429
433.125	0.7429
433.0	0.7444
432.875	0.7437
432.75	0.7405
432.625	0.7405
432.5	0.7429
432.375	0.7429
432.25	0.7421
432.125	0.7452
432.0	0.7444
431.875	0.7437
431.75	0.7444
431.625	0.7444
431.5	0.7444
431.375	0.7452
431.25	0.7452
431.125	0.7452
431.0	0.7452
430.875	0.7452
430.75	0.7452
430.625	0.75
430.5	0.7476
430.375	0.7476
430.25	0.75
430.125	0.75
430.0	0.7507
429.875	0.7547
429.75	0.7586
429.625	0.7633
429.5	0.7704
429.375	0.7798
429.25	0.783
429.125	0.7877
429.0	0.7885
428.875	0.7877
428.75	0.7877
428.625	0.7877
428.5	0.7853
428.375	0.7853
428.25	0.783
428.125	0.783
428.0	0.7798
427.875	0.7767
427.75	0.7735
427.625	0.7649
427.5	0.7594
427.375	0.7547
427.25	0.7515
427.125	0.7452
427.0	0.7468
426.875	0.7452
426.75	0.7452
426.625	0.7452
426.5	0.7452
426.375	0.7452
426.25	0.7452
426.125	0.7452
426.0	0.7452
425.875	0.7452
425.75	0.7444
425.625	0.7452
425.5	0.7452
425.375	0.7437
425.25	0.7437
425.125	0.7452
425.0	0.7452
424.875	0.7452
424.75	0.7452
424.625	0.7476
424.5	0.7452
424.375	0.746
424.25	0.7452
424.125	0.7468
424.0	0.7452
423.875	0.7452
423.75	0.746
423.625	0.7452
423.5	0.7468
423.375	0.7452
423.25	0.7492
423.125	0.7468
423.0	0.7492
422.875	0.746
422.75	0.7484
422.625	0.7476
422.5	0.75
422.375	0.746
422.25	0.7452
422.125	0.7476
422.0	0.7468
421.875	0.7452
421.75	0.746
421.625	0.7476
421.5	0.7468
421.375	0.7452
421.25	0.7484
421.125	0.7452
421.0	0.746
420.875	0.7452
420.75	0.746
420.625	0.7484
420.5	0.7452
420.375	0.746
420.25	0.7452
420.125	0.746
420.0	0.75
419.875	0.75
419.75	0.7492
419.625	0.7484
419.5	0.746
419.375	0.7476
419.25	0.7484
419.125	0.75
419.0	0.746
418.875	0.7484
418.75	0.7492
418.625	0.75
418.5	0.7484
418.375	0.7468
418.25	0.75
418.125	0.75
418.0	0.75
417.875	0.75
417.75	0.7507
417.625	0.75
417.5	0.75
417.375	0.75
417.25	0.75
417.125	0.7523
417.0	0.7507
416.875	0.7515
416.75	0.7523
416.625	0.7531
416.5	0.7523
416.375	0.7531
416.25	0.7515
416.125	0.7562
416.0	0.7507
415.875	0.7547
415.75	0.7531
415.625	0.7539
415.5	0.7547
415.375	0.7562
415.25	0.7578
415.125	0.7586
415.0	0.7586
414.875	0.7594
414.75	0.7594
414.625	0.7625
414.5	0.761
414.375	0.7602
414.25	0.7633
414.125	0.7641
414.0	0.7594
413.875	0.7617
413.75	0.761
413.625	0.7594
413.5	0.7594
413.375	0.7594
413.25	0.7594
413.125	0.7625
413.0	0.7641
412.875	0.7641
412.75	0.768
412.625	0.768
412.5	0.7688
412.375	0.7704
412.25	0.7735
412.125	0.7814
412.0	0.7877
411.875	0.7948
411.75	0.8026
411.625	0.8058
411.5	0.8105
411.375	0.8066
411.25	0.8066
411.125	0.805
411.0	0.8018
410.875	0.7979
410.75	0.7971
410.625	0.7932
410.5	0.7932
410.375	0.7861
410.25	0.783
410.125	0.7743
410.0	0.7657
409.875	0.7602
409.75	0.757
409.625	0.7547
409.5	0.7523
409.375	0.7507
409.25	0.7507
409.125	0.7507
409.0	0.7515
408.875	0.7515
408.75	0.7547
408.625	0.7547
408.5	0.7594
408.375	0.761
408.25	0.761
408.125	0.7641
408.0	0.7602
407.875	0.7633
407.75	0.7594
407.625	0.7586
407.5	0.7555
407.375	0.7594
407.25	0.7547
407.125	0.7547
407.0	0.7531
406.875	0.7507
406.75	0.7452
406.625	0.7452
406.5	0.7421
406.375	0.7405
406.25	0.7405
406.125	0.7452
406.0	0.75
405.875	0.7547
405.75	0.7625
405.625	0.7688
405.5	0.7775
405.375	0.783
405.25	0.79
405.125	0.7971
405.0	0.8018
404.875	0.8081
404.75	0.8207
404.625	0.8356
404.5	0.8553
404.375	0.8742
404.25	0.8867
404.125	0.893
404.0	0.8962
403.875	0.8922
403.75	0.8867
403.625	0.8812
403.5	0.8773
403.375	0.8726
403.25	0.8663
403.125	0.8592
403.0	0.8529
402.875	0.8396
402.75	0.8286
402.625	0.8113
402.5	0.7948
402.375	0.779
402.25	0.7672
402.125	0.7641
402.0	0.7562
401.875	0.7547
401.75	0.7523
401.625	0.7515
401.5	0.75
401.375	0.75
401.25	0.75
401.125	0.7507
401.0	0.7492
400.875	0.75
400.75	0.75
400.625	0.75
400.5	0.7492
400.375	0.7492
400.25	0.7492
400.125	0.75
400.0	0.75
399.875	0.75
399.75	0.7515
399.625	0.75
399.5	0.7515
399.375	0.7539
399.25	0.7547
399.125	0.7594
399.0	0.7641
398.875	0.7712
398.75	0.7845
398.625	0.8066
398.5	0.8333
398.375	0.8702
398.25	0.9009
398.125	0.93
398.0	0.9496
397.875	0.9606
397.75	0.9701
397.625	0.9748
397.5	0.9811
397.375	0.9811
397.25	0.9834
397.125	0.9787
397.0	0.9748
396.875	0.9614
396.75	0.9457
396.625	0.9205
396.5	0.8954
396.375	0.871
396.25	0.8514
396.125	0.8349
396.0	0.8286
395.875	0.8191
395.75	0.8113
395.625	0.8042
395.5	0.7987
395.375	0.7948
395.25	0.7924
395.125	0.7924
395.0	0.794
394.875	0.7948
394.75	0.7979
394.625	0.8042
394.5	0.8152
394.375	0.8309
394.25	0.8435
394.125	0.8592
394.0	0.8655
393.875	0.8679
393.75	0.8687
393.625	0.8679
393.5	0.8663
393.375	0.8624
393.25	0.8577
393.125	0.8545
393.0	0.8498
392.875	0.8404
392.75	0.8333
392.625	0.8215
392.5	0.8066
392.375	0.794
392.25	0.7853
392.125	0.7783
392.0	0.7735
391.875	0.7735
391.75	0.7735
391.625	0.7727
391.5	0.7704
391.375	0.7712
391.25	0.7735
391.125	0.7727
391.0	0.7712
390.875	0.772
390.75	0.7712
390.625	0.7735
390.5	0.7735
390.375	0.7735
390.25	0.7735
390.125	0.7751
390.0	0.7735
389.875	0.7751
389.75	0.7735
389.625	0.779
389.5	0.7775
389.375	0.7759
389.25	0.7767
389.125	0.7759
389.0	0.7783
388.875	0.7783
388.75	0.7735
388.625	0.7735
388.5	0.7735
388.375	0.772
388.25	0.772
388.125	0.7735
388.0	0.7735
387.875	0.7712
387.75	0.7712
387.625	0.7696
387.5	0.7712
387.375	0.7688
387.25	0.7688
387.125	0.7688
387.0	0.7688
386.875	0.7704
386.75	0.7696
386.625	0.772
386.5	0.7688
386.375	0.7696
386.25	0.7688
386.125	0.7735
386.0	0.7727
385.875	0.7727
385.75	0.7696
385.625	0.7735
385.5	0.7688
385.375	0.7727
385.25	0.7696
385.125	0.7727
385.0	0.7735
384.875	0.7735
384.75	0.7735
384.625	0.7735
384.5	0.7743
384.375	0.7775
384.25	0.7775
384.125	0.7775
384.0	0.7775
383.875	0.7783
383.75	0.7783
383.625	0.7783
383.5	0.7798
383.375	0.783
383.25	0.7877
383.125	0.7885
383.0	0.7932
382.875	0.7948
382.75	0.7971
382.625	0.7971
382.5	0.7979
382.375	0.7971
382.25	0.7963
382.125	0.7963
382.0	0.7955
381.875	0.7955
381.75	0.7932
381.625	0.7908
381.5	0.79
381.375	0.7877
381.25	0.783
381.125	0.7822
381.0	0.7783
380.875	0.7767
380.75	0.7783
380.625	0.7783
380.5	0.7759
380.375	0.7783
380.25	0.7806
380.125	0.7822
380.0	0.783
379.875	0.783
379.75	0.783
379.625	0.7877
379.5	0.7877
379.375	0.7885
379.25	0.7877
379.125	0.79
379.0	0.7877
378.875	0.7893
378.75	0.7885
378.625	0.7877
378.5	0.7877
378.375	0.7861
378.25	0.783
378.125	0.7838
378.0	0.7861
377.875	0.783
377.75	0.7838
377.625	0.783
377.5	0.783
377.375	0.783
377.25	0.783
377.125	0.783
377.0	0.783
376.875	0.783
376.75	0.783
376.625	0.783
376.5	0.783
376.375	0.7838
376.25	0.7838
376.125	0.7845
376.0	0.7853
375.875	0.783
375.75	0.7845
375.625	0.7869
375.5	0.7861
375.375	0.7877
375.25	0.7877
375.125	0.7885
375.0	0.7877
374.875	0.7908
374.75	0.7924
374.625	0.7924
374.5	0.7924
374.375	0.7916
374.25	0.7924
374.125	0.7924
374.0	0.7971
373.875	0.7971
373.75	0.7971
373.625	0.8018
373.5	0.8026
373.375	0.8066
373.25	0.8081
373.125	0.8113
373.0	0.8097
372.875	0.8105
372.75	0.8105
372.625	0.8113
372.5	0.8081
372.375	0.8073
372.25	0.8066
372.125	0.8066
372.0	0.8018
371.875	0.8018
371.75	0.7987
371.625	0.7948
371.5	0.7924
371.375	0.7877
371.25	0.7877
371.125	0.7877
371.0	0.7853
370.875	0.7845
370.75	0.7861
370.625	0.7845
370.5	0.7861
370.375	0.7877
370.25	0.7877
370.125	0.7869
370.0	0.7877
369.875	0.7885
369.75	0.7877
369.625	0.7877
369.5	0.7885
369.375	0.79
369.25	0.79
369.125	0.7877
369.0	0.7908
368.875	0.7908
368.75	0.7893
368.625	0.7924
368.5	0.7908
368.375	0.7908
368.25	0.7893
368.125	0.7924
368.0	0.7924
367.875	0.7916
367.75	0.7924
367.625	0.7916
367.5	0.7924
367.375	0.7924
367.25	0.7916
367.125	0.7924
367.0	0.7924
366.875	0.7924
366.75	0.7924
366.625	0.7924
366.5	0.7948
366.375	0.7971
366.25	0.7971
366.125	0.7971
366.0	0.7987
365.875	0.8003
365.75	0.8018
365.625	0.8018
365.5	0.8018
365.375	0.8066
365.25	0.8042
365.125	0.8066
365.0	0.8097
364.875	0.8113
364.75	0.8073
364.625	0.8113
364.5	0.8113
364.375	0.8113
364.25	0.8066
364.125	0.8113
364.0	0.8081
363.875	0.8073
363.75	0.8073
363.625	0.8058
363.5	0.8018
363.375	0.8018
363.25	0.8018
363.125	0.8018
363.0	0.8026
362.875	0.8026
362.75	0.8018
362.625	0.8026
362.5	0.8034
362.375	0.8066
362.25	0.8113
362.125	0.8136
362.0	0.8144
361.875	0.816
361.75	0.816
361.625	0.8176
361.5	0.8207
361.375	0.8191
361.25	0.8191
361.125	0.8215
361.0	0.8207
360.875	0.8231
360.75	0.8207
360.625	0.8231
360.5	0.8246
360.375	0.8207
360.25	0.8199
360.125	0.8207
360.0	0.8207
359.875	0.8231
359.75	0.8223
359.625	0.8238
359.5	0.8207
359.375	0.8207
359.25	0.8207
359.125	0.8183
359.0	0.816
358.875	0.8144
358.75	0.816
358.625	0.8113
358.5	0.8113
358.375	0.8105
358.25	0.8073
358.125	0.8097
358.0	0.8066
357.875	0.8058
357.75	0.8066
357.625	0.8066
357.5	0.8066
357.375	0.8073
357.25	0.8066
357.125	0.8105
357.0	0.8073
356.875	0.8066
356.75	0.8073
356.625	0.8089
356.5	0.8097
356.375	0.8113
356.25	0.8113
356.125	0.8113
356.0	0.8113
355.875	0.8113
355.75	0.8113
355.625	0.8128
355.5	0.8113
355.375	0.8128
355.25	0.816
355.125	0.8144
355.0	0.8121
354.875	0.8136
354.75	0.8121
354.625	0.8136
354.5	0.8121
354.375	0.8136
354.25	0.8128
354.125	0.8113
354.0	0.8136
353.875	0.8121
353.75	0.8128
353.625	0.8113
353.5	0.8113
353.375	0.8113
353.25	0.8128
353.125	0.8152
353.0	0.8128
352.875	0.8113
352.75	0.8144
352.625	0.816
352.5	0.816
352.375	0.816
352.25	0.8183
352.125	0.8191
352.0	0.8183
351.875	0.8207
351.75	0.8207
351.625	0.8223
351.5	0.8223
351.375	0.8246
351.25	0.8246
351.125	0.8254
351.0	0.8254
350.875	0.8246
350.75	0.8254
350.625	0.8254
350.5	0.8254
350.375	0.8254
350.25	0.8246
350.125	0.8254
350.0	0.8254
349.875	0.8231
349.75	0.8231
349.625	0.8231
349.5	0.8215
349.375	0.8199
349.25	0.8215
349.125	0.8207
349.0	0.8215
348.875	0.8223
348.75	0.8231
348.625	0.8207
348.5	0.8238
348.375	0.8254
348.25	0.8254
348.125	0.8254
348.0	0.8254
347.875	0.8278
347.75	0.8286
347.625	0.8301
347.5	0.8317
347.375	0.8325
347.25	0.8317
347.125	0.8349
347.0	0.8349
346.875	0.838
346.75	0.8396
346.625	0.8396
346.5	0.8427
346.375	0.8443
346.25	0.8443
346.125	0.8443
346.0	0.8443
345.875	0.8396
345.75	0.8435
345.625	0.8396
345.5	0.8396
345.375	0.8349
345.25	0.8349
345.125	0.8325
345.0	0.8333
344.875	0.8294
344.75	0.827
344.625	0.8254
344.5	0.8231
344.375	0.8254
344.25	0.8207
344.125	0.8207
344.0	0.8223
343.875	0.8254
343.75	0.8215
343.625	0.8254
343.5	0.8246
343.375	0.8254
343.25	0.8254
343.125	0.8254
343.0	0.8254
342.875	0.8262
342.75	0.8262
342.625	0.8262
342.5	0.827
342.375	0.8286
342.25	0.8301
342.125	0.8325
342.0	0.8309
341.875	0.8325
341.75	0.8301
341.625	0.8301
341.5	0.8341
341.375	0.8309
341.25	0.8325
341.125	0.8325
341.0	0.8301
340.875	0.8301
340.75	0.8301
340.625	0.827
340.5	0.8254
340.375	0.8254
340.25	0.8254
340.125	0.8238
340.0	0.8223
339.875	0.8238
339.75	0.8254
339.625	0.8254
339.5	0.827
339.375	0.8301
339.25	0.8301
339.125	0.8325
339.0	0.8301
338.875	0.8325
338.75	0.8349
338.625	0.8356
338.5	0.8325
338.375	0.8341
338.25	0.8333
338.125	0.8341
338.0	0.8301
337.875	0.8325
337.75	0.8301
337.625	0.8301
337.5	0.8286
337.375	0.8254
337.25	0.8254
337.125	0.8254
337.0	0.8286
336.875	0.8254
336.75	0.8262
336.625	0.8294
336.5	0.8301
336.375	0.8309
336.25	0.8301
336.125	0.8301
336.0	0.8349
335.875	0.8349
335.75	0.8396
335.625	0.8396
335.5	0.8396
335.375	0.8396
335.25	0.8419
335.125	0.8427
335.0	0.8419
334.875	0.8443
334.75	0.849
334.625	0.8482
334.5	0.8506
334.375	0.8514
334.25	0.8537
334.125	0.8537
334.0	0.8569
333.875	0.8561
333.75	0.8561
333.625	0.8577
333.5	0.8537
333.375	0.8537
333.25	0.8537
333.125	0.8498
333.0	0.849
332.875	0.8466
332.75	0.8427
332.625	0.8427
332.5	0.8396
332.375	0.8372
332.25	0.8349
332.125	0.8301
332.0	0.8317
331.875	0.8301
331.75	0.8301
331.625	0.8301
331.5	0.8294
331.375	0.8301
331.25	0.8301
331.125	0.8278
331.0	0.8294
330.875	0.8301
330.75	0.8301
330.625	0.8301
330.5	0.8301
330.375	0.8301
330.25	0.8301
330.125	0.8301
330.0	0.8309
329.875	0.8341
329.75	0.8349
329.625	0.8349
329.5	0.8356
329.375	0.8349
329.25	0.8356
329.125	0.8396
329.0	0.8364
328.875	0.8349
328.75	0.8349
328.625	0.8317
328.5	0.8301
328.375	0.8301
328.25	0.8301
328.125	0.8254
328.0	0.8254
327.875	0.8278
327.75	0.8223
327.625	0.8207
327.5	0.8207
327.375	0.8168
327.25	0.8199
327.125	0.8191
327.0	0.816
326.875	0.8191
326.75	0.8176
326.625	0.8207
326.5	0.816
326.375	0.8176
326.25	0.8168
326.125	0.8176
326.0	0.816
325.875	0.816
325.75	0.816
325.625	0.8168
325.5	0.816
325.375	0.816
325.25	0.8168
325.125	0.8191
325.0	0.816
324.875	0.8168
324.75	0.8191
324.625	0.8191
324.5	0.8207
324.375	0.8207
324.25	0.8199
324.125	0.8207
324.0	0.8207
323.875	0.8223
323.75	0.8207
323.625	0.8191
323.5	0.8231
323.375	0.8231
323.25	0.8254
323.125	0.8246
323.0	0.8231
322.875	0.8254
322.75	0.8254
322.625	0.8246
322.5	0.8262
322.375	0.827
322.25	0.8254
322.125	0.8254
322.0	0.8262
321.875	0.8254
321.75	0.8254
321.625	0.8231
321.5	0.8246
321.375	0.8254
321.25	0.8207
321.125	0.8207
321.0	0.8207
320.875	0.8168
320.75	0.8176
320.625	0.816
320.5	0.816
320.375	0.8121
320.25	0.8113
320.125	0.8066
320.0	0.8066
319.875	0.8026
319.75	0.8042
319.625	0.8026
319.5	0.8018
319.375	0.8066
319.25	0.8034
319.125	0.8066
319.0	0.8066
318.875	0.8097
318.75	0.8113
318.625	0.8144
318.5	0.8176
318.375	0.8207
318.25	0.8207
318.125	0.8254
318.0	0.8254
317.875	0.8254
317.75	0.8301
317.625	0.8301
317.5	0.8301
317.375	0.8309
317.25	0.8301
317.125	0.8301
317.0	0.8262
316.875	0.8301
316.75	0.827
316.625	0.8278
316.5	0.8254
316.375	0.8246
316.25	0.8215
316.125	0.8199
316.0	0.8191
315.875	0.816
315.75	0.8144
315.625	0.8113
315.5	0.8113
315.375	0.8113
315.25	0.8105
315.125	0.8081
315.0	0.8066
314.875	0.8097
314.75	0.8113
314.625	0.8081
314.5	0.8089
314.375	0.8081
314.25	0.8105
314.125	0.8113
314.0	0.8073
313.875	0.8066
313.75	0.8105
313.625	0.805
313.5	0.8066
313.375	0.8066
313.25	0.8026
313.125	0.8066
313.0	0.8066
312.875	0.8066
312.75	0.8066
312.625	0.8066
312.5	0.8058
312.375	0.805
312.25	0.8042
312.125	0.8066
312.0	0.8018
311.875	0.8066
311.75	0.8066
311.625	0.805
311.5	0.8042
311.375	0.8066
311.25	0.8066
311.125	0.8089
311.0	0.8073
310.875	0.8081
310.75	0.8081
310.625	0.8097
310.5	0.8089
310.375	0.8113
310.25	0.8105
310.125	0.8113
310.0	0.8113
309.875	0.8113
309.75	0.8113
309.625	0.8113
309.5	0.8113
309.375	0.8105
309.25	0.8105
309.125	0.8097
309.0	0.8097
308.875	0.8105
308.75	0.8089
308.625	0.8105
308.5	0.8113
308.375	0.8089
308.25	0.8089
308.125	0.8105
308.0	0.8121
307.875	0.8113
307.75	0.8128
307.625	0.8136
307.5	0.8136
307.375	0.816
307.25	0.816
307.125	0.8183
307.0	0.8176
306.875	0.8199
306.75	0.8207
306.625	0.8207
306.5	0.8207
306.375	0.8207
306.25	0.8215
306.125	0.8223
306.0	0.8223
305.875	0.8215
305.75	0.8207
305.625	0.8168
305.5	0.816
305.375	0.8144
305.25	0.8113
305.125	0.8105
305.0	0.8113
304.875	0.8066
304.75	0.8066
304.625	0.8034
304.5	0.8018
304.375	0.8018
304.25	0.8018
304.125	0.8018
304.0	0.8018
303.875	0.7987
303.75	0.8003
303.625	0.7971
303.5	0.7971
303.375	0.7971
303.25	0.7971
303.125	0.7924
303.0	0.7924
302.875	0.7924
302.75	0.7924
302.625	0.7916
302.5	0.7908
302.375	0.7924
302.25	0.7924
302.125	0.7924
302.0	0.79
301.875	0.7893
301.75	0.7877
301.625	0.7916
301.5	0.7893
301.375	0.7893
301.25	0.7908
301.125	0.7885
301.0	0.7885
300.875	0.7877
300.75	0.7877
300.625	0.79
300.5	0.7877
300.375	0.7845
300.25	0.7877
300.125	0.7869
