300.0	2.5
300.125	2.5047
300.25	2.5
300.375	2.4976
300.5	2.4952
300.625	2.5
300.75	2.4937
300.875	2.5
301.0	2.4976
301.125	2.4984
301.25	2.5039
301.375	2.5
301.5	2.511
301.625	2.5102
301.75	2.5165
301.875	2.5157
302.0	2.5172
302.125	2.5188
302.25	2.522
302.375	2.5243
302.5	2.5283
302.625	2.533
302.75	2.5283
302.875	2.5227
303.0	2.5212
303.125	2.5212
303.25	2.5267
303.375	2.5243
303.5	2.5283
303.625	2.529
303.75	2.5353
303.875	2.5377
304.0	2.54
304.125	2.5495
304.25	2.5471
304.375	2.5589
304.5	2.5589
304.625	2.5613
304.75	2.5691
304.875	2.5707
305.0	2.5746
305.125	2.5683
305.25	2.5699
305.375	2.5699
305.5	2.5589
305.625	2.5644
305.75	2.5542
305.875	2.5613
306.0	2.5621
306.125	2.5644
306.25	2.5613
306.375	2.5628
306.5	2.5613
306.625	2.5566
306.75	2.5534
306.875	2.5542
307.0	2.5487
307.125	2.5487
307.25	2.5495
307.375	2.5518
307.5	2.5487
307.625	2.5495
307.75	2.5432
307.875	2.5463
308.0	2.5487
308.125	2.5487
308.25	2.5463
308.375	2.5518
308.5	2.5518
308.625	2.5471
308.75	2.5566
308.875	2.5526
309.0	2.5566
309.125	2.5518
309.25	2.5534
309.375	2.555
309.5	2.5471
309.625	2.5471
309.75	2.5377
309.875	2.5283
310.0	2.5275
310.125	2.5165
310.25	2.511
310.375	2.4992
310.5	2.4952
310.625	2.4882
310.75	2.4858
310.875	2.4874
311.0	2.4834
311.125	2.4764
311.25	2.4716
311.375	2.4716
311.5	2.4677
311.625	2.4622
311.75	2.4638
311.875	2.4669
312.0	2.4622
312.125	2.4614
312.25	2.4583
312.375	2.4583
312.5	2.4622
312.625	2.4614
312.75	2.4575
312.875	2.4575
313.0	2.4591
313.125	2.4567
313.25	2.4544
313.375	2.4583
313.5	2.4559
313.625	2.4575
313.75	2.4512
313.875	2.4528
314.0	2.4504
314.125	2.4504
314.25	2.4559
314.375	2.4575
314.5	2.4646
314.625	2.4654
314.75	2.4716
314.875	2.4764
315.0	2.4819
315.125	2.4834
315.25	2.4921
315.375	2.4952
315.5	2.4905
315.625	2.5047
315.75	2.5007
315.875	2.5094
316.0	2.5055
316.125	2.5094
316.25	2.5141
316.375	2.5094
316.5	2.5047
316.625	2.5007
316.75	2.5031
316.875	2.5047
317.0	2.5039
317.125	2.5125
317.25	2.518
317.375	2.511
317.5	2.518
317.625	2.5149
317.75	2.5149
317.875	2.5165
318.0	2.5172
318.125	2.5141
318.25	2.5141
318.375	2.5141
318.5	2.5157
318.625	2.5235
318.75	2.5235
318.875	2.5306
319.0	2.5306
319.125	2.5369
319.25	2.5448
319.375	2.5471
319.5	2.5518
319.625	2.5566
319.75	2.5566
319.875	2.5542
320.0	2.5605
320.125	2.5597
320.25	2.5581
320.375	2.5605
320.5	2.5526
320.625	2.5518
320.75	2.5471
320.875	2.5424
321.0	2.5424
321.125	2.5432
321.25	2.533
321.375	2.533
321.5	2.5345
321.625	2.529
321.75	2.5283
321.875	2.5227
322.0	2.5227
322.125	2.5125
322.25	2.5235
322.375	2.5102
322.5	2.5047
322.625	2.5086
322.75	2.5007
322.875	2.5
323.0	2.5007
323.125	2.4913
323.25	2.4897
323.375	2.4913
323.5	2.4929
323.625	2.4905
323.75	2.4827
323.875	2.4882
324.0	2.4921
324.125	2.4944
324.25	2.4984
324.375	2.4921
324.5	2.5
324.625	2.4944
324.75	2.5047
324.875	2.5102
325.0	2.5235
325.125	2.5338
325.25	2.5566
325.375	2.5691
325.5	2.5825
325.625	2.5982
325.75	2.6061
325.875	2.6179
326.0	2.6218
326.125	2.632
326.25	2.6265
326.375	2.6281
326.5	2.632
326.625	2.6257
326.75	2.6273
326.875	2.6194
327.0	2.621
327.125	2.621
327.25	2.6234
327.375	2.6265
327.5	2.6328
327.625	2.6462
327.75	2.6517
327.875	2.6635
328.0	2.6705
328.125	2.68
328.25	2.691
328.375	2.6949
328.5	2.7067
328.625	2.7091
328.75	2.713
328.875	2.7122
329.0	2.7122
329.125	2.7091
329.25	2.7193
329.375	2.7122
329.5	2.7106
329.625	2.7083
329.75	2.7075
329.875	2.7036
330.0	2.7091
330.125	2.7044
330.25	2.7114
330.375	2.7075
330.5	2.7122
330.625	2.7146
330.75	2.7224
330.875	2.7279
331.0	2.7358
331.125	2.7452
331.25	2.7531
331.375	2.7641
331.5	2.7665
331.625	2.779
331.75	2.7783
331.875	2.7838
332.0	2.7971
332.125	2.7995
332.25	2.7995
332.375	2.805
332.5	2.8018
332.625	2.8011
332.75	2.8018
332.875	2.7987
333.0	2.7885
333.125	2.783
333.25	2.7712
333.375	2.768
333.5	2.7665
333.625	2.7602
333.75	2.757
333.875	2.75
334.0	2.7452
334.125	2.7413
334.25	2.7334
334.375	2.7327
334.5	2.724
334.625	2.7201
334.75	2.7122
334.875	2.7036
335.0	2.7012
335.125	2.6965
335.25	2.6965
335.375	2.6886
335.5	2.6902
335.625	2.6816
335.75	2.6918
335.875	2.6808
336.0	2.6847
336.125	2.6792
336.25	2.6886
336.375	2.6871
336.5	2.6823
336.625	2.6878
336.75	2.6847
336.875	2.6886
337.0	2.6878
337.125	2.6878
337.25	2.691
337.375	2.6839
337.5	2.6816
337.625	2.68
337.75	2.6753
337.875	2.6745
338.0	2.6737
338.125	2.6627
338.25	2.6588
338.375	2.6572
338.5	2.6517
338.625	2.6517
338.75	2.6517
338.875	2.6603
339.0	2.6627
339.125	2.665
339.25	2.6698
339.375	2.669
339.5	2.6682
339.625	2.669
339.75	2.6792
339.875	2.6737
340.0	2.6784
340.125	2.6761
340.25	2.6792
340.375	2.6666
340.5	2.669
340.625	2.6627
340.75	2.665
340.875	2.6556
341.0	2.6603
341.125	2.6501
341.25	2.6422
341.375	2.6462
341.5	2.6415
341.625	2.6352
341.75	2.6422
341.875	2.6367
342.0	2.6367
342.125	2.632
342.25	2.6305
342.375	2.6226
342.5	2.6305
342.625	2.6242
342.75	2.6226
342.875	2.6265
343.0	2.6202
343.125	2.6297
343.25	2.6312
343.375	2.6344
343.5	2.6367
343.625	2.6462
343.75	2.6556
343.875	2.6603
344.0	2.6627
344.125	2.6682
344.25	2.68
344.375	2.6792
344.5	2.6847
344.625	2.691
344.75	2.6894
344.875	2.6949
345.0	2.6981
345.125	2.6933
345.25	2.6918
345.375	2.6894
345.5	2.6776
345.625	2.6729
345.75	2.6627
345.875	2.669
346.0	2.6603
346.125	2.6509
346.25	2.6548
346.375	2.6462
346.5	2.6446
346.625	2.6407
346.75	2.6367
346.875	2.6289
347.0	2.6312
347.125	2.6328
347.25	2.632
347.375	2.6273
347.5	2.6289
347.625	2.6273
347.75	2.6187
347.875	2.6226
348.0	2.6226
348.125	2.6179
348.25	2.6187
348.375	2.6273
348.5	2.6226
348.625	2.6226
348.75	2.6297
348.875	2.6305
349.0	2.6273
349.125	2.6375
349.25	2.6297
349.375	2.6415
349.5	2.6415
349.625	2.6391
349.75	2.6367
349.875	2.6383
350.0	2.6367
350.125	2.6352
350.25	2.6312
350.375	2.6265
350.5	2.6273
350.625	2.6194
350.75	2.6226
350.875	2.6202
351.0	2.6179
351.125	2.6139
351.25	2.61
351.375	2.61
351.5	2.6077
351.625	2.6108
351.75	2.6053
351.875	2.6084
352.0	2.6061
352.125	2.6124
352.25	2.6069
352.375	2.6132
352.5	2.6132
352.625	2.6092
352.75	2.6029
352.875	2.6132
353.0	2.6132
353.125	2.6139
353.25	2.6124
353.375	2.6155
353.5	2.6155
353.625	2.6179
353.75	2.6147
353.875	2.6124
354.0	2.6092
354.125	2.6124
354.25	2.6053
354.375	2.6037
354.5	2.6006
354.625	2.599
354.75	2.599
354.875	2.5974
355.0	2.5951
355.125	2.5943
355.25	2.5943
355.375	2.5919
355.5	2.5943
355.625	2.5904
355.75	2.5896
355.875	2.5911
356.0	2.5896
356.125	2.5896
356.25	2.588
356.375	2.5872
356.5	2.5888
356.625	2.5919
356.75	2.5904
356.875	2.5982
357.0	2.599
357.125	2.6037
357.25	2.6045
357.375	2.6124
357.5	2.6116
357.625	2.6226
357.75	2.6273
357.875	2.6305
358.0	2.6367
358.125	2.6367
358.25	2.6375
358.375	2.6391
358.5	2.6415
358.625	2.6415
358.75	2.6375
358.875	2.6383
359.0	2.6415
359.125	2.6352
359.25	2.6415
359.375	2.636
359.5	2.6415
359.625	2.6297
359.75	2.6328
359.875	2.632
360.0	2.6265
360.125	2.6187
360.25	2.625
360.375	2.6139
360.5	2.6116
360.625	2.6069
360.75	2.599
360.875	2.5904
361.0	2.5817
361.125	2.5746
361.25	2.5707
361.375	2.5628
361.5	2.566
361.625	2.5644
361.75	2.5676
361.875	2.5668
362.0	2.5707
362.125	2.5754
362.25	2.577
362.375	2.5778
362.5	2.5849
362.625	2.5864
362.75	2.5896
362.875	2.5943
363.0	2.5943
363.125	2.5943
363.25	2.5943
363.375	2.5896
363.5	2.5896
363.625	2.5825
363.75	2.5951
363.875	2.5801
364.0	2.5794
364.125	2.5738
364.25	2.5652
364.375	2.5628
364.5	2.5636
364.625	2.5566
364.75	2.555
364.875	2.5511
365.0	2.5495
365.125	2.5448
365.25	2.5432
365.375	2.5448
365.5	2.5377
365.625	2.5408
365.75	2.5377
365.875	2.5416
366.0	2.5361
366.125	2.5424
366.25	2.5393
366.375	2.5424
366.5	2.5424
366.625	2.5432
366.75	2.5424
366.875	2.5518
367.0	2.5471
367.125	2.5463
367.25	2.5487
367.375	2.5495
367.5	2.5518
367.625	2.5518
367.75	2.5542
367.875	2.5518
368.0	2.5479
368.125	2.5573
368.25	2.5503
368.375	2.5518
368.5	2.5534
368.625	2.5503
368.75	2.5542
368.875	2.5495
369.0	2.5558
369.125	2.5573
369.25	2.5566
369.375	2.5628
369.5	2.5628
369.625	2.566
369.75	2.5652
369.875	2.5786
370.0	2.5825
370.125	2.5943
370.25	2.6037
370.375	2.6147
370.5	2.6273
370.625	2.632
370.75	2.6391
370.875	2.6493
371.0	2.6462
371.125	2.6509
371.25	2.6525
371.375	2.6603
371.5	2.6595
371.625	2.6635
371.75	2.665
371.875	2.669
372.0	2.6627
372.125	2.6501
372.25	2.6383
372.375	2.632
372.5	2.6242
372.625	2.621
372.75	2.6171
372.875	2.6187
373.0	2.6179
373.125	2.6116
373.25	2.6116
373.375	2.6116
373.5	2.61
373.625	2.6045
373.75	2.6006
373.875	2.6069
374.0	2.6037
374.125	2.6014
374.25	2.599
374.375	2.6022
374.5	2.5896
374.625	2.5943
374.75	2.5943
374.875	2.5911
375.0	2.5904
375.125	2.5904
375.25	2.5888
375.375	2.5849
375.5	2.5849
375.625	2.5896
375.75	2.5849
375.875	2.5888
376.0	2.5849
376.125	2.5817
376.25	2.5888
376.375	2.5935
376.5	2.5849
376.625	2.5943
376.75	2.5966
376.875	2.6037
377.0	2.6069
377.125	2.6132
377.25	2.6132
377.375	2.6132
377.5	2.6218
377.625	2.6218
377.75	2.6179
377.875	2.6226
378.0	2.6226
378.125	2.6139
378.25	2.6132
378.375	2.6029
378.5	2.6061
378.625	2.6061
378.75	2.6037
378.875	2.6006
379.0	2.599
379.125	2.5904
379.25	2.5911
379.375	2.5864
379.5	2.5896
379.625	2.5864
379.75	2.5935
379.875	2.6069
380.0	2.6147
380.125	2.6202
380.25	2.632
380.375	2.6352
380.5	2.6367
380.625	2.6336
380.75	2.6367
380.875	2.6415
381.0	2.6407
381.125	2.6383
381.25	2.6383
381.375	2.6391
381.5	2.6344
381.625	2.6257
381.75	2.61
381.875	2.5974
382.0	2.5849
382.125	2.5794
382.25	2.5707
382.375	2.5762
382.5	2.566
382.625	2.5652
382.75	2.5707
382.875	2.5621
383.0	2.5683
383.125	2.5613
383.25	2.5644
383.375	2.566
383.5	2.5605
383.625	2.5542
383.75	2.555
383.875	2.5558
384.0	2.5526
384.125	2.555
384.25	2.5573
384.375	2.5518
384.5	2.5526
384.625	2.5518
384.75	2.5534
384.875	2.5503
385.0	2.5471
385.125	2.5487
385.25	2.5526
385.375	2.5518
385.5	2.5526
385.625	2.5471
385.75	2.5526
385.875	2.5534
386.0	2.544
386.125	2.5479
386.25	2.544
386.375	2.5503
386.5	2.5518
386.625	2.5534
386.75	2.5534
386.875	2.5558
387.0	2.5566
387.125	2.5566
387.25	2.5589
387.375	2.5605
387.5	2.5613
387.625	2.5636
387.75	2.5676
387.875	2.566
388.0	2.5573
388.125	2.5613
388.25	2.5566
388.375	2.5566
388.5	2.5581
388.625	2.5542
388.75	2.5503
388.875	2.5526
389.0	2.5487
389.125	2.5518
389.25	2.5518
389.375	2.5487
389.5	2.5471
389.625	2.5424
389.75	2.5471
389.875	2.5385
390.0	2.5424
390.125	2.5377
390.25	2.54
390.375	2.5424
390.5	2.5471
390.625	2.5471
390.75	2.5605
390.875	2.5683
391.0	2.6006
391.125	2.6367
391.25	2.6816
391.375	2.724
391.5	2.7594
391.625	2.7932
391.75	2.8066
391.875	2.8176
392.0	2.8301
392.125	2.8372
392.25	2.8537
392.375	2.8584
392.5	2.86
392.625	2.8466
392.75	2.8317
392.875	2.7995
393.0	2.7523
393.125	2.7099
393.25	2.6635
393.375	2.6281
393.5	2.6187
393.625	2.6155
393.75	2.6179
393.875	2.6155
394.0	2.6116
394.125	2.6226
394.25	2.6344
394.375	2.6509
394.5	2.6753
394.625	2.7028
394.75	2.7374
394.875	2.7798
395.0	2.8364
395.125	2.9111
395.25	2.9944
395.375	3.0809
395.5	3.1328
395.625	3.1784
395.75	3.2122
395.875	3.2177
396.0	3.2256
396.125	3.2114
396.25	3.2106
396.375	3.1886
396.5	3.1603
396.625	3.1375
396.75	3.088
396.875	3.0157
397.0	2.919
397.125	2.8144
397.25	2.7146
397.375	2.6281
397.5	2.577
397.625	2.5432
397.75	2.533
397.875	2.5204
398.0	2.5117
398.125	2.5094
398.25	2.5062
398.375	2.5094
398.5	2.5102
398.625	2.5047
398.75	2.507
398.875	2.5039
399.0	2.5047
399.125	2.5047
399.25	2.5047
399.375	2.5047
399.5	2.5047
399.625	2.507
399.75	2.507
399.875	2.5102
400.0	2.5086
400.125	2.5133
400.25	2.507
400.375	2.5133
400.5	2.5188
400.625	2.5283
400.75	2.5369
400.875	2.5526
401.0	2.577
401.125	2.6194
401.25	2.6753
401.375	2.7279
401.5	2.7861
401.625	2.827
401.75	2.849
401.875	2.8726
402.0	2.893
402.125	2.9056
402.25	2.9268
402.375	2.9449
402.5	2.9591
402.625	2.9638
402.75	2.9669
402.875	2.9567
403.0	2.9166
403.125	2.8616
403.25	2.7955
403.375	2.7421
403.5	2.6988
403.625	2.6745
403.75	2.6572
403.875	2.6422
404.0	2.621
404.125	2.6022
404.25	2.5849
404.375	2.5676
404.5	2.5455
404.625	2.533
404.75	2.5204
404.875	2.5141
405.0	2.5165
405.125	2.5235
405.25	2.5251
405.375	2.5377
405.5	2.5471
405.625	2.5589
405.75	2.5605
405.875	2.5676
406.0	2.5699
406.125	2.566
406.25	2.5762
406.375	2.5715
406.5	2.577
406.625	2.5699
406.75	2.5707
406.875	2.5683
407.0	2.5518
407.125	2.5416
407.25	2.522
407.375	2.5157
407.5	2.5031
407.625	2.5
407.75	2.4976
407.875	2.4929
408.0	2.4921
408.125	2.5031
408.25	2.4976
408.375	2.5102
408.5	2.5204
408.625	2.5463
408.75	2.5644
408.875	2.5888
409.0	2.6053
409.125	2.6132
409.25	2.6202
409.375	2.6273
409.5	2.6305
409.625	2.6415
409.75	2.6422
409.875	2.6509
410.0	2.6564
410.125	2.6446
410.25	2.6367
410.375	2.6187
410.5	2.6022
410.625	2.577
410.75	2.5526
410.875	2.5448
411.0	2.533
411.125	2.5235
411.25	2.5204
411.375	2.5165
411.5	2.5141
411.625	2.5047
411.75	2.5047
411.875	2.4952
412.0	2.4921
412.125	2.4952
412.25	2.5
412.375	2.5039
412.5	2.5047
412.625	2.5
412.75	2.5
412.875	2.5047
413.0	2.5094
413.125	2.5039
413.25	2.5007
413.375	2.5031
413.5	2.4992
413.625	2.4992
413.75	2.4944
413.875	2.4889
414.0	2.4858
414.125	2.4882
414.25	2.4811
414.375	2.4787
414.5	2.4772
414.625	2.4756
414.75	2.4764
414.875	2.4724
415.0	2.4772
415.125	2.4756
415.25	2.4779
415.375	2.4748
415.5	2.4716
415.625	2.4764
415.75	2.4748
415.875	2.4716
416.0	2.4701
416.125	2.4669
416.25	2.4709
416.375	2.4669
416.5	2.4693
416.625	2.4669
416.75	2.4654
416.875	2.4646
417.0	2.4622
417.125	2.4669
417.25	2.4606
417.375	2.4606
417.5	2.4646
417.625	2.4669
417.75	2.463
417.875	2.4661
418.0	2.4622
418.125	2.4606
418.25	2.4622
418.375	2.463
418.5	2.4606
418.625	2.4606
418.75	2.4583
418.875	2.4575
419.0	2.4544
419.125	2.4575
419.25	2.4614
419.375	2.4599
419.5	2.4551
419.625	2.4583
419.75	2.4599
419.875	2.4606
420.0	2.4575
420.125	2.4575
420.25	2.4606
420.375	2.4638
420.5	2.4575
420.625	2.4614
420.75	2.4583
420.875	2.4536
421.0	2.4528
421.125	2.4669
421.25	2.4583
421.375	2.4599
421.5	2.4622
421.625	2.4599
421.75	2.4536
421.875	2.4575
422.0	2.4575
422.125	2.4622
422.25	2.4583
422.375	2.4575
422.5	2.4512
422.625	2.4622
422.75	2.4528
422.875	2.4544
423.0	2.4544
423.125	2.4575
423.25	2.4528
423.375	2.4567
423.5	2.4544
423.625	2.4528
423.75	2.4559
423.875	2.4544
424.0	2.4512
424.125	2.4536
424.25	2.4481
424.375	2.4496
424.5	2.4528
424.625	2.4528
424.75	2.4496
424.875	2.4512
425.0	2.4528
425.125	2.4488
425.25	2.4536
425.375	2.4496
425.5	2.4575
425.625	2.4575
425.75	2.4575
425.875	2.4575
426.0	2.4693
426.125	2.4834
426.25	2.5078
426.375	2.5267
426.5	2.5471
426.625	2.5566
426.75	2.566
426.875	2.5715
427.0	2.577
427.125	2.5849
427.25	2.5888
427.375	2.5904
427.5	2.5919
427.625	2.5943
427.75	2.5911
427.875	2.5809
428.0	2.5676
428.125	2.544
428.25	2.5212
428.375	2.4976
428.5	2.485
428.625	2.4748
428.75	2.4756
428.875	2.4685
429.0	2.4638
429.125	2.4614
429.25	2.4544
429.375	2.4551
429.5	2.4504
429.625	2.4504
429.75	2.4433
429.875	2.4441
430.0	2.4481
430.125	2.4457
430.25	2.4433
430.375	2.4433
430.5	2.4426
430.625	2.4418
430.75	2.4386
430.875	2.441
431.0	2.4402
431.125	2.4386
431.25	2.4481
431.375	2.4441
431.5	2.4402
431.625	2.4418
431.75	2.441
431.875	2.4363
432.0	2.4339
432.125	2.4347
432.25	2.4394
432.375	2.4339
432.5	2.4481
432.625	2.4386
432.75	2.4457
432.875	2.4433
433.0	2.4378
433.125	2.4331
433.25	2.4433
433.375	2.4355
433.5	2.4347
433.625	2.4386
433.75	2.4347
433.875	2.4339
434.0	2.4363
434.125	2.4347
434.25	2.4331
434.375	2.4347
434.5	2.4386
434.625	2.4394
434.75	2.4378
434.875	2.4386
435.0	2.4386
435.125	2.4433
435.25	2.4481
435.375	2.4402
435.5	2.4457
435.625	2.4449
435.75	2.4386
435.875	2.4394
436.0	2.4433
436.125	2.4363
436.25	2.4394
436.375	2.4378
436.5	2.4386
436.625	2.43
436.75	2.4339
436.875	2.4292
437.0	2.4245
437.125	2.4245
437.25	2.4276
437.375	2.4221
437.5	2.4237
437.625	2.4245
437.75	2.4221
437.875	2.4245
438.0	2.4253
438.125	2.4261
438.25	2.4261
438.375	2.4268
438.5	2.4245
438.625	2.4245
438.75	2.4316
438.875	2.4221
439.0	2.4292
439.125	2.4237
439.25	2.4245
439.375	2.4261
439.5	2.4213
439.625	2.4284
439.75	2.4245
439.875	2.4198
440.0	2.419
440.125	2.4182
440.25	2.415
440.375	2.4166
440.5	2.4205
440.625	2.4174
440.75	2.415
440.875	2.419
441.0	2.4166
441.125	2.4119
441.25	2.4166
441.375	2.4111
441.5	2.4127
441.625	2.4103
441.75	2.4103
441.875	2.4166
442.0	2.4072
442.125	2.4103
442.25	2.4143
442.375	2.4119
442.5	2.4095
442.625	2.4111
442.75	2.4103
442.875	2.4111
443.0	2.4103
443.125	2.4103
443.25	2.4095
443.375	2.4056
443.5	2.4064
443.625	2.4056
443.75	2.408
443.875	2.4048
444.0	2.4048
444.125	2.4009
444.25	2.4056
444.375	2.4025
444.5	2.4033
444.625	2.4025
444.75	2.4064
444.875	2.404
445.0	2.404
445.125	2.4025
445.25	2.4072
445.375	2.4056
445.5	2.4056
445.625	2.4048
445.75	2.4095
445.875	2.4009
446.0	2.3985
446.125	2.4025
446.25	2.3954
446.375	2.3938
446.5	2.393
446.625	2.3844
446.75	2.3875
446.875	2.3812
447.0	2.3781
447.125	2.3726
447.25	2.3679
447.375	2.36
447.5	2.3553
447.625	2.3529
447.75	2.349
447.875	2.3443
448.0	2.349
448.125	2.3537
448.25	2.3537
448.375	2.3553
448.5	2.3632
448.625	2.3726
448.75	2.3726
448.875	2.3812
449.0	2.3812
449.125	2.382
449.25	2.3875
449.375	2.3891
449.5	2.3962
449.625	2.3962
449.75	2.3922
449.875	2.3915
450.0	2.3946
450.125	2.3954
450.25	2.397
450.375	2.3962
450.5	2.4056
450.625	2.4009
450.75	2.4009
450.875	2.3993
451.0	2.4009
451.125	2.4009
451.25	2.4009
451.375	2.4048
451.5	2.4056
451.625	2.4025
451.75	2.4009
451.875	2.4017
452.0	2.4033
452.125	2.397
452.25	2.4056
452.375	2.4056
452.5	2.404
452.625	2.3993
452.75	2.4025
452.875	2.4064
453.0	2.4064
453.125	2.4033
453.25	2.4048
453.375	2.4072
453.5	2.4009
453.625	2.4056
453.75	2.3954
453.875	2.4009
454.0	2.3962
454.125	2.397
454.25	2.3993
454.375	2.4009
454.5	2.3915
454.625	2.4001
454.75	2.3977
454.875	2.3915
455.0	2.4009
455.125	2.393
455.25	2.3962
455.375	2.3938
455.5	2.3915
455.625	2.3962
455.75	2.4009
455.875	2.4017
456.0	2.393
456.125	2.3946
456.25	2.3962
456.375	2.4009
456.5	2.3954
456.625	2.3962
456.75	2.397
456.875	2.397
457.0	2.4001
457.125	2.4001
457.25	2.397
457.375	2.3938
457.5	2.3993
457.625	2.3985
457.75	2.3922
457.875	2.3962
458.0	2.397
458.125	2.3915
458.25	2.3962
458.375	2.3954
458.5	2.3907
458.625	2.3922
458.75	2.3915
458.875	2.3915
459.0	2.3962
459.125	2.3891
459.25	2.3915
459.375	2.393
459.5	2.3875
459.625	2.3828
459.75	2.3883
459.875	2.382
460.0	2.393
460.125	2.3922
460.25	2.3915
460.375	2.3875
460.5	2.3907
460.625	2.3828
460.75	2.3899
460.875	2.3867
461.0	2.3867
461.125	2.3867
461.25	2.382
461.375	2.3875
461.5	2.3773
461.625	2.3844
461.75	2.382
461.875	2.3844
462.0	2.3757
462.125	2.375
462.25	2.382
462.375	2.3828
462.5	2.3789
462.625	2.3828
462.75	2.382
462.875	2.382
463.0	2.3836
463.125	2.3867
463.25	2.382
463.375	2.3891
463.5	2.3891
463.625	2.3844
463.75	2.3899
463.875	2.3867
464.0	2.3915
464.125	2.3915
464.25	2.3891
464.375	2.3907
464.5	2.3922
464.625	2.3867
464.75	2.3836
464.875	2.3875
465.0	2.3844
465.125	2.3836
465.25	2.382
465.375	2.3828
465.5	2.382
465.625	2.3812
465.75	2.3718
465.875	2.3773
466.0	2.3765
466.125	2.3765
466.25	2.375
466.375	2.3718
466.5	2.375
466.625	2.3757
466.75	2.375
466.875	2.3742
467.0	2.3742
467.125	2.3734
467.25	2.3773
467.375	2.3718
467.5	2.3734
467.625	2.375
467.75	2.375
467.875	2.3687
468.0	2.3718
468.125	2.3726
468.25	2.3687
468.375	2.3694
468.5	2.3718
468.625	2.3726
468.75	2.3742
468.875	2.3679
469.0	2.3726
469.125	2.3647
469.25	2.3726
469.375	2.3679
469.5	2.3718
469.625	2.3726
469.75	2.3726
469.875	2.3726
470.0	2.3726
470.125	2.3687
470.25	2.3726
470.375	2.3694
470.5	2.375
470.625	2.371
470.75	2.3694
470.875	2.3702
471.0	2.3679
471.125	2.3679
471.25	2.3687
471.375	2.3726
471.5	2.3687
471.625	2.3655
471.75	2.3663
471.875	2.3679
472.0	2.3663
472.125	2.3655
472.25	2.3671
472.375	2.3679
472.5	2.3671
472.625	2.3679
472.75	2.3632
472.875	2.3671
473.0	2.3632
473.125	2.3608
473.25	2.3616
473.375	2.3671
473.5	2.3624
473.625	2.3655
473.75	2.3616
473.875	2.3632
474.0	2.3616
474.125	2.3679
474.25	2.3647
474.375	2.3679
474.5	2.3632
474.625	2.3679
474.75	2.3624
474.875	2.3663
475.0	2.3639
475.125	2.3671
475.25	2.3679
475.375	2.3632
475.5	2.3639
475.625	2.371
475.75	2.3624
475.875	2.3663
476.0	2.3639
476.125	2.3663
476.25	2.3679
476.375	2.3632
476.5	2.3624
476.625	2.3647
476.75	2.3702
476.875	2.3584
477.0	2.3647
477.125	2.3671
477.25	2.3679
477.375	2.3655
477.5	2.3624
477.625	2.3632
477.75	2.3647
477.875	2.3655
478.0	2.3624
478.125	2.3616
478.25	2.3663
478.375	2.3679
478.5	2.3655
478.625	2.3632
478.75	2.3671
478.875	2.3639
479.0	2.3632
479.125	2.3608
479.25	2.3647
479.375	2.3679
479.5	2.3592
479.625	2.3632
479.75	2.3655
479.875	2.3655
480.0	2.3679
480.125	2.3647
480.25	2.3655
480.375	2.3694
480.5	2.3718
480.625	2.3726
480.75	2.3687
480.875	2.3718
481.0	2.3726
481.125	2.3726
481.25	2.375
481.375	2.3718
481.5	2.3718
481.625	2.3702
481.75	2.3694
481.875	2.3687
482.0	2.3734
482.125	2.3726
482.25	2.3726
482.375	2.3694
482.5	2.3679
482.625	2.3647
482.75	2.3647
482.875	2.3577
483.0	2.3569
483.125	2.3577
483.25	2.3616
483.375	2.3474
483.5	2.349
483.625	2.3435
483.75	2.3325
483.875	2.3301
484.0	2.3223
484.125	2.3144
484.25	2.3105
484.375	2.3073
484.5	2.2924
484.625	2.2845
484.75	2.283
484.875	2.2775
485.0	2.2641
485.125	2.2594
485.25	2.2507
485.375	2.2444
485.5	2.2303
485.625	2.224
485.75	2.2216
485.875	2.2075
486.0	2.2004
486.125	2.1981
486.25	2.1894
486.375	2.1902
486.5	2.1886
486.625	2.1839
486.75	2.1863
486.875	2.1886
487.0	2.1839
487.125	2.1839
487.25	2.18
487.375	2.1792
487.5	2.1784
487.625	2.1713
487.75	2.1721
487.875	2.1698
488.0	2.1682
488.125	2.1698
488.25	2.1658
488.375	2.1674
488.5	2.1588
488.625	2.1603
488.75	2.1572
488.875	2.1525
489.0	2.1564
489.125	2.154
489.25	2.1533
489.375	2.1509
489.5	2.1477
489.625	2.147
489.75	2.1556
489.875	2.1556
490.0	2.1509
490.125	2.1611
490.25	2.1603
490.375	2.158
490.5	2.1603
490.625	2.1556
490.75	2.1635
490.875	2.1658
491.0	2.169
491.125	2.1721
491.25	2.1792
491.375	2.1768
491.5	2.1776
491.625	2.1871
491.75	2.1839
491.875	2.18
492.0	2.1816
492.125	2.1753
492.25	2.1808
492.375	2.1745
492.5	2.1753
492.625	2.1737
492.75	2.1713
492.875	2.1611
493.0	2.1603
493.125	2.158
493.25	2.1533
493.375	2.154
493.5	2.1572
493.625	2.1619
493.75	2.1658
493.875	2.1682
494.0	2.1753
494.125	2.1705
494.25	2.1698
494.375	2.1674
494.5	2.1698
494.625	2.1698
494.75	2.1698
494.875	2.1729
495.0	2.1698
495.125	2.1745
495.25	2.1713
495.375	2.1588
495.5	2.1525
495.625	2.1415
495.75	2.1415
495.875	2.1352
496.0	2.132
496.125	2.1328
496.25	2.1265
496.375	2.1312
496.5	2.125
496.625	2.125
496.75	2.1226
496.875	2.1179
497.0	2.1187
497.125	2.1179
497.25	2.1226
497.375	2.1265
497.5	2.1273
497.625	2.125
497.75	2.1226
497.875	2.1242
498.0	2.121
498.125	2.1194
498.25	2.1139
498.375	2.1179
498.5	2.1187
498.625	2.1226
498.75	2.1179
498.875	2.1179
499.0	2.1132
499.125	2.1179
499.25	2.1132
499.375	2.1108
499.5	2.1084
499.625	2.1132
499.75	2.1132
499.875	2.1226
500.0	2.1179
500.125	2.1194
500.25	2.1226
500.375	2.1273
500.5	2.1257
500.625	2.1273
500.75	2.1273
500.875	2.1273
501.0	2.1257
501.125	2.132
501.25	2.1305
501.375	2.132
501.5	2.1352
501.625	2.1344
501.75	2.1407
501.875	2.1391
502.0	2.1462
502.125	2.1501
502.25	2.1556
502.375	2.1556
502.5	2.165
502.625	2.1619
502.75	2.1698
502.875	2.1713
503.0	2.1768
503.125	2.1721
503.25	2.1792
503.375	2.18
503.5	2.1839
503.625	2.1823
503.75	2.1839
503.875	2.1839
504.0	2.1839
504.125	2.1808
504.25	2.1839
504.375	2.1831
504.5	2.1808
504.625	2.1745
504.75	2.1713
504.875	2.1643
505.0	2.158
505.125	2.1525
505.25	2.1477
505.375	2.1422
505.5	2.1375
505.625	2.1336
505.75	2.1312
505.875	2.1289
506.0	2.1187
506.125	2.121
506.25	2.1202
506.375	2.1163
506.5	2.1179
506.625	2.1108
506.75	2.1202
506.875	2.1132
507.0	2.1163
507.125	2.1202
507.25	2.121
507.375	2.1155
507.5	2.1187
507.625	2.1226
507.75	2.121
507.875	2.1242
508.0	2.1226
508.125	2.1273
508.25	2.1234
508.375	2.1179
508.5	2.1163
508.625	2.1092
508.75	2.1077
508.875	2.1037
509.0	2.1022
509.125	2.1061
509.25	2.099
509.375	2.1006
509.5	2.099
509.625	2.1037
509.75	2.0974
509.875	2.0951
510.0	2.0943
510.125	2.0943
510.25	2.0896
510.375	2.0896
510.5	2.088
510.625	2.0919
510.75	2.0911
510.875	2.0943
511.0	2.0919
511.125	2.0927
511.25	2.0943
511.375	2.0943
511.5	2.0935
511.625	2.0966
511.75	2.0935
511.875	2.0896
512.0	2.0864
512.125	2.0896
512.25	2.0896
512.375	2.0896
512.5	2.0943
512.625	2.0927
512.75	2.0943
512.875	2.0935
513.0	2.0943
513.125	2.0966
513.25	2.0966
513.375	2.1006
513.5	2.1092
513.625	2.1084
513.75	2.1037
513.875	2.1092
514.0	2.1084
514.125	2.1116
514.25	2.1061
514.375	2.1108
514.5	2.1139
514.625	2.1179
514.75	2.1179
514.875	2.1218
515.0	2.1226
515.125	2.1226
515.25	2.1273
515.375	2.132
515.5	2.1344
515.625	2.1352
515.75	2.1415
515.875	2.1415
516.0	2.1477
516.125	2.1509
516.25	2.158
516.375	2.1611
516.5	2.1627
516.625	2.165
516.75	2.1729
516.875	2.1753
517.0	2.1776
517.125	2.1886
517.25	2.1808
517.375	2.18
517.5	2.1918
517.625	2.1981
517.75	2.1988
517.875	2.1988
518.0	2.2028
518.125	2.2075
518.25	2.2075
518.375	2.2114
518.5	2.2193
518.625	2.2169
518.75	2.2264
518.875	2.2264
519.0	2.2311
519.125	2.2366
519.25	2.2374
519.375	2.2405
519.5	2.25
519.625	2.2562
519.75	2.2586
519.875	2.2672
520.0	2.272
520.125	2.2759
520.25	2.2877
520.375	2.2924
520.5	2.2971
520.625	2.3081
520.75	2.3113
520.875	2.3121
521.0	2.3207
521.125	2.3207
521.25	2.3254
521.375	2.3278
521.5	2.3301
521.625	2.327
521.75	2.3286
521.875	2.3286
522.0	2.3254
522.125	2.3286
522.25	2.3254
522.375	2.3254
522.5	2.3278
522.625	2.3231
522.75	2.3301
522.875	2.3301
523.0	2.3301
523.125	2.3325
523.25	2.3294
523.375	2.3309
523.5	2.3325
523.625	2.3364
523.75	2.3396
523.875	2.3372
524.0	2.3396
524.125	2.3443
524.25	2.3443
524.375	2.349
524.5	2.3569
524.625	2.3522
524.75	2.3584
524.875	2.3616
525.0	2.3569
525.125	2.3639
525.25	2.3639
525.375	2.3679
525.5	2.3718
525.625	2.3687
525.75	2.3671
525.875	2.3679
526.0	2.3694
526.125	2.3687
526.25	2.3577
526.375	2.3616
526.5	2.3529
526.625	2.3474
526.75	2.3443
526.875	2.3411
527.0	2.3459
527.125	2.3451
527.25	2.3466
527.375	2.3411
527.5	2.338
527.625	2.3396
527.75	2.3396
527.875	2.3364
528.0	2.3372
528.125	2.3372
528.25	2.3404
528.375	2.3356
528.5	2.3349
528.625	2.338
528.75	2.3349
528.875	2.3341
529.0	2.3349
529.125	2.3325
529.25	2.3301
529.375	2.3309
529.5	2.3325
529.625	2.3341
529.75	2.3349
529.875	2.3349
530.0	2.3317
530.125	2.3294
530.25	2.3349
530.375	2.3388
530.5	2.3396
530.625	2.3443
530.75	2.3498
530.875	2.3584
531.0	2.3632
531.125	2.3632
531.25	2.3679
531.375	2.3718
531.5	2.3702
531.625	2.371
531.75	2.3694
531.875	2.3757
532.0	2.3734
532.125	2.3742
532.25	2.3773
532.375	2.3742
532.5	2.3687
532.625	2.3663
532.75	2.3632
532.875	2.3584
533.0	2.3592
533.125	2.3545
533.25	2.3537
533.375	2.3569
533.5	2.3577
533.625	2.3506
533.75	2.3553
533.875	2.3404
534.0	2.3396
534.125	2.3451
534.25	2.3451
534.375	2.3341
534.5	2.3301
534.625	2.3356
534.75	2.3325
534.875	2.3341
535.0	2.3372
535.125	2.3349
535.25	2.3356
535.375	2.3349
535.5	2.3443
535.625	2.3514
535.75	2.3584
535.875	2.36
536.0	2.3632
536.125	2.3632
536.25	2.3639
536.375	2.3608
536.5	2.3632
536.625	2.3679
536.75	2.3608
536.875	2.3679
537.0	2.3584
537.125	2.3569
537.25	2.3529
537.375	2.3388
537.5	2.3396
537.625	2.3349
537.75	2.3301
537.875	2.3349
538.0	2.3301
538.125	2.3333
538.25	2.3372
538.375	2.3396
538.5	2.3349
538.625	2.3286
538.75	2.3356
538.875	2.3349
539.0	2.3341
539.125	2.3294
539.25	2.338
539.375	2.3372
539.5	2.3396
539.625	2.3396
539.75	2.3435
539.875	2.3451
540.0	2.3451
540.125	2.349
540.25	2.3459
540.375	2.3537
540.5	2.3553
540.625	2.3553
540.75	2.3537
540.875	2.3545
541.0	2.3514
541.125	2.3537
541.25	2.3506
541.375	2.3569
541.5	2.349
541.625	2.3443
541.75	2.3466
541.875	2.3474
542.0	2.3396
542.125	2.3443
542.25	2.3466
542.375	2.3443
542.5	2.3427
542.625	2.3435
542.75	2.3443
542.875	2.3419
543.0	2.3411
543.125	2.3443
543.25	2.3427
543.375	2.3419
543.5	2.3411
543.625	2.3443
543.75	2.3466
543.875	2.3459
544.0	2.3404
544.125	2.3451
544.25	2.3474
544.375	2.3482
544.5	2.3459
544.625	2.349
544.75	2.3482
544.875	2.349
545.0	2.3443
545.125	2.3443
545.25	2.3443
545.375	2.3451
545.5	2.3466
545.625	2.3443
545.75	2.3396
545.875	2.3451
546.0	2.3451
546.125	2.3435
546.25	2.3419
546.375	2.3482
546.5	2.3443
546.625	2.3411
546.75	2.3443
546.875	2.3451
547.0	2.3443
547.125	2.3443
547.25	2.3404
547.375	2.3474
547.5	2.3404
547.625	2.3474
547.75	2.3396
547.875	2.3419
548.0	2.349
548.125	2.3466
548.25	2.3443
548.375	2.3419
548.5	2.3443
548.625	2.3482
548.75	2.3498
548.875	2.3482
549.0	2.3537
549.125	2.349
549.25	2.3545
549.375	2.3506
549.5	2.3498
549.625	2.3529
549.75	2.3537
549.875	2.3584
550.0	2.3506
550.125	2.3545
550.25	2.349
550.375	2.3522
550.5	2.3537
550.625	2.3537
550.75	2.3474
550.875	2.3427
551.0	2.3466
551.125	2.3459
551.25	2.349
551.375	2.3404
551.5	2.3459
551.625	2.3474
551.75	2.3482
551.875	2.349
552.0	2.3443
552.125	2.3466
552.25	2.3466
552.375	2.3482
552.5	2.3482
552.625	2.3482
552.75	2.349
552.875	2.349
553.0	2.349
553.125	2.3466
553.25	2.3514
553.375	2.3459
553.5	2.3443
553.625	2.3474
553.75	2.3443
553.875	2.3474
554.0	2.3404
554.125	2.3411
554.25	2.3443
554.375	2.3451
554.5	2.3427
554.625	2.3474
554.75	2.3443
554.875	2.3459
555.0	2.3537
555.125	2.3427
555.25	2.3459
555.375	2.3482
555.5	2.3498
555.625	2.349
555.75	2.3459
555.875	2.3443
556.0	2.3396
556.125	2.349
556.25	2.3443
556.375	2.3443
556.5	2.3443
556.625	2.349
556.75	2.3443
556.875	2.3466
557.0	2.3459
557.125	2.3396
557.25	2.3435
557.375	2.3451
557.5	2.3459
557.625	2.3443
557.75	2.3529
557.875	2.349
558.0	2.3561
558.125	2.3537
558.25	2.36
558.375	2.36
558.5	2.3679
558.625	2.3608
558.75	2.3655
558.875	2.3679
559.0	2.3679
559.125	2.3687
559.25	2.3742
559.375	2.3757
559.5	2.3702
559.625	2.375
559.75	2.3726
559.875	2.3702
560.0	2.3726
560.125	2.3679
560.25	2.3679
560.375	2.3726
560.5	2.3726
560.625	2.3663
560.75	2.3789
560.875	2.3781
561.0	2.3757
561.125	2.3734
561.25	2.3773
561.375	2.375
561.5	2.3757
561.625	2.3742
561.75	2.3742
561.875	2.3726
562.0	2.3702
562.125	2.3726
562.25	2.375
562.375	2.3702
562.5	2.3734
562.625	2.3679
562.75	2.3726
562.875	2.3726
563.0	2.3726
563.125	2.3726
563.25	2.3726
563.375	2.3734
563.5	2.3765
563.625	2.3773
563.75	2.3883
563.875	2.3828
564.0	2.382
564.125	2.3954
564.25	2.3883
564.375	2.3899
564.5	2.3899
564.625	2.3867
564.75	2.3938
564.875	2.3852
565.0	2.3899
565.125	2.3852
565.25	2.3805
565.375	2.3789
565.5	2.3773
565.625	2.3742
565.75	2.3694
565.875	2.3789
566.0	2.3781
566.125	2.3797
566.25	2.3828
566.375	2.3867
566.5	2.3891
566.625	2.3915
566.75	2.3915
566.875	2.3899
567.0	2.3915
567.125	2.3907
567.25	2.3915
567.375	2.3954
567.5	2.3962
567.625	2.3977
567.75	2.3899
567.875	2.3915
568.0	2.3867
568.125	2.3828
568.25	2.3836
568.375	2.3797
568.5	2.3789
568.625	2.3883
568.75	2.3844
568.875	2.3915
569.0	2.3891
569.125	2.3883
569.25	2.3891
569.375	2.3867
569.5	2.386
569.625	2.386
569.75	2.3891
569.875	2.3852
570.0	2.3828
570.125	2.3867
570.25	2.3875
570.375	2.3875
570.5	2.3867
570.625	2.382
570.75	2.382
570.875	2.3867
571.0	2.3852
571.125	2.3812
571.25	2.382
571.375	2.3844
571.5	2.3805
571.625	2.3773
571.75	2.3773
571.875	2.3805
572.0	2.382
572.125	2.3805
572.25	2.382
572.375	2.3781
572.5	2.3852
572.625	2.3773
572.75	2.3805
572.875	2.382
573.0	2.3836
573.125	2.382
573.25	2.3852
573.375	2.3836
573.5	2.382
573.625	2.3836
573.75	2.3828
573.875	2.3867
574.0	2.3915
574.125	2.3844
574.25	2.3844
574.375	2.3828
574.5	2.3891
574.625	2.3852
574.75	2.386
574.875	2.393
575.0	2.3883
575.125	2.3883
575.25	2.3907
575.375	2.3883
575.5	2.386
575.625	2.3875
575.75	2.3883
575.875	2.3915
576.0	2.3867
576.125	2.3907
576.25	2.3915
576.375	2.3922
576.5	2.3915
576.625	2.3962
576.75	2.3867
576.875	2.3946
577.0	2.4009
577.125	2.397
577.25	2.3962
577.375	2.3962
577.5	2.4064
577.625	2.404
577.75	2.4111
577.875	2.4135
578.0	2.4198
578.125	2.4339
578.25	2.4433
578.375	2.4481
578.5	2.4481
578.625	2.4504
578.75	2.4536
578.875	2.4622
579.0	2.4622
579.125	2.4669
579.25	2.4709
579.375	2.4756
579.5	2.4724
579.625	2.4724
579.75	2.4638
579.875	2.4528
580.0	2.4457
580.125	2.4331
580.25	2.4292
580.375	2.4292
580.5	2.4308
580.625	2.4261
580.75	2.4261
580.875	2.4182
581.0	2.4127
581.125	2.4158
581.25	2.4111
581.375	2.4119
581.5	2.4025
581.625	2.4056
581.75	2.4025
581.875	2.4072
582.0	2.404
582.125	2.3985
582.25	2.4017
582.375	2.4009
582.5	2.404
582.625	2.4009
582.75	2.4009
582.875	2.397
583.0	2.4009
583.125	2.3954
583.25	2.3985
583.375	2.3993
583.5	2.3954
583.625	2.408
583.75	2.3977
583.875	2.4048
584.0	2.4048
584.125	2.4088
584.25	2.4056
584.375	2.4056
584.5	2.4064
584.625	2.4103
584.75	2.4111
584.875	2.4088
585.0	2.415
585.125	2.415
585.25	2.4182
585.375	2.4111
585.5	2.4237
585.625	2.415
585.75	2.4198
585.875	2.415
586.0	2.4237
586.125	2.4143
586.25	2.415
586.375	2.415
586.5	2.4119
586.625	2.4127
586.75	2.4135
586.875	2.4056
587.0	2.4048
587.125	2.4056
587.25	2.4056
587.375	2.3977
587.5	2.4009
587.625	2.4009
587.75	2.4056
587.875	2.4095
588.0	2.4088
588.125	2.4158
588.25	2.4143
588.375	2.4198
588.5	2.4174
588.625	2.4237
588.75	2.4292
588.875	2.4339
589.0	2.4292
589.125	2.4363
589.25	2.4355
589.375	2.4339
589.5	2.4371
589.625	2.4386
589.75	2.4339
589.875	2.43
590.0	2.4363
590.125	2.4394
590.25	2.4355
590.375	2.4433
590.5	2.4394
590.625	2.441
590.75	2.4433
590.875	2.4481
591.0	2.441
591.125	2.4449
591.25	2.4433
591.375	2.4371
591.5	2.4433
591.625	2.4418
591.75	2.4457
591.875	2.4402
592.0	2.4449
592.125	2.441
592.25	2.4433
592.375	2.4394
592.5	2.4386
592.625	2.4363
592.75	2.4433
592.875	2.4394
593.0	2.4402
593.125	2.4386
593.25	2.4347
593.375	2.4308
593.5	2.43
593.625	2.4253
593.75	2.4331
593.875	2.4245
594.0	2.4253
594.125	2.4221
594.25	2.4245
594.375	2.4205
594.5	2.4182
594.625	2.4158
594.75	2.4221
594.875	2.4205
595.0	2.4292
595.125	2.4198
595.25	2.4174
595.375	2.4213
595.5	2.4198
595.625	2.4198
595.75	2.4261
595.875	2.4229
596.0	2.4292
596.125	2.4245
596.25	2.4292
596.375	2.4292
596.5	2.4292
596.625	2.4347
596.75	2.4323
596.875	2.4339
597.0	2.4316
597.125	2.4347
597.25	2.4323
597.375	2.4292
597.5	2.4268
597.625	2.4331
597.75	2.4316
597.875	2.43
598.0	2.4292
598.125	2.4245
598.25	2.4245
598.375	2.4292
598.5	2.4198
598.625	2.4237
598.75	2.43
598.875	2.4261
599.0	2.4261
599.125	2.4245
599.25	2.4331
599.375	2.4276
599.5	2.43
599.625	2.4308
599.75	2.4292
599.875	2.4261
600.0	2.4355
600.125	2.4339
600.25	2.4316
600.375	2.4331
600.5	2.4339
600.625	2.4323
600.75	2.4339
600.875	2.4355
601.0	2.4339
601.125	2.4339
601.25	2.4316
601.375	2.4339
601.5	2.4292
601.625	2.4339
601.75	2.4323
601.875	2.4347
602.0	2.4292
602.125	2.4339
602.25	2.4323
602.375	2.4316
602.5	2.4308
602.625	2.4355
602.75	2.4371
602.875	2.4378
603.0	2.4316
603.125	2.4378
603.25	2.4316
603.375	2.43
603.5	2.4331
603.625	2.4355
603.75	2.4347
603.875	2.441
604.0	2.4339
604.125	2.4418
604.25	2.4433
604.375	2.4433
604.5	2.4441
604.625	2.4449
604.75	2.452
604.875	2.4528
605.0	2.4449
605.125	2.4575
605.25	2.4559
605.375	2.4575
605.5	2.4599
605.625	2.4567
605.75	2.4622
605.875	2.4544
606.0	2.4591
606.125	2.4551
606.25	2.4528
606.375	2.4567
606.5	2.4528
606.625	2.4504
606.75	2.4528
606.875	2.4496
607.0	2.4504
607.125	2.4481
607.25	2.4449
607.375	2.4465
607.5	2.4441
607.625	2.4402
607.75	2.4433
607.875	2.4441
608.0	2.4449
608.125	2.4496
608.25	2.4528
608.375	2.4567
608.5	2.4599
608.625	2.4622
608.75	2.4669
608.875	2.4716
609.0	2.4716
609.125	2.4756
609.25	2.4724
609.375	2.4764
609.5	2.4811
609.625	2.4827
609.75	2.4779
609.875	2.4764
610.0	2.4724
610.125	2.4756
610.25	2.4716
610.375	2.4732
610.5	2.474
610.625	2.4677
610.75	2.4701
610.875	2.4646
611.0	2.463
611.125	2.4638
611.25	2.463
611.375	2.4567
611.5	2.4622
611.625	2.4622
611.75	2.4583
611.875	2.4575
612.0	2.4599
612.125	2.4575
612.25	2.4567
612.375	2.4583
612.5	2.4591
612.625	2.4536
612.75	2.4559
612.875	2.4575
613.0	2.4567
613.125	2.4567
613.25	2.4544
613.375	2.4599
613.5	2.4575
613.625	2.4614
613.75	2.4575
613.875	2.4583
614.0	2.4599
614.125	2.4504
614.25	2.4567
614.375	2.4575
614.5	2.4575
614.625	2.4551
614.75	2.4528
614.875	2.4512
615.0	2.4496
615.125	2.452
615.25	2.4441
615.375	2.4473
615.5	2.4457
615.625	2.4481
615.75	2.4481
615.875	2.4394
616.0	2.4481
616.125	2.4488
616.25	2.4544
616.375	2.4575
616.5	2.4685
616.625	2.4693
616.75	2.4709
616.875	2.4716
617.0	2.4732
617.125	2.4756
617.25	2.4779
617.375	2.4732
617.5	2.4716
617.625	2.4685
617.75	2.4732
617.875	2.4716
618.0	2.4661
618.125	2.4638
618.25	2.4512
618.375	2.4496
618.5	2.4433
618.625	2.4418
618.75	2.4426
618.875	2.4433
619.0	2.4441
619.125	2.4402
619.25	2.4394
619.375	2.4339
619.5	2.4316
619.625	2.4245
619.75	2.4127
619.875	2.4119
620.0	2.404
620.125	2.3907
620.25	2.3891
620.375	2.3828
620.5	2.3726
620.625	2.3702
620.75	2.3687
620.875	2.3647
621.0	2.3671
621.125	2.3584
621.25	2.3592
621.375	2.3545
621.5	2.3561
621.625	2.3616
621.75	2.3584
621.875	2.3592
622.0	2.3647
622.125	2.3679
622.25	2.3726
622.375	2.3742
622.5	2.3773
622.625	2.3852
622.75	2.3915
622.875	2.3922
623.0	2.397
623.125	2.4025
623.25	2.4056
623.375	2.4119
623.5	2.4135
623.625	2.4158
623.75	2.4245
623.875	2.4205
624.0	2.4323
624.125	2.4292
624.25	2.4355
624.375	2.4331
624.5	2.4371
624.625	2.4394
624.75	2.4386
624.875	2.4441
625.0	2.4433
625.125	2.4457
625.25	2.4473
625.375	2.4441
625.5	2.4481
625.625	2.4504
625.75	2.4457
625.875	2.4504
626.0	2.4512
626.125	2.4504
626.25	2.4457
626.375	2.4465
626.5	2.4481
626.625	2.4504
626.75	2.4441
626.875	2.4473
627.0	2.4457
627.125	2.4481
627.25	2.4402
627.375	2.4465
627.5	2.4449
627.625	2.4465
627.75	2.4481
627.875	2.4441
628.0	2.4441
628.125	2.4441
628.25	2.4465
628.375	2.4433
628.5	2.4465
628.625	2.4441
628.75	2.4433
628.875	2.4441
629.0	2.4441
629.125	2.4481
629.25	2.4481
629.375	2.4575
629.5	2.4575
629.625	2.4583
629.75	2.4606
629.875	2.4669
630.0	2.4716
630.125	2.4764
630.25	2.4787
630.375	2.4842
630.5	2.4811
630.625	2.4842
630.75	2.4811
630.875	2.4842
631.0	2.4795
631.125	2.4897
631.25	2.4803
631.375	2.4787
631.5	2.4732
631.625	2.4795
631.75	2.4764
631.875	2.4748
632.0	2.4701
632.125	2.4693
632.25	2.4701
632.375	2.4685
632.5	2.4669
632.625	2.4654
632.75	2.4669
632.875	2.4669
633.0	2.4583
633.125	2.463
633.25	2.4599
633.375	2.4661
633.5	2.4622
633.625	2.4591
633.75	2.4575
633.875	2.4575
634.0	2.4567
634.125	2.4583
634.25	2.4551
634.375	2.4559
634.5	2.4536
634.625	2.4544
634.75	2.452
634.875	2.4481
635.0	2.4504
635.125	2.452
635.25	2.452
635.375	2.4473
635.5	2.4496
635.625	2.4449
635.75	2.4394
635.875	2.4339
636.0	2.4284
636.125	2.4221
636.25	2.4166
636.375	2.4135
636.5	2.4009
636.625	2.3867
636.75	2.3844
636.875	2.3726
637.0	2.3647
637.125	2.3561
637.25	2.3498
637.375	2.3419
637.5	2.3341
637.625	2.3301
637.75	2.3254
637.875	2.3231
638.0	2.3223
638.125	2.3121
638.25	2.3113
638.375	2.3097
638.5	2.3073
638.625	2.3073
638.75	2.3066
638.875	2.3042
639.0	2.2971
639.125	2.2971
639.25	2.2924
639.375	2.2916
639.5	2.2948
639.625	2.2979
639.75	2.2908
639.875	2.2979
640.0	2.2971
640.125	2.2987
640.25	2.2948
640.375	2.2987
640.5	2.2924
640.625	2.2971
640.75	2.2971
640.875	2.2924
641.0	2.2893
641.125	2.29
641.25	2.2885
641.375	2.2838
641.5	2.2814
641.625	2.283
641.75	2.283
641.875	2.2822
642.0	2.2838
642.125	2.2877
642.25	2.2924
642.375	2.2971
642.5	2.3105
642.625	2.3152
642.75	2.3215
642.875	2.3301
643.0	2.3341
643.125	2.3419
643.25	2.3482
643.375	2.3474
643.5	2.3506
643.625	2.3506
643.75	2.3545
643.875	2.3592
644.0	2.3561
644.125	2.3522
644.25	2.3466
644.375	2.3466
644.5	2.349
644.625	2.3459
644.75	2.3506
644.875	2.3545
645.0	2.3584
645.125	2.3577
645.25	2.3663
645.375	2.3726
645.5	2.3702
645.625	2.382
645.75	2.3836
645.875	2.3867
646.0	2.3915
646.125	2.3962
646.25	2.3993
646.375	2.404
646.5	2.4009
646.625	2.4033
646.75	2.4048
646.875	2.4127
647.0	2.4143
647.125	2.4103
647.25	2.4111
647.375	2.4135
647.5	2.4174
647.625	2.4119
647.75	2.415
647.875	2.4198
648.0	2.4182
648.125	2.4127
648.25	2.4127
648.375	2.415
648.5	2.4174
648.625	2.4198
648.75	2.4198
648.875	2.4174
649.0	2.4198
649.125	2.415
649.25	2.415
649.375	2.4276
649.5	2.4174
649.625	2.4292
649.75	2.4237
649.875	2.4245
650.0	2.4323
650.125	2.4363
650.25	2.4457
650.375	2.4481
650.5	2.4512
650.625	2.4583
650.75	2.4575
650.875	2.4599
651.0	2.4591
651.125	2.4622
651.25	2.4614
651.375	2.4669
651.5	2.4599
651.625	2.4661
651.75	2.4661
651.875	2.4622
652.0	2.4528
652.125	2.4488
652.25	2.4433
652.375	2.4433
652.5	2.4465
652.625	2.4496
652.75	2.4449
652.875	2.4441
653.0	2.4528
653.125	2.4481
653.25	2.4536
653.375	2.4559
653.5	2.4504
653.625	2.4528
653.75	2.4488
653.875	2.4481
654.0	2.4433
654.125	2.4488
654.25	2.4402
654.375	2.4402
654.5	2.4386
654.625	2.4363
654.75	2.4378
654.875	2.4418
655.0	2.4402
655.125	2.4323
655.25	2.4386
655.375	2.4371
655.5	2.4378
655.625	2.4316
655.75	2.4323
655.875	2.4323
656.0	2.4292
656.125	2.4331
656.25	2.4316
656.375	2.4339
656.5	2.4292
656.625	2.4339
656.75	2.4308
656.875	2.4339
657.0	2.4339
657.125	2.4292
657.25	2.4253
657.375	2.4331
657.5	2.4292
657.625	2.4308
657.75	2.4268
657.875	2.4292
658.0	2.4261
658.125	2.4261
658.25	2.4323
658.375	2.4261
658.5	2.4253
658.625	2.4268
658.75	2.4276
658.875	2.4245
659.0	2.4292
659.125	2.4205
659.25	2.4221
659.375	2.4119
659.5	2.4111
659.625	2.3954
659.75	2.3891
659.875	2.3694
660.0	2.36
660.125	2.3522
660.25	2.3482
660.375	2.3396
660.5	2.3301
660.625	2.3301
660.75	2.3325
660.875	2.3286
661.0	2.3231
661.125	2.3301
661.25	2.3254
661.375	2.3254
661.5	2.3262
661.625	2.3246
661.75	2.3349
661.875	2.3341
662.0	2.3459
662.125	2.3396
662.25	2.349
662.375	2.3522
662.5	2.3514
662.625	2.3584
662.75	2.3632
662.875	2.371
663.0	2.382
663.125	2.382
663.25	2.382
663.375	2.3844
663.5	2.3867
663.625	2.3789
663.75	2.3789
663.875	2.3773
664.0	2.3765
664.125	2.375
664.25	2.3812
664.375	2.3812
664.5	2.3867
664.625	2.3962
664.75	2.3962
664.875	2.3962
665.0	2.4001
665.125	2.4009
665.25	2.4095
665.375	2.415
665.5	2.4111
665.625	2.4245
665.75	2.4213
665.875	2.4245
666.0	2.4292
666.125	2.4292
666.25	2.4331
666.375	2.4284
666.5	2.4292
666.625	2.4308
666.75	2.4292
666.875	2.4308
667.0	2.4292
667.125	2.43
667.25	2.4292
667.375	2.4308
667.5	2.4292
667.625	2.4292
667.75	2.4276
667.875	2.4323
668.0	2.4292
668.125	2.43
668.25	2.4292
668.375	2.43
668.5	2.4386
668.625	2.4347
668.75	2.4339
668.875	2.4339
669.0	2.4386
669.125	2.4402
669.25	2.4339
669.375	2.4355
669.5	2.4316
669.625	2.4386
669.75	2.4245
669.875	2.4292
670.0	2.4292
670.125	2.4276
670.25	2.4323
670.375	2.4292
670.5	2.4261
670.625	2.4292
670.75	2.4339
670.875	2.4418
671.0	2.4583
671.125	2.4897
671.25	2.5275
671.375	2.566
671.5	2.6014
671.625	2.632
671.75	2.6415
671.875	2.654
672.0	2.654
672.125	2.6611
672.25	2.6682
672.375	2.6721
672.5	2.6666
672.625	2.6627
672.75	2.6533
672.875	2.6226
673.0	2.5864
673.125	2.5361
673.25	2.4858
673.375	2.4575
673.5	2.4394
673.625	2.4221
673.75	2.4166
673.875	2.4135
674.0	2.4198
674.125	2.4119
674.25	2.415
674.375	2.4174
674.5	2.415
674.625	2.4198
674.75	2.415
674.875	2.4198
675.0	2.415
675.125	2.4205
675.25	2.415
675.375	2.4245
675.5	2.4284
675.625	2.4268
675.75	2.4292
675.875	2.4292
676.0	2.4284
676.125	2.4363
676.25	2.4347
676.375	2.4355
676.5	2.4386
676.625	2.441
676.75	2.4378
676.875	2.441
677.0	2.4465
677.125	2.4426
677.25	2.4433
677.375	2.4433
677.5	2.4473
677.625	2.4433
677.75	2.4481
677.875	2.4504
678.0	2.4567
678.125	2.4551
678.25	2.4583
678.375	2.4622
678.5	2.4661
678.625	2.4654
678.75	2.4654
678.875	2.4622
679.0	2.4654
679.125	2.4685
679.25	2.4622
679.375	2.4622
679.5	2.4544
679.625	2.4528
679.75	2.4504
679.875	2.4481
680.0	2.4386
680.125	2.4394
680.25	2.4316
680.375	2.4339
680.5	2.4316
680.625	2.43
680.75	2.4355
680.875	2.43
681.0	2.4292
681.125	2.4394
681.25	2.4481
681.375	2.4661
681.5	2.4937
681.625	2.5322
681.75	2.5699
681.875	2.6045
682.0	2.6187
682.125	2.6407
682.25	2.6517
682.375	2.6603
682.5	2.665
682.625	2.6698
682.75	2.6698
682.875	2.6745
683.0	2.6666
683.125	2.6462
683.25	2.6179
683.375	2.5801
683.5	2.5275
683.625	2.4803
683.75	2.4536
683.875	2.4402
684.0	2.4339
684.125	2.4276
684.25	2.4198
684.375	2.4253
684.5	2.4261
684.625	2.4229
684.75	2.4268
684.875	2.4268
685.0	2.4276
685.125	2.4261
685.25	2.4284
685.375	2.43
685.5	2.4339
685.625	2.4418
685.75	2.4418
685.875	2.4433
686.0	2.441
686.125	2.4433
686.25	2.4481
686.375	2.4457
686.5	2.4473
686.625	2.4394
686.75	2.4426
686.875	2.4394
687.0	2.4378
687.125	2.4355
687.25	2.4386
687.375	2.4363
687.5	2.4308
687.625	2.4323
687.75	2.4339
687.875	2.4308
688.0	2.4308
688.125	2.4323
688.25	2.4316
688.375	2.4284
688.5	2.4316
688.625	2.43
688.75	2.4316
688.875	2.4339
689.0	2.4292
689.125	2.4292
689.25	2.4292
689.375	2.43
689.5	2.4347
689.625	2.4386
689.75	2.4363
689.875	2.4426
690.0	2.4386
690.125	2.4386
690.25	2.4402
690.375	2.4386
690.5	2.4363
690.625	2.4386
690.75	2.4363
690.875	2.4355
691.0	2.4331
691.125	2.4292
691.25	2.4253
691.375	2.4245
691.5	2.4158
691.625	2.4268
691.75	2.4119
691.875	2.415
692.0	2.4198
692.125	2.415
692.25	2.4135
692.375	2.408
692.5	2.4095
692.625	2.4095
692.75	2.4103
692.875	2.4111
693.0	2.4064
693.125	2.4103
693.25	2.4095
693.375	2.4103
693.5	2.4033
693.625	2.4009
693.75	2.4056
693.875	2.4103
694.0	2.4064
694.125	2.4033
694.25	2.4064
694.375	2.4088
694.5	2.4025
694.625	2.4056
694.75	2.4088
694.875	2.4119
695.0	2.4056
695.125	2.4103
695.25	2.415
695.375	2.4143
695.5	2.4103
695.625	2.4143
695.75	2.415
695.875	2.4213
696.0	2.4221
696.125	2.4276
696.25	2.4292
696.375	2.4253
696.5	2.4323
696.625	2.4292
696.75	2.4276
696.875	2.4339
697.0	2.4284
697.125	2.4261
697.25	2.4198
697.375	2.4198
697.5	2.4198
697.625	2.419
697.75	2.4182
697.875	2.4127
698.0	2.4166
698.125	2.4103
698.25	2.4111
698.375	2.4143
698.5	2.4127
698.625	2.4103
698.75	2.4064
698.875	2.4103
699.0	2.4103
699.125	2.4119
699.25	2.4088
699.375	2.4103
699.5	2.4048
699.625	2.4103
699.75	2.4033
699.875	2.4103
700.0	2.408
700.125	2.4103
700.25	2.4119
700.375	2.4064
700.5	2.4072
700.625	2.4103
700.75	2.4127
700.875	2.4103
701.0	2.4103
701.125	2.415
701.25	2.4158
701.375	2.415
701.5	2.4229
701.625	2.4198
701.75	2.4261
701.875	2.4245
702.0	2.4292
702.125	2.4339
702.25	2.4402
702.375	2.4496
702.5	2.4551
702.625	2.4567
702.75	2.4583
702.875	2.4622
703.0	2.4685
703.125	2.4669
703.25	2.463
703.375	2.4669
703.5	2.4669
703.625	2.4591
703.75	2.4559
703.875	2.4512
704.0	2.4457
704.125	2.4347
704.25	2.4292
704.375	2.4292
704.5	2.4166
704.625	2.415
704.75	2.4205
704.875	2.4166
705.0	2.415
705.125	2.4166
705.25	2.4166
705.375	2.4182
705.5	2.419
705.625	2.415
705.75	2.415
705.875	2.4198
706.0	2.4205
706.125	2.4198
706.25	2.4174
706.375	2.4245
706.5	2.4166
706.625	2.4276
706.75	2.4229
706.875	2.4229
707.0	2.4245
707.125	2.4284
707.25	2.4237
707.375	2.4253
707.5	2.4268
707.625	2.4205
707.75	2.4268
707.875	2.4198
708.0	2.4205
708.125	2.4158
708.25	2.415
708.375	2.4143
708.5	2.415
708.625	2.4072
708.75	2.415
708.875	2.415
709.0	2.4135
709.125	2.4111
709.25	2.4103
709.375	2.4088
709.5	2.4103
709.625	2.4111
709.75	2.4088
709.875	2.4143
710.0	2.415
710.125	2.415
710.25	2.4182
710.375	2.4261
710.5	2.4198
710.625	2.4245
710.75	2.4284
710.875	2.4268
711.0	2.4316
711.125	2.4276
711.25	2.43
711.375	2.4292
711.5	2.4308
711.625	2.4339
711.75	2.4355
711.875	2.4339
712.0	2.43
712.125	2.4339
712.25	2.4371
712.375	2.4323
712.5	2.4355
712.625	2.441
712.75	2.4481
712.875	2.4591
713.0	2.4811
713.125	2.5259
713.25	2.5707
713.375	2.6092
713.5	2.643
713.625	2.6635
713.75	2.6808
713.875	2.6886
714.0	2.6933
714.125	2.6933
714.25	2.7051
714.375	2.6981
714.5	2.7004
714.625	2.6863
714.75	2.6533
714.875	2.6053
715.0	2.5511
715.125	2.5
715.25	2.4591
715.375	2.4355
715.5	2.4261
715.625	2.4127
715.75	2.4095
715.875	2.408
716.0	2.4056
716.125	2.4064
716.25	2.4033
716.375	2.4017
716.5	2.4025
716.625	2.4025
716.75	2.4056
716.875	2.4064
717.0	2.4056
717.125	2.4001
717.25	2.4009
717.375	2.3993
717.5	2.4017
717.625	2.4001
717.75	2.4009
717.875	2.404
718.0	2.4009
718.125	2.3985
718.25	2.4009
718.375	2.4056
718.5	2.4009
718.625	2.4033
718.75	2.4009
718.875	2.4048
719.0	2.4009
719.125	2.397
719.25	2.4025
719.375	2.3938
719.5	2.3954
719.625	2.3985
719.75	2.3954
719.875	2.3962
720.0	2.4001
720.125	2.3985
720.25	2.3954
720.375	2.3962
720.5	2.3946
720.625	2.3891
720.75	2.3883
720.875	2.3899
721.0	2.3867
721.125	2.393
721.25	2.3954
721.375	2.3907
721.5	2.393
721.625	2.3891
721.75	2.3891
721.875	2.3899
722.0	2.3915
722.125	2.3899
722.25	2.3922
722.375	2.3883
722.5	2.3922
722.625	2.3867
722.75	2.3867
722.875	2.386
723.0	2.3867
723.125	2.3883
723.25	2.386
723.375	2.3852
723.5	2.386
723.625	2.3836
723.75	2.3844
723.875	2.3844
724.0	2.3867
724.125	2.3907
724.25	2.3883
724.375	2.3875
724.5	2.3922
724.625	2.3962
724.75	2.4103
724.875	2.4394
725.0	2.496
725.125	2.588
725.25	2.7759
725.375	2.963
725.5	3.1564
725.625	3.3667
725.75	3.5193
725.875	3.6105
726.0	3.6844
726.125	3.7528
726.25	3.8188
726.375	3.8935
726.5	3.9697
726.625	4.0562
726.75	4.1144
726.875	4.1136
727.0	4.0287
727.125	3.8612
727.25	3.6238
727.375	3.3785
727.5	3.1572
727.625	3.0432
727.75	2.9559
727.875	2.9111
728.0	2.8702
728.125	2.8018
728.25	2.7209
728.375	2.6281
728.5	2.5393
728.625	2.4732
728.75	2.4261
728.875	2.404
729.0	2.397
729.125	2.3907
729.25	2.3867
729.375	2.3836
729.5	2.382
729.625	2.382
729.75	2.3781
729.875	2.3805
730.0	2.3789
730.125	2.3773
730.25	2.3812
730.375	2.382
730.5	2.382
730.625	2.3757
730.75	2.3797
730.875	2.3781
731.0	2.3789
731.125	2.3812
731.25	2.3773
731.375	2.3781
731.5	2.3797
731.625	2.3812
731.75	2.3805
731.875	2.3781
732.0	2.3765
732.125	2.3773
732.25	2.3726
732.375	2.3789
732.5	2.3773
732.625	2.382
732.75	2.3789
732.875	2.3797
733.0	2.3789
733.125	2.3726
733.25	2.382
733.375	2.3797
733.5	2.382
733.625	2.3789
733.75	2.382
733.875	2.3789
734.0	2.3773
734.125	2.3773
734.25	2.3781
734.375	2.3773
734.5	2.382
734.625	2.3805
734.75	2.3812
734.875	2.3765
735.0	2.3773
735.125	2.3773
735.25	2.3773
735.375	2.3734
735.5	2.3765
735.625	2.3734
735.75	2.3805
735.875	2.3773
736.0	2.3812
736.125	2.3773
736.25	2.3757
736.375	2.3757
736.5	2.3789
736.625	2.3773
736.75	2.375
736.875	2.3726
737.0	2.371
737.125	2.3734
737.25	2.3781
737.375	2.3789
737.5	2.3773
737.625	2.3805
737.75	2.3867
737.875	2.3977
738.0	2.4205
738.125	2.4528
738.25	2.511
738.375	2.5959
738.5	2.6855
738.625	2.7602
738.75	2.8128
738.875	2.8372
739.0	2.8702
739.125	2.8789
739.25	2.8922
739.375	2.9103
739.5	2.9119
739.625	2.9056
739.75	2.8977
739.875	2.8553
740.0	2.7869
740.125	2.6792
740.25	2.5778
740.375	2.4913
740.5	2.4441
740.625	2.4088
740.75	2.3915
740.875	2.382
741.0	2.3844
741.125	2.3773
741.25	2.371
741.375	2.3773
741.5	2.3765
741.625	2.3773
741.75	2.3734
741.875	2.3773
742.0	2.3726
742.125	2.3797
742.25	2.382
742.375	2.382
742.5	2.3781
742.625	2.382
742.75	2.3789
742.875	2.382
743.0	2.3789
743.125	2.382
743.25	2.3734
743.375	2.3718
743.5	2.3694
743.625	2.3694
743.75	2.3687
743.875	2.3624
744.0	2.3687
744.125	2.3655
744.25	2.3639
744.375	2.3671
744.5	2.3679
744.625	2.3632
744.75	2.3687
744.875	2.3694
745.0	2.3616
745.125	2.3616
745.25	2.3679
745.375	2.3632
745.5	2.3679
745.625	2.3679
745.75	2.3584
745.875	2.3671
746.0	2.3632
746.125	2.3632
746.25	2.3632
746.375	2.3624
746.5	2.3639
746.625	2.3592
746.75	2.3624
746.875	2.3639
747.0	2.3734
747.125	2.3836
747.25	2.4009
747.375	2.4119
747.5	2.4386
747.625	2.4567
747.75	2.4724
747.875	2.4772
748.0	2.4834
748.125	2.485
748.25	2.4905
748.375	2.4874
748.5	2.4882
748.625	2.4866
748.75	2.4842
748.875	2.4685
749.0	2.4512
749.125	2.4316
749.25	2.3985
749.375	2.3742
749.5	2.349
749.625	2.3435
749.75	2.3278
749.875	2.3254
750.0	2.316
750.125	2.3152
750.25	2.3136
750.375	2.3073
750.5	2.3113
750.625	2.3066
750.75	2.3066
750.875	2.3066
751.0	2.3034
751.125	2.3003
751.25	2.3003
751.375	2.2924
751.5	2.2932
751.625	2.294
751.75	2.2971
751.875	2.2971
752.0	2.2987
752.125	2.2979
752.25	2.3066
752.375	2.3246
752.5	2.3396
752.625	2.3608
752.75	2.3694
752.875	2.382
753.0	2.393
753.125	2.404
753.25	2.4056
753.375	2.4103
753.5	2.4135
753.625	2.4119
753.75	2.4205
753.875	2.4127
754.0	2.4056
754.125	2.3907
754.25	2.3726
754.375	2.3522
754.5	2.3301
754.625	2.3144
754.75	2.3066
754.875	2.3042
755.0	2.2971
755.125	2.3066
755.25	2.3018
755.375	2.3113
755.5	2.3066
755.625	2.3081
755.75	2.3113
755.875	2.3097
756.0	2.3191
756.125	2.3113
756.25	2.3136
756.375	2.3207
756.5	2.316
756.625	2.3215
756.75	2.3207
756.875	2.3254
757.0	2.3262
757.125	2.3254
757.25	2.3254
757.375	2.3231
757.5	2.3309
757.625	2.3254
757.75	2.3207
757.875	2.3254
758.0	2.3254
758.125	2.3262
758.25	2.3254
758.375	2.3223
758.5	2.3223
758.625	2.3136
758.75	2.3191
758.875	2.316
759.0	2.3168
759.125	2.3152
759.25	2.316
759.375	2.3144
759.5	2.3191
759.625	2.316
759.75	2.3144
759.875	2.3136
760.0	2.316
760.125	2.3144
760.25	2.3113
760.375	2.3113
760.5	2.3121
760.625	2.3097
760.75	2.3113
760.875	2.3128
761.0	2.3089
761.125	2.3066
761.25	2.3066
761.375	2.3066
761.5	2.3081
761.625	2.3066
761.75	2.2979
761.875	2.3011
762.0	2.3018
762.125	2.3026
762.25	2.2979
762.375	2.3058
762.5	2.3026
762.625	2.3042
762.75	2.3066
762.875	2.3113
763.0	2.3176
763.125	2.3081
763.25	2.316
763.375	2.3152
763.5	2.3168
763.625	2.3183
763.75	2.3191
763.875	2.3152
764.0	2.3254
764.125	2.3191
764.25	2.3215
764.375	2.3254
764.5	2.3349
764.625	2.3301
764.75	2.3349
764.875	2.3349
765.0	2.3396
765.125	2.3364
765.25	2.3396
765.375	2.3427
765.5	2.3404
765.625	2.3364
765.75	2.3396
765.875	2.3364
766.0	2.3356
766.125	2.3325
766.25	2.3356
766.375	2.3223
766.5	2.3309
766.625	2.3317
766.75	2.3262
766.875	2.3325
767.0	2.327
767.125	2.3278
767.25	2.3254
767.375	2.3254
767.5	2.3286
767.625	2.3262
767.75	2.3325
767.875	2.3286
768.0	2.3325
768.125	2.3333
768.25	2.3301
768.375	2.3333
768.5	2.3301
768.625	2.3309
768.75	2.3286
768.875	2.3372
769.0	2.3301
769.125	2.327
769.25	2.3349
769.375	2.3349
769.5	2.3451
769.625	2.3537
769.75	2.3679
769.875	2.382
770.0	2.3922
770.125	2.3985
770.25	2.4064
770.375	2.408
770.5	2.4143
770.625	2.4166
770.75	2.4103
770.875	2.4229
771.0	2.4166
771.125	2.4245
771.25	2.4205
771.375	2.4166
771.5	2.4025
771.625	2.3946
771.75	2.3812
771.875	2.3726
772.0	2.3537
772.125	2.3584
772.25	2.3466
772.375	2.3443
772.5	2.3411
772.625	2.3482
772.75	2.3474
772.875	2.3419
773.0	2.349
773.125	2.3396
773.25	2.3396
773.375	2.3411
773.5	2.3411
773.625	2.349
773.75	2.3396
773.875	2.3443
774.0	2.3435
774.125	2.3443
774.25	2.3451
774.375	2.3459
774.5	2.3443
774.625	2.3474
774.75	2.3443
774.875	2.3435
775.0	2.3451
775.125	2.349
775.25	2.3569
775.375	2.3506
775.5	2.3522
775.625	2.3569
775.75	2.3584
775.875	2.3584
776.0	2.3671
776.125	2.371
776.25	2.3797
776.375	2.382
776.5	2.3867
776.625	2.3962
776.75	2.4103
776.875	2.4143
777.0	2.4323
777.125	2.4386
777.25	2.4441
777.375	2.4481
777.5	2.4465
777.625	2.4465
777.75	2.4386
777.875	2.4386
778.0	2.4347
778.125	2.4378
778.25	2.43
778.375	2.4198
778.5	2.408
778.625	2.3993
778.75	2.3828
778.875	2.3734
779.0	2.3671
779.125	2.3647
779.25	2.3655
779.375	2.36
779.5	2.3663
779.625	2.3584
779.75	2.36
779.875	2.3592
780.0	2.36
780.125	2.3561
780.25	2.3584
780.375	2.3592
780.5	2.3608
780.625	2.36
780.75	2.3584
780.875	2.3592
781.0	2.3584
781.125	2.3616
781.25	2.3584
781.375	2.3592
781.5	2.3616
781.625	2.3584
781.75	2.3616
781.875	2.3553
782.0	2.3584
782.125	2.3545
782.25	2.3537
782.375	2.3561
782.5	2.3498
782.625	2.3561
782.75	2.3529
782.875	2.3529
783.0	2.3553
783.125	2.3545
783.25	2.3522
783.375	2.3514
783.5	2.349
783.625	2.3545
783.75	2.3529
783.875	2.3498
784.0	2.3474
784.125	2.3537
784.25	2.3537
784.375	2.3584
784.5	2.3545
784.625	2.3584
784.75	2.3584
784.875	2.3616
785.0	2.3632
785.125	2.3624
785.25	2.3537
785.375	2.3647
785.5	2.3655
785.625	2.3789
785.75	2.3907
785.875	2.3962
786.0	2.404
786.125	2.4064
786.25	2.4103
786.375	2.4221
786.5	2.4268
786.625	2.4473
786.75	2.4748
786.875	2.5015
787.0	2.5306
787.125	2.5432
787.25	2.5487
787.375	2.5487
787.5	2.5385
787.625	2.5393
787.75	2.5377
787.875	2.5345
788.0	2.5338
788.125	2.522
788.25	2.5141
788.375	2.4866
788.5	2.4496
788.625	2.4143
788.75	2.3883
788.875	2.3679
789.0	2.3514
789.125	2.3474
789.25	2.338
789.375	2.338
789.5	2.3349
789.625	2.3325
789.75	2.3325
789.875	2.3349
790.0	2.3301
790.125	2.3325
790.25	2.3333
790.375	2.3278
790.5	2.3294
790.625	2.3278
790.75	2.327
790.875	2.3207
791.0	2.3254
791.125	2.3238
791.25	2.3223
791.375	2.3176
791.5	2.3207
791.625	2.3207
791.75	2.3207
791.875	2.3199
792.0	2.3231
792.125	2.316
792.25	2.3128
792.375	2.3144
792.5	2.3073
792.625	2.3089
792.75	2.3081
792.875	2.3081
793.0	2.3081
793.125	2.3073
793.25	2.3058
793.375	2.3066
793.5	2.3011
793.625	2.3018
793.75	2.2995
793.875	2.3011
794.0	2.2924
794.125	2.2924
794.25	2.2877
794.375	2.2885
794.5	2.2877
794.625	2.283
794.75	2.2751
794.875	2.2783
795.0	2.2783
795.125	2.2783
795.25	2.279
795.375	2.2806
795.5	2.2783
795.625	2.2743
795.75	2.2759
795.875	2.2783
796.0	2.2759
796.125	2.2743
796.25	2.2696
796.375	2.2727
796.5	2.2688
796.625	2.2735
796.75	2.2665
796.875	2.2641
797.0	2.2657
797.125	2.2657
797.25	2.261
797.375	2.2641
797.5	2.2641
797.625	2.2641
797.75	2.2617
797.875	2.2633
798.0	2.2578
798.125	2.2594
798.25	2.2547
798.375	2.261
798.5	2.261
798.625	2.257
798.75	2.2594
798.875	2.2578
799.0	2.2539
799.125	2.2594
799.25	2.2555
799.375	2.2547
799.5	2.2594
799.625	2.2555
799.75	2.2547
799.875	2.2539
800.0	2.2547
800.125	2.2523
800.25	2.2507
800.375	2.25
800.5	2.2547
800.625	2.2484
800.75	2.2523
800.875	2.2492
801.0	2.2452
801.125	2.2515
801.25	2.246
801.375	2.2492
801.5	2.2492
801.625	2.2452
801.75	2.2515
801.875	2.2515
802.0	2.2555
802.125	2.2586
802.25	2.2641
802.375	2.2625
802.5	2.2641
802.625	2.268
802.75	2.272
802.875	2.2688
803.0	2.261
803.125	2.2688
803.25	2.2657
803.375	2.2625
803.5	2.2602
803.625	2.2625
803.75	2.2657
803.875	2.2547
804.0	2.2507
804.125	2.2547
804.25	2.25
804.375	2.2562
804.5	2.2515
804.625	2.2547
804.75	2.25
804.875	2.2547
805.0	2.2531
805.125	2.2507
805.25	2.2539
805.375	2.2562
805.5	2.2523
805.625	2.25
805.75	2.2539
805.875	2.2578
806.0	2.2594
806.125	2.2547
806.25	2.2515
806.375	2.2547
806.5	2.2539
806.625	2.261
806.75	2.261
806.875	2.2555
807.0	2.261
807.125	2.2649
807.25	2.272
807.375	2.2798
807.5	2.2885
807.625	2.283
807.75	2.2932
807.875	2.2924
808.0	2.2971
808.125	2.2948
808.25	2.2979
808.375	2.2971
808.5	2.3018
808.625	2.3011
808.75	2.294
808.875	2.2845
809.0	2.2783
809.125	2.2735
809.25	2.2696
809.375	2.2617
809.5	2.2617
809.625	2.2547
809.75	2.257
809.875	2.2547
810.0	2.257
810.125	2.2531
810.25	2.2539
810.375	2.2555
810.5	2.2523
810.625	2.246
810.75	2.25
810.875	2.2476
811.0	2.2476
811.125	2.2523
811.25	2.25
811.375	2.2539
811.5	2.2515
811.625	2.25
811.75	2.2547
811.875	2.2547
812.0	2.2531
812.125	2.2594
812.25	2.261
812.375	2.2625
812.5	2.2657
812.625	2.2641
812.75	2.2641
812.875	2.2688
813.0	2.2688
813.125	2.2688
813.25	2.272
813.375	2.2688
813.5	2.2735
813.625	2.2743
813.75	2.2743
813.875	2.2783
814.0	2.2783
814.125	2.2775
814.25	2.2775
814.375	2.2775
814.5	2.279
814.625	2.2798
814.75	2.29
814.875	2.2877
815.0	2.2932
815.125	2.3018
815.25	2.3066
815.375	2.3199
815.5	2.3278
815.625	2.3325
815.75	2.3317
815.875	2.338
816.0	2.3435
816.125	2.3506
816.25	2.3522
816.375	2.3553
816.5	2.3506
816.625	2.3482
816.75	2.3364
816.875	2.3262
817.0	2.3144
817.125	2.3042
817.25	2.2932
817.375	2.283
817.5	2.283
817.625	2.2798
817.75	2.2798
817.875	2.2767
818.0	2.2759
818.125	2.2735
818.25	2.2735
818.375	2.279
818.5	2.2727
818.625	2.2704
818.75	2.2735
818.875	2.2704
819.0	2.2735
819.125	2.2735
819.25	2.2751
819.375	2.2712
819.5	2.272
819.625	2.2633
819.75	2.2665
819.875	2.2649
820.0	2.2641
820.125	2.2578
820.25	2.2625
820.375	2.2641
820.5	2.2657
820.625	2.2688
820.75	2.2665
820.875	2.2688
821.0	2.272
821.125	2.2688
821.25	2.2688
821.375	2.2641
821.5	2.2688
821.625	2.2688
821.75	2.2649
821.875	2.2602
822.0	2.2602
822.125	2.2562
822.25	2.2484
822.375	2.2452
822.5	2.2452
822.625	2.2358
822.75	2.2405
822.875	2.2358
823.0	2.2311
823.125	2.2311
823.25	2.2295
823.375	2.2342
823.5	2.2311
823.625	2.2342
823.75	2.235
823.875	2.2397
824.0	2.2374
824.125	2.2366
824.25	2.2397
824.375	2.2311
824.5	2.2358
824.625	2.235
824.75	2.2334
824.875	2.2358
825.0	2.2311
825.125	2.2264
825.25	2.2311
825.375	2.2279
825.5	2.2358
825.625	2.2287
825.75	2.2311
825.875	2.2358
826.0	2.2382
826.125	2.235
826.25	2.2272
826.375	2.2209
826.5	2.2122
826.625	2.2036
826.75	2.1926
826.875	2.1816
827.0	2.1729
827.125	2.1627
827.25	2.1517
827.375	2.1509
827.5	2.1383
827.625	2.1375
827.75	2.132
827.875	2.1257
828.0	2.1226
828.125	2.1187
828.25	2.1194
828.375	2.125
828.5	2.121
828.625	2.1179
828.75	2.1171
828.875	2.1147
829.0	2.1084
829.125	2.0974
829.25	2.0896
829.375	2.0809
829.5	2.0699
829.625	2.0644
829.75	2.0621
829.875	2.0597
830.0	2.0581
830.125	2.055
830.25	2.0566
830.375	2.0526
830.5	2.0542
830.625	2.0479
830.75	2.0566
830.875	2.0518
831.0	2.0526
831.125	2.0534
831.25	2.0566
831.375	2.055
831.5	2.0534
831.625	2.0511
831.75	2.0471
831.875	2.0385
832.0	2.0345
832.125	2.0369
832.25	2.0283
832.375	2.033
832.5	2.0283
832.625	2.0283
832.75	2.033
832.875	2.0369
833.0	2.0283
833.125	2.0314
833.25	2.0243
833.375	2.0275
833.5	2.0251
833.625	2.0283
833.75	2.0283
833.875	2.0298
834.0	2.0314
834.125	2.033
834.25	2.0338
834.375	2.0424
834.5	2.0408
834.625	2.0518
834.75	2.0566
834.875	2.0613
835.0	2.066
835.125	2.0715
835.25	2.0754
835.375	2.0778
835.5	2.0833
835.625	2.0856
835.75	2.0943
835.875	2.0982
836.0	2.0982
836.125	2.099
836.25	2.1006
836.375	2.1069
836.5	2.1037
836.625	2.1045
836.75	2.1084
836.875	2.1084
837.0	2.1132
837.125	2.1108
837.25	2.1163
837.375	2.1092
837.5	2.1108
837.625	2.1124
837.75	2.11
837.875	2.1132
838.0	2.1155
838.125	2.11
838.25	2.1163
838.375	2.1116
838.5	2.1147
838.625	2.1084
838.75	2.1132
838.875	2.1139
839.0	2.1147
839.125	2.1037
839.25	2.1061
839.375	2.099
839.5	2.1037
839.625	2.1014
839.75	2.1037
839.875	2.0974
840.0	2.1092
840.125	2.1084
840.25	2.1061
840.375	2.1132
840.5	2.11
840.625	2.1179
840.75	2.1163
840.875	2.1155
841.0	2.1147
841.125	2.1226
841.25	2.125
841.375	2.121
841.5	2.125
841.625	2.1273
841.75	2.1305
841.875	2.1297
842.0	2.132
842.125	2.1375
842.25	2.1462
842.375	2.1603
842.5	2.1666
842.625	2.1957
842.75	2.2334
842.875	2.2767
843.0	2.3089
843.125	2.3207
843.25	2.3325
843.375	2.3301
843.5	2.3301
843.625	2.3349
843.75	2.3317
843.875	2.3317
844.0	2.3286
844.125	2.3301
844.25	2.3349
844.375	2.3317
844.5	2.3254
844.625	2.3388
844.75	2.3333
844.875	2.3301
845.0	2.3372
845.125	2.3349
845.25	2.3278
845.375	2.3301
845.5	2.3254
845.625	2.3301
845.75	2.3301
845.875	2.3309
846.0	2.3349
846.125	2.3309
846.25	2.3349
846.375	2.3301
846.5	2.3317
846.625	2.3349
846.75	2.3349
846.875	2.3301
847.0	2.3341
847.125	2.3349
847.25	2.3254
847.375	2.3349
847.5	2.3294
847.625	2.3325
847.75	2.3309
847.875	2.3294
848.0	2.3309
848.125	2.3301
848.25	2.3349
848.375	2.3309
848.5	2.3341
848.625	2.3317
848.75	2.3301
848.875	2.3309
849.0	2.3278
849.125	2.3333
849.25	2.3325
849.375	2.3333
849.5	2.3349
849.625	2.3262
849.75	2.3349
849.875	2.3356
850.0	2.3286
850.125	2.3294
850.25	2.3349
850.375	2.3333
850.5	2.3349
850.625	2.3349
850.75	2.3341
850.875	2.3349
851.0	2.3372
851.125	2.3317
851.25	2.3349
851.375	2.3325
851.5	2.3388
851.625	2.3349
851.75	2.3349
851.875	2.3372
852.0	2.3388
852.125	2.3364
852.25	2.3396
852.375	2.3349
852.5	2.3396
852.625	2.3364
852.75	2.3325
852.875	2.3341
853.0	2.3372
853.125	2.3404
853.25	2.3411
853.375	2.3372
853.5	2.3349
853.625	2.3301
853.75	2.3349
853.875	2.3411
854.0	2.338
854.125	2.3396
854.25	2.3372
854.375	2.3349
854.5	2.3349
854.625	2.3396
854.75	2.3396
854.875	2.3364
855.0	2.3396
855.125	2.338
855.25	2.3349
855.375	2.3333
855.5	2.3364
855.625	2.3349
855.75	2.3349
855.875	2.3349
856.0	2.3364
856.125	2.3349
856.25	2.3364
856.375	2.3396
856.5	2.3356
856.625	2.3396
856.75	2.3349
856.875	2.3349
857.0	2.3419
857.125	2.3372
857.25	2.3341
857.375	2.3364
857.5	2.3317
857.625	2.3427
857.75	2.3356
857.875	2.3301
858.0	2.3349
858.125	2.3356
858.25	2.3396
858.375	2.3364
858.5	2.3388
858.625	2.3364
858.75	2.3396
858.875	2.3396
859.0	2.3411
859.125	2.3325
859.25	2.3349
859.375	2.3356
859.5	2.3349
859.625	2.3396
859.75	2.3372
859.875	2.3349
860.0	2.3341
860.125	2.3404
860.25	2.338
860.375	2.3333
860.5	2.3317
860.625	2.3388
860.75	2.3301
860.875	2.3317
861.0	2.3356
861.125	2.3349
861.25	2.3404
861.375	2.3372
861.5	2.3364
861.625	2.3341
861.75	2.3349
861.875	2.3372
862.0	2.3356
862.125	2.3325
862.25	2.3286
862.375	2.3333
862.5	2.3309
862.625	2.3349
862.75	2.3301
862.875	2.3349
863.0	2.3349
863.125	2.3356
863.25	2.3356
863.375	2.3317
863.5	2.3301
863.625	2.3356
863.75	2.3325
863.875	2.3278
864.0	2.3301
864.125	2.3349
864.25	2.3309
864.375	2.3301
864.5	2.3349
864.625	2.3341
864.75	2.3388
864.875	2.3349
865.0	2.3349
865.125	2.3396
865.25	2.3333
865.375	2.3364
865.5	2.3317
865.625	2.3372
865.75	2.3364
865.875	2.3396
866.0	2.3364
866.125	2.3396
866.25	2.338
866.375	2.3349
866.5	2.3388
866.625	2.3364
866.75	2.3349
866.875	2.3388
867.0	2.338
867.125	2.3349
867.25	2.3356
867.375	2.3372
867.5	2.3364
867.625	2.3396
867.75	2.3356
867.875	2.3411
868.0	2.3356
868.125	2.3317
868.25	2.3396
868.375	2.3356
868.5	2.3404
868.625	2.338
868.75	2.3388
868.875	2.3388
869.0	2.3349
869.125	2.3349
869.25	2.3372
869.375	2.3396
869.5	2.3356
869.625	2.3388
869.75	2.3396
869.875	2.3396
870.0	2.3396
870.125	2.3396
870.25	2.3396
870.375	2.3372
870.5	2.3349
870.625	2.3435
870.75	2.3349
870.875	2.3341
871.0	2.338
871.125	2.3309
871.25	2.3396
871.375	2.3364
871.5	2.3333
871.625	2.3372
871.75	2.3341
871.875	2.3364
872.0	2.3349
872.125	2.3309
872.25	2.3388
872.375	2.3349
872.5	2.3349
872.625	2.3364
872.75	2.3333
872.875	2.3349
873.0	2.338
873.125	2.3356
873.25	2.3356
873.375	2.3419
873.5	2.3356
873.625	2.3349
873.75	2.3396
873.875	2.3356
874.0	2.3349
874.125	2.3396
874.25	2.3372
874.375	2.338
874.5	2.3356
874.625	2.3396
874.75	2.3317
874.875	2.3286
875.0	2.3254
875.125	2.3286
875.25	2.3207
875.375	2.3176
875.5	2.3207
875.625	2.3128
875.75	2.3121
875.875	2.3089
876.0	2.3081
876.125	2.3034
876.25	2.3097
876.375	2.3026
876.5	2.3073
876.625	2.3089
876.75	2.3081
876.875	2.3066
877.0	2.3066
877.125	2.3058
877.25	2.3042
877.375	2.3034
877.5	2.2995
877.625	2.3058
877.75	2.3034
877.875	2.3018
878.0	2.3018
878.125	2.3066
878.25	2.3066
878.375	2.3113
878.5	2.3105
878.625	2.3105
878.75	2.3144
878.875	2.3105
879.0	2.3199
879.125	2.316
879.25	2.3191
879.375	2.3105
879.5	2.316
879.625	2.3144
879.75	2.3081
879.875	2.3089
880.0	2.3034
880.125	2.3066
880.25	2.2979
880.375	2.3018
880.5	2.3011
880.625	2.3066
880.75	2.3042
880.875	2.3042
881.0	2.2987
881.125	2.3003
881.25	2.2971
881.375	2.2979
881.5	2.2877
881.625	2.283
881.75	2.2822
881.875	2.2696
882.0	2.2665
882.125	2.257
882.25	2.25
882.375	2.2452
882.5	2.2389
882.625	2.2319
882.75	2.2279
882.875	2.2264
883.0	2.2248
883.125	2.2264
883.25	2.2216
883.375	2.2106
883.5	2.2036
883.625	2.1933
883.75	2.1831
883.875	2.1745
884.0	2.1737
884.125	2.1611
884.25	2.1619
884.375	2.1501
884.5	2.1477
884.625	2.1399
884.75	2.1391
884.875	2.1383
885.0	2.1383
885.125	2.1352
885.25	2.1336
885.375	2.1305
885.5	2.1273
885.625	2.1202
885.75	2.1226
885.875	2.1179
886.0	2.1163
886.125	2.1124
886.25	2.1179
886.375	2.1194
886.5	2.1226
886.625	2.121
886.75	2.1281
886.875	2.1367
887.0	2.1422
887.125	2.1462
887.25	2.147
887.375	2.1556
887.5	2.1595
887.625	2.165
887.75	2.1761
887.875	2.1753
888.0	2.1902
888.125	2.1926
888.25	2.2067
888.375	2.2161
888.5	2.2216
888.625	2.2256
888.75	2.2311
888.875	2.2366
889.0	2.2382
889.125	2.2452
889.25	2.25
889.375	2.257
889.5	2.2531
889.625	2.2594
889.75	2.2617
889.875	2.2594
890.0	2.2617
890.125	2.2641
890.25	2.2665
890.375	2.2665
890.5	2.2594
890.625	2.2594
890.75	2.2547
890.875	2.257
891.0	2.2515
891.125	2.2547
891.25	2.2547
891.375	2.2602
891.5	2.2515
891.625	2.2641
891.75	2.2633
891.875	2.2633
892.0	2.2649
892.125	2.2657
892.25	2.2727
892.375	2.2783
892.5	2.2861
892.625	2.2877
892.75	2.2924
892.875	2.2987
893.0	2.3066
893.125	2.3073
893.25	2.316
893.375	2.316
893.5	2.316
893.625	2.3215
893.75	2.3223
893.875	2.3286
894.0	2.3262
894.125	2.3286
894.25	2.3301
894.375	2.3294
894.5	2.3301
894.625	2.3325
894.75	2.3333
894.875	2.3286
895.0	2.3349
895.125	2.3349
895.25	2.3372
895.375	2.3301
895.5	2.3341
895.625	2.3325
895.75	2.3396
895.875	2.3317
896.0	2.3333
896.125	2.3333
896.25	2.3317
896.375	2.3341
896.5	2.3254
896.625	2.3301
896.75	2.3262
896.875	2.3254
897.0	2.3254
897.125	2.3278
897.25	2.3301
897.375	2.3301
897.5	2.3231
897.625	2.3301
897.75	2.3223
897.875	2.3254
898.0	2.3246
898.125	2.3207
898.25	2.3254
898.375	2.3246
898.5	2.3231
898.625	2.3231
898.75	2.3207
898.875	2.3301
899.0	2.3231
899.125	2.3254
899.25	2.3207
899.375	2.3254
899.5	2.3278
899.625	2.3254
899.75	2.3309
899.875	2.3254
