898.0	0.2264
897.875	0.2272
897.75	0.2264
897.625	0.2264
897.5	0.2264
897.375	0.2264
897.25	0.2264
897.125	0.2264
897.0	0.2264
896.875	0.2264
896.75	0.2264
896.625	0.2264
896.5	0.2264
896.375	0.2264
896.25	0.2256
896.125	0.2264
896.0	0.2264
895.875	0.2256
895.75	0.2264
895.625	0.2264
895.5	0.2264
895.375	0.2256
895.25	0.2264
895.125	0.2248
895.0	0.2256
894.875	0.2264
894.75	0.2264
894.625	0.2264
894.5	0.2264
894.375	0.2264
894.25	0.2264
894.125	0.2264
894.0	0.2248
893.875	0.2264
893.75	0.2248
893.625	0.2264
893.5	0.2264
893.375	0.2264
893.25	0.2264
893.125	0.2264
893.0	0.2264
892.875	0.2264
892.75	0.2264
892.625	0.2256
892.5	0.2264
892.375	0.2264
892.25	0.2264
892.125	0.2248
892.0	0.2264
891.875	0.2264
891.75	0.2216
891.625	0.2248
891.5	0.2264
891.375	0.2264
891.25	0.2256
891.125	0.2232
891.0	0.224
890.875	0.2256
890.75	0.2256
890.625	0.2264
890.5	0.224
890.375	0.2248
890.25	0.224
890.125	0.2256
890.0	0.2264
889.875	0.2256
889.75	0.2264
889.625	0.2264
889.5	0.2264
889.375	0.2264
889.25	0.2264
889.125	0.2264
889.0	0.2264
888.875	0.2264
888.75	0.2264
888.625	0.2264
888.5	0.2279
888.375	0.2287
888.25	0.2303
888.125	0.2279
888.0	0.2264
887.875	0.2279
887.75	0.2287
887.625	0.2311
887.5	0.2303
887.375	0.2311
887.25	0.2279
887.125	0.2287
887.0	0.2303
886.875	0.2311
886.75	0.2311
886.625	0.2303
886.5	0.2311
886.375	0.2303
886.25	0.2311
886.125	0.2311
886.0	0.2311
885.875	0.2303
885.75	0.2311
885.625	0.2311
885.5	0.2311
885.375	0.2311
885.25	0.2295
885.125	0.2311
885.0	0.2303
884.875	0.2311
884.75	0.2311
884.625	0.2311
884.5	0.2287
884.375	0.2311
884.25	0.2311
884.125	0.2311
884.0	0.2311
883.875	0.2311
883.75	0.2303
883.625	0.2303
883.5	0.2311
883.375	0.2311
883.25	0.2311
883.125	0.2311
883.0	0.2311
882.875	0.2311
882.75	0.2311
882.625	0.2319
882.5	0.2311
882.375	0.2311
882.25	0.2311
882.125	0.2311
882.0	0.2311
881.875	0.2311
881.75	0.2311
881.625	0.2311
881.5	0.2311
881.375	0.2319
881.25	0.2311
881.125	0.2327
881.0	0.2311
880.875	0.2311
880.75	0.2303
880.625	0.2311
880.5	0.2303
880.375	0.2327
880.25	0.2334
880.125	0.2311
880.0	0.2319
879.875	0.2327
879.75	0.2327
879.625	0.2342
879.5	0.2319
879.375	0.2327
879.25	0.2327
879.125	0.2358
879.0	0.2342
878.875	0.235
878.75	0.235
878.625	0.235
878.5	0.235
878.375	0.2358
878.25	0.2366
878.125	0.235
878.0	0.235
877.875	0.2358
877.75	0.2358
877.625	0.2358
877.5	0.2358
877.375	0.2358
877.25	0.2358
877.125	0.2358
877.0	0.2358
876.875	0.2358
876.75	0.235
876.625	0.235
876.5	0.2358
876.375	0.2358
876.25	0.2374
876.125	0.2358
876.0	0.235
875.875	0.2358
875.75	0.2358
875.625	0.2358
875.5	0.2358
875.375	0.235
875.25	0.2358
875.125	0.2358
875.0	0.2358
874.875	0.2342
874.75	0.2342
874.625	0.2358
874.5	0.2334
874.375	0.2358
874.25	0.235
874.125	0.2358
874.0	0.2358
873.875	0.2358
873.75	0.235
873.625	0.2358
873.5	0.2358
873.375	0.235
873.25	0.2342
873.125	0.235
873.0	0.2358
872.875	0.235
872.75	0.2358
872.625	0.2342
872.5	0.2358
872.375	0.2358
872.25	0.2334
872.125	0.2358
872.0	0.2358
871.875	0.2342
871.75	0.2358
871.625	0.2358
871.5	0.2358
871.375	0.2358
871.25	0.2358
871.125	0.2358
871.0	0.2319
870.875	0.2358
870.75	0.2358
870.625	0.2342
870.5	0.2342
870.375	0.2358
870.25	0.235
870.125	0.2358
870.0	0.2342
869.875	0.235
869.75	0.2342
869.625	0.2342
869.5	0.2342
869.375	0.2358
869.25	0.2358
869.125	0.2342
869.0	0.2358
868.875	0.2358
868.75	0.2358
868.625	0.2358
868.5	0.2358
868.375	0.2358
868.25	0.2342
868.125	0.2319
868.0	0.2358
867.875	0.2327
867.75	0.235
867.625	0.2358
867.5	0.2358
867.375	0.2358
867.25	0.2358
867.125	0.2358
867.0	0.2358
866.875	0.235
866.75	0.235
866.625	0.2342
866.5	0.2358
866.375	0.2342
866.25	0.2358
866.125	0.2334
866.0	0.2358
865.875	0.2342
865.75	0.2358
865.625	0.2358
865.5	0.235
865.375	0.2358
865.25	0.2327
865.125	0.2358
865.0	0.235
864.875	0.2334
864.75	0.235
864.625	0.235
864.5	0.2358
864.375	0.2342
864.25	0.2358
864.125	0.2342
864.0	0.2358
863.875	0.2358
863.75	0.2358
863.625	0.235
863.5	0.2342
863.375	0.2358
863.25	0.2327
863.125	0.2358
863.0	0.2358
862.875	0.2358
862.75	0.235
862.625	0.235
862.5	0.2358
862.375	0.235
862.25	0.2358
862.125	0.2358
862.0	0.2358
861.875	0.235
861.75	0.2358
861.625	0.235
861.5	0.235
861.375	0.235
861.25	0.2358
861.125	0.235
861.0	0.2358
860.875	0.235
860.75	0.2358
860.625	0.2342
860.5	0.2358
860.375	0.2334
860.25	0.2358
860.125	0.2358
860.0	0.2358
859.875	0.2358
859.75	0.2358
859.625	0.2358
859.5	0.2358
859.375	0.2358
859.25	0.2358
859.125	0.235
859.0	0.2358
858.875	0.2342
858.75	0.2358
858.625	0.2358
858.5	0.2358
858.375	0.2358
858.25	0.2358
858.125	0.2358
858.0	0.2358
857.875	0.2358
857.75	0.2358
857.625	0.2358
857.5	0.2358
857.375	0.235
857.25	0.2342
857.125	0.235
857.0	0.235
856.875	0.2358
856.75	0.235
856.625	0.2342
856.5	0.235
856.375	0.2358
856.25	0.2358
856.125	0.2358
856.0	0.2358
855.875	0.2358
855.75	0.2358
855.625	0.2358
855.5	0.2366
855.375	0.2358
855.25	0.2358
855.125	0.2358
855.0	0.2358
854.875	0.2358
854.75	0.2358
854.625	0.2366
854.5	0.2358
854.375	0.2366
854.25	0.2366
854.125	0.2358
854.0	0.2366
853.875	0.2358
853.75	0.2358
853.625	0.2358
853.5	0.2358
853.375	0.2366
853.25	0.2358
853.125	0.2366
853.0	0.2358
852.875	0.2358
852.75	0.2358
852.625	0.2358
852.5	0.2366
852.375	0.2358
852.25	0.2358
852.125	0.2366
852.0	0.2358
851.875	0.2358
851.75	0.2358
851.625	0.2358
851.5	0.2358
851.375	0.2358
851.25	0.2358
851.125	0.2358
851.0	0.2358
850.875	0.2358
850.75	0.2358
850.625	0.2358
850.5	0.2358
850.375	0.2366
850.25	0.2358
850.125	0.2358
850.0	0.2358
849.875	0.2358
849.75	0.235
849.625	0.2358
849.5	0.2358
849.375	0.2358
849.25	0.2358
849.125	0.2358
849.0	0.2358
848.875	0.2358
848.75	0.2358
848.625	0.2358
848.5	0.2358
848.375	0.2358
848.25	0.2358
848.125	0.2358
848.0	0.2358
847.875	0.2358
847.75	0.2358
847.625	0.235
847.5	0.2342
847.375	0.2342
847.25	0.235
847.125	0.2358
847.0	0.2358
846.875	0.2358
846.75	0.2358
846.625	0.2358
846.5	0.2358
846.375	0.2342
846.25	0.2358
846.125	0.2358
846.0	0.235
845.875	0.2358
845.75	0.2358
845.625	0.2358
845.5	0.235
845.375	0.2358
845.25	0.2358
845.125	0.2358
845.0	0.2358
844.875	0.235
844.75	0.235
844.625	0.2358
844.5	0.2358
844.375	0.235
844.25	0.2358
844.125	0.2342
844.0	0.235
843.875	0.235
843.75	0.2358
843.625	0.2358
843.5	0.2358
843.375	0.2342
843.25	0.2342
843.125	0.2334
843.0	0.235
842.875	0.235
842.75	0.2358
842.625	0.235
842.5	0.235
842.375	0.2342
842.25	0.2342
842.125	0.2358
842.0	0.2334
841.875	0.235
841.75	0.2358
841.625	0.2358
841.5	0.2358
841.375	0.2358
841.25	0.235
841.125	0.2334
841.0	0.2334
840.875	0.2342
840.75	0.2342
840.625	0.2358
840.5	0.235
840.375	0.235
840.25	0.2358
840.125	0.2358
840.0	0.2358
839.875	0.235
839.75	0.2342
839.625	0.2342
839.5	0.2358
839.375	0.2342
839.25	0.2342
839.125	0.235
839.0	0.2342
838.875	0.235
838.75	0.2358
838.625	0.235
838.5	0.235
838.375	0.2358
838.25	0.235
838.125	0.2358
838.0	0.2358
837.875	0.2327
837.75	0.2342
837.625	0.2358
837.5	0.2358
837.375	0.2358
837.25	0.2358
837.125	0.2358
837.0	0.2358
836.875	0.235
836.75	0.2358
836.625	0.2342
836.5	0.235
836.375	0.2358
836.25	0.2358
836.125	0.2358
836.0	0.2358
835.875	0.2358
835.75	0.2358
835.625	0.2358
835.5	0.235
835.375	0.2358
835.25	0.2358
835.125	0.235
835.0	0.2358
834.875	0.2358
834.75	0.2358
834.625	0.2358
834.5	0.2358
834.375	0.2358
834.25	0.235
834.125	0.2358
834.0	0.2358
833.875	0.235
833.75	0.2342
833.625	0.2342
833.5	0.2358
833.375	0.2358
833.25	0.2358
833.125	0.2358
833.0	0.2358
832.875	0.235
832.75	0.2342
832.625	0.2358
832.5	0.2358
832.375	0.2358
832.25	0.2358
832.125	0.2358
832.0	0.235
831.875	0.2358
831.75	0.2358
831.625	0.2358
831.5	0.2358
831.375	0.2358
831.25	0.2366
831.125	0.2358
831.0	0.2358
830.875	0.2358
830.75	0.2358
830.625	0.2358
830.5	0.2358
830.375	0.2358
830.25	0.2342
830.125	0.2358
830.0	0.2358
829.875	0.2358
829.75	0.2358
829.625	0.2358
829.5	0.2358
829.375	0.2358
829.25	0.2358
829.125	0.2358
829.0	0.2358
828.875	0.2358
828.75	0.2358
828.625	0.2366
828.5	0.2358
828.375	0.2358
828.25	0.2358
828.125	0.2358
828.0	0.2358
827.875	0.2358
827.75	0.2358
827.625	0.2366
827.5	0.2358
827.375	0.2366
827.25	0.2358
827.125	0.2358
827.0	0.2342
826.875	0.2358
826.75	0.2358
826.625	0.2366
826.5	0.2358
826.375	0.2358
826.25	0.235
826.125	0.2358
826.0	0.2358
825.875	0.2358
825.75	0.2366
825.625	0.2358
825.5	0.235
825.375	0.2358
825.25	0.235
825.125	0.2358
825.0	0.2358
824.875	0.2358
824.75	0.2358
824.625	0.2358
824.5	0.2358
824.375	0.2358
824.25	0.235
824.125	0.2374
824.0	0.2366
823.875	0.2358
823.75	0.2358
823.625	0.2358
823.5	0.2358
823.375	0.2358
823.25	0.2358
823.125	0.2358
823.0	0.2358
822.875	0.2358
822.75	0.2358
822.625	0.2358
822.5	0.2358
822.375	0.2358
822.25	0.2358
822.125	0.2358
822.0	0.2358
821.875	0.2358
821.75	0.2358
821.625	0.2358
821.5	0.235
821.375	0.235
821.25	0.235
821.125	0.2358
821.0	0.2358
820.875	0.2358
820.75	0.235
820.625	0.2358
820.5	0.2342
820.375	0.235
820.25	0.2358
820.125	0.2358
820.0	0.235
819.875	0.2358
819.75	0.2358
819.625	0.2358
819.5	0.235
819.375	0.2358
819.25	0.235
819.125	0.235
819.0	0.2358
818.875	0.235
818.75	0.2358
818.625	0.2374
818.5	0.2358
818.375	0.2358
818.25	0.2358
818.125	0.2358
818.0	0.2358
817.875	0.2358
817.75	0.2358
817.625	0.2358
817.5	0.235
817.375	0.2358
817.25	0.2374
817.125	0.2358
817.0	0.235
816.875	0.2358
816.75	0.2358
816.625	0.2358
816.5	0.2374
816.375	0.2358
816.25	0.2358
816.125	0.2358
816.0	0.2358
815.875	0.2358
815.75	0.2358
815.625	0.2358
815.5	0.2358
815.375	0.2358
815.25	0.2358
815.125	0.2358
815.0	0.2358
814.875	0.2358
814.75	0.2358
814.625	0.2358
814.5	0.2358
814.375	0.2358
814.25	0.2358
814.125	0.2358
814.0	0.2358
813.875	0.2358
813.75	0.2358
813.625	0.2358
813.5	0.2358
813.375	0.2358
813.25	0.2358
813.125	0.2366
813.0	0.2366
812.875	0.2358
812.75	0.2358
812.625	0.2358
812.5	0.2382
812.375	0.2358
812.25	0.2358
812.125	0.2358
812.0	0.2358
811.875	0.2366
811.75	0.2358
811.625	0.2358
811.5	0.2358
811.375	0.2358
811.25	0.2358
811.125	0.2374
811.0	0.2358
810.875	0.2358
810.75	0.2358
810.625	0.2358
810.5	0.2358
810.375	0.2358
810.25	0.2358
810.125	0.2358
810.0	0.2358
809.875	0.2358
809.75	0.2358
809.625	0.2358
809.5	0.2358
809.375	0.2358
809.25	0.2358
809.125	0.2358
809.0	0.2366
808.875	0.2358
808.75	0.2358
808.625	0.2358
808.5	0.2358
808.375	0.2366
808.25	0.2358
808.125	0.2358
808.0	0.2366
807.875	0.2374
807.75	0.2358
807.625	0.2358
807.5	0.2358
807.375	0.2374
807.25	0.2366
807.125	0.2358
807.0	0.2374
806.875	0.2358
806.75	0.2358
806.625	0.2358
806.5	0.2358
806.375	0.2358
806.25	0.2358
806.125	0.2358
806.0	0.2358
805.875	0.2358
805.75	0.2358
805.625	0.2358
805.5	0.2358
805.375	0.2358
805.25	0.2358
805.125	0.2358
805.0	0.2358
804.875	0.2358
804.75	0.2358
804.625	0.2358
804.5	0.2358
804.375	0.2358
804.25	0.2358
804.125	0.235
804.0	0.2358
803.875	0.2358
803.75	0.2358
803.625	0.2358
803.5	0.2358
803.375	0.2358
803.25	0.2358
803.125	0.2358
803.0	0.2358
802.875	0.235
802.75	0.2358
802.625	0.2358
802.5	0.2358
802.375	0.2358
802.25	0.2358
802.125	0.235
802.0	0.2358
801.875	0.2358
801.75	0.2358
801.625	0.2358
801.5	0.2358
801.375	0.2374
801.25	0.2397
801.125	0.2405
801.0	0.2397
800.875	0.2397
800.75	0.2413
800.625	0.2413
800.5	0.2405
800.375	0.2405
800.25	0.2413
800.125	0.2405
800.0	0.2421
799.875	0.2421
799.75	0.2405
799.625	0.2405
799.5	0.2405
799.375	0.2405
799.25	0.2405
799.125	0.2397
799.0	0.2389
798.875	0.2389
798.75	0.2397
798.625	0.2405
798.5	0.2405
798.375	0.2382
798.25	0.2382
798.125	0.2374
798.0	0.2366
797.875	0.2374
797.75	0.2366
797.625	0.2389
797.5	0.2366
797.375	0.2366
797.25	0.2358
797.125	0.2358
797.0	0.2374
796.875	0.2358
796.75	0.2358
796.625	0.2358
796.5	0.2358
796.375	0.2366
796.25	0.2358
796.125	0.2366
796.0	0.2358
795.875	0.2358
795.75	0.2374
795.625	0.2358
795.5	0.2358
795.375	0.2358
795.25	0.235
795.125	0.2366
795.0	0.2358
794.875	0.2366
794.75	0.2358
794.625	0.2358
794.5	0.2358
794.375	0.2358
794.25	0.2358
794.125	0.2358
794.0	0.2358
793.875	0.2358
793.75	0.2358
793.625	0.2358
793.5	0.2358
793.375	0.2358
793.25	0.2358
793.125	0.2374
793.0	0.2358
792.875	0.2358
792.75	0.2358
792.625	0.2358
792.5	0.2358
792.375	0.2358
792.25	0.2358
792.125	0.2358
792.0	0.2366
791.875	0.2366
791.75	0.2358
791.625	0.2366
791.5	0.2366
791.375	0.2358
791.25	0.2358
791.125	0.2358
791.0	0.2358
790.875	0.2358
790.75	0.2358
790.625	0.2358
790.5	0.2358
790.375	0.2358
790.25	0.2358
790.125	0.2366
790.0	0.2358
789.875	0.2358
789.75	0.2366
789.625	0.2358
789.5	0.2358
789.375	0.2366
789.25	0.2358
789.125	0.2366
789.0	0.2358
788.875	0.2358
788.75	0.2382
788.625	0.2358
788.5	0.2358
788.375	0.2358
788.25	0.2358
788.125	0.2366
788.0	0.2358
787.875	0.2358
787.75	0.2358
787.625	0.2358
787.5	0.2358
787.375	0.2358
787.25	0.2358
787.125	0.2358
787.0	0.2358
786.875	0.2358
786.75	0.2358
786.625	0.2358
786.5	0.2366
786.375	0.2366
786.25	0.2358
786.125	0.235
786.0	0.2358
785.875	0.2374
785.75	0.2382
785.625	0.2358
785.5	0.2358
785.375	0.2366
785.25	0.2358
785.125	0.2358
785.0	0.2358
784.875	0.2358
784.75	0.2382
784.625	0.2358
784.5	0.2366
784.375	0.2374
784.25	0.2366
784.125	0.2358
784.0	0.2358
783.875	0.2358
783.75	0.2358
783.625	0.2358
783.5	0.2358
783.375	0.2366
783.25	0.2382
783.125	0.2366
783.0	0.2358
782.875	0.2366
782.75	0.2358
782.625	0.2374
782.5	0.2358
782.375	0.2358
782.25	0.2358
782.125	0.2358
782.0	0.2358
781.875	0.2358
781.75	0.2358
781.625	0.2358
781.5	0.2358
781.375	0.2358
781.25	0.2358
781.125	0.2366
781.0	0.2358
780.875	0.2366
780.75	0.2358
780.625	0.2358
780.5	0.2358
780.375	0.2358
780.25	0.2358
780.125	0.235
780.0	0.2358
779.875	0.2358
779.75	0.2358
779.625	0.235
779.5	0.2358
779.375	0.235
779.25	0.2358
779.125	0.2366
779.0	0.2366
778.875	0.2358
778.75	0.2358
778.625	0.2358
778.5	0.2358
778.375	0.2358
778.25	0.2358
778.125	0.2358
778.0	0.2358
777.875	0.2358
777.75	0.2358
777.625	0.2358
777.5	0.2358
777.375	0.2358
777.25	0.2358
777.125	0.2358
777.0	0.2358
776.875	0.2358
776.75	0.2358
776.625	0.2358
776.5	0.2358
776.375	0.2358
776.25	0.2358
776.125	0.2358
776.0	0.2358
775.875	0.2358
775.75	0.2358
775.625	0.2358
775.5	0.2342
775.375	0.2358
775.25	0.2358
775.125	0.235
775.0	0.2342
774.875	0.2358
774.75	0.2358
774.625	0.2366
774.5	0.2358
774.375	0.235
774.25	0.2358
774.125	0.2358
774.0	0.2358
773.875	0.2358
773.75	0.2358
773.625	0.2358
773.5	0.2358
773.375	0.2358
773.25	0.2358
773.125	0.2358
773.0	0.2358
772.875	0.2358
772.75	0.2358
772.625	0.2358
772.5	0.235
772.375	0.2358
772.25	0.2358
772.125	0.2358
772.0	0.2358
771.875	0.2358
771.75	0.2358
771.625	0.2358
771.5	0.2358
771.375	0.2358
771.25	0.2358
771.125	0.2358
771.0	0.2358
770.875	0.235
770.75	0.2358
770.625	0.2358
770.5	0.2358
770.375	0.235
770.25	0.2342
770.125	0.2358
770.0	0.235
769.875	0.2358
769.75	0.2358
769.625	0.2358
769.5	0.235
769.375	0.2358
769.25	0.235
769.125	0.2358
769.0	0.2358
768.875	0.235
768.75	0.2358
768.625	0.2358
768.5	0.2358
768.375	0.2358
768.25	0.2358
768.125	0.235
768.0	0.2358
767.875	0.2358
767.75	0.2358
767.625	0.2366
767.5	0.2358
767.375	0.2358
767.25	0.2358
767.125	0.2366
767.0	0.2358
766.875	0.2358
766.75	0.2358
766.625	0.2358
766.5	0.2358
766.375	0.2358
766.25	0.235
766.125	0.235
766.0	0.2342
765.875	0.2334
765.75	0.235
765.625	0.2358
765.5	0.235
765.375	0.235
765.25	0.235
765.125	0.2358
765.0	0.2342
764.875	0.235
764.75	0.235
764.625	0.2358
764.5	0.235
764.375	0.2358
764.25	0.2358
764.125	0.2342
764.0	0.235
763.875	0.2358
763.75	0.2358
763.625	0.2334
763.5	0.2327
763.375	0.2327
763.25	0.2319
763.125	0.2311
763.0	0.2319
762.875	0.2311
762.75	0.2311
762.625	0.2311
762.5	0.2303
762.375	0.2311
762.25	0.2311
762.125	0.2303
762.0	0.2311
761.875	0.2311
761.75	0.2311
761.625	0.2311
761.5	0.2327
761.375	0.2311
761.25	0.2311
761.125	0.2311
761.0	0.2311
760.875	0.2311
760.75	0.2311
760.625	0.2303
760.5	0.2311
760.375	0.2311
760.25	0.2319
760.125	0.2319
760.0	0.2319
759.875	0.2334
759.75	0.2327
759.625	0.2334
759.5	0.2327
759.375	0.235
759.25	0.235
759.125	0.2358
759.0	0.235
758.875	0.235
758.75	0.2358
758.625	0.2358
758.5	0.2358
758.375	0.2358
758.25	0.2358
758.125	0.2366
758.0	0.2366
757.875	0.2366
757.75	0.2366
757.625	0.2366
757.5	0.2358
757.375	0.2374
757.25	0.2366
757.125	0.2366
757.0	0.2358
756.875	0.2366
756.75	0.2358
756.625	0.2358
756.5	0.2358
756.375	0.2358
756.25	0.2358
756.125	0.2382
756.0	0.2366
755.875	0.2374
755.75	0.2358
755.625	0.2358
755.5	0.2358
755.375	0.2358
755.25	0.2358
755.125	0.2366
755.0	0.2366
754.875	0.2358
754.75	0.2358
754.625	0.2358
754.5	0.2358
754.375	0.2358
754.25	0.2366
754.125	0.2374
754.0	0.2366
753.875	0.2366
753.75	0.2382
753.625	0.2358
753.5	0.2358
753.375	0.2382
753.25	0.2366
753.125	0.2366
753.0	0.2374
752.875	0.2358
752.75	0.2366
752.625	0.2374
752.5	0.2358
752.375	0.2358
752.25	0.235
752.125	0.2342
752.0	0.2334
751.875	0.2334
751.75	0.2327
751.625	0.2319
751.5	0.2327
751.375	0.2327
751.25	0.2311
751.125	0.2311
751.0	0.2311
750.875	0.2311
750.75	0.2319
750.625	0.2327
750.5	0.2311
750.375	0.2311
750.25	0.2311
750.125	0.2311
750.0	0.2311
749.875	0.2334
749.75	0.2311
749.625	0.2311
749.5	0.2311
749.375	0.2327
749.25	0.2327
749.125	0.2311
749.0	0.2311
748.875	0.2311
748.75	0.2311
748.625	0.2311
748.5	0.2311
748.375	0.2311
748.25	0.2319
748.125	0.2311
748.0	0.2303
747.875	0.2311
747.75	0.2311
747.625	0.2311
747.5	0.2311
747.375	0.2311
747.25	0.2311
747.125	0.2319
747.0	0.2311
746.875	0.2311
746.75	0.2311
746.625	0.2303
746.5	0.2311
746.375	0.2287
746.25	0.2303
746.125	0.2303
746.0	0.2295
745.875	0.2295
745.75	0.2295
745.625	0.2295
745.5	0.2303
745.375	0.2295
745.25	0.2287
745.125	0.2279
745.0	0.2279
744.875	0.2264
744.75	0.2264
744.625	0.2264
744.5	0.2264
744.375	0.2272
744.25	0.2264
744.125	0.2264
744.0	0.2264
743.875	0.2264
743.75	0.2264
743.625	0.2264
743.5	0.2264
743.375	0.2256
743.25	0.2264
743.125	0.2264
743.0	0.2264
742.875	0.2264
742.75	0.2272
742.625	0.2264
742.5	0.2264
742.375	0.2264
742.25	0.2272
742.125	0.2264
742.0	0.2279
741.875	0.2279
741.75	0.2264
741.625	0.2272
741.5	0.2264
741.375	0.2272
741.25	0.2279
741.125	0.2295
741.0	0.2279
740.875	0.2272
740.75	0.2311
740.625	0.2311
740.5	0.2311
740.375	0.2311
740.25	0.2311
740.125	0.2311
740.0	0.2311
739.875	0.2303
739.75	0.2311
739.625	0.2311
739.5	0.2319
739.375	0.2311
739.25	0.2311
739.125	0.2319
739.0	0.2311
738.875	0.2311
738.75	0.2334
738.625	0.2319
738.5	0.235
738.375	0.2342
738.25	0.2327
738.125	0.2334
738.0	0.2334
737.875	0.2334
737.75	0.2327
737.625	0.2319
737.5	0.2327
737.375	0.2342
737.25	0.2311
737.125	0.2334
737.0	0.2327
736.875	0.235
736.75	0.2334
736.625	0.2342
736.5	0.2342
736.375	0.2311
736.25	0.2358
736.125	0.2334
736.0	0.2342
735.875	0.2334
735.75	0.2342
735.625	0.235
735.5	0.2358
735.375	0.2342
735.25	0.235
735.125	0.2342
735.0	0.235
734.875	0.2358
734.75	0.2358
734.625	0.2358
734.5	0.2358
734.375	0.2327
734.25	0.2342
734.125	0.235
734.0	0.2358
733.875	0.2358
733.75	0.2358
733.625	0.235
733.5	0.235
733.375	0.2358
733.25	0.2358
733.125	0.2358
733.0	0.2358
732.875	0.2358
732.75	0.2358
732.625	0.2358
732.5	0.2358
732.375	0.2358
732.25	0.2358
732.125	0.2358
732.0	0.2358
731.875	0.2358
731.75	0.2358
731.625	0.2358
731.5	0.2358
731.375	0.2358
731.25	0.2358
731.125	0.235
731.0	0.2358
730.875	0.235
730.75	0.2358
730.625	0.2358
730.5	0.2358
730.375	0.2358
730.25	0.2358
730.125	0.2358
730.0	0.2342
729.875	0.2358
729.75	0.2342
729.625	0.2358
729.5	0.2358
729.375	0.2342
729.25	0.2358
729.125	0.2342
729.0	0.235
728.875	0.2358
728.75	0.2358
728.625	0.2358
728.5	0.2358
728.375	0.235
728.25	0.2358
728.125	0.2334
728.0	0.235
727.875	0.2358
727.75	0.2358
727.625	0.2358
727.5	0.2358
727.375	0.235
727.25	0.235
727.125	0.2342
727.0	0.2334
726.875	0.235
726.75	0.2342
726.625	0.235
726.5	0.235
726.375	0.2319
726.25	0.235
726.125	0.2342
726.0	0.235
725.875	0.2334
725.75	0.2358
725.625	0.2342
725.5	0.2311
725.375	0.2327
725.25	0.2334
725.125	0.235
725.0	0.2334
724.875	0.2327
724.75	0.2319
724.625	0.2327
724.5	0.235
724.375	0.2342
724.25	0.2342
724.125	0.2327
724.0	0.235
723.875	0.2358
723.75	0.2358
723.625	0.2327
723.5	0.2334
723.375	0.2358
723.25	0.2334
723.125	0.2342
723.0	0.2342
722.875	0.2342
722.75	0.235
722.625	0.2358
722.5	0.2358
722.375	0.2358
722.25	0.2334
722.125	0.2342
722.0	0.235
721.875	0.2358
721.75	0.2334
721.625	0.2358
721.5	0.2342
721.375	0.235
721.25	0.2358
721.125	0.2358
721.0	0.2358
720.875	0.2327
720.75	0.2334
720.625	0.2358
720.5	0.2342
720.375	0.2342
720.25	0.2358
720.125	0.2342
720.0	0.2342
719.875	0.2358
719.75	0.2342
719.625	0.235
719.5	0.2334
719.375	0.2334
719.25	0.2358
719.125	0.2327
719.0	0.2342
718.875	0.2342
718.75	0.2334
718.625	0.2342
718.5	0.2342
718.375	0.2334
718.25	0.235
718.125	0.2358
718.0	0.2327
717.875	0.2342
717.75	0.235
717.625	0.235
717.5	0.235
717.375	0.2342
717.25	0.235
717.125	0.2334
717.0	0.2327
716.875	0.2334
716.75	0.235
716.625	0.2334
716.5	0.235
716.375	0.2334
716.25	0.2334
716.125	0.2334
716.0	0.235
715.875	0.2358
715.75	0.2358
715.625	0.235
715.5	0.2358
715.375	0.2358
715.25	0.235
715.125	0.235
715.0	0.235
714.875	0.2358
714.75	0.235
714.625	0.2358
714.5	0.2358
714.375	0.2366
714.25	0.2366
714.125	0.2358
714.0	0.2358
713.875	0.235
713.75	0.2358
713.625	0.2358
713.5	0.2358
713.375	0.2358
713.25	0.2358
713.125	0.2358
713.0	0.2334
712.875	0.2358
712.75	0.2358
712.625	0.2358
712.5	0.2358
712.375	0.2366
712.25	0.2358
712.125	0.2366
712.0	0.2358
711.875	0.235
711.75	0.2358
711.625	0.2358
711.5	0.2358
711.375	0.2358
711.25	0.235
711.125	0.2358
711.0	0.2358
710.875	0.2358
710.75	0.235
710.625	0.2342
710.5	0.235
710.375	0.2358
710.25	0.2358
710.125	0.2358
710.0	0.2342
709.875	0.2342
709.75	0.235
709.625	0.235
709.5	0.2342
709.375	0.2334
709.25	0.2334
709.125	0.2358
709.0	0.235
708.875	0.2334
708.75	0.2334
708.625	0.2334
708.5	0.2334
708.375	0.2358
708.25	0.2342
708.125	0.2334
708.0	0.2327
707.875	0.2342
707.75	0.2319
707.625	0.2342
707.5	0.2319
707.375	0.235
707.25	0.2334
707.125	0.2311
707.0	0.2358
706.875	0.2319
706.75	0.2319
706.625	0.2334
706.5	0.2334
706.375	0.2342
706.25	0.2311
706.125	0.2334
706.0	0.2327
705.875	0.2342
705.75	0.2334
705.625	0.2342
705.5	0.2319
705.375	0.2342
705.25	0.2334
705.125	0.2342
705.0	0.2327
704.875	0.2319
704.75	0.2342
704.625	0.2327
704.5	0.2319
704.375	0.2327
704.25	0.2334
704.125	0.235
704.0	0.2327
703.875	0.2358
703.75	0.2358
703.625	0.2358
703.5	0.2319
703.375	0.2358
703.25	0.2358
703.125	0.2334
703.0	0.2358
702.875	0.235
702.75	0.2334
702.625	0.235
702.5	0.2358
702.375	0.2342
702.25	0.2334
702.125	0.235
702.0	0.2342
701.875	0.235
701.75	0.2358
701.625	0.2334
701.5	0.2342
701.375	0.2358
701.25	0.2342
701.125	0.2358
701.0	0.235
700.875	0.2358
700.75	0.235
700.625	0.2342
700.5	0.235
700.375	0.2358
700.25	0.2342
700.125	0.2358
700.0	0.235
699.875	0.235
699.75	0.2342
699.625	0.2358
699.5	0.2342
699.375	0.235
699.25	0.2358
699.125	0.2342
699.0	0.2342
698.875	0.235
698.75	0.235
698.625	0.2358
698.5	0.235
698.375	0.235
698.25	0.235
698.125	0.2358
698.0	0.2358
697.875	0.2342
697.75	0.2358
697.625	0.2358
697.5	0.2358
697.375	0.2358
697.25	0.2342
697.125	0.2358
697.0	0.2358
696.875	0.2358
696.75	0.2358
696.625	0.2358
696.5	0.2358
696.375	0.2358
696.25	0.2358
696.125	0.2358
696.0	0.2358
695.875	0.235
695.75	0.2358
695.625	0.2358
695.5	0.2334
695.375	0.2342
695.25	0.2358
695.125	0.235
695.0	0.2358
694.875	0.235
694.75	0.2334
694.625	0.2334
694.5	0.2342
694.375	0.2342
694.25	0.2342
694.125	0.2342
694.0	0.2342
693.875	0.2358
693.75	0.2342
693.625	0.2342
693.5	0.2319
693.375	0.2327
693.25	0.2342
693.125	0.2334
693.0	0.235
692.875	0.2342
692.75	0.2319
692.625	0.2342
692.5	0.2334
692.375	0.2334
692.25	0.2342
692.125	0.2334
692.0	0.2319
691.875	0.2327
691.75	0.2342
691.625	0.2342
691.5	0.2334
691.375	0.2327
691.25	0.2334
691.125	0.2342
691.0	0.2342
690.875	0.2334
690.75	0.2358
690.625	0.235
690.5	0.2342
690.375	0.2358
690.25	0.2342
690.125	0.2342
690.0	0.235
689.875	0.2327
689.75	0.235
689.625	0.2327
689.5	0.2334
689.375	0.235
689.25	0.2358
689.125	0.2342
689.0	0.2342
688.875	0.2358
688.75	0.2327
688.625	0.2358
688.5	0.2358
688.375	0.2327
688.25	0.2334
688.125	0.235
688.0	0.235
687.875	0.2334
687.75	0.2327
687.625	0.2334
687.5	0.2319
687.375	0.2334
687.25	0.2334
687.125	0.2334
687.0	0.235
686.875	0.2334
686.75	0.2358
686.625	0.2358
686.5	0.2334
686.375	0.2342
686.25	0.2334
686.125	0.2342
686.0	0.2358
685.875	0.2358
685.75	0.2358
685.625	0.2358
685.5	0.2358
685.375	0.2358
685.25	0.2358
685.125	0.2358
685.0	0.235
684.875	0.2358
684.75	0.2358
684.625	0.2342
684.5	0.2358
684.375	0.2358
684.25	0.2358
684.125	0.2342
684.0	0.2358
683.875	0.2358
683.75	0.2358
683.625	0.235
683.5	0.2358
683.375	0.2358
683.25	0.2358
683.125	0.2358
683.0	0.2358
682.875	0.2358
682.75	0.2358
682.625	0.2358
682.5	0.2358
682.375	0.2342
682.25	0.2358
682.125	0.2358
682.0	0.235
681.875	0.2358
681.75	0.235
681.625	0.2358
681.5	0.2358
681.375	0.2358
681.25	0.2358
681.125	0.2358
681.0	0.2358
680.875	0.2358
680.75	0.2358
680.625	0.2358
680.5	0.2358
680.375	0.2358
680.25	0.2358
680.125	0.235
680.0	0.235
679.875	0.235
679.75	0.2358
679.625	0.2358
679.5	0.2358
679.375	0.2358
679.25	0.2358
679.125	0.2334
679.0	0.2358
678.875	0.235
678.75	0.235
678.625	0.2358
678.5	0.2358
678.375	0.2358
678.25	0.2358
678.125	0.2358
678.0	0.2358
677.875	0.2358
677.75	0.2342
677.625	0.235
677.5	0.2358
677.375	0.2342
677.25	0.235
677.125	0.235
677.0	0.2358
676.875	0.2358
676.75	0.2342
676.625	0.235
676.5	0.2327
676.375	0.2358
676.25	0.2358
676.125	0.2358
676.0	0.235
675.875	0.235
675.75	0.235
675.625	0.2358
675.5	0.2342
675.375	0.2358
675.25	0.235
675.125	0.2358
675.0	0.2358
674.875	0.2342
674.75	0.2342
674.625	0.2358
674.5	0.2358
674.375	0.2358
674.25	0.2358
674.125	0.235
674.0	0.2358
673.875	0.2358
673.75	0.2366
673.625	0.2374
673.5	0.2358
673.375	0.2389
673.25	0.2366
673.125	0.2389
673.0	0.2405
672.875	0.2382
672.75	0.2389
672.625	0.2405
672.5	0.2405
672.375	0.2405
672.25	0.2405
672.125	0.2397
672.0	0.2397
671.875	0.2397
671.75	0.2374
671.625	0.2397
671.5	0.2382
671.375	0.2382
671.25	0.2382
671.125	0.2374
671.0	0.2358
670.875	0.2382
670.75	0.2374
670.625	0.2366
670.5	0.2358
670.375	0.2366
670.25	0.2358
670.125	0.2358
670.0	0.2358
669.875	0.2358
669.75	0.2358
669.625	0.2334
669.5	0.2342
669.375	0.2358
669.25	0.2342
669.125	0.2319
669.0	0.235
668.875	0.235
668.75	0.235
668.625	0.2358
668.5	0.2358
668.375	0.2342
668.25	0.235
668.125	0.2358
668.0	0.2358
667.875	0.235
667.75	0.235
667.625	0.2334
667.5	0.2327
667.375	0.2358
667.25	0.2358
667.125	0.2342
667.0	0.2358
666.875	0.2358
666.75	0.2334
666.625	0.235
666.5	0.2358
666.375	0.235
666.25	0.2358
666.125	0.2358
666.0	0.2334
665.875	0.2358
665.75	0.235
665.625	0.2358
665.5	0.2342
665.375	0.2358
665.25	0.235
665.125	0.235
665.0	0.2334
664.875	0.2342
664.75	0.2327
664.625	0.2358
664.5	0.235
664.375	0.2342
664.25	0.2334
664.125	0.2342
664.0	0.235
663.875	0.2358
663.75	0.2334
663.625	0.2358
663.5	0.2358
663.375	0.2358
663.25	0.2358
663.125	0.2358
663.0	0.2358
662.875	0.2342
662.75	0.2358
662.625	0.2358
662.5	0.2358
662.375	0.2358
662.25	0.2358
662.125	0.2358
662.0	0.2358
661.875	0.2358
661.75	0.2358
661.625	0.2358
661.5	0.2358
661.375	0.2342
661.25	0.2366
661.125	0.2358
661.0	0.2358
660.875	0.2374
660.75	0.2358
660.625	0.2358
660.5	0.2358
660.375	0.2358
660.25	0.2358
660.125	0.2366
660.0	0.2382
659.875	0.2374
659.75	0.2389
659.625	0.2405
659.5	0.2366
659.375	0.2397
659.25	0.2397
659.125	0.2389
659.0	0.2397
658.875	0.2389
658.75	0.2397
658.625	0.2405
658.5	0.2389
658.375	0.2397
658.25	0.2397
658.125	0.2397
658.0	0.2382
657.875	0.2405
657.75	0.2397
657.625	0.2397
657.5	0.2397
657.375	0.2405
657.25	0.2397
657.125	0.2389
657.0	0.2358
656.875	0.2374
656.75	0.2374
656.625	0.2358
656.5	0.2358
656.375	0.2358
656.25	0.2358
656.125	0.2358
656.0	0.2358
655.875	0.2358
655.75	0.2358
655.625	0.2358
655.5	0.235
655.375	0.2358
655.25	0.2358
655.125	0.2358
655.0	0.2358
654.875	0.2358
654.75	0.2358
654.625	0.2358
654.5	0.2358
654.375	0.2358
654.25	0.2358
654.125	0.2358
654.0	0.2358
653.875	0.2358
653.75	0.2358
653.625	0.2358
653.5	0.2358
653.375	0.2358
653.25	0.2342
653.125	0.2358
653.0	0.2358
652.875	0.2358
652.75	0.2358
652.625	0.2358
652.5	0.2358
652.375	0.2358
652.25	0.2358
652.125	0.2358
652.0	0.2358
651.875	0.2358
651.75	0.2358
651.625	0.2366
651.5	0.2358
651.375	0.235
651.25	0.2358
651.125	0.2358
651.0	0.2358
650.875	0.2358
650.75	0.2358
650.625	0.2358
650.5	0.235
650.375	0.2358
650.25	0.2358
650.125	0.2358
650.0	0.235
649.875	0.235
649.75	0.2358
649.625	0.2358
649.5	0.235
649.375	0.2358
649.25	0.2358
649.125	0.2358
649.0	0.2358
648.875	0.2334
648.75	0.2358
648.625	0.2342
648.5	0.2342
648.375	0.2358
648.25	0.2358
648.125	0.2358
648.0	0.2358
647.875	0.2358
647.75	0.235
647.625	0.2358
647.5	0.2358
647.375	0.2358
647.25	0.2358
647.125	0.2358
647.0	0.2358
646.875	0.2358
646.75	0.2358
646.625	0.2358
646.5	0.2358
646.375	0.235
646.25	0.2334
646.125	0.2358
646.0	0.2358
645.875	0.2358
645.75	0.2358
645.625	0.2358
645.5	0.235
645.375	0.2358
645.25	0.235
645.125	0.235
645.0	0.235
644.875	0.2342
644.75	0.2358
644.625	0.2358
644.5	0.235
644.375	0.2358
644.25	0.235
644.125	0.2358
644.0	0.235
643.875	0.2334
643.75	0.2358
643.625	0.2358
643.5	0.2342
643.375	0.2358
643.25	0.235
643.125	0.235
643.0	0.2342
642.875	0.2342
642.75	0.235
642.625	0.2358
642.5	0.2334
642.375	0.2358
642.25	0.2334
642.125	0.2358
642.0	0.2342
641.875	0.235
641.75	0.235
641.625	0.235
641.5	0.2334
641.375	0.2319
641.25	0.2358
641.125	0.2342
641.0	0.235
640.875	0.2358
640.75	0.235
640.625	0.235
640.5	0.2358
640.375	0.235
640.25	0.2319
640.125	0.2358
640.0	0.235
639.875	0.2358
639.75	0.2342
639.625	0.2358
639.5	0.2358
639.375	0.2358
639.25	0.235
639.125	0.2334
639.0	0.2358
638.875	0.2358
638.75	0.2342
638.625	0.2358
638.5	0.2358
638.375	0.2358
638.25	0.2358
638.125	0.2358
638.0	0.2358
637.875	0.2358
637.75	0.2366
637.625	0.2358
637.5	0.2374
637.375	0.2374
637.25	0.2397
637.125	0.2397
637.0	0.2405
636.875	0.2405
636.75	0.2405
636.625	0.2444
636.5	0.2429
636.375	0.2452
636.25	0.246
636.125	0.2476
636.0	0.25
635.875	0.2484
635.75	0.2484
635.625	0.25
635.5	0.25
635.375	0.2515
635.25	0.25
635.125	0.25
635.0	0.2507
634.875	0.25
634.75	0.25
634.625	0.2507
634.5	0.25
634.375	0.25
634.25	0.2492
634.125	0.2476
634.0	0.246
633.875	0.246
633.75	0.2452
633.625	0.2452
633.5	0.2421
633.375	0.2405
633.25	0.2405
633.125	0.2405
633.0	0.2405
632.875	0.2405
632.75	0.2397
632.625	0.2405
632.5	0.2397
632.375	0.2389
632.25	0.2366
632.125	0.2389
632.0	0.2389
631.875	0.2366
631.75	0.2358
631.625	0.2366
631.5	0.2358
631.375	0.2358
631.25	0.2358
631.125	0.2358
631.0	0.2366
630.875	0.2382
630.75	0.2358
630.625	0.2366
630.5	0.2366
630.375	0.2358
630.25	0.2358
630.125	0.2358
630.0	0.235
629.875	0.2374
629.75	0.2358
629.625	0.2358
629.5	0.2366
629.375	0.2358
629.25	0.2382
629.125	0.2358
629.0	0.2358
628.875	0.2358
628.75	0.2382
628.625	0.2358
628.5	0.2358
628.375	0.2374
628.25	0.2374
628.125	0.2358
628.0	0.2358
627.875	0.2405
627.75	0.2358
627.625	0.2366
627.5	0.2358
627.375	0.2366
627.25	0.2366
627.125	0.2358
627.0	0.2358
626.875	0.2358
626.75	0.2374
626.625	0.2366
626.5	0.2358
626.375	0.2358
626.25	0.2358
626.125	0.2358
626.0	0.2358
625.875	0.2358
625.75	0.2358
625.625	0.2358
625.5	0.2358
625.375	0.2358
625.25	0.2358
625.125	0.2358
625.0	0.2382
624.875	0.2389
624.75	0.2389
624.625	0.2358
624.5	0.2358
624.375	0.2382
624.25	0.2366
624.125	0.2382
624.0	0.2397
623.875	0.2405
623.75	0.2405
623.625	0.2405
623.5	0.2405
623.375	0.2405
623.25	0.2397
623.125	0.2405
623.0	0.2405
622.875	0.2405
622.75	0.2397
622.625	0.2413
622.5	0.2405
622.375	0.2405
622.25	0.2405
622.125	0.2405
622.0	0.2382
621.875	0.2382
621.75	0.2389
621.625	0.2358
621.5	0.2382
621.375	0.2358
621.25	0.2358
621.125	0.2358
621.0	0.2358
620.875	0.2366
620.75	0.2382
620.625	0.2358
620.5	0.2358
620.375	0.2358
620.25	0.2358
620.125	0.2358
620.0	0.2358
619.875	0.2358
619.75	0.2358
619.625	0.2358
619.5	0.2358
619.375	0.2358
619.25	0.2358
619.125	0.2358
619.0	0.2366
618.875	0.2358
618.75	0.2358
618.625	0.2358
618.5	0.2358
618.375	0.2374
618.25	0.2366
618.125	0.2358
618.0	0.2358
617.875	0.2358
617.75	0.2358
617.625	0.235
617.5	0.2358
617.375	0.2358
617.25	0.2358
617.125	0.2366
617.0	0.2358
616.875	0.2358
616.75	0.2358
616.625	0.2358
616.5	0.2374
616.375	0.2366
616.25	0.2374
616.125	0.2358
616.0	0.2358
615.875	0.2366
615.75	0.2358
615.625	0.2358
615.5	0.2366
615.375	0.2358
615.25	0.2358
615.125	0.2358
615.0	0.235
614.875	0.235
614.75	0.2358
614.625	0.2358
614.5	0.2358
614.375	0.2358
614.25	0.2358
614.125	0.2358
614.0	0.2358
613.875	0.2358
613.75	0.2358
613.625	0.2358
613.5	0.235
613.375	0.235
613.25	0.2358
613.125	0.2358
613.0	0.2358
612.875	0.235
612.75	0.2358
612.625	0.2358
612.5	0.2358
612.375	0.2342
612.25	0.2358
612.125	0.2342
612.0	0.2358
611.875	0.2342
611.75	0.235
611.625	0.2358
611.5	0.2358
611.375	0.2358
611.25	0.2358
611.125	0.2358
611.0	0.235
610.875	0.2358
610.75	0.2358
610.625	0.2358
610.5	0.2358
610.375	0.2358
610.25	0.2358
610.125	0.2358
610.0	0.2358
609.875	0.2358
609.75	0.2358
609.625	0.2358
609.5	0.2358
609.375	0.235
609.25	0.2358
609.125	0.2358
609.0	0.235
608.875	0.2358
608.75	0.2358
608.625	0.2358
608.5	0.2358
608.375	0.2358
608.25	0.2358
608.125	0.2358
608.0	0.2358
607.875	0.2358
607.75	0.2358
607.625	0.235
607.5	0.2358
607.375	0.235
607.25	0.235
607.125	0.235
607.0	0.2358
606.875	0.2358
606.75	0.2358
606.625	0.2358
606.5	0.2358
606.375	0.2358
606.25	0.2358
606.125	0.2358
606.0	0.2358
605.875	0.2358
605.75	0.2358
605.625	0.2358
605.5	0.2366
605.375	0.2358
605.25	0.2358
605.125	0.2389
605.0	0.2366
604.875	0.2366
604.75	0.2405
604.625	0.2397
604.5	0.2389
604.375	0.2382
604.25	0.2389
604.125	0.2366
604.0	0.2366
603.875	0.2358
603.75	0.2366
603.625	0.2366
603.5	0.2358
603.375	0.2389
603.25	0.2389
603.125	0.2405
603.0	0.2405
602.875	0.2397
602.75	0.2405
602.625	0.2429
602.5	0.2444
602.375	0.2452
602.25	0.2484
602.125	0.2492
602.0	0.2476
601.875	0.25
601.75	0.2547
601.625	0.2547
601.5	0.2547
601.375	0.2555
601.25	0.2555
601.125	0.2555
601.0	0.2555
600.875	0.2578
600.75	0.2578
600.625	0.2555
600.5	0.2547
600.375	0.2555
600.25	0.2547
600.125	0.2523
600.0	0.2515
599.875	0.2484
599.75	0.2468
599.625	0.2452
599.5	0.2452
599.375	0.2444
599.25	0.2413
599.125	0.2405
599.0	0.2405
598.875	0.2405
598.75	0.2358
598.625	0.2382
598.5	0.2366
598.375	0.2358
598.25	0.235
598.125	0.2366
598.0	0.2358
597.875	0.2366
597.75	0.2358
597.625	0.2358
597.5	0.2358
597.375	0.2358
597.25	0.2358
597.125	0.2358
597.0	0.2358
596.875	0.2358
596.75	0.2358
596.625	0.2342
596.5	0.2342
596.375	0.235
596.25	0.2358
596.125	0.235
596.0	0.2358
595.875	0.2358
595.75	0.2358
595.625	0.2358
595.5	0.2358
595.375	0.2342
595.25	0.235
595.125	0.2358
595.0	0.2358
594.875	0.235
594.75	0.2358
594.625	0.2358
594.5	0.235
594.375	0.2358
594.25	0.2358
594.125	0.235
594.0	0.2342
593.875	0.2358
593.75	0.2358
593.625	0.2358
593.5	0.2342
593.375	0.2358
593.25	0.235
593.125	0.2358
593.0	0.2342
592.875	0.2358
592.75	0.2358
592.625	0.2358
592.5	0.2358
592.375	0.2358
592.25	0.2358
592.125	0.235
592.0	0.2358
591.875	0.2366
591.75	0.2358
591.625	0.2358
591.5	0.2366
591.375	0.2374
591.25	0.2366
591.125	0.2374
591.0	0.2382
590.875	0.2389
590.75	0.2374
590.625	0.2397
590.5	0.2366
590.375	0.2382
590.25	0.2389
590.125	0.2366
590.0	0.2374
589.875	0.2382
589.75	0.2382
589.625	0.2358
589.5	0.2374
589.375	0.2366
589.25	0.2366
589.125	0.2358
589.0	0.235
588.875	0.2366
588.75	0.2358
588.625	0.2358
588.5	0.2358
588.375	0.2358
588.25	0.2382
588.125	0.2358
588.0	0.2358
587.875	0.2358
587.75	0.2358
587.625	0.2366
587.5	0.2374
587.375	0.2358
587.25	0.2358
587.125	0.2358
587.0	0.2366
586.875	0.2366
586.75	0.2358
586.625	0.2358
586.5	0.2342
586.375	0.235
586.25	0.2358
586.125	0.2358
586.0	0.235
585.875	0.2358
585.75	0.2358
585.625	0.2358
585.5	0.235
585.375	0.2358
585.25	0.235
585.125	0.2358
585.0	0.2358
584.875	0.2358
584.75	0.2358
584.625	0.2358
584.5	0.2358
584.375	0.2358
584.25	0.2374
584.125	0.2374
584.0	0.2374
583.875	0.2382
583.75	0.2405
583.625	0.2405
583.5	0.2405
583.375	0.2413
583.25	0.2405
583.125	0.2405
583.0	0.2405
582.875	0.2429
582.75	0.2429
582.625	0.2421
582.5	0.2429
582.375	0.2429
582.25	0.2413
582.125	0.2405
582.0	0.2405
581.875	0.2405
581.75	0.2405
581.625	0.2405
581.5	0.2405
581.375	0.2389
581.25	0.2413
581.125	0.2405
581.0	0.2405
580.875	0.2397
580.75	0.2397
580.625	0.2405
580.5	0.2397
580.375	0.2389
580.25	0.2405
580.125	0.2405
580.0	0.2405
579.875	0.2389
579.75	0.2405
579.625	0.2405
579.5	0.2389
579.375	0.2397
579.25	0.2389
579.125	0.2374
579.0	0.2382
578.875	0.2358
578.75	0.2397
578.625	0.2382
578.5	0.2374
578.375	0.2382
578.25	0.2382
578.125	0.2358
578.0	0.2366
577.875	0.2366
577.75	0.2366
577.625	0.2366
577.5	0.2366
577.375	0.2358
577.25	0.2358
577.125	0.2374
577.0	0.2366
576.875	0.2358
576.75	0.2389
576.625	0.2374
576.5	0.2374
576.375	0.2358
576.25	0.2358
576.125	0.2358
576.0	0.2358
575.875	0.2358
575.75	0.2358
575.625	0.2358
575.5	0.2358
575.375	0.2374
575.25	0.2358
575.125	0.2358
575.0	0.2358
574.875	0.235
574.75	0.2358
574.625	0.2358
574.5	0.2358
574.375	0.2358
574.25	0.2358
574.125	0.2358
574.0	0.2342
573.875	0.2342
573.75	0.2358
573.625	0.2358
573.5	0.2358
573.375	0.2358
573.25	0.235
573.125	0.235
573.0	0.2334
572.875	0.2358
572.75	0.2342
572.625	0.2319
572.5	0.235
572.375	0.2319
572.25	0.2319
572.125	0.2334
572.0	0.2327
571.875	0.2327
571.75	0.235
571.625	0.2342
571.5	0.2358
571.375	0.235
571.25	0.235
571.125	0.2358
571.0	0.2389
570.875	0.2405
570.75	0.2405
570.625	0.2405
570.5	0.2405
570.375	0.2452
570.25	0.2421
570.125	0.2437
570.0	0.2444
569.875	0.246
569.75	0.2452
569.625	0.2452
569.5	0.2476
569.375	0.2468
569.25	0.2476
569.125	0.2452
569.0	0.2444
568.875	0.2452
568.75	0.2421
568.625	0.2429
568.5	0.2405
568.375	0.2405
568.25	0.2405
568.125	0.2389
568.0	0.2405
567.875	0.2389
567.75	0.2382
567.625	0.2366
567.5	0.2366
567.375	0.2358
567.25	0.2382
567.125	0.2366
567.0	0.2358
566.875	0.2358
566.75	0.2358
566.625	0.2358
566.5	0.2358
566.375	0.2358
566.25	0.235
566.125	0.2358
566.0	0.2358
565.875	0.2358
565.75	0.2358
565.625	0.235
565.5	0.2366
565.375	0.2358
565.25	0.2358
565.125	0.2374
565.0	0.2358
564.875	0.2358
564.75	0.2358
564.625	0.2358
564.5	0.2358
564.375	0.2374
564.25	0.2358
564.125	0.2358
564.0	0.2366
563.875	0.2358
563.75	0.2366
563.625	0.2366
563.5	0.2358
563.375	0.2366
563.25	0.2358
563.125	0.2358
563.0	0.2358
562.875	0.2358
562.75	0.2358
562.625	0.2358
562.5	0.2358
562.375	0.2358
562.25	0.2366
562.125	0.2358
562.0	0.2358
561.875	0.2358
561.75	0.2366
561.625	0.2374
561.5	0.2358
561.375	0.2358
561.25	0.2358
561.125	0.2358
561.0	0.2358
560.875	0.2358
560.75	0.2366
560.625	0.2358
560.5	0.2358
560.375	0.2358
560.25	0.2358
560.125	0.2358
560.0	0.2358
559.875	0.2358
559.75	0.2358
559.625	0.2358
559.5	0.2358
559.375	0.2358
559.25	0.2358
559.125	0.2358
559.0	0.2374
558.875	0.2358
558.75	0.2358
558.625	0.2358
558.5	0.2358
558.375	0.235
558.25	0.2358
558.125	0.2358
558.0	0.2358
557.875	0.2366
557.75	0.2358
557.625	0.2358
557.5	0.2366
557.375	0.2366
557.25	0.2366
557.125	0.2358
557.0	0.2374
556.875	0.2358
556.75	0.2358
556.625	0.2366
556.5	0.2374
556.375	0.2358
556.25	0.2382
556.125	0.2382
556.0	0.2366
555.875	0.2374
555.75	0.2374
555.625	0.2382
555.5	0.2389
555.375	0.2358
555.25	0.2397
555.125	0.2389
555.0	0.2397
554.875	0.2358
554.75	0.2374
554.625	0.2374
554.5	0.2358
554.375	0.2374
554.25	0.2382
554.125	0.2374
554.0	0.2389
553.875	0.2366
553.75	0.2382
553.625	0.2366
553.5	0.2382
553.375	0.2382
553.25	0.2382
553.125	0.2366
553.0	0.2374
552.875	0.2366
552.75	0.2358
552.625	0.2382
552.5	0.2358
552.375	0.2358
552.25	0.2374
552.125	0.2358
552.0	0.2374
551.875	0.2374
551.75	0.2374
551.625	0.2358
551.5	0.2374
551.375	0.2374
551.25	0.2358
551.125	0.2358
551.0	0.2358
550.875	0.2358
550.75	0.2358
550.625	0.2366
550.5	0.2358
550.375	0.2358
550.25	0.2358
550.125	0.2358
550.0	0.2358
549.875	0.2358
549.75	0.2358
549.625	0.2366
549.5	0.2358
549.375	0.2358
549.25	0.235
549.125	0.2366
549.0	0.2358
548.875	0.2358
548.75	0.2358
548.625	0.2358
548.5	0.2358
548.375	0.2366
548.25	0.2366
548.125	0.2358
548.0	0.2366
547.875	0.2366
547.75	0.2358
547.625	0.2358
547.5	0.2358
547.375	0.2358
547.25	0.2358
547.125	0.2358
547.0	0.2366
546.875	0.2358
546.75	0.2366
546.625	0.2366
546.5	0.2374
546.375	0.2382
546.25	0.2382
546.125	0.2382
546.0	0.2374
545.875	0.2382
545.75	0.2389
545.625	0.2397
545.5	0.2397
545.375	0.2405
545.25	0.2397
545.125	0.2405
545.0	0.2405
544.875	0.2405
544.75	0.2405
544.625	0.2405
544.5	0.2405
544.375	0.2405
544.25	0.2405
544.125	0.2413
544.0	0.2405
543.875	0.2405
543.75	0.2405
543.625	0.2413
543.5	0.2413
543.375	0.2413
543.25	0.2405
543.125	0.2405
543.0	0.2413
542.875	0.2397
542.75	0.2413
542.625	0.2405
542.5	0.2405
542.375	0.2405
542.25	0.2405
542.125	0.2397
542.0	0.2397
541.875	0.2382
541.75	0.2389
541.625	0.2405
541.5	0.2405
541.375	0.2405
541.25	0.2405
541.125	0.2405
541.0	0.2397
540.875	0.2405
540.75	0.2405
540.625	0.2405
540.5	0.2397
540.375	0.2397
540.25	0.2397
540.125	0.2389
540.0	0.2397
539.875	0.2382
539.75	0.2405
539.625	0.2389
539.5	0.2374
539.375	0.2389
539.25	0.2382
539.125	0.2366
539.0	0.2397
538.875	0.2382
538.75	0.2389
538.625	0.2397
538.5	0.2389
538.375	0.2382
538.25	0.2389
538.125	0.2389
538.0	0.2405
537.875	0.2382
537.75	0.2405
537.625	0.2413
537.5	0.2429
537.375	0.2437
537.25	0.2452
537.125	0.2468
537.0	0.2492
536.875	0.2507
536.75	0.2539
536.625	0.2547
536.5	0.2547
536.375	0.257
536.25	0.2555
536.125	0.2562
536.0	0.2586
535.875	0.2562
535.75	0.257
535.625	0.2594
535.5	0.2555
535.375	0.2547
535.25	0.2539
535.125	0.2515
535.0	0.2507
534.875	0.2507
534.75	0.25
534.625	0.25
534.5	0.25
534.375	0.2468
534.25	0.2452
534.125	0.246
534.0	0.2452
533.875	0.2452
533.75	0.2452
533.625	0.2452
533.5	0.2452
533.375	0.2444
533.25	0.2452
533.125	0.2429
533.0	0.2437
532.875	0.2437
532.75	0.2444
532.625	0.2429
532.5	0.2429
532.375	0.2429
532.25	0.2421
532.125	0.2429
532.0	0.2429
531.875	0.2405
531.75	0.2421
531.625	0.2405
531.5	0.2405
531.375	0.2405
531.25	0.2413
531.125	0.2405
531.0	0.2405
530.875	0.2405
530.75	0.2405
530.625	0.2397
530.5	0.2382
530.375	0.2397
530.25	0.2397
530.125	0.2405
530.0	0.2389
529.875	0.2389
529.75	0.2389
529.625	0.2389
529.5	0.2389
529.375	0.2405
529.25	0.2405
529.125	0.2382
529.0	0.2382
528.875	0.2374
528.75	0.2382
528.625	0.2397
528.5	0.2382
528.375	0.2382
528.25	0.2389
528.125	0.2366
528.0	0.2374
527.875	0.2366
527.75	0.2382
527.625	0.2374
527.5	0.2374
527.375	0.2358
527.25	0.2382
527.125	0.2358
527.0	0.2366
526.875	0.2397
526.75	0.2374
526.625	0.2358
526.5	0.2366
526.375	0.2366
526.25	0.2358
526.125	0.2366
526.0	0.2374
525.875	0.2382
525.75	0.2366
525.625	0.2366
525.5	0.2358
525.375	0.2358
525.25	0.2366
525.125	0.2358
525.0	0.2366
524.875	0.2358
524.75	0.2358
524.625	0.2374
524.5	0.2358
524.375	0.2382
524.25	0.2374
524.125	0.2366
524.0	0.2358
523.875	0.2366
523.75	0.2358
523.625	0.2366
523.5	0.2374
523.375	0.2374
523.25	0.2358
523.125	0.2358
523.0	0.2374
522.875	0.2366
522.75	0.2405
522.625	0.2366
522.5	0.2389
522.375	0.2366
522.25	0.2397
522.125	0.2358
522.0	0.2397
521.875	0.2397
521.75	0.2405
521.625	0.2374
521.5	0.2382
521.375	0.2405
521.25	0.2405
521.125	0.2397
521.0	0.2374
520.875	0.2389
520.75	0.2405
520.625	0.2389
520.5	0.2405
520.375	0.2405
520.25	0.2405
520.125	0.2397
520.0	0.2397
519.875	0.2382
519.75	0.2389
519.625	0.2389
519.5	0.2389
519.375	0.2397
519.25	0.2382
519.125	0.2389
519.0	0.2374
518.875	0.2374
518.75	0.2382
518.625	0.2405
518.5	0.2382
518.375	0.2397
518.25	0.2374
518.125	0.2405
518.0	0.2366
517.875	0.2366
517.75	0.2358
517.625	0.2382
517.5	0.2389
517.375	0.2374
517.25	0.2366
517.125	0.2366
517.0	0.2358
516.875	0.2366
516.75	0.2358
516.625	0.2389
516.5	0.2389
516.375	0.2374
516.25	0.2358
516.125	0.2374
516.0	0.2382
515.875	0.2374
515.75	0.2389
515.625	0.2405
515.5	0.2397
515.375	0.2389
515.25	0.2405
515.125	0.2389
515.0	0.2397
514.875	0.2405
514.75	0.2405
514.625	0.2397
514.5	0.2405
514.375	0.2397
514.25	0.2405
514.125	0.2405
514.0	0.2405
513.875	0.2405
513.75	0.2413
513.625	0.2405
513.5	0.2405
513.375	0.2405
513.25	0.2405
513.125	0.2405
513.0	0.2405
512.875	0.2405
512.75	0.2405
512.625	0.2397
512.5	0.2405
512.375	0.2405
512.25	0.2405
512.125	0.2413
512.0	0.2421
511.875	0.2413
511.75	0.2429
511.625	0.2437
511.5	0.2421
511.375	0.2413
511.25	0.2405
511.125	0.2421
511.0	0.2429
510.875	0.2437
510.75	0.2429
510.625	0.2437
510.5	0.2429
510.375	0.2437
510.25	0.2421
510.125	0.2429
510.0	0.2413
509.875	0.2429
509.75	0.2437
509.625	0.2421
509.5	0.2437
509.375	0.2437
509.25	0.2452
509.125	0.2437
509.0	0.2405
508.875	0.2413
508.75	0.2437
508.625	0.2429
508.5	0.2429
508.375	0.2429
508.25	0.2429
508.125	0.2421
508.0	0.2421
507.875	0.2421
507.75	0.2413
507.625	0.2429
507.5	0.2437
507.375	0.2421
507.25	0.2413
507.125	0.2405
507.0	0.2437
506.875	0.2405
506.75	0.2413
506.625	0.2429
506.5	0.2413
506.375	0.2413
506.25	0.2413
506.125	0.2429
506.0	0.2421
505.875	0.2413
505.75	0.2405
505.625	0.2413
505.5	0.2413
505.375	0.2413
505.25	0.2429
505.125	0.2421
505.0	0.2452
504.875	0.2452
504.75	0.2444
504.625	0.2452
504.5	0.2444
504.375	0.2452
504.25	0.2452
504.125	0.2452
504.0	0.2452
503.875	0.2452
503.75	0.2452
503.625	0.2452
503.5	0.2476
503.375	0.2452
503.25	0.246
503.125	0.2452
503.0	0.2452
502.875	0.2484
502.75	0.2468
502.625	0.2476
502.5	0.2492
502.375	0.2476
502.25	0.2492
502.125	0.2492
502.0	0.2476
501.875	0.2484
501.75	0.25
501.625	0.2484
501.5	0.25
501.375	0.25
501.25	0.25
501.125	0.2476
501.0	0.2476
500.875	0.2476
500.75	0.2484
500.625	0.2468
500.5	0.2468
500.375	0.2484
500.25	0.2452
500.125	0.2468
500.0	0.2452
499.875	0.246
499.75	0.246
499.625	0.2468
499.5	0.246
499.375	0.2452
499.25	0.246
499.125	0.2452
499.0	0.2452
498.875	0.246
498.75	0.2452
498.625	0.2452
498.5	0.2452
498.375	0.246
498.25	0.2452
498.125	0.2452
498.0	0.2476
497.875	0.2452
497.75	0.2452
497.625	0.2484
497.5	0.246
497.375	0.2452
497.25	0.2476
497.125	0.2452
497.0	0.246
496.875	0.2484
496.75	0.25
496.625	0.25
496.5	0.2539
496.375	0.2586
496.25	0.2586
496.125	0.2641
496.0	0.2688
495.875	0.2735
495.75	0.2775
495.625	0.2814
495.5	0.283
495.375	0.2877
495.25	0.2877
495.125	0.2924
495.0	0.294
494.875	0.2932
494.75	0.2948
494.625	0.2955
494.5	0.2924
494.375	0.2916
494.25	0.2877
494.125	0.2861
494.0	0.2845
493.875	0.283
493.75	0.2822
493.625	0.2783
493.5	0.2743
493.375	0.2735
493.25	0.2735
493.125	0.2688
493.0	0.2688
492.875	0.2672
492.75	0.2649
492.625	0.2641
492.5	0.2641
492.375	0.2633
492.25	0.2625
492.125	0.261
492.0	0.2617
491.875	0.261
491.75	0.2594
491.625	0.2594
491.5	0.2594
491.375	0.2586
491.25	0.2594
491.125	0.257
491.0	0.2562
490.875	0.2586
490.75	0.2586
490.625	0.2594
490.5	0.257
490.375	0.257
490.25	0.2586
490.125	0.2562
490.0	0.2578
489.875	0.2547
489.75	0.257
489.625	0.2555
489.5	0.2555
489.375	0.2547
489.25	0.2539
489.125	0.2555
489.0	0.2547
488.875	0.2547
488.75	0.2539
488.625	0.2547
488.5	0.2547
488.375	0.2547
488.25	0.2531
488.125	0.2547
488.0	0.2547
487.875	0.2547
487.75	0.2515
487.625	0.2523
487.5	0.2515
487.375	0.25
487.25	0.25
487.125	0.25
487.0	0.25
486.875	0.2507
486.75	0.25
486.625	0.25
486.5	0.25
486.375	0.25
486.25	0.25
486.125	0.25
486.0	0.2507
485.875	0.2507
485.75	0.25
485.625	0.2507
485.5	0.2515
485.375	0.2547
485.25	0.2547
485.125	0.2539
485.0	0.2547
484.875	0.2547
484.75	0.2547
484.625	0.2547
484.5	0.2547
484.375	0.2562
484.25	0.2555
484.125	0.2555
484.0	0.2562
483.875	0.2547
483.75	0.2562
483.625	0.2562
483.5	0.2547
483.375	0.2547
483.25	0.2562
483.125	0.2555
483.0	0.2547
482.875	0.2562
482.75	0.2547
482.625	0.2547
482.5	0.2555
482.375	0.2547
482.25	0.257
482.125	0.2547
482.0	0.2555
481.875	0.2547
481.75	0.2547
481.625	0.2562
481.5	0.2547
481.375	0.2547
481.25	0.2555
481.125	0.2547
481.0	0.2547
480.875	0.2547
480.75	0.2539
480.625	0.2547
480.5	0.2547
480.375	0.2539
480.25	0.2547
480.125	0.2539
480.0	0.2515
479.875	0.2515
479.75	0.25
479.625	0.25
479.5	0.25
479.375	0.25
479.25	0.2492
479.125	0.25
479.0	0.2484
478.875	0.2492
478.75	0.25
478.625	0.25
478.5	0.2484
478.375	0.25
478.25	0.25
478.125	0.2476
478.0	0.2476
477.875	0.2484
477.75	0.2468
477.625	0.2492
477.5	0.25
477.375	0.25
477.25	0.2492
477.125	0.25
477.0	0.25
476.875	0.25
476.75	0.25
476.625	0.2507
476.5	0.25
476.375	0.2507
476.25	0.2523
476.125	0.2515
476.0	0.25
475.875	0.25
475.75	0.25
475.625	0.2523
475.5	0.25
475.375	0.25
475.25	0.2507
475.125	0.2507
475.0	0.2507
474.875	0.25
474.75	0.25
474.625	0.25
474.5	0.25
474.375	0.25
474.25	0.25
474.125	0.25
474.0	0.25
473.875	0.25
473.75	0.25
473.625	0.25
473.5	0.25
473.375	0.25
473.25	0.25
473.125	0.2515
473.0	0.25
472.875	0.25
472.75	0.2507
472.625	0.2492
472.5	0.2484
472.375	0.25
472.25	0.25
472.125	0.25
472.0	0.25
471.875	0.2492
471.75	0.25
471.625	0.25
471.5	0.25
471.375	0.2492
471.25	0.25
471.125	0.2468
471.0	0.2492
470.875	0.25
470.75	0.25
470.625	0.25
470.5	0.25
470.375	0.2492
470.25	0.25
470.125	0.25
470.0	0.25
469.875	0.25
469.75	0.25
469.625	0.25
469.5	0.25
469.375	0.25
469.25	0.25
469.125	0.25
469.0	0.25
468.875	0.25
468.75	0.2515
468.625	0.25
468.5	0.2507
468.375	0.25
468.25	0.2507
468.125	0.2507
468.0	0.2507
467.875	0.2515
467.75	0.2523
467.625	0.2531
467.5	0.2539
467.375	0.2531
467.25	0.2539
467.125	0.2547
467.0	0.2547
466.875	0.2539
466.75	0.2547
466.625	0.2547
466.5	0.2539
466.375	0.2547
466.25	0.2547
466.125	0.2547
466.0	0.2547
465.875	0.2547
465.75	0.2547
465.625	0.2547
465.5	0.2547
465.375	0.2547
465.25	0.2547
465.125	0.257
465.0	0.257
464.875	0.2547
464.75	0.2547
464.625	0.2547
464.5	0.2594
464.375	0.257
464.25	0.2578
464.125	0.2586
464.0	0.257
463.875	0.2586
463.75	0.2578
463.625	0.257
463.5	0.257
463.375	0.2555
463.25	0.2594
463.125	0.257
463.0	0.2562
462.875	0.2547
462.75	0.257
462.625	0.257
462.5	0.2555
462.375	0.2555
462.25	0.2562
462.125	0.2555
462.0	0.2547
461.875	0.2547
461.75	0.2547
461.625	0.2547
461.5	0.2547
461.375	0.2547
461.25	0.2547
461.125	0.2547
461.0	0.2547
460.875	0.2547
460.75	0.2578
460.625	0.2586
460.5	0.261
460.375	0.2649
460.25	0.2696
460.125	0.2743
460.0	0.2783
459.875	0.2853
459.75	0.29
459.625	0.2955
459.5	0.2979
459.375	0.3034
459.25	0.3066
459.125	0.3073
459.0	0.3081
458.875	0.3105
458.75	0.3113
458.625	0.3113
458.5	0.3089
458.375	0.305
458.25	0.3018
458.125	0.3003
458.0	0.2971
457.875	0.2924
457.75	0.2893
457.625	0.2877
457.5	0.283
457.375	0.2798
457.25	0.2783
457.125	0.2743
457.0	0.2735
456.875	0.2735
456.75	0.2696
456.625	0.2688
456.5	0.2672
456.375	0.2665
456.25	0.2641
456.125	0.2625
456.0	0.2625
455.875	0.261
455.75	0.2594
455.625	0.2586
455.5	0.2594
455.375	0.2586
455.25	0.2594
455.125	0.2586
455.0	0.257
454.875	0.2547
454.75	0.2547
454.625	0.2562
454.5	0.2547
454.375	0.2547
454.25	0.2547
454.125	0.2547
454.0	0.2547
453.875	0.2547
453.75	0.2547
453.625	0.2547
453.5	0.2547
453.375	0.2547
453.25	0.2547
453.125	0.2555
453.0	0.2547
452.875	0.2555
452.75	0.2562
452.625	0.2555
452.5	0.2547
452.375	0.2555
452.25	0.257
452.125	0.2547
452.0	0.257
451.875	0.2555
451.75	0.2547
451.625	0.2562
451.5	0.2547
451.375	0.2555
451.25	0.2562
451.125	0.2555
451.0	0.2555
450.875	0.2562
450.75	0.2578
450.625	0.2547
450.5	0.2547
450.375	0.2547
450.25	0.2547
450.125	0.2562
450.0	0.2562
449.875	0.2547
449.75	0.257
449.625	0.2562
449.5	0.2555
449.375	0.2555
449.25	0.257
449.125	0.2547
449.0	0.2547
448.875	0.2547
448.75	0.2547
448.625	0.2578
448.5	0.2555
448.375	0.2562
448.25	0.2555
448.125	0.2547
448.0	0.2562
447.875	0.2547
447.75	0.2555
447.625	0.2555
447.5	0.2547
447.375	0.2555
447.25	0.2555
447.125	0.2547
447.0	0.2547
446.875	0.2547
446.75	0.2547
446.625	0.2562
446.5	0.2547
446.375	0.2578
446.25	0.2547
446.125	0.2562
446.0	0.2562
445.875	0.2586
445.75	0.2586
445.625	0.2594
445.5	0.2594
445.375	0.2594
445.25	0.2594
445.125	0.2594
445.0	0.2633
444.875	0.2625
444.75	0.2633
444.625	0.2641
444.5	0.2625
444.375	0.2633
444.25	0.2633
444.125	0.2625
444.0	0.2633
443.875	0.2633
443.75	0.2633
443.625	0.2625
443.5	0.2625
443.375	0.2602
443.25	0.2594
443.125	0.261
443.0	0.2594
442.875	0.2594
442.75	0.2602
442.625	0.2586
442.5	0.2594
442.375	0.2594
442.25	0.2586
442.125	0.257
442.0	0.257
441.875	0.257
441.75	0.2547
441.625	0.2547
441.5	0.2562
441.375	0.2547
441.25	0.2547
441.125	0.2547
441.0	0.2547
440.875	0.2547
440.75	0.2547
440.625	0.2523
440.5	0.2539
440.375	0.2515
440.25	0.2515
440.125	0.2507
440.0	0.2507
439.875	0.25
439.75	0.25
439.625	0.2507
439.5	0.25
439.375	0.25
439.25	0.25
439.125	0.2507
439.0	0.25
438.875	0.2515
438.75	0.2523
438.625	0.2507
438.5	0.2515
438.375	0.2515
438.25	0.2539
438.125	0.2547
438.0	0.2547
437.875	0.2547
437.75	0.2547
437.625	0.2547
437.5	0.2555
437.375	0.2578
437.25	0.2547
437.125	0.2547
437.0	0.2578
436.875	0.2578
436.75	0.257
436.625	0.2578
436.5	0.2594
436.375	0.257
436.25	0.2578
436.125	0.257
436.0	0.2586
435.875	0.2586
435.75	0.2562
435.625	0.2586
435.5	0.2578
435.375	0.2594
435.25	0.2586
435.125	0.2562
435.0	0.2586
434.875	0.257
434.75	0.2578
434.625	0.2578
434.5	0.2555
434.375	0.2586
434.25	0.2594
434.125	0.2586
434.0	0.2586
433.875	0.2594
433.75	0.2594
433.625	0.2594
433.5	0.2594
433.375	0.2594
433.25	0.2602
433.125	0.261
433.0	0.2602
432.875	0.2594
432.75	0.2594
432.625	0.261
432.5	0.2617
432.375	0.261
432.25	0.2625
432.125	0.2617
432.0	0.2633
431.875	0.2633
431.75	0.2641
431.625	0.2633
431.5	0.2641
431.375	0.2641
431.25	0.2633
431.125	0.2641
431.0	0.2641
430.875	0.2641
430.75	0.2649
430.625	0.2641
430.5	0.2657
430.375	0.2641
430.25	0.2665
430.125	0.2665
430.0	0.2672
429.875	0.268
429.75	0.268
429.625	0.2688
429.5	0.2688
429.375	0.2688
429.25	0.2688
429.125	0.2688
429.0	0.2688
428.875	0.2688
428.75	0.2688
428.625	0.2704
428.5	0.2704
428.375	0.2735
428.25	0.2751
428.125	0.2783
428.0	0.2822
427.875	0.2853
427.75	0.2916
427.625	0.2948
427.5	0.2971
427.375	0.3018
427.25	0.3034
427.125	0.3073
427.0	0.3097
426.875	0.3113
426.75	0.3113
426.625	0.3121
426.5	0.3113
426.375	0.3113
426.25	0.3081
426.125	0.3066
426.0	0.3018
425.875	0.2979
425.75	0.2971
425.625	0.2932
425.5	0.2877
425.375	0.2877
425.25	0.2845
425.125	0.2798
425.0	0.2783
424.875	0.2743
424.75	0.2735
424.625	0.272
424.5	0.2688
424.375	0.2688
424.25	0.268
424.125	0.268
424.0	0.2641
423.875	0.2641
423.75	0.2641
423.625	0.2633
423.5	0.2633
423.375	0.2641
423.25	0.2641
423.125	0.2625
423.0	0.261
422.875	0.2633
422.75	0.2633
422.625	0.261
422.5	0.2617
422.375	0.2625
422.25	0.2641
422.125	0.2641
422.0	0.2625
421.875	0.2633
421.75	0.2641
421.625	0.2641
421.5	0.2633
421.375	0.2641
421.25	0.2641
421.125	0.2625
421.0	0.2633
420.875	0.2602
420.75	0.2641
420.625	0.2617
420.5	0.2617
420.375	0.2633
420.25	0.2617
420.125	0.2625
420.0	0.2594
419.875	0.2602
419.75	0.2594
419.625	0.261
419.5	0.2602
419.375	0.2602
419.25	0.2625
419.125	0.261
419.0	0.2594
418.875	0.261
418.75	0.2625
418.625	0.2594
418.5	0.2602
418.375	0.2641
418.25	0.2633
418.125	0.2617
418.0	0.2625
417.875	0.2633
417.75	0.2625
417.625	0.2641
417.5	0.2649
417.375	0.2641
417.25	0.2641
417.125	0.2641
417.0	0.2641
416.875	0.2649
416.75	0.2641
416.625	0.2672
416.5	0.268
416.375	0.2688
416.25	0.2712
416.125	0.2727
416.0	0.2751
415.875	0.2783
415.75	0.2838
415.625	0.2861
415.5	0.2877
415.375	0.2893
415.25	0.2924
415.125	0.2924
415.0	0.294
414.875	0.2971
414.75	0.2979
414.625	0.3003
414.5	0.2987
414.375	0.2979
414.25	0.2971
414.125	0.2955
414.0	0.2932
413.875	0.2932
413.75	0.2908
413.625	0.2877
413.5	0.2869
413.375	0.2861
413.25	0.2845
413.125	0.283
413.0	0.283
412.875	0.2798
412.75	0.2783
412.625	0.279
412.5	0.2783
412.375	0.2783
412.25	0.2783
412.125	0.2775
412.0	0.2767
411.875	0.2767
411.75	0.2751
411.625	0.2735
411.5	0.2743
411.375	0.2751
411.25	0.2751
411.125	0.2767
411.0	0.2743
410.875	0.2735
410.75	0.2735
410.625	0.2735
410.5	0.2735
410.375	0.2735
410.25	0.2735
410.125	0.272
410.0	0.2727
409.875	0.2735
409.75	0.2696
409.625	0.2688
409.5	0.2688
409.375	0.2688
409.25	0.2688
409.125	0.2672
409.0	0.2688
408.875	0.2688
408.75	0.2688
408.625	0.2672
408.5	0.2649
408.375	0.2665
408.25	0.2665
408.125	0.2672
408.0	0.2641
407.875	0.2665
407.75	0.2657
407.625	0.2649
407.5	0.2641
407.375	0.2641
407.25	0.2641
407.125	0.2641
407.0	0.2641
406.875	0.2625
406.75	0.2602
406.625	0.2625
406.5	0.2633
406.375	0.2633
406.25	0.2594
406.125	0.261
406.0	0.2594
405.875	0.2594
405.75	0.2602
405.625	0.2594
405.5	0.2594
405.375	0.2594
405.25	0.2602
405.125	0.2594
405.0	0.2594
404.875	0.2594
404.75	0.2594
404.625	0.2594
404.5	0.2602
404.375	0.2602
404.25	0.2617
404.125	0.2625
404.0	0.2633
403.875	0.2641
403.75	0.2625
403.625	0.2617
403.5	0.2633
403.375	0.2641
403.25	0.2649
403.125	0.2641
403.0	0.2641
402.875	0.2641
402.75	0.2633
402.625	0.2641
402.5	0.2625
402.375	0.2641
402.25	0.2641
402.125	0.2641
402.0	0.2641
401.875	0.2633
401.75	0.2617
401.625	0.2641
401.5	0.2633
401.375	0.2625
401.25	0.2633
401.125	0.2617
401.0	0.2594
400.875	0.2594
400.75	0.2594
400.625	0.257
400.5	0.257
400.375	0.2555
400.25	0.2562
400.125	0.2555
400.0	0.2547
399.875	0.2547
399.75	0.2562
399.625	0.2547
399.5	0.2547
399.375	0.2547
399.25	0.2547
399.125	0.2547
399.0	0.2578
398.875	0.2555
398.75	0.257
398.625	0.2578
398.5	0.2555
398.375	0.2578
398.25	0.2578
398.125	0.2586
398.0	0.2594
397.875	0.2602
397.75	0.2594
397.625	0.2594
397.5	0.2594
397.375	0.2617
397.25	0.2633
397.125	0.2641
397.0	0.2641
396.875	0.2625
396.75	0.2649
396.625	0.2641
396.5	0.2641
396.375	0.2641
396.25	0.2657
396.125	0.2649
396.0	0.2649
395.875	0.2665
395.75	0.2665
395.625	0.2665
395.5	0.2672
395.375	0.2672
395.25	0.2665
395.125	0.268
395.0	0.2641
394.875	0.2649
394.75	0.2641
394.625	0.2649
394.5	0.2649
394.375	0.2665
394.25	0.2649
394.125	0.2633
394.0	0.2641
393.875	0.2625
393.75	0.2641
393.625	0.2617
393.5	0.2617
393.375	0.2617
393.25	0.2617
393.125	0.2594
393.0	0.2594
392.875	0.2602
392.75	0.2594
392.625	0.257
392.5	0.2555
392.375	0.2547
392.25	0.2547
392.125	0.2547
392.0	0.2547
391.875	0.2539
391.75	0.2547
391.625	0.2531
391.5	0.25
391.375	0.2515
391.25	0.25
391.125	0.25
391.0	0.2492
390.875	0.246
390.75	0.246
390.625	0.246
390.5	0.2468
390.375	0.2452
390.25	0.2476
390.125	0.2476
390.0	0.2452
389.875	0.2476
389.75	0.25
389.625	0.2523
389.5	0.257
389.375	0.2641
389.25	0.2688
389.125	0.2767
389.0	0.283
388.875	0.2893
388.75	0.2924
388.625	0.2971
388.5	0.3003
388.375	0.3018
388.25	0.305
388.125	0.3066
388.0	0.3066
387.875	0.3066
387.75	0.3026
387.625	0.2987
387.5	0.2948
387.375	0.29
387.25	0.2853
387.125	0.2798
387.0	0.2767
386.875	0.2712
386.75	0.2688
386.625	0.2657
386.5	0.2641
386.375	0.2602
386.25	0.2602
386.125	0.2586
386.0	0.2578
385.875	0.257
385.75	0.2555
385.625	0.2547
385.5	0.2531
385.375	0.2547
385.25	0.2547
385.125	0.2539
385.0	0.2547
384.875	0.2547
384.75	0.2547
384.625	0.2547
384.5	0.2547
384.375	0.2547
384.25	0.2555
384.125	0.2547
384.0	0.2555
383.875	0.2547
383.75	0.2547
383.625	0.2555
383.5	0.257
383.375	0.2562
383.25	0.2578
383.125	0.2594
383.0	0.2586
382.875	0.2594
382.75	0.2594
382.625	0.2594
382.5	0.2594
382.375	0.2602
382.25	0.261
382.125	0.2641
382.0	0.2641
381.875	0.2641
381.75	0.2641
381.625	0.2641
381.5	0.2641
381.375	0.2641
381.25	0.2657
381.125	0.2641
381.0	0.2641
380.875	0.2649
380.75	0.2641
380.625	0.2641
380.5	0.2641
380.375	0.2641
380.25	0.2641
380.125	0.2594
380.0	0.2594
379.875	0.2602
379.75	0.2602
379.625	0.2594
379.5	0.2594
379.375	0.2555
379.25	0.2547
379.125	0.2547
379.0	0.2547
378.875	0.2539
378.75	0.2547
378.625	0.2539
378.5	0.2507
378.375	0.25
378.25	0.25
378.125	0.2492
378.0	0.25
377.875	0.2492
377.75	0.2452
377.625	0.246
377.5	0.246
377.375	0.2452
377.25	0.2444
377.125	0.2452
377.0	0.2452
376.875	0.2452
376.75	0.2452
376.625	0.2452
376.5	0.2452
376.375	0.2444
376.25	0.2437
376.125	0.2452
376.0	0.2437
375.875	0.2452
375.75	0.2444
375.625	0.2452
375.5	0.2452
375.375	0.246
375.25	0.2444
375.125	0.2452
375.0	0.2452
374.875	0.2452
374.75	0.2452
374.625	0.2452
374.5	0.2452
374.375	0.2452
374.25	0.2476
374.125	0.246
374.0	0.246
373.875	0.2492
373.75	0.2468
373.625	0.246
373.5	0.2492
373.375	0.2492
373.25	0.2492
373.125	0.25
373.0	0.25
372.875	0.2507
372.75	0.2515
372.625	0.2531
372.5	0.2539
372.375	0.2547
372.25	0.2547
372.125	0.2547
372.0	0.2547
371.875	0.2547
371.75	0.257
371.625	0.2594
371.5	0.2586
371.375	0.257
371.25	0.2578
371.125	0.2594
371.0	0.2594
370.875	0.2586
370.75	0.2594
370.625	0.2594
370.5	0.257
370.375	0.2594
370.25	0.2578
370.125	0.257
370.0	0.2547
369.875	0.257
369.75	0.2555
369.625	0.2555
369.5	0.2555
369.375	0.2562
369.25	0.2547
369.125	0.2562
369.0	0.2562
368.875	0.2586
368.75	0.2578
368.625	0.2578
368.5	0.2594
368.375	0.2594
368.25	0.2594
368.125	0.2602
368.0	0.2594
367.875	0.2602
367.75	0.2602
367.625	0.2594
367.5	0.2602
367.375	0.2594
367.25	0.2594
367.125	0.2594
367.0	0.2617
366.875	0.2594
366.75	0.257
366.625	0.2586
366.5	0.257
366.375	0.257
366.25	0.2562
366.125	0.2547
366.0	0.2547
365.875	0.2555
365.75	0.2547
365.625	0.2547
365.5	0.2539
365.375	0.2547
365.25	0.2539
365.125	0.2515
365.0	0.25
364.875	0.2507
364.75	0.25
364.625	0.2484
364.5	0.2484
364.375	0.2484
364.25	0.2484
364.125	0.2476
364.0	0.2452
363.875	0.2452
363.75	0.2444
363.625	0.2444
363.5	0.2452
363.375	0.2444
363.25	0.2452
363.125	0.2437
363.0	0.2429
362.875	0.2452
362.75	0.2444
362.625	0.2452
362.5	0.2452
362.375	0.2444
362.25	0.2452
362.125	0.2452
362.0	0.2452
361.875	0.2452
361.75	0.2452
361.625	0.2452
361.5	0.2444
361.375	0.2452
361.25	0.2444
361.125	0.2452
361.0	0.2452
360.875	0.2452
360.75	0.2444
360.625	0.2452
360.5	0.2452
360.375	0.2452
360.25	0.2452
360.125	0.2468
360.0	0.2452
359.875	0.246
359.75	0.246
359.625	0.2484
359.5	0.2476
359.375	0.25
359.25	0.2484
359.125	0.25
359.0	0.25
358.875	0.2507
358.75	0.2507
358.625	0.2531
358.5	0.25
358.375	0.2531
358.25	0.2523
358.125	0.2515
358.0	0.2515
357.875	0.2507
357.75	0.2515
357.625	0.2507
357.5	0.25
357.375	0.2476
357.25	0.2452
357.125	0.2476
357.0	0.2468
356.875	0.2468
356.75	0.2452
356.625	0.246
356.5	0.2452
356.375	0.2452
356.25	0.2452
356.125	0.2476
356.0	0.246
355.875	0.2452
355.75	0.2468
355.625	0.246
355.5	0.2484
355.375	0.2468
355.25	0.2468
355.125	0.25
355.0	0.2476
354.875	0.2452
354.75	0.2484
354.625	0.2468
354.5	0.246
354.375	0.2484
354.25	0.2484
354.125	0.246
354.0	0.2452
353.875	0.2468
353.75	0.2452
353.625	0.2452
353.5	0.2452
353.375	0.2444
353.25	0.2452
353.125	0.2452
353.0	0.2444
352.875	0.2444
352.75	0.2452
352.625	0.2452
352.5	0.2444
352.375	0.2437
352.25	0.2452
352.125	0.2429
352.0	0.2444
351.875	0.2429
351.75	0.2421
351.625	0.2437
351.5	0.2437
351.375	0.2444
351.25	0.2437
351.125	0.2437
351.0	0.2452
350.875	0.2452
350.75	0.2452
350.625	0.2452
350.5	0.2452
350.375	0.2452
350.25	0.2452
350.125	0.2452
350.0	0.2468
349.875	0.2476
349.75	0.2452
349.625	0.246
349.5	0.2468
349.375	0.2468
349.25	0.2476
349.125	0.2468
349.0	0.2468
348.875	0.246
348.75	0.2484
348.625	0.25
348.5	0.2492
348.375	0.246
348.25	0.246
348.125	0.2468
348.0	0.2484
347.875	0.2484
347.75	0.2476
347.625	0.2476
347.5	0.2476
347.375	0.25
347.25	0.2492
347.125	0.2492
347.0	0.25
346.875	0.25
346.75	0.25
346.625	0.2507
346.5	0.2531
346.375	0.2523
346.25	0.2547
346.125	0.2547
346.0	0.2547
345.875	0.257
345.75	0.2555
345.625	0.2578
345.5	0.2594
345.375	0.2594
345.25	0.2578
345.125	0.2594
345.0	0.2594
344.875	0.2594
344.75	0.257
344.625	0.2562
344.5	0.2547
344.375	0.2547
344.25	0.2547
344.125	0.2547
344.0	0.2531
343.875	0.25
343.75	0.25
343.625	0.25
343.5	0.25
343.375	0.2476
343.25	0.2484
343.125	0.2452
343.0	0.2452
342.875	0.2452
342.75	0.2444
342.625	0.2437
342.5	0.2437
342.375	0.2452
342.25	0.2429
342.125	0.2429
342.0	0.2429
341.875	0.2413
341.75	0.2413
341.625	0.2413
341.5	0.2405
341.375	0.2429
341.25	0.2437
341.125	0.2405
341.0	0.2413
340.875	0.2437
340.75	0.2413
340.625	0.2421
340.5	0.2429
340.375	0.2405
340.25	0.2421
340.125	0.2421
340.0	0.2429
339.875	0.2421
339.75	0.2452
339.625	0.2437
339.5	0.2444
339.375	0.2444
339.25	0.2452
339.125	0.2437
339.0	0.2444
338.875	0.2437
338.75	0.2452
338.625	0.2452
338.5	0.2452
338.375	0.2468
338.25	0.2476
338.125	0.25
338.0	0.25
337.875	0.25
337.75	0.2523
337.625	0.2539
337.5	0.2539
337.375	0.2523
337.25	0.2547
337.125	0.2531
337.0	0.2539
336.875	0.2523
336.75	0.2523
336.625	0.25
336.5	0.25
336.375	0.25
336.25	0.2492
336.125	0.25
336.0	0.2468
335.875	0.2452
335.75	0.2452
335.625	0.2452
335.5	0.2452
335.375	0.2452
335.25	0.2452
335.125	0.2429
335.0	0.2421
334.875	0.2421
334.75	0.2429
334.625	0.2452
334.5	0.2421
334.375	0.2437
334.25	0.2437
334.125	0.2413
334.0	0.2405
333.875	0.2405
333.75	0.2421
333.625	0.2429
333.5	0.2413
333.375	0.2421
333.25	0.2421
333.125	0.2413
333.0	0.2413
332.875	0.2421
332.75	0.2421
332.625	0.2413
332.5	0.2405
332.375	0.2413
332.25	0.2405
332.125	0.2413
332.0	0.2405
331.875	0.2421
331.75	0.2413
331.625	0.2429
331.5	0.2429
331.375	0.2429
331.25	0.2444
331.125	0.2437
331.0	0.2437
330.875	0.2437
330.75	0.2444
330.625	0.2437
330.5	0.2444
330.375	0.2452
330.25	0.2452
330.125	0.2437
330.0	0.2437
329.875	0.2452
329.75	0.2437
329.625	0.2421
329.5	0.2444
329.375	0.2444
329.25	0.2413
329.125	0.2444
329.0	0.2421
328.875	0.2429
328.75	0.2444
328.625	0.2444
328.5	0.2413
328.375	0.2429
328.25	0.2413
328.125	0.2413
328.0	0.2437
327.875	0.2421
327.75	0.2421
327.625	0.2437
327.5	0.2413
327.375	0.2429
327.25	0.2421
327.125	0.2421
327.0	0.2421
326.875	0.2444
326.75	0.2437
326.625	0.2437
326.5	0.2452
326.375	0.2468
326.25	0.2476
326.125	0.2492
326.0	0.2507
325.875	0.2531
325.75	0.2555
325.625	0.257
325.5	0.2586
325.375	0.2594
325.25	0.2594
325.125	0.2617
325.0	0.2594
324.875	0.2602
324.75	0.2594
324.625	0.2602
324.5	0.2594
324.375	0.2586
324.25	0.2555
324.125	0.2555
324.0	0.2547
323.875	0.2531
323.75	0.25
323.625	0.2484
323.5	0.2452
323.375	0.2452
323.25	0.2437
323.125	0.2429
323.0	0.2429
322.875	0.2405
322.75	0.2405
322.625	0.2405
322.5	0.2389
322.375	0.2405
322.25	0.2405
322.125	0.2366
322.0	0.2366
321.875	0.2389
321.75	0.2382
321.625	0.2397
321.5	0.2405
321.375	0.2405
321.25	0.2397
321.125	0.2397
321.0	0.2382
320.875	0.2382
320.75	0.2374
320.625	0.2382
320.5	0.2405
320.375	0.2389
320.25	0.2382
320.125	0.2389
320.0	0.2389
319.875	0.2405
319.75	0.2405
319.625	0.2405
319.5	0.2405
319.375	0.2405
319.25	0.2413
319.125	0.2421
319.0	0.2444
318.875	0.2452
318.75	0.246
318.625	0.2468
318.5	0.2476
318.375	0.2484
318.25	0.25
318.125	0.25
318.0	0.25
317.875	0.2484
317.75	0.2492
317.625	0.2476
317.5	0.2476
317.375	0.246
317.25	0.2468
317.125	0.2452
317.0	0.2452
316.875	0.2444
316.75	0.2437
316.625	0.2429
316.5	0.2413
316.375	0.2405
316.25	0.2405
316.125	0.2374
316.0	0.2397
315.875	0.2389
315.75	0.2397
315.625	0.2405
315.5	0.2374
315.375	0.2397
315.25	0.2397
315.125	0.2397
315.0	0.2389
314.875	0.2382
314.75	0.2382
314.625	0.2389
314.5	0.2397
314.375	0.2358
314.25	0.2389
314.125	0.2382
314.0	0.2358
313.875	0.2358
313.75	0.2389
313.625	0.2374
313.5	0.2358
313.375	0.2366
313.25	0.2374
313.125	0.2366
313.0	0.2358
312.875	0.2374
312.75	0.2405
312.625	0.2389
312.5	0.2389
312.375	0.2405
312.25	0.2397
312.125	0.2405
312.0	0.2397
311.875	0.2397
311.75	0.2374
311.625	0.2382
311.5	0.2366
311.375	0.2374
311.25	0.2374
311.125	0.2374
311.0	0.2374
310.875	0.2389
310.75	0.2366
310.625	0.2358
310.5	0.2358
310.375	0.2374
310.25	0.2374
310.125	0.2358
310.0	0.2366
309.875	0.2374
309.75	0.2366
309.625	0.2358
309.5	0.2374
309.375	0.2358
309.25	0.2374
309.125	0.2358
309.0	0.2358
308.875	0.2389
308.75	0.2366
308.625	0.2366
308.5	0.2382
308.375	0.2397
308.25	0.2405
308.125	0.2413
308.0	0.2429
307.875	0.2452
307.75	0.2492
307.625	0.2507
307.5	0.2539
307.375	0.257
307.25	0.261
307.125	0.2641
307.0	0.2649
306.875	0.2649
306.75	0.2688
306.625	0.2688
306.5	0.2688
306.375	0.2696
306.25	0.2688
306.125	0.2672
306.0	0.2641
305.875	0.2617
305.75	0.2594
305.625	0.2578
305.5	0.2547
305.375	0.25
305.25	0.2492
305.125	0.2452
305.0	0.2437
304.875	0.2429
304.75	0.2405
304.625	0.2405
304.5	0.2397
304.375	0.2382
304.25	0.2358
304.125	0.2358
304.0	0.2374
303.875	0.2366
303.75	0.2374
303.625	0.2366
303.5	0.2358
303.375	0.2374
303.25	0.2374
303.125	0.2358
303.0	0.2366
302.875	0.2358
302.75	0.2382
302.625	0.2374
302.5	0.2366
302.375	0.2374
302.25	0.2374
302.125	0.2382
302.0	0.2374
301.875	0.2382
301.75	0.2382
301.625	0.2405
301.5	0.2405
301.375	0.2405
301.25	0.2444
301.125	0.2444
301.0	0.2437
300.875	0.2452
300.75	0.2444
300.625	0.2452
300.5	0.2452
300.375	0.2444
300.25	0.2444
300.125	0.2437
