300.0	0.8836
300.125	0.8867
300.25	0.8915
300.375	0.8962
300.5	0.8993
300.625	0.9033
300.75	0.9056
300.875	0.9048
301.0	0.9009
301.125	0.8962
301.25	0.8915
301.375	0.8867
301.5	0.871
301.625	0.8569
301.75	0.8404
301.875	0.8325
302.0	0.8191
302.125	0.8121
302.25	0.8026
302.375	0.7971
302.5	0.7948
302.625	0.7908
302.75	0.7924
302.875	0.7877
303.0	0.7893
303.125	0.7885
303.25	0.7924
303.375	0.7908
303.5	0.794
303.625	0.7971
303.75	0.7971
303.875	0.7995
304.0	0.8018
304.125	0.8066
304.25	0.8105
304.375	0.8168
304.5	0.8223
304.625	0.8333
304.75	0.8459
304.875	0.8577
305.0	0.8797
305.125	0.9033
305.25	0.9292
305.375	0.9591
305.5	0.9984
305.625	1.0322
305.75	1.0731
305.875	1.11
306.0	1.1446
306.125	1.1721
306.25	1.2028
306.375	1.2177
306.5	1.2311
306.625	1.2358
306.75	1.2287
306.875	1.2146
307.0	1.1926
307.125	1.1713
307.25	1.1328
307.375	1.0959
307.5	1.0503
307.625	1.0078
307.75	0.9654
307.875	0.9253
308.0	0.8915
308.125	0.8592
308.25	0.8325
308.375	0.8152
308.5	0.8003
308.625	0.7877
308.75	0.7838
308.875	0.7806
309.0	0.7751
309.125	0.7767
309.25	0.7751
309.375	0.7759
309.5	0.7743
309.625	0.7735
309.75	0.7735
309.875	0.7735
310.0	0.7735
310.125	0.7727
310.25	0.7759
310.375	0.7775
310.5	0.7767
310.625	0.7783
310.75	0.7822
310.875	0.783
311.0	0.7877
311.125	0.7877
311.25	0.7924
311.375	0.7955
311.5	0.7971
311.625	0.7995
311.75	0.8018
311.875	0.8018
312.0	0.8018
312.125	0.8042
312.25	0.8042
312.375	0.8026
312.5	0.7995
312.625	0.7995
312.75	0.794
312.875	0.7924
313.0	0.7924
313.125	0.7924
313.25	0.7877
313.375	0.7861
313.5	0.7869
313.625	0.7845
313.75	0.7853
313.875	0.7861
314.0	0.7869
314.125	0.7877
314.25	0.7908
314.375	0.7924
314.5	0.7971
314.625	0.7971
314.75	0.8018
314.875	0.8018
315.0	0.8066
315.125	0.8066
315.25	0.8066
315.375	0.8066
315.5	0.8089
315.625	0.8121
315.75	0.8144
315.875	0.816
316.0	0.816
316.125	0.8207
316.25	0.8254
316.375	0.8254
316.5	0.8341
316.625	0.8419
316.75	0.8514
316.875	0.8639
317.0	0.8789
317.125	0.8907
317.25	0.9064
317.375	0.9182
317.5	0.9339
317.625	0.9441
317.75	0.9544
317.875	0.9669
318.0	0.9716
318.125	0.9716
318.25	0.9709
318.375	0.9646
318.5	0.9575
318.625	0.9465
318.75	0.9355
318.875	0.919
319.0	0.9017
319.125	0.886
319.25	0.8702
319.375	0.8537
319.5	0.8419
319.625	0.8278
319.75	0.8191
319.875	0.8097
320.0	0.8058
320.125	0.8018
320.25	0.7979
320.375	0.7987
320.5	0.7971
320.625	0.7963
320.75	0.7971
320.875	0.7963
321.0	0.7932
321.125	0.7932
321.25	0.7924
321.375	0.79
321.5	0.7885
321.625	0.79
321.75	0.7916
321.875	0.7877
322.0	0.7924
322.125	0.7932
322.25	0.7971
322.375	0.8011
322.5	0.8018
322.625	0.805
322.75	0.8113
322.875	0.8152
323.0	0.8207
323.125	0.8301
323.25	0.8411
323.375	0.8506
323.5	0.8687
323.625	0.886
323.75	0.9033
323.875	0.9284
324.0	0.9504
324.125	0.9756
324.25	1.0023
324.375	1.0243
324.5	1.0495
324.625	1.0652
324.75	1.0817
324.875	1.0951
325.0	1.1037
325.125	1.1077
325.25	1.1037
325.375	1.099
325.5	1.0864
325.625	1.0715
325.75	1.0511
325.875	1.0283
326.0	1.0023
326.125	0.9756
326.25	0.9528
326.375	0.9284
326.5	0.9072
326.625	0.8899
326.75	0.8726
326.875	0.8584
327.0	0.849
327.125	0.8427
327.25	0.8396
327.375	0.8396
327.5	0.8372
327.625	0.8396
327.75	0.8404
327.875	0.8411
328.0	0.8443
328.125	0.8443
328.25	0.8459
328.375	0.8466
328.5	0.8482
328.625	0.849
328.75	0.849
328.875	0.8514
329.0	0.8537
329.125	0.8537
329.25	0.8584
329.375	0.8584
329.5	0.8616
329.625	0.8632
329.75	0.8647
329.875	0.8679
330.0	0.8679
330.125	0.8687
330.25	0.8679
330.375	0.8702
330.5	0.8687
330.625	0.8694
330.75	0.8671
330.875	0.8632
331.0	0.8584
331.125	0.8584
331.25	0.8537
331.375	0.8506
331.5	0.8466
331.625	0.8419
331.75	0.8396
331.875	0.8372
332.0	0.8349
332.125	0.8349
332.25	0.8317
332.375	0.8301
332.5	0.8333
332.625	0.8317
332.75	0.8301
332.875	0.8325
333.0	0.8341
333.125	0.8333
333.25	0.8341
333.375	0.8349
333.5	0.8349
333.625	0.8372
333.75	0.8396
333.875	0.8396
334.0	0.8411
334.125	0.8443
334.25	0.8466
334.375	0.849
334.5	0.8514
334.625	0.8561
334.75	0.86
334.875	0.8632
335.0	0.8679
335.125	0.8679
335.25	0.8726
335.375	0.8773
335.5	0.8812
335.625	0.8867
335.75	0.8938
335.875	0.9009
336.0	0.9103
336.125	0.9229
336.25	0.9292
336.375	0.9433
336.5	0.9528
336.625	0.9638
336.75	0.974
336.875	0.9842
337.0	0.9944
337.125	0.9976
337.25	1.0047
337.375	1.0039
337.5	1.0039
337.625	0.9976
337.75	0.9929
337.875	0.9803
338.0	0.9701
338.125	0.9559
338.25	0.941
338.375	0.9276
338.5	0.9143
338.625	0.9009
338.75	0.8883
338.875	0.8773
339.0	0.8679
339.125	0.8577
339.25	0.8577
339.375	0.849
339.5	0.8466
339.625	0.8459
339.75	0.8443
339.875	0.8443
340.0	0.8396
340.125	0.8435
340.25	0.8411
340.375	0.8396
340.5	0.8396
340.625	0.8356
340.75	0.838
340.875	0.8349
341.0	0.8364
341.125	0.8349
341.25	0.8356
341.375	0.8349
341.5	0.8349
341.625	0.8356
341.75	0.8372
341.875	0.8396
342.0	0.8443
342.125	0.8443
342.25	0.849
342.375	0.8537
342.5	0.8608
342.625	0.8655
342.75	0.871
342.875	0.8781
343.0	0.886
343.125	0.8922
343.25	0.9017
343.375	0.9111
343.5	0.9245
343.625	0.9347
343.75	0.9496
343.875	0.9583
344.0	0.9724
344.125	0.9834
344.25	1.0007
344.375	1.0172
344.5	1.0283
344.625	1.0424
344.75	1.0526
344.875	1.0621
345.0	1.0754
345.125	1.0833
345.25	1.0849
345.375	1.0896
345.5	1.0896
345.625	1.0888
345.75	1.0817
345.875	1.0754
346.0	1.0683
346.125	1.0573
346.25	1.044
346.375	1.033
346.5	1.0188
346.625	1.0055
346.75	0.9944
346.875	0.9779
347.0	0.9693
347.125	0.9622
347.25	0.9512
347.375	0.9457
347.5	0.9418
347.625	0.9339
347.75	0.9339
347.875	0.9316
348.0	0.9308
348.125	0.9284
348.25	0.9268
348.375	0.9245
348.5	0.9268
348.625	0.9253
348.75	0.9245
348.875	0.9245
349.0	0.9253
349.125	0.9245
349.25	0.9245
349.375	0.9261
349.5	0.9229
349.625	0.9221
349.75	0.9237
349.875	0.9213
350.0	0.9205
350.125	0.9166
350.25	0.9143
350.375	0.9103
350.5	0.9048
350.625	0.9009
350.75	0.893
350.875	0.8844
351.0	0.8805
351.125	0.8734
351.25	0.8663
351.375	0.8632
351.5	0.8584
351.625	0.8537
351.75	0.8537
351.875	0.8506
352.0	0.849
352.125	0.8522
352.25	0.8537
352.375	0.8545
352.5	0.8569
352.625	0.8584
352.75	0.8616
352.875	0.8671
353.0	0.8726
353.125	0.8742
353.25	0.8805
353.375	0.8844
353.5	0.8891
353.625	0.8915
353.75	0.8962
353.875	0.9009
354.0	0.904
354.125	0.9095
354.25	0.915
354.375	0.915
354.5	0.9213
354.625	0.9253
354.75	0.9292
354.875	0.9331
355.0	0.9378
355.125	0.9386
355.25	0.9433
355.375	0.9449
355.5	0.9481
355.625	0.9504
355.75	0.9496
355.875	0.9528
356.0	0.9528
356.125	0.9528
356.25	0.9551
356.375	0.9575
356.5	0.9614
356.625	0.9669
356.75	0.9732
356.875	0.9811
357.0	0.9874
357.125	1.0
357.25	1.0094
357.375	1.0188
357.5	1.0283
357.625	1.0385
357.75	1.0471
357.875	1.0573
358.0	1.0652
358.125	1.0707
358.25	1.0738
358.375	1.0723
358.5	1.0723
358.625	1.0668
358.75	1.0605
358.875	1.0534
359.0	1.04
359.125	1.029
359.25	1.0172
359.375	1.0062
359.5	0.9937
359.625	0.9834
359.75	0.9701
359.875	0.9591
360.0	0.9528
360.125	0.9426
360.25	0.9355
360.375	0.9292
360.5	0.9213
360.625	0.919
360.75	0.9158
360.875	0.9127
361.0	0.9127
361.125	0.9095
361.25	0.9064
361.375	0.9056
361.5	0.9056
361.625	0.9033
361.75	0.8993
361.875	0.8962
362.0	0.8946
362.125	0.8915
362.25	0.8883
362.375	0.8867
362.5	0.8836
362.625	0.882
362.75	0.8797
362.875	0.8773
363.0	0.8726
363.125	0.8726
363.25	0.871
363.375	0.8694
363.5	0.8718
363.625	0.8726
363.75	0.8726
363.875	0.8773
364.0	0.8828
364.125	0.8867
364.25	0.8915
364.375	0.9001
364.5	0.9072
364.625	0.9158
364.75	0.9276
364.875	0.9378
365.0	0.9481
365.125	0.9575
365.25	0.9669
365.375	0.9764
365.5	0.9819
365.625	0.9905
365.75	0.9952
365.875	1.0023
366.0	1.0102
366.125	1.0188
366.25	1.0259
366.375	1.0338
366.5	1.0408
366.625	1.0495
366.75	1.0566
366.875	1.066
367.0	1.0723
367.125	1.0817
367.25	1.0896
367.375	1.099
367.5	1.1037
367.625	1.11
367.75	1.1147
367.875	1.1139
368.0	1.1202
368.125	1.1132
368.25	1.1124
368.375	1.1069
368.5	1.099
368.625	1.0935
368.75	1.0833
368.875	1.0786
369.0	1.0715
369.125	1.0628
369.25	1.0628
369.375	1.0566
369.5	1.0566
369.625	1.055
369.75	1.0566
369.875	1.0566
370.0	1.0566
370.125	1.0566
370.25	1.0621
370.375	1.066
370.5	1.0715
370.625	1.0746
370.75	1.0754
370.875	1.0801
371.0	1.0801
371.125	1.0825
371.25	1.0817
371.375	1.0801
371.5	1.0762
371.625	1.0754
371.75	1.0746
371.875	1.0636
372.0	1.0597
372.125	1.0503
372.25	1.04
372.375	1.0322
372.5	1.0212
372.625	1.011
372.75	1.0007
372.875	0.9937
373.0	0.9803
373.125	0.9716
373.25	0.9575
373.375	0.9488
373.5	0.9402
373.625	0.9316
373.75	0.9237
373.875	0.9182
374.0	0.9103
374.125	0.904
374.25	0.8993
374.375	0.8962
374.5	0.8915
374.625	0.8867
374.75	0.8836
374.875	0.8765
375.0	0.8773
375.125	0.8718
375.25	0.8679
375.375	0.8687
375.5	0.8679
375.625	0.8655
375.75	0.8632
375.875	0.8632
376.0	0.8584
376.125	0.86
376.25	0.8584
376.375	0.8592
376.5	0.86
376.625	0.8632
376.75	0.8632
376.875	0.8655
377.0	0.8726
377.125	0.8742
377.25	0.8773
377.375	0.8828
377.5	0.8867
377.625	0.8954
377.75	0.9009
377.875	0.9095
378.0	0.9198
378.125	0.9292
378.25	0.9386
378.375	0.9504
378.5	0.9575
378.625	0.9693
378.75	0.9764
378.875	0.9858
379.0	0.9952
379.125	1.0086
379.25	1.0196
379.375	1.0345
379.5	1.0503
379.625	1.0581
379.75	1.0746
379.875	1.0864
380.0	1.0951
380.125	1.1092
380.25	1.1226
380.375	1.1312
380.5	1.1462
380.625	1.158
380.75	1.1682
380.875	1.1753
381.0	1.1831
381.125	1.1886
381.25	1.1878
381.375	1.1902
381.5	1.1886
381.625	1.1839
381.75	1.1792
381.875	1.1761
382.0	1.169
382.125	1.1619
382.25	1.1548
382.375	1.1446
382.5	1.1344
382.625	1.1273
382.75	1.1179
382.875	1.1116
383.0	1.1053
383.125	1.099
383.25	1.0935
383.375	1.0896
383.5	1.0849
383.625	1.0864
383.75	1.0817
383.875	1.0817
384.0	1.0817
384.125	1.0825
384.25	1.0801
384.375	1.0833
384.5	1.0809
384.625	1.0825
384.75	1.0801
384.875	1.0809
385.0	1.0801
385.125	1.0849
385.25	1.0849
385.375	1.0896
385.5	1.0943
385.625	1.099
385.75	1.1084
385.875	1.1202
386.0	1.132
386.125	1.1493
386.25	1.169
386.375	1.1957
386.5	1.224
386.625	1.2586
386.75	1.2955
386.875	1.3435
387.0	1.3954
387.125	1.4481
387.25	1.5117
387.375	1.5841
387.5	1.6548
387.625	1.724
387.75	1.7853
387.875	1.8325
388.0	1.86
388.125	1.8726
388.25	1.8639
388.375	1.8443
388.5	1.8144
388.625	1.7735
388.75	1.7224
388.875	1.654
389.0	1.5809
389.125	1.4976
389.25	1.408
389.375	1.3081
389.5	1.2161
389.625	1.1297
389.75	1.0558
389.875	1.0047
390.0	0.9661
390.125	0.9433
390.25	0.9292
390.375	0.9229
390.5	0.9174
390.625	0.9158
390.75	0.9198
390.875	0.9198
391.0	0.9284
391.125	0.9339
391.25	0.9457
391.375	0.9528
391.5	0.9614
391.625	0.9716
391.75	0.9779
391.875	0.9905
392.0	0.9968
392.125	1.0047
392.25	1.0141
392.375	1.0227
392.5	1.033
392.625	1.0424
392.75	1.0518
392.875	1.0621
393.0	1.0762
393.125	1.0841
393.25	1.0943
393.375	1.1029
393.5	1.1132
393.625	1.1187
393.75	1.1273
393.875	1.1415
394.0	1.1509
394.125	1.1603
394.25	1.1713
394.375	1.1831
394.5	1.1878
394.625	1.1933
394.75	1.2012
394.875	1.2036
395.0	1.2075
395.125	1.2169
395.25	1.2169
395.375	1.2232
395.5	1.2311
395.625	1.2334
395.75	1.2334
395.875	1.2374
396.0	1.2389
396.125	1.2358
396.25	1.2311
396.375	1.2287
396.5	1.2264
396.625	1.2216
396.75	1.2154
396.875	1.2154
397.0	1.2075
397.125	1.2004
397.25	1.1894
397.375	1.1831
397.5	1.1745
397.625	1.1658
397.75	1.1556
397.875	1.1493
398.0	1.1422
398.125	1.136
398.25	1.1289
398.375	1.1273
398.5	1.1226
398.625	1.1179
398.75	1.1124
398.875	1.1077
399.0	1.1069
399.125	1.1014
399.25	1.099
399.375	1.0935
399.5	1.0919
399.625	1.0849
399.75	1.0809
399.875	1.077
400.0	1.0691
400.125	1.0621
400.25	1.055
400.375	1.0471
400.5	1.0416
400.625	1.033
400.75	1.0298
400.875	1.0235
401.0	1.0188
401.125	1.0117
401.25	1.0094
401.375	1.0094
401.5	1.0023
401.625	1.0047
401.75	1.0007
401.875	1.0
402.0	0.9992
402.125	1.0
402.25	1.0
402.375	1.0015
402.5	1.0039
402.625	1.0047
402.75	1.0062
402.875	1.0047
403.0	1.0047
403.125	1.0039
403.25	1.0047
403.375	1.0015
403.5	1.0
403.625	0.996
403.75	0.9944
403.875	0.9897
404.0	0.985
404.125	0.9764
404.25	0.974
404.375	0.9701
404.5	0.9622
404.625	0.9567
404.75	0.9528
404.875	0.9481
405.0	0.9457
405.125	0.9426
405.25	0.9418
405.375	0.9394
405.5	0.9386
405.625	0.9418
405.75	0.9418
405.875	0.9433
406.0	0.9481
406.125	0.9488
406.25	0.9504
406.375	0.9567
406.5	0.9575
406.625	0.9599
406.75	0.9669
406.875	0.974
407.0	0.9779
407.125	0.9827
407.25	0.9897
407.375	0.9944
407.5	0.996
407.625	1.0
407.75	1.0047
407.875	1.0094
408.0	1.0149
408.125	1.0157
408.25	1.0243
408.375	1.0283
408.5	1.0361
408.625	1.0385
408.75	1.0424
408.875	1.0479
409.0	1.0518
409.125	1.0566
409.25	1.0628
409.375	1.0668
409.5	1.0786
409.625	1.0864
409.75	1.0974
409.875	1.1084
410.0	1.1139
410.125	1.1226
410.25	1.132
410.375	1.1415
410.5	1.1501
410.625	1.1556
410.75	1.165
410.875	1.1698
411.0	1.1745
411.125	1.1792
411.25	1.1831
411.375	1.1863
411.5	1.1886
411.625	1.191
411.75	1.1933
411.875	1.1981
412.0	1.1988
412.125	1.2051
412.25	1.213
412.375	1.2216
412.5	1.2311
412.625	1.2429
412.75	1.2562
412.875	1.2696
413.0	1.29
413.125	1.3066
413.25	1.3246
413.375	1.3466
413.5	1.3679
413.625	1.3899
413.75	1.4166
413.875	1.4441
414.0	1.4693
414.125	1.4952
414.25	1.5188
414.375	1.5369
414.5	1.5566
414.625	1.566
414.75	1.5691
414.875	1.5628
415.0	1.5463
415.125	1.5283
415.25	1.5039
415.375	1.4724
415.5	1.4426
415.625	1.404
415.75	1.3647
415.875	1.3238
416.0	1.2767
416.125	1.2319
416.25	1.1902
416.375	1.1501
416.5	1.1171
416.625	1.0935
416.75	1.0754
416.875	1.0628
417.0	1.0573
417.125	1.0518
417.25	1.0471
417.375	1.04
417.5	1.0385
417.625	1.0338
417.75	1.0283
417.875	1.0235
418.0	1.0188
418.125	1.0141
418.25	1.0094
418.375	1.0039
418.5	1.0007
418.625	0.9905
418.75	0.9905
418.875	0.9858
419.0	0.9811
419.125	0.9779
419.25	0.9779
419.375	0.9764
419.5	0.9764
419.625	0.9772
419.75	0.9772
419.875	0.9811
420.0	0.9842
420.125	0.9858
420.25	0.9905
420.375	0.9944
420.5	0.9992
420.625	1.0047
420.75	1.0086
420.875	1.0094
421.0	1.0141
421.125	1.0165
421.25	1.0188
421.375	1.0227
421.5	1.0243
421.625	1.0267
421.75	1.0283
421.875	1.0283
422.0	1.033
422.125	1.0306
422.25	1.0322
422.375	1.0306
422.5	1.033
422.625	1.0322
422.75	1.0322
422.875	1.033
423.0	1.033
423.125	1.0361
423.25	1.0377
423.375	1.0424
423.5	1.0455
423.625	1.0495
423.75	1.0566
423.875	1.066
424.0	1.077
424.125	1.0888
424.25	1.1037
424.375	1.1218
424.5	1.1391
424.625	1.1619
424.75	1.1871
424.875	1.2122
425.0	1.2444
425.125	1.2704
425.25	1.3097
425.375	1.3506
425.5	1.3883
425.625	1.4339
425.75	1.4819
425.875	1.5314
426.0	1.5856
426.125	1.632
426.25	1.6776
426.375	1.7138
426.5	1.7397
426.625	1.7562
426.75	1.7562
426.875	1.7484
427.0	1.7327
427.125	1.7146
427.25	1.6855
427.375	1.6493
427.5	1.6092
427.625	1.5644
427.75	1.5094
427.875	1.4591
428.0	1.4017
428.125	1.3514
428.25	1.305
428.375	1.2672
428.5	1.2358
428.625	1.2185
428.75	1.2059
428.875	1.1988
429.0	1.1926
429.125	1.1855
429.25	1.1808
429.375	1.1776
429.5	1.1745
429.625	1.1713
429.75	1.165
429.875	1.1603
430.0	1.154
430.125	1.1485
430.25	1.1438
430.375	1.136
430.5	1.1336
430.625	1.1281
430.75	1.125
430.875	1.1218
431.0	1.1202
431.125	1.1179
431.25	1.1132
431.375	1.1124
431.5	1.1069
431.625	1.1037
431.75	1.099
431.875	1.0959
432.0	1.0943
432.125	1.0911
432.25	1.0896
432.375	1.0896
432.5	1.0896
432.625	1.0833
432.75	1.0825
432.875	1.0762
433.0	1.0746
433.125	1.066
433.25	1.0652
433.375	1.0589
433.5	1.055
433.625	1.0503
433.75	1.0463
433.875	1.0424
434.0	1.0377
434.125	1.0369
434.25	1.0322
434.375	1.0298
434.5	1.0243
434.625	1.0235
434.75	1.0204
434.875	1.0196
435.0	1.0196
435.125	1.0172
435.25	1.0188
435.375	1.0188
435.5	1.0204
435.625	1.0188
435.75	1.0188
435.875	1.022
436.0	1.0235
436.125	1.0227
436.25	1.0227
436.375	1.0188
436.5	1.0204
436.625	1.0196
436.75	1.0188
436.875	1.0141
437.0	1.0117
437.125	1.0094
437.25	1.0047
437.375	0.996
437.5	0.9952
437.625	0.9842
437.75	0.9779
437.875	0.9716
438.0	0.9646
438.125	0.9575
438.25	0.9488
438.375	0.941
438.5	0.9363
438.625	0.9292
438.75	0.9245
438.875	0.9198
439.0	0.9158
439.125	0.915
439.25	0.9103
439.375	0.9103
439.5	0.9088
439.625	0.908
439.75	0.9064
439.875	0.9103
440.0	0.9103
440.125	0.915
440.25	0.915
440.375	0.9237
440.5	0.9261
440.625	0.9308
440.75	0.9371
440.875	0.9457
441.0	0.9488
441.125	0.9591
441.25	0.9661
441.375	0.9724
441.5	0.9795
441.625	0.9874
441.75	0.9944
441.875	1.0
442.0	1.0055
442.125	1.0125
442.25	1.0188
442.375	1.0235
442.5	1.0283
442.625	1.033
442.75	1.0377
442.875	1.0424
443.0	1.0471
443.125	1.0518
443.25	1.0605
443.375	1.066
443.5	1.0707
443.625	1.0801
443.75	1.0872
443.875	1.0943
444.0	1.099
444.125	1.1037
444.25	1.1084
444.375	1.1108
444.5	1.11
444.625	1.1092
444.75	1.1084
444.875	1.1053
445.0	1.099
445.125	1.0927
445.25	1.0864
445.375	1.0794
445.5	1.0707
445.625	1.0621
445.75	1.055
445.875	1.0448
446.0	1.0377
446.125	1.029
446.25	1.0275
446.375	1.0196
446.5	1.0149
446.625	1.0141
446.75	1.011
446.875	1.0094
447.0	1.0047
447.125	1.0047
447.25	1.0023
447.375	1.0
447.5	1.0
447.625	0.9976
447.75	0.9952
447.875	0.996
448.0	0.9952
448.125	1.0
448.25	1.0
448.375	1.0
448.5	1.0047
448.625	1.0047
448.75	1.0047
448.875	1.0047
449.0	1.0047
449.125	1.0055
449.25	1.0047
449.375	1.0055
449.5	1.0062
449.625	1.0047
449.75	1.007
449.875	1.007
450.0	1.0047
450.125	1.0094
450.25	1.0062
450.375	1.0078
450.5	1.0086
450.625	1.0047
450.75	1.0062
450.875	1.0094
451.0	1.0062
451.125	1.0047
451.25	1.0094
451.375	1.0047
451.5	1.0086
451.625	1.0078
451.75	1.0094
451.875	1.0094
452.0	1.0117
452.125	1.0117
452.25	1.0117
452.375	1.011
452.5	1.0141
452.625	1.0141
452.75	1.0141
452.875	1.0125
453.0	1.0094
453.125	1.0078
453.25	1.0086
453.375	1.0062
453.5	1.0047
453.625	1.0031
453.75	0.9952
453.875	0.9952
454.0	0.9952
454.125	0.9952
454.25	0.9937
454.375	0.9984
454.5	1.0
454.625	1.0015
454.75	1.0078
454.875	1.0117
455.0	1.0172
455.125	1.0283
455.25	1.0322
455.375	1.0424
455.5	1.0542
455.625	1.0628
455.75	1.0754
455.875	1.0888
456.0	1.1006
456.125	1.1163
456.25	1.1297
456.375	1.1509
456.5	1.1682
456.625	1.1886
456.75	1.213
456.875	1.2334
457.0	1.261
457.125	1.2908
457.25	1.3183
457.375	1.3545
457.5	1.3891
457.625	1.4284
457.75	1.4693
457.875	1.5117
458.0	1.555
458.125	1.599
458.25	1.6438
458.375	1.6855
458.5	1.7232
458.625	1.7484
458.75	1.7641
458.875	1.7672
459.0	1.75
459.125	1.7303
459.25	1.691
459.375	1.6493
459.5	1.5966
459.625	1.5393
459.75	1.4764
459.875	1.408
460.0	1.3443
460.125	1.2712
460.25	1.2067
460.375	1.1391
460.5	1.0825
460.625	1.0416
460.75	1.0117
460.875	0.9889
461.0	0.9811
461.125	0.9764
461.25	0.9748
461.375	0.9756
461.5	0.9764
461.625	0.9811
461.75	0.9827
461.875	0.9858
462.0	0.9913
462.125	0.9944
462.25	0.9976
462.375	1.0023
462.5	1.007
462.625	1.011
462.75	1.0141
462.875	1.0172
463.0	1.0188
463.125	1.0188
463.25	1.0235
463.375	1.0235
463.5	1.0243
463.625	1.0283
463.75	1.0283
463.875	1.0322
464.0	1.033
464.125	1.033
464.25	1.033
464.375	1.0377
464.5	1.033
464.625	1.0369
464.75	1.033
464.875	1.033
465.0	1.0338
465.125	1.0322
465.25	1.0306
465.375	1.0298
465.5	1.0298
465.625	1.0267
465.75	1.022
465.875	1.0196
466.0	1.0188
466.125	1.0172
466.25	1.0133
466.375	1.0094
466.5	1.0055
466.625	1.0039
466.75	0.9984
466.875	0.996
467.0	0.9913
467.125	0.9889
467.25	0.9842
467.375	0.9811
467.5	0.9764
467.625	0.9732
467.75	0.9677
467.875	0.9669
468.0	0.9622
468.125	0.9591
468.25	0.9528
468.375	0.9512
468.5	0.9473
468.625	0.9433
468.75	0.9433
468.875	0.9394
469.0	0.9371
469.125	0.9363
469.25	0.9371
469.375	0.9339
469.5	0.9339
469.625	0.9339
469.75	0.9331
469.875	0.9292
470.0	0.9292
470.125	0.9284
470.25	0.9245
470.375	0.9245
470.5	0.9198
470.625	0.9198
470.75	0.9174
470.875	0.9182
471.0	0.919
471.125	0.9143
471.25	0.919
471.375	0.915
471.5	0.9182
471.625	0.9182
471.75	0.9158
471.875	0.919
472.0	0.9174
472.125	0.919
472.25	0.9198
472.375	0.9229
472.5	0.9245
472.625	0.9213
472.75	0.9237
472.875	0.9229
473.0	0.9221
473.125	0.9245
473.25	0.9245
473.375	0.9221
473.5	0.9221
473.625	0.9213
473.75	0.9237
473.875	0.9245
474.0	0.9245
474.125	0.9229
474.25	0.9245
474.375	0.9245
474.5	0.9245
474.625	0.9253
474.75	0.9292
474.875	0.9292
475.0	0.9308
475.125	0.9308
475.25	0.9339
475.375	0.9363
475.5	0.9386
475.625	0.9402
475.75	0.9433
475.875	0.9418
476.0	0.9433
476.125	0.9402
476.25	0.9402
476.375	0.9378
476.5	0.9378
476.625	0.9363
476.75	0.9331
476.875	0.9245
477.0	0.9237
477.125	0.9174
477.25	0.9127
477.375	0.9056
477.5	0.9009
477.625	0.8993
477.75	0.8962
477.875	0.8938
478.0	0.8883
478.125	0.8883
478.25	0.8867
478.375	0.8875
478.5	0.8891
478.625	0.8915
478.75	0.8962
478.875	0.897
479.0	0.9009
479.125	0.9056
479.25	0.9095
479.375	0.915
479.5	0.9205
479.625	0.9268
479.75	0.9339
479.875	0.941
480.0	0.9433
480.125	0.9528
480.25	0.9536
480.375	0.9622
480.5	0.9638
480.625	0.9716
480.75	0.9764
480.875	0.9811
481.0	0.9858
481.125	0.9905
481.25	0.9937
481.375	0.996
481.5	0.9984
481.625	1.0
481.75	1.0047
481.875	1.0023
482.0	1.0047
482.125	1.0047
482.25	1.0047
482.375	1.0094
482.5	1.0094
482.625	1.0102
482.75	1.0117
482.875	1.0149
483.0	1.0157
483.125	1.0188
483.25	1.0196
483.375	1.0204
483.5	1.0204
483.625	1.0188
483.75	1.0188
483.875	1.0188
484.0	1.0141
484.125	1.0133
484.25	1.0047
484.375	1.0015
484.5	0.9905
484.625	0.9882
484.75	0.9772
484.875	0.974
485.0	0.9709
485.125	0.9622
485.25	0.9575
485.375	0.9504
485.5	0.9481
485.625	0.9394
485.75	0.9363
485.875	0.9316
486.0	0.9261
486.125	0.9213
486.25	0.9166
486.375	0.9135
486.5	0.9103
486.625	0.9103
486.75	0.9072
486.875	0.9056
487.0	0.9048
487.125	0.9056
487.25	0.9056
487.375	0.9064
487.5	0.9088
487.625	0.9103
487.75	0.9119
487.875	0.9182
488.0	0.9205
488.125	0.9284
488.25	0.9292
488.375	0.9331
488.5	0.9371
488.625	0.9402
488.75	0.9449
488.875	0.9528
489.0	0.9575
489.125	0.9606
489.25	0.9669
489.375	0.9716
489.5	0.974
489.625	0.9772
489.75	0.9811
489.875	0.9842
490.0	0.9897
490.125	0.9882
490.25	0.9921
490.375	0.9952
490.5	0.996
490.625	1.0
490.75	1.0
490.875	1.0015
491.0	1.0047
491.125	1.0055
491.25	1.0094
491.375	1.011
491.5	1.0141
491.625	1.0235
491.75	1.0267
491.875	1.0338
492.0	1.0463
492.125	1.0526
492.25	1.0613
492.375	1.0746
492.5	1.0872
492.625	1.1045
492.75	1.1179
492.875	1.1352
493.0	1.1509
493.125	1.1705
493.25	1.1926
493.375	1.2146
493.5	1.2389
493.625	1.2665
493.75	1.2908
493.875	1.3191
494.0	1.3474
494.125	1.375
494.25	1.4064
494.375	1.4355
494.5	1.4622
494.625	1.4874
494.75	1.5
494.875	1.5078
495.0	1.4976
495.125	1.4842
495.25	1.4599
495.375	1.4276
495.5	1.3907
495.625	1.3482
495.75	1.3042
495.875	1.2555
496.0	1.202
496.125	1.1438
496.25	1.0904
496.375	1.0322
496.5	0.9842
496.625	0.9386
496.75	0.9025
496.875	0.8765
497.0	0.8584
497.125	0.849
497.25	0.8435
497.375	0.8404
497.5	0.838
497.625	0.838
497.75	0.8372
497.875	0.8396
498.0	0.8396
498.125	0.8435
498.25	0.8435
498.375	0.8443
498.5	0.8435
498.625	0.8443
498.75	0.8459
498.875	0.849
499.0	0.8529
499.125	0.8545
499.25	0.8584
499.375	0.8632
499.5	0.8639
499.625	0.8702
499.75	0.8726
499.875	0.8765
500.0	0.8797
500.125	0.882
500.25	0.882
500.375	0.8899
500.5	0.8915
500.625	0.8954
500.75	0.8962
500.875	0.9009
501.0	0.9009
501.125	0.9033
501.25	0.9072
501.375	0.9064
501.5	0.9095
501.625	0.915
501.75	0.9166
501.875	0.9174
502.0	0.9158
502.125	0.9198
502.25	0.9158
502.375	0.9198
502.5	0.9174
502.625	0.915
502.75	0.9135
502.875	0.9103
503.0	0.9056
503.125	0.9048
503.25	0.9017
503.375	0.9009
503.5	0.8962
503.625	0.8915
503.75	0.8899
503.875	0.8852
504.0	0.8867
504.125	0.8812
504.25	0.8812
504.375	0.875
504.5	0.8718
504.625	0.871
504.75	0.8671
504.875	0.8647
505.0	0.8608
505.125	0.8592
505.25	0.8592
505.375	0.8584
505.5	0.8569
505.625	0.8569
505.75	0.8553
505.875	0.8537
506.0	0.8584
506.125	0.8584
506.25	0.8592
506.375	0.8632
506.5	0.8632
506.625	0.8679
506.75	0.8679
506.875	0.8718
507.0	0.8726
507.125	0.8765
507.25	0.8773
507.375	0.8789
507.5	0.8836
507.625	0.8828
507.75	0.8867
507.875	0.8891
508.0	0.8899
508.125	0.8915
508.25	0.8962
508.375	0.9009
508.5	0.9033
508.625	0.9056
508.75	0.9095
508.875	0.9103
509.0	0.9103
509.125	0.915
509.25	0.9166
509.375	0.9198
509.5	0.9198
509.625	0.9198
509.75	0.9198
509.875	0.9198
510.0	0.9198
510.125	0.9221
510.25	0.9205
510.375	0.9245
510.5	0.9245
510.625	0.9268
510.75	0.9292
510.875	0.9292
511.0	0.9292
511.125	0.9292
511.25	0.9292
511.375	0.9292
511.5	0.9331
511.625	0.9292
511.75	0.9261
511.875	0.9221
512.0	0.9205
512.125	0.9166
512.25	0.9143
512.375	0.9103
512.5	0.9095
512.625	0.9056
512.75	0.9056
512.875	0.9009
513.0	0.9017
513.125	0.8993
513.25	0.897
513.375	0.8977
513.5	0.8962
513.625	0.9009
513.75	0.9001
513.875	0.8962
514.0	0.8962
514.125	0.9009
514.25	0.8962
514.375	0.8977
514.5	0.897
514.625	0.8977
514.75	0.8977
514.875	0.8915
515.0	0.8915
515.125	0.8867
515.25	0.8844
515.375	0.882
515.5	0.8781
515.625	0.8726
515.75	0.8679
515.875	0.8663
516.0	0.8592
516.125	0.8569
516.25	0.8506
516.375	0.8459
516.5	0.8443
516.625	0.8443
516.75	0.8396
516.875	0.8388
517.0	0.8388
517.125	0.8396
517.25	0.8349
517.375	0.8325
517.5	0.8349
517.625	0.8349
517.75	0.8372
517.875	0.8349
518.0	0.8325
518.125	0.8333
518.25	0.8356
518.375	0.8325
518.5	0.8341
518.625	0.8317
518.75	0.8301
518.875	0.8301
519.0	0.8301
519.125	0.8301
519.25	0.8301
519.375	0.8301
519.5	0.8301
519.625	0.8301
519.75	0.8301
519.875	0.8254
520.0	0.8254
520.125	0.8262
520.25	0.8254
520.375	0.8278
520.5	0.8254
520.625	0.8254
520.75	0.8254
520.875	0.8254
521.0	0.8254
521.125	0.8254
521.25	0.8254
521.375	0.8254
521.5	0.8238
521.625	0.8262
521.75	0.8254
521.875	0.8254
522.0	0.8278
522.125	0.8254
522.25	0.8254
522.375	0.8246
522.5	0.8254
522.625	0.8254
522.75	0.8223
522.875	0.8207
523.0	0.8207
523.125	0.816
523.25	0.816
523.375	0.816
523.5	0.8128
523.625	0.8105
523.75	0.8105
523.875	0.8097
524.0	0.8066
524.125	0.8042
524.25	0.8034
524.375	0.8018
524.5	0.8011
524.625	0.8018
524.75	0.8003
524.875	0.7995
525.0	0.8003
525.125	0.7971
525.25	0.7971
525.375	0.7971
525.5	0.7971
525.625	0.7971
525.75	0.7971
525.875	0.7971
526.0	0.8011
526.125	0.7995
526.25	0.8011
526.375	0.8018
526.5	0.8018
526.625	0.8034
526.75	0.8066
526.875	0.8066
527.0	0.8066
527.125	0.8097
527.25	0.8089
527.375	0.8113
527.5	0.8113
527.625	0.8121
527.75	0.8152
527.875	0.8136
528.0	0.8152
528.125	0.816
528.25	0.8168
528.375	0.8207
528.5	0.8231
528.625	0.8223
528.75	0.8254
528.875	0.8301
529.0	0.8301
529.125	0.8333
529.25	0.8356
529.375	0.8349
529.5	0.8404
529.625	0.8419
529.75	0.8411
529.875	0.8443
530.0	0.8451
530.125	0.849
530.25	0.8498
530.375	0.8522
530.5	0.8537
530.625	0.8561
530.75	0.8584
530.875	0.8608
531.0	0.8632
531.125	0.8679
531.25	0.8687
531.375	0.871
531.5	0.8726
531.625	0.8773
531.75	0.8781
531.875	0.882
532.0	0.882
532.125	0.8836
532.25	0.8867
532.375	0.8875
532.5	0.8915
532.625	0.8907
532.75	0.8915
532.875	0.8915
533.0	0.8962
533.125	0.8962
533.25	0.9001
533.375	0.9017
533.5	0.908
533.625	0.9135
533.75	0.9182
533.875	0.9245
534.0	0.9339
534.125	0.9402
534.25	0.9488
534.375	0.9575
534.5	0.9669
534.625	0.9779
534.75	0.9874
534.875	0.9992
535.0	1.0102
535.125	1.022
535.25	1.0353
535.375	1.0487
535.5	1.0613
535.625	1.0723
535.75	1.0849
535.875	1.0896
536.0	1.0927
536.125	1.0896
536.25	1.0825
536.375	1.0707
536.5	1.055
536.625	1.0408
536.75	1.0235
536.875	1.0031
537.0	0.9811
537.125	0.963
537.25	0.9394
537.375	0.915
537.5	0.8946
537.625	0.8742
537.75	0.8584
537.875	0.8435
538.0	0.8333
538.125	0.8301
538.25	0.8254
538.375	0.8254
538.5	0.8254
538.625	0.8254
538.75	0.8254
538.875	0.827
539.0	0.8301
539.125	0.8262
539.25	0.8278
539.375	0.8301
539.5	0.8301
539.625	0.8349
539.75	0.8349
539.875	0.8396
540.0	0.8427
540.125	0.8427
540.25	0.8459
540.375	0.849
540.5	0.8498
540.625	0.8529
540.75	0.8537
540.875	0.8545
541.0	0.8537
541.125	0.8569
541.25	0.8584
541.375	0.8584
541.5	0.8584
541.625	0.8584
541.75	0.8632
541.875	0.8608
542.0	0.8632
542.125	0.8679
542.25	0.8694
542.375	0.8742
542.5	0.8789
542.625	0.882
542.75	0.8875
542.875	0.8883
543.0	0.8915
543.125	0.8915
543.25	0.8962
543.375	0.8985
543.5	0.9001
543.625	0.9009
543.75	0.8985
543.875	0.9001
544.0	0.8962
544.125	0.8946
544.25	0.8915
544.375	0.8899
544.5	0.8891
544.625	0.8867
544.75	0.8867
544.875	0.8828
545.0	0.8781
545.125	0.8773
545.25	0.875
545.375	0.871
545.5	0.8679
545.625	0.8632
545.75	0.8616
545.875	0.8577
546.0	0.8553
546.125	0.8514
546.25	0.8474
546.375	0.8459
546.5	0.8427
546.625	0.8396
546.75	0.8349
546.875	0.8333
547.0	0.8278
547.125	0.8278
547.25	0.8254
547.375	0.8223
547.5	0.8191
547.625	0.816
547.75	0.816
547.875	0.8113
548.0	0.8113
548.125	0.8066
548.25	0.8066
548.375	0.8066
548.5	0.805
548.625	0.805
548.75	0.8018
548.875	0.8018
549.0	0.8018
549.125	0.7971
549.25	0.7971
549.375	0.7971
549.5	0.7971
549.625	0.7971
549.75	0.7955
549.875	0.7955
550.0	0.7948
550.125	0.7932
550.25	0.7971
550.375	0.7987
550.5	0.7979
550.625	0.8003
550.75	0.8018
550.875	0.8018
551.0	0.8018
551.125	0.8066
551.25	0.805
551.375	0.8066
551.5	0.8097
551.625	0.8113
551.75	0.8121
551.875	0.8144
552.0	0.8168
552.125	0.816
552.25	0.8199
552.375	0.8207
552.5	0.8215
552.625	0.8207
552.75	0.8215
552.875	0.8223
553.0	0.8231
553.125	0.8246
553.25	0.8254
553.375	0.8254
553.5	0.8278
553.625	0.8294
553.75	0.8301
553.875	0.8301
554.0	0.8286
554.125	0.8301
554.25	0.8301
554.375	0.8309
554.5	0.8325
554.625	0.8301
554.75	0.8309
554.875	0.8301
555.0	0.8309
555.125	0.8317
555.25	0.8301
555.375	0.8301
555.5	0.8294
555.625	0.8301
555.75	0.8262
555.875	0.8278
556.0	0.8301
556.125	0.8294
556.25	0.8278
556.375	0.8286
556.5	0.8301
556.625	0.8278
556.75	0.8254
556.875	0.8254
557.0	0.8238
557.125	0.8207
557.25	0.816
557.375	0.816
557.5	0.8113
557.625	0.8073
557.75	0.8018
557.875	0.7995
558.0	0.7971
558.125	0.7924
558.25	0.7877
558.375	0.7838
558.5	0.783
558.625	0.7783
558.75	0.7783
558.875	0.7767
559.0	0.7767
559.125	0.7783
559.25	0.7783
559.375	0.7783
559.5	0.7783
559.625	0.7783
559.75	0.7783
559.875	0.7783
560.0	0.7783
560.125	0.7798
560.25	0.779
560.375	0.7783
560.5	0.7783
560.625	0.7806
560.75	0.779
560.875	0.7822
561.0	0.7814
561.125	0.7814
561.25	0.783
561.375	0.783
561.5	0.783
561.625	0.783
561.75	0.7853
561.875	0.7853
562.0	0.7885
562.125	0.7877
562.25	0.7877
562.375	0.7877
562.5	0.7885
562.625	0.7877
562.75	0.7877
562.875	0.7877
563.0	0.7877
563.125	0.7893
563.25	0.7885
563.375	0.7877
563.5	0.7877
563.625	0.7877
563.75	0.7877
563.875	0.7893
564.0	0.7877
564.125	0.7893
564.25	0.7877
564.375	0.7877
564.5	0.7885
564.625	0.7916
564.75	0.7916
564.875	0.7924
565.0	0.7932
565.125	0.7932
565.25	0.7963
565.375	0.7971
565.5	0.7971
565.625	0.8003
565.75	0.7963
565.875	0.7979
566.0	0.7971
566.125	0.7995
566.25	0.7995
566.375	0.8018
566.5	0.7979
566.625	0.8018
566.75	0.8018
566.875	0.8026
567.0	0.8042
567.125	0.8058
567.25	0.8097
567.375	0.8113
567.5	0.816
567.625	0.8223
567.75	0.8294
567.875	0.8349
568.0	0.8443
568.125	0.8561
568.25	0.8663
568.375	0.8797
568.5	0.8915
568.625	0.9048
568.75	0.9174
568.875	0.9292
569.0	0.9386
569.125	0.9481
569.25	0.9614
569.375	0.9669
569.5	0.9716
569.625	0.9764
569.75	0.9732
569.875	0.9709
570.0	0.9638
570.125	0.9559
570.25	0.9449
570.375	0.9316
570.5	0.9166
570.625	0.9064
570.75	0.8899
570.875	0.875
571.0	0.8592
571.125	0.8419
571.25	0.8286
571.375	0.8176
571.5	0.8058
571.625	0.7971
571.75	0.7877
571.875	0.7767
572.0	0.7743
572.125	0.7704
572.25	0.7665
572.375	0.7641
572.5	0.7625
572.625	0.7641
572.75	0.7641
572.875	0.7641
573.0	0.7688
573.125	0.7688
573.25	0.7704
573.375	0.7735
573.5	0.7751
573.625	0.7751
573.75	0.7783
573.875	0.7822
574.0	0.783
574.125	0.7853
574.25	0.7877
574.375	0.7916
574.5	0.79
574.625	0.7924
574.75	0.7971
574.875	0.7963
575.0	0.7963
575.125	0.7979
575.25	0.8011
575.375	0.8018
575.5	0.8026
575.625	0.8058
575.75	0.8066
575.875	0.8073
576.0	0.8113
576.125	0.8121
576.25	0.816
576.375	0.8183
576.5	0.816
576.625	0.8207
576.75	0.8246
576.875	0.8254
577.0	0.8254
577.125	0.8254
577.25	0.8254
577.375	0.8262
577.5	0.8294
577.625	0.8301
577.75	0.8294
577.875	0.8301
578.0	0.8309
578.125	0.8309
578.25	0.8349
578.375	0.8364
578.5	0.838
578.625	0.8388
578.75	0.8411
578.875	0.8459
579.0	0.849
579.125	0.849
579.25	0.8529
579.375	0.8553
579.5	0.8592
579.625	0.86
579.75	0.8616
579.875	0.8608
580.0	0.8632
580.125	0.8639
580.25	0.8679
580.375	0.8679
580.5	0.8687
580.625	0.8679
580.75	0.8702
580.875	0.8702
581.0	0.8702
581.125	0.8726
581.25	0.8726
581.375	0.8726
581.5	0.8726
581.625	0.8734
581.75	0.8773
581.875	0.8773
582.0	0.8781
582.125	0.882
582.25	0.8867
582.375	0.8891
582.5	0.8875
582.625	0.8915
582.75	0.8915
582.875	0.8915
583.0	0.8915
583.125	0.8883
583.25	0.8828
583.375	0.8765
583.5	0.8702
583.625	0.8624
583.75	0.8529
583.875	0.8443
584.0	0.8325
584.125	0.8238
584.25	0.8144
584.375	0.805
584.5	0.7955
584.625	0.7838
584.75	0.7806
584.875	0.7696
585.0	0.7665
585.125	0.7641
585.25	0.7602
585.375	0.7562
585.5	0.7555
585.625	0.7578
585.75	0.7578
585.875	0.7578
586.0	0.7594
586.125	0.7617
586.25	0.7594
586.375	0.7625
586.5	0.7617
586.625	0.7641
586.75	0.7641
586.875	0.7672
587.0	0.7649
587.125	0.7696
587.25	0.7688
587.375	0.7712
587.5	0.772
587.625	0.7735
587.75	0.7735
587.875	0.7743
588.0	0.7751
588.125	0.7767
588.25	0.7783
588.375	0.7783
588.5	0.7783
588.625	0.7814
588.75	0.7853
588.875	0.7869
589.0	0.7908
589.125	0.7932
589.25	0.7955
589.375	0.7971
589.5	0.8018
589.625	0.8066
589.75	0.8113
589.875	0.8128
590.0	0.816
590.125	0.8207
590.25	0.8215
590.375	0.827
590.5	0.8286
590.625	0.8301
590.75	0.8301
590.875	0.8301
591.0	0.8286
591.125	0.8254
591.25	0.8207
591.375	0.816
591.5	0.8144
591.625	0.8089
591.75	0.8058
591.875	0.7979
592.0	0.79
592.125	0.7877
592.25	0.7822
592.375	0.7783
592.5	0.7688
592.625	0.7672
592.75	0.7602
592.875	0.7594
593.0	0.7547
593.125	0.7562
593.25	0.7547
593.375	0.7547
593.5	0.7531
593.625	0.7515
593.75	0.7531
593.875	0.7523
594.0	0.7539
594.125	0.7547
594.25	0.7547
594.375	0.7578
594.5	0.7555
594.625	0.7594
594.75	0.761
594.875	0.7594
595.0	0.7594
595.125	0.7594
595.25	0.7594
595.375	0.761
595.5	0.7594
595.625	0.761
595.75	0.7649
595.875	0.7641
596.0	0.7672
596.125	0.7657
596.25	0.7688
596.375	0.7688
596.5	0.7688
596.625	0.7727
596.75	0.7735
596.875	0.7775
597.0	0.7783
597.125	0.783
597.25	0.783
597.375	0.7853
597.5	0.7885
597.625	0.7924
597.75	0.7971
597.875	0.7995
598.0	0.8018
598.125	0.8066
598.25	0.8136
598.375	0.8191
598.5	0.827
598.625	0.8364
598.75	0.8451
598.875	0.8577
599.0	0.8734
599.125	0.8875
599.25	0.9064
599.375	0.9268
599.5	0.9504
599.625	0.9716
599.75	0.996
599.875	1.0227
600.0	1.0487
600.125	1.0699
600.25	1.0998
600.375	1.1171
600.5	1.1344
600.625	1.154
600.75	1.1666
600.875	1.1745
601.0	1.1792
601.125	1.1745
601.25	1.1737
601.375	1.1611
601.5	1.147
601.625	1.1344
601.75	1.1116
601.875	1.0904
602.0	1.0683
602.125	1.0432
602.25	1.0188
602.375	0.9889
602.5	0.9606
602.625	0.9402
602.75	0.9166
602.875	0.8985
603.0	0.8757
603.125	0.8624
603.25	0.8451
603.375	0.8356
603.5	0.8254
603.625	0.8191
603.75	0.8136
603.875	0.8113
604.0	0.8066
604.125	0.8066
604.25	0.8066
604.375	0.8066
604.5	0.8058
604.625	0.805
604.75	0.8026
604.875	0.8011
605.0	0.7971
605.125	0.7955
605.25	0.7916
605.375	0.7916
605.5	0.7845
605.625	0.783
605.75	0.7806
605.875	0.7775
606.0	0.7767
606.125	0.7735
606.25	0.7688
606.375	0.768
606.5	0.7641
606.625	0.7641
606.75	0.7641
606.875	0.7602
607.0	0.7602
607.125	0.7594
607.25	0.7594
607.375	0.7594
607.5	0.7594
607.625	0.7594
607.75	0.7562
607.875	0.7562
608.0	0.757
608.125	0.7586
608.25	0.7562
608.375	0.7547
608.5	0.7555
608.625	0.7539
608.75	0.7547
608.875	0.7547
609.0	0.7547
609.125	0.7547
609.25	0.7539
609.375	0.7547
609.5	0.7547
609.625	0.7547
609.75	0.7547
609.875	0.7547
610.0	0.7555
610.125	0.7547
610.25	0.7578
610.375	0.757
610.5	0.7586
610.625	0.7586
610.75	0.7578
610.875	0.7594
611.0	0.7594
611.125	0.7586
611.25	0.7594
611.375	0.7633
611.5	0.7602
611.625	0.7594
611.75	0.7633
611.875	0.7633
612.0	0.7641
612.125	0.7641
612.25	0.7649
612.375	0.7649
612.5	0.7657
612.625	0.7672
612.75	0.7688
612.875	0.7688
613.0	0.7704
613.125	0.7735
613.25	0.772
613.375	0.7735
613.5	0.7735
613.625	0.7735
613.75	0.7735
613.875	0.7727
614.0	0.7735
614.125	0.7727
614.25	0.7727
614.375	0.7735
614.5	0.7735
614.625	0.7735
614.75	0.7735
614.875	0.7735
615.0	0.7783
615.125	0.7783
615.25	0.7783
615.375	0.783
615.5	0.7783
615.625	0.783
615.75	0.783
615.875	0.783
616.0	0.7845
616.125	0.7838
616.25	0.7853
616.375	0.783
616.5	0.783
616.625	0.783
616.75	0.783
616.875	0.7798
617.0	0.7806
617.125	0.783
617.25	0.7798
617.375	0.783
617.5	0.7806
617.625	0.7814
617.75	0.783
617.875	0.7838
618.0	0.783
618.125	0.7877
618.25	0.7838
618.375	0.7877
618.5	0.7869
618.625	0.7877
618.75	0.79
618.875	0.7885
619.0	0.7877
619.125	0.7893
619.25	0.7924
619.375	0.7924
619.5	0.7924
619.625	0.794
619.75	0.7963
619.875	0.7971
620.0	0.7971
620.125	0.7971
620.25	0.7971
620.375	0.8003
620.5	0.8018
620.625	0.8018
620.75	0.8034
620.875	0.8081
621.0	0.8113
621.125	0.8113
621.25	0.8168
621.375	0.8246
621.5	0.8301
621.625	0.8349
621.75	0.8404
621.875	0.849
622.0	0.8545
622.125	0.8632
622.25	0.8718
622.375	0.8765
622.5	0.8781
622.625	0.8867
622.75	0.8883
622.875	0.8915
623.0	0.8962
623.125	0.8922
623.25	0.8915
623.375	0.8915
623.5	0.8875
623.625	0.882
623.75	0.8765
623.875	0.8687
624.0	0.8616
624.125	0.8545
624.25	0.8482
624.375	0.8404
624.5	0.8349
624.625	0.827
624.75	0.8207
624.875	0.816
625.0	0.8113
625.125	0.8026
625.25	0.7963
625.375	0.794
625.5	0.7877
625.625	0.7877
625.75	0.7877
625.875	0.7853
626.0	0.783
626.125	0.783
626.25	0.783
626.375	0.7861
626.5	0.7877
626.625	0.7877
626.75	0.7861
626.875	0.7877
627.0	0.7893
627.125	0.7908
627.25	0.7924
627.375	0.7916
627.5	0.7932
627.625	0.7924
627.75	0.794
627.875	0.794
628.0	0.7963
628.125	0.794
628.25	0.7963
628.375	0.794
628.5	0.7963
628.625	0.7971
628.75	0.7971
628.875	0.7971
629.0	0.7995
629.125	0.7971
629.25	0.8003
629.375	0.7979
629.5	0.8026
629.625	0.8018
629.75	0.805
629.875	0.8066
630.0	0.8097
630.125	0.8105
630.25	0.8113
630.375	0.8128
630.5	0.8176
630.625	0.8207
630.75	0.8207
630.875	0.8207
631.0	0.8254
631.125	0.8254
631.25	0.8254
631.375	0.8294
631.5	0.8294
631.625	0.8301
631.75	0.8333
631.875	0.8349
632.0	0.8372
632.125	0.8396
632.25	0.8419
632.375	0.8466
632.5	0.849
632.625	0.8537
632.75	0.8624
632.875	0.8679
633.0	0.8765
633.125	0.882
633.25	0.8954
633.375	0.9088
633.5	0.919
633.625	0.9378
633.75	0.9504
633.875	0.9677
634.0	0.9858
634.125	1.0007
634.25	1.0149
634.375	1.0251
634.5	1.04
634.625	1.0518
634.75	1.0573
634.875	1.0628
635.0	1.0628
635.125	1.0636
635.25	1.0636
635.375	1.0566
635.5	1.0479
635.625	1.0353
635.75	1.0259
635.875	1.0094
636.0	0.9952
636.125	0.9803
636.25	0.9614
636.375	0.9426
636.5	0.9245
636.625	0.904
636.75	0.8899
636.875	0.8742
637.0	0.8577
637.125	0.8451
637.25	0.8294
637.375	0.8183
637.5	0.8089
637.625	0.8011
637.75	0.7916
637.875	0.783
638.0	0.7783
638.125	0.7735
638.25	0.7688
638.375	0.7649
638.5	0.7641
638.625	0.7594
638.75	0.7594
638.875	0.7547
639.0	0.7547
639.125	0.7547
639.25	0.7547
639.375	0.7547
639.5	0.7547
639.625	0.7547
639.75	0.7547
639.875	0.7547
640.0	0.7523
640.125	0.7523
640.25	0.7523
640.375	0.75
640.5	0.75
640.625	0.75
640.75	0.75
640.875	0.75
641.0	0.75
641.125	0.7492
641.25	0.75
641.375	0.7476
641.5	0.7492
641.625	0.75
641.75	0.7476
641.875	0.7476
642.0	0.7468
642.125	0.7468
642.25	0.7468
642.375	0.7484
642.5	0.7492
642.625	0.746
642.75	0.7492
642.875	0.7476
643.0	0.7484
643.125	0.7492
643.25	0.75
643.375	0.7492
643.5	0.75
643.625	0.7484
643.75	0.7507
643.875	0.7531
644.0	0.7547
644.125	0.75
644.25	0.7547
644.375	0.7555
644.5	0.7586
644.625	0.7594
644.75	0.7594
644.875	0.7641
645.0	0.7617
645.125	0.7665
645.25	0.7657
645.375	0.7688
645.5	0.7704
645.625	0.7688
645.75	0.7727
645.875	0.772
646.0	0.7704
646.125	0.7727
646.25	0.7712
646.375	0.772
646.5	0.7735
646.625	0.7727
646.75	0.7727
646.875	0.7704
647.0	0.7688
647.125	0.7688
647.25	0.7649
647.375	0.7641
647.5	0.7641
647.625	0.761
647.75	0.7594
647.875	0.7602
648.0	0.7602
648.125	0.7594
648.25	0.7578
648.375	0.7547
648.5	0.7586
648.625	0.7547
648.75	0.7578
648.875	0.7594
649.0	0.7586
649.125	0.7594
649.25	0.7594
649.375	0.7594
649.5	0.7625
649.625	0.7594
649.75	0.7641
649.875	0.7617
650.0	0.7633
650.125	0.7633
650.25	0.7633
650.375	0.7641
650.5	0.7641
650.625	0.7688
650.75	0.7649
650.875	0.7657
651.0	0.7657
651.125	0.7672
651.25	0.7672
651.375	0.7649
651.5	0.7641
651.625	0.7641
651.75	0.7641
651.875	0.7641
652.0	0.7641
652.125	0.7633
652.25	0.7641
652.375	0.7641
652.5	0.7641
652.625	0.761
652.75	0.7641
652.875	0.7641
653.0	0.7641
653.125	0.7617
653.25	0.7641
653.375	0.7641
653.5	0.7649
653.625	0.7649
653.75	0.7641
653.875	0.7641
654.0	0.7641
654.125	0.7657
654.25	0.7641
654.375	0.7672
654.5	0.768
654.625	0.7672
654.75	0.768
654.875	0.7688
655.0	0.7688
655.125	0.7688
655.25	0.7688
655.375	0.772
655.5	0.7735
655.625	0.772
655.75	0.772
655.875	0.7735
656.0	0.7751
656.125	0.7775
656.25	0.779
656.375	0.7822
656.5	0.7861
656.625	0.7885
656.75	0.7908
656.875	0.7971
657.0	0.7987
657.125	0.8058
657.25	0.8128
657.375	0.8207
657.5	0.8238
657.625	0.8301
657.75	0.8349
657.875	0.8364
658.0	0.8411
658.125	0.8443
658.25	0.8482
658.375	0.849
658.5	0.8498
658.625	0.849
658.75	0.849
658.875	0.8443
659.0	0.8427
659.125	0.8396
659.25	0.8356
659.375	0.8325
659.5	0.827
659.625	0.8223
659.75	0.8168
659.875	0.8113
660.0	0.8066
660.125	0.8018
660.25	0.794
660.375	0.7885
660.5	0.783
660.625	0.7783
660.75	0.7743
660.875	0.7696
661.0	0.7672
661.125	0.7641
661.25	0.7641
661.375	0.7625
661.5	0.7594
661.625	0.7602
661.75	0.7594
661.875	0.7594
662.0	0.7586
662.125	0.7562
662.25	0.7586
662.375	0.7578
662.5	0.7578
662.625	0.7555
662.75	0.7547
662.875	0.7555
663.0	0.7547
663.125	0.7547
663.25	0.7547
663.375	0.7578
663.5	0.7547
663.625	0.7539
663.75	0.7547
663.875	0.7547
664.0	0.7547
664.125	0.7547
664.25	0.7523
664.375	0.75
664.5	0.7523
664.625	0.7531
664.75	0.7507
664.875	0.7531
665.0	0.75
665.125	0.75
665.25	0.75
665.375	0.75
665.5	0.75
665.625	0.75
665.75	0.75
665.875	0.7507
666.0	0.75
666.125	0.75
666.25	0.75
666.375	0.75
666.5	0.7484
666.625	0.7523
666.75	0.7531
666.875	0.75
667.0	0.7523
667.125	0.7547
667.25	0.7539
667.375	0.7547
667.5	0.7562
667.625	0.7547
667.75	0.7555
667.875	0.7547
668.0	0.7555
668.125	0.7594
668.25	0.7594
668.375	0.7594
668.5	0.7602
668.625	0.7594
668.75	0.7633
668.875	0.7641
669.0	0.7641
669.125	0.7641
669.25	0.7665
669.375	0.7688
669.5	0.7712
669.625	0.7735
669.75	0.7783
669.875	0.783
670.0	0.7845
670.125	0.7861
670.25	0.7924
670.375	0.7971
670.5	0.8026
670.625	0.8105
670.75	0.8144
670.875	0.8207
671.0	0.827
671.125	0.8341
671.25	0.8396
671.375	0.8443
671.5	0.849
671.625	0.8537
671.75	0.8584
671.875	0.8632
672.0	0.8671
672.125	0.8694
672.25	0.8702
672.375	0.8694
672.5	0.8679
672.625	0.8679
672.75	0.8647
672.875	0.8624
673.0	0.8584
673.125	0.8506
673.25	0.8443
673.375	0.8411
673.5	0.8364
673.625	0.8301
673.75	0.8215
673.875	0.8136
674.0	0.8081
674.125	0.8034
674.25	0.7987
674.375	0.7916
674.5	0.7861
674.625	0.783
674.75	0.7798
674.875	0.7759
675.0	0.7704
675.125	0.7688
675.25	0.7641
675.375	0.7641
675.5	0.7641
675.625	0.7633
675.75	0.761
675.875	0.7617
676.0	0.7625
676.125	0.7625
676.25	0.7602
676.375	0.7641
676.5	0.7641
676.625	0.7633
676.75	0.7625
676.875	0.7649
677.0	0.7641
677.125	0.7641
677.25	0.7633
677.375	0.7641
677.5	0.7641
677.625	0.7665
677.75	0.7657
677.875	0.7672
678.0	0.7665
678.125	0.7688
678.25	0.768
678.375	0.7672
678.5	0.7688
678.625	0.7688
678.75	0.7688
678.875	0.7688
679.0	0.7688
679.125	0.7688
679.25	0.7688
679.375	0.7704
679.5	0.7688
679.625	0.7688
679.75	0.7688
679.875	0.7688
680.0	0.7657
680.125	0.7657
680.25	0.7665
680.375	0.768
680.5	0.7641
680.625	0.7641
680.75	0.7641
680.875	0.7649
681.0	0.7649
681.125	0.7641
681.25	0.7641
681.375	0.7641
681.5	0.7649
681.625	0.7649
681.75	0.7649
681.875	0.7688
682.0	0.7688
682.125	0.7688
682.25	0.7688
682.375	0.7657
682.5	0.7696
682.625	0.7696
682.75	0.7688
682.875	0.7688
683.0	0.7688
683.125	0.7688
683.25	0.7688
683.375	0.7665
683.5	0.7672
683.625	0.7641
683.75	0.7641
683.875	0.7641
684.0	0.761
684.125	0.7602
684.25	0.7586
684.375	0.7578
684.5	0.7578
684.625	0.7578
684.75	0.7547
684.875	0.7547
685.0	0.7547
685.125	0.75
685.25	0.7507
685.375	0.75
685.5	0.7531
685.625	0.7515
685.75	0.7507
685.875	0.75
686.0	0.75
686.125	0.7492
686.25	0.7452
686.375	0.7492
686.5	0.7468
686.625	0.746
686.75	0.7492
686.875	0.7468
687.0	0.7452
687.125	0.7468
687.25	0.7484
687.375	0.7476
687.5	0.746
687.625	0.7468
687.75	0.7484
687.875	0.75
688.0	0.7476
688.125	0.75
688.25	0.7492
688.375	0.7492
688.5	0.75
688.625	0.75
688.75	0.75
688.875	0.746
689.0	0.75
689.125	0.746
689.25	0.7484
689.375	0.746
689.5	0.7468
689.625	0.7484
689.75	0.7468
689.875	0.7476
690.0	0.7484
690.125	0.7484
690.25	0.7468
690.375	0.7492
690.5	0.75
690.625	0.7484
690.75	0.7492
690.875	0.75
691.0	0.75
691.125	0.75
691.25	0.75
691.375	0.75
691.5	0.75
691.625	0.75
691.75	0.7507
691.875	0.7523
692.0	0.7507
692.125	0.7523
692.25	0.7523
692.375	0.7531
692.5	0.7547
692.625	0.7555
692.75	0.7547
692.875	0.7523
693.0	0.7555
693.125	0.7539
693.25	0.7547
693.375	0.7515
693.5	0.7547
693.625	0.7539
693.75	0.7547
693.875	0.7539
694.0	0.7547
694.125	0.7547
694.25	0.7547
694.375	0.7547
694.5	0.757
694.625	0.7562
694.75	0.7594
694.875	0.7602
695.0	0.7641
695.125	0.7641
695.25	0.7688
695.375	0.772
695.5	0.7735
695.625	0.7767
695.75	0.7783
695.875	0.783
696.0	0.7877
696.125	0.7877
696.25	0.7916
696.375	0.7924
696.5	0.7924
696.625	0.7948
696.75	0.7971
696.875	0.8011
697.0	0.8003
697.125	0.7995
697.25	0.8018
697.375	0.8011
697.5	0.7995
697.625	0.7971
697.75	0.7971
697.875	0.794
698.0	0.7908
698.125	0.79
698.25	0.7908
698.375	0.7838
698.5	0.783
698.625	0.783
698.75	0.7783
698.875	0.7743
699.0	0.7735
699.125	0.7712
699.25	0.7688
699.375	0.768
699.5	0.7641
699.625	0.7641
699.75	0.7641
699.875	0.7633
700.0	0.7602
700.125	0.7594
700.25	0.7617
700.375	0.7602
700.5	0.7594
700.625	0.7562
700.75	0.7578
700.875	0.757
701.0	0.757
701.125	0.7594
701.25	0.757
701.375	0.7578
701.5	0.7586
701.625	0.7594
701.75	0.7594
701.875	0.7594
702.0	0.7562
702.125	0.7586
702.25	0.757
702.375	0.7562
702.5	0.7562
702.625	0.7562
702.75	0.7578
702.875	0.7555
703.0	0.7547
703.125	0.7547
703.25	0.757
703.375	0.7547
703.5	0.7539
703.625	0.7547
703.75	0.7539
703.875	0.7547
704.0	0.7507
704.125	0.7507
704.25	0.75
704.375	0.75
704.5	0.7492
704.625	0.75
704.75	0.7484
704.875	0.7484
705.0	0.7468
705.125	0.75
705.25	0.746
705.375	0.7468
705.5	0.7468
705.625	0.7452
705.75	0.7476
705.875	0.7452
706.0	0.7452
706.125	0.7452
706.25	0.7452
706.375	0.7468
706.5	0.7484
706.625	0.7452
706.75	0.75
706.875	0.7468
707.0	0.7452
707.125	0.7452
707.25	0.746
707.375	0.746
707.5	0.75
707.625	0.7492
707.75	0.75
707.875	0.75
708.0	0.7515
708.125	0.7515
708.25	0.7507
708.375	0.7523
708.5	0.7547
708.625	0.7515
708.75	0.7547
708.875	0.7547
709.0	0.7547
709.125	0.7547
709.25	0.7578
709.375	0.7578
709.5	0.7594
709.625	0.7594
709.75	0.7594
709.875	0.7633
710.0	0.7641
710.125	0.7641
710.25	0.7649
710.375	0.7649
710.5	0.768
710.625	0.7696
710.75	0.7688
710.875	0.7735
711.0	0.7735
711.125	0.7735
711.25	0.7775
711.375	0.7783
711.5	0.7798
711.625	0.7814
711.75	0.7814
711.875	0.783
712.0	0.7845
712.125	0.7885
712.25	0.7885
712.375	0.7916
712.5	0.7924
712.625	0.7924
712.75	0.7963
712.875	0.7971
713.0	0.7971
713.125	0.7995
713.25	0.7987
713.375	0.7971
713.5	0.8003
713.625	0.8003
713.75	0.8003
713.875	0.7995
714.0	0.7971
714.125	0.7971
714.25	0.7924
714.375	0.7948
714.5	0.7924
714.625	0.7916
714.75	0.7877
714.875	0.7869
715.0	0.783
715.125	0.7783
715.25	0.7783
715.375	0.7735
715.5	0.7727
715.625	0.7688
715.75	0.7688
715.875	0.7641
716.0	0.7665
716.125	0.7594
716.25	0.7602
716.375	0.7594
716.5	0.7578
716.625	0.7586
716.75	0.7562
716.875	0.7539
717.0	0.7547
717.125	0.7531
717.25	0.75
717.375	0.75
717.5	0.75
717.625	0.7476
717.75	0.75
717.875	0.75
718.0	0.75
718.125	0.75
718.25	0.7484
718.375	0.7468
718.5	0.7452
718.625	0.7476
718.75	0.7452
718.875	0.75
719.0	0.746
719.125	0.75
719.25	0.75
719.375	0.75
719.5	0.7492
719.625	0.75
719.75	0.75
719.875	0.7484
720.0	0.7492
720.125	0.75
720.25	0.75
720.375	0.75
720.5	0.75
720.625	0.7492
720.75	0.75
720.875	0.75
721.0	0.7492
721.125	0.75
721.25	0.75
721.375	0.7492
721.5	0.75
721.625	0.7507
721.75	0.75
721.875	0.75
722.0	0.75
722.125	0.7523
722.25	0.75
722.375	0.75
722.5	0.75
722.625	0.7507
722.75	0.75
722.875	0.75
723.0	0.75
723.125	0.75
723.25	0.75
723.375	0.7476
723.5	0.7492
723.625	0.746
723.75	0.746
723.875	0.7452
724.0	0.7452
724.125	0.7444
724.25	0.7444
724.375	0.7437
724.5	0.7413
724.625	0.7405
724.75	0.7366
724.875	0.7389
725.0	0.7366
725.125	0.7358
725.25	0.7358
725.375	0.7358
725.5	0.735
725.625	0.7342
725.75	0.7342
725.875	0.7327
726.0	0.7319
726.125	0.7311
726.25	0.7319
726.375	0.7319
726.5	0.7319
726.625	0.7327
726.75	0.7342
726.875	0.7319
727.0	0.7342
727.125	0.7358
727.25	0.735
727.375	0.7374
727.5	0.7358
727.625	0.7358
727.75	0.7374
727.875	0.7374
728.0	0.7374
728.125	0.7358
728.25	0.7405
728.375	0.7405
728.5	0.7405
728.625	0.7397
728.75	0.7382
728.875	0.7397
729.0	0.7389
729.125	0.7405
729.25	0.7397
729.375	0.7405
729.5	0.7405
729.625	0.7452
729.75	0.7405
729.875	0.7452
730.0	0.7444
730.125	0.7452
730.25	0.7437
730.375	0.7452
730.5	0.7452
730.625	0.7468
730.75	0.7452
730.875	0.746
731.0	0.7468
731.125	0.7452
731.25	0.7484
731.375	0.7476
731.5	0.75
731.625	0.75
731.75	0.75
731.875	0.75
732.0	0.7531
732.125	0.7523
732.25	0.7547
732.375	0.7547
732.5	0.7547
732.625	0.7547
732.75	0.7547
732.875	0.757
733.0	0.7555
733.125	0.7555
733.25	0.7531
733.375	0.7555
733.5	0.7578
733.625	0.7547
733.75	0.7562
733.875	0.7547
734.0	0.7555
734.125	0.7586
734.25	0.7578
734.375	0.7586
734.5	0.7562
734.625	0.7555
734.75	0.7547
734.875	0.7555
735.0	0.7562
735.125	0.7562
735.25	0.7555
735.375	0.7586
735.5	0.7555
735.625	0.7586
735.75	0.7547
735.875	0.7547
736.0	0.7547
736.125	0.7547
736.25	0.7555
736.375	0.7562
736.5	0.7578
736.625	0.757
736.75	0.7594
736.875	0.7617
737.0	0.761
737.125	0.7633
737.25	0.7641
737.375	0.7641
737.5	0.7649
737.625	0.7688
737.75	0.7696
737.875	0.7688
738.0	0.7688
738.125	0.7727
738.25	0.7751
738.375	0.7735
738.5	0.7767
738.625	0.7783
738.75	0.7751
738.875	0.7783
739.0	0.779
739.125	0.7798
739.25	0.779
739.375	0.7783
739.5	0.7783
739.625	0.7767
739.75	0.7775
739.875	0.7759
740.0	0.7751
740.125	0.7735
740.25	0.7735
740.375	0.7735
740.5	0.7712
740.625	0.7688
740.75	0.768
740.875	0.7649
741.0	0.7641
741.125	0.7617
741.25	0.7594
741.375	0.7594
741.5	0.7586
741.625	0.7547
741.75	0.7555
741.875	0.7531
742.0	0.7515
742.125	0.75
742.25	0.7492
742.375	0.7476
742.5	0.7452
742.625	0.7468
742.75	0.7452
742.875	0.7468
743.0	0.7452
743.125	0.7452
743.25	0.7452
743.375	0.7437
743.5	0.7452
743.625	0.7444
743.75	0.7452
743.875	0.7452
744.0	0.7421
744.125	0.7405
744.25	0.7444
744.375	0.7429
744.5	0.7452
744.625	0.7413
744.75	0.7413
744.875	0.7405
745.0	0.7405
745.125	0.7405
745.25	0.7405
745.375	0.7405
745.5	0.7413
745.625	0.7405
745.75	0.7405
745.875	0.7405
746.0	0.7405
746.125	0.7405
746.25	0.7397
746.375	0.7421
746.5	0.7405
746.625	0.7405
746.75	0.7405
746.875	0.7382
747.0	0.7389
747.125	0.7405
747.25	0.7366
747.375	0.7382
747.5	0.7358
747.625	0.7358
747.75	0.735
747.875	0.7358
748.0	0.7358
748.125	0.7358
748.25	0.7358
748.375	0.7358
748.5	0.7358
748.625	0.7358
748.75	0.7342
748.875	0.7327
749.0	0.7358
749.125	0.7327
749.25	0.7327
749.375	0.7358
749.5	0.7334
749.625	0.7334
749.75	0.7311
749.875	0.7358
750.0	0.7342
750.125	0.735
750.25	0.7319
750.375	0.7327
750.5	0.7334
750.625	0.7334
750.75	0.735
750.875	0.7342
751.0	0.7358
751.125	0.7358
751.25	0.7366
751.375	0.735
751.5	0.7374
751.625	0.7358
751.75	0.7358
751.875	0.7405
752.0	0.7405
752.125	0.7452
752.25	0.75
752.375	0.7594
752.5	0.7696
752.625	0.7822
752.75	0.7955
752.875	0.8066
753.0	0.8176
753.125	0.8246
753.25	0.8294
753.375	0.8301
753.5	0.8349
753.625	0.8396
753.75	0.838
753.875	0.8364
754.0	0.8341
754.125	0.8278
754.25	0.8183
754.375	0.8042
754.5	0.7932
754.625	0.7822
754.75	0.7727
754.875	0.7665
755.0	0.7602
755.125	0.7594
755.25	0.7562
755.375	0.7562
755.5	0.7562
755.625	0.757
755.75	0.7547
755.875	0.7547
756.0	0.7547
756.125	0.7547
756.25	0.7547
756.375	0.7547
756.5	0.7555
756.625	0.7586
756.75	0.7578
756.875	0.761
757.0	0.7625
757.125	0.7633
757.25	0.7641
757.375	0.7649
757.5	0.7688
757.625	0.768
757.75	0.768
757.875	0.7688
758.0	0.7735
758.125	0.7735
758.25	0.7735
758.375	0.7735
758.5	0.772
758.625	0.772
758.75	0.7735
758.875	0.7735
759.0	0.7735
759.125	0.7735
759.25	0.7727
759.375	0.7727
759.5	0.7696
759.625	0.7696
759.75	0.7704
759.875	0.7688
760.0	0.7688
760.125	0.7688
760.25	0.7657
760.375	0.7665
760.5	0.7657
760.625	0.7641
760.75	0.7641
760.875	0.7641
761.0	0.7641
761.125	0.7625
761.25	0.7594
761.375	0.7594
761.5	0.7594
761.625	0.7594
761.75	0.7594
761.875	0.7594
762.0	0.7594
762.125	0.7594
762.25	0.7594
762.375	0.7562
762.5	0.7594
762.625	0.7594
762.75	0.7594
762.875	0.7562
763.0	0.7586
763.125	0.7594
763.25	0.7586
763.375	0.7602
763.5	0.7594
763.625	0.7594
763.75	0.7602
763.875	0.7594
764.0	0.7633
764.125	0.7594
764.25	0.7633
764.375	0.7641
764.5	0.7641
764.625	0.7641
764.75	0.7641
764.875	0.7641
765.0	0.7641
765.125	0.7641
765.25	0.7641
765.375	0.7657
765.5	0.7641
765.625	0.7641
765.75	0.7641
765.875	0.7641
766.0	0.7641
766.125	0.7641
766.25	0.7641
766.375	0.7625
766.5	0.7617
766.625	0.761
766.75	0.7594
766.875	0.7594
767.0	0.757
767.125	0.7594
767.25	0.7586
767.375	0.7547
767.5	0.7547
767.625	0.7562
767.75	0.7547
767.875	0.7547
768.0	0.7539
768.125	0.7539
768.25	0.75
768.375	0.75
768.5	0.75
768.625	0.75
768.75	0.7452
768.875	0.746
769.0	0.7452
769.125	0.7452
769.25	0.7452
769.375	0.7452
769.5	0.7405
769.625	0.7405
769.75	0.7405
769.875	0.7405
770.0	0.7405
770.125	0.7405
770.25	0.7374
770.375	0.7397
770.5	0.7382
770.625	0.7358
770.75	0.7358
770.875	0.7366
771.0	0.7358
771.125	0.7374
771.25	0.7334
771.375	0.7358
771.5	0.735
771.625	0.7327
771.75	0.7358
771.875	0.7311
772.0	0.7311
772.125	0.7311
772.25	0.7327
772.375	0.7327
772.5	0.7311
772.625	0.7319
772.75	0.7311
772.875	0.7311
773.0	0.7311
773.125	0.7334
773.25	0.7303
773.375	0.7287
773.5	0.7287
773.625	0.7303
773.75	0.7319
773.875	0.7311
774.0	0.7311
774.125	0.7311
774.25	0.7303
774.375	0.7295
774.5	0.7295
774.625	0.7311
774.75	0.7295
774.875	0.7295
775.0	0.7279
775.125	0.7287
775.25	0.7311
775.375	0.7264
775.5	0.7295
775.625	0.7311
775.75	0.7287
775.875	0.7295
776.0	0.7303
776.125	0.7264
776.25	0.7287
776.375	0.7311
776.5	0.7287
776.625	0.7303
776.75	0.7287
776.875	0.7264
777.0	0.7279
777.125	0.7311
777.25	0.7272
777.375	0.7272
777.5	0.7287
777.625	0.7311
777.75	0.7303
777.875	0.7311
778.0	0.7311
778.125	0.7311
778.25	0.7311
778.375	0.7358
778.5	0.7327
778.625	0.7358
778.75	0.7358
778.875	0.7342
779.0	0.735
779.125	0.7358
779.25	0.7358
779.375	0.7366
779.5	0.7397
779.625	0.7358
779.75	0.7358
779.875	0.7366
780.0	0.7358
780.125	0.7374
780.25	0.7358
780.375	0.7405
780.5	0.7397
780.625	0.7405
780.75	0.7413
780.875	0.7405
781.0	0.7444
781.125	0.7452
781.25	0.7452
781.375	0.7452
781.5	0.7452
781.625	0.7484
781.75	0.746
781.875	0.7492
782.0	0.7476
782.125	0.7468
782.25	0.7492
782.375	0.7484
782.5	0.7484
782.625	0.7492
782.75	0.75
782.875	0.75
783.0	0.7507
783.125	0.7523
783.25	0.7547
783.375	0.7547
783.5	0.7594
783.625	0.757
783.75	0.7586
783.875	0.7594
784.0	0.7617
784.125	0.761
784.25	0.7633
784.375	0.7633
784.5	0.7641
784.625	0.7633
784.75	0.7641
784.875	0.7641
785.0	0.7633
785.125	0.7641
785.25	0.7641
785.375	0.7641
785.5	0.7641
785.625	0.7657
785.75	0.7649
785.875	0.7657
786.0	0.7688
786.125	0.7641
786.25	0.7649
786.375	0.7641
786.5	0.7665
786.625	0.7657
786.75	0.7641
786.875	0.7641
787.0	0.7641
787.125	0.7594
787.25	0.7594
787.375	0.7602
787.5	0.7633
787.625	0.761
787.75	0.7586
787.875	0.757
788.0	0.757
788.125	0.7547
788.25	0.7555
788.375	0.7547
788.5	0.7531
788.625	0.7523
788.75	0.7507
788.875	0.7515
789.0	0.7539
789.125	0.75
789.25	0.75
789.375	0.7492
789.5	0.7492
789.625	0.7484
789.75	0.7507
789.875	0.75
790.0	0.75
790.125	0.7484
790.25	0.75
790.375	0.75
790.5	0.7492
790.625	0.7492
790.75	0.7492
790.875	0.75
791.0	0.7492
791.125	0.75
791.25	0.7468
791.375	0.7452
791.5	0.7492
791.625	0.7484
791.75	0.7492
791.875	0.7476
792.0	0.746
792.125	0.7484
792.25	0.7484
792.375	0.7484
792.5	0.7476
792.625	0.7476
792.75	0.746
792.875	0.7476
793.0	0.7484
793.125	0.7492
793.25	0.7468
793.375	0.7452
793.5	0.7476
793.625	0.7452
793.75	0.7468
793.875	0.7476
794.0	0.746
794.125	0.7468
794.25	0.7468
794.375	0.7468
794.5	0.7444
794.625	0.746
794.75	0.7468
794.875	0.7468
795.0	0.7452
795.125	0.746
795.25	0.7484
795.375	0.7484
795.5	0.7492
795.625	0.75
795.75	0.75
795.875	0.7515
796.0	0.75
796.125	0.75
796.25	0.7515
796.375	0.7515
796.5	0.7523
796.625	0.7547
796.75	0.757
796.875	0.7578
797.0	0.7594
797.125	0.7625
797.25	0.7617
797.375	0.7641
797.5	0.7665
797.625	0.7688
797.75	0.7735
797.875	0.7735
798.0	0.7759
798.125	0.7814
798.25	0.7838
798.375	0.7885
798.5	0.7924
798.625	0.7979
798.75	0.7979
798.875	0.805
799.0	0.8066
799.125	0.8113
799.25	0.8136
799.375	0.8223
799.5	0.8254
799.625	0.8317
799.75	0.8356
799.875	0.8427
800.0	0.849
800.125	0.8529
800.25	0.8569
800.375	0.8584
800.5	0.8584
800.625	0.8577
800.75	0.8529
800.875	0.8498
801.0	0.8443
801.125	0.8372
801.25	0.8294
801.375	0.8207
801.5	0.8105
801.625	0.8018
801.75	0.7924
801.875	0.7822
802.0	0.768
802.125	0.761
802.25	0.7539
802.375	0.746
802.5	0.7405
802.625	0.7366
802.75	0.7358
802.875	0.7358
803.0	0.7319
803.125	0.7311
803.25	0.7311
803.375	0.7311
803.5	0.7303
803.625	0.7303
803.75	0.7303
803.875	0.7264
804.0	0.7279
804.125	0.7287
804.25	0.7264
804.375	0.7264
804.5	0.7272
804.625	0.7287
804.75	0.7279
804.875	0.7272
805.0	0.7264
805.125	0.7279
805.25	0.7311
805.375	0.7287
805.5	0.7311
805.625	0.7295
805.75	0.7319
805.875	0.7311
806.0	0.7311
806.125	0.7311
806.25	0.7311
806.375	0.7319
806.5	0.7358
806.625	0.7319
806.75	0.7311
806.875	0.735
807.0	0.7342
807.125	0.735
807.25	0.7334
807.375	0.7334
807.5	0.7342
807.625	0.7358
807.75	0.7358
807.875	0.7374
808.0	0.7374
808.125	0.7382
808.25	0.7405
808.375	0.7405
808.5	0.7405
808.625	0.7397
808.75	0.7405
808.875	0.7405
809.0	0.7405
809.125	0.7405
809.25	0.7405
809.375	0.7437
809.5	0.7421
809.625	0.7429
809.75	0.7405
809.875	0.7405
810.0	0.7405
810.125	0.7444
810.25	0.7452
810.375	0.7452
810.5	0.7444
810.625	0.7452
810.75	0.7452
810.875	0.7452
811.0	0.7476
811.125	0.7468
811.25	0.75
811.375	0.75
811.5	0.7492
811.625	0.75
811.75	0.75
811.875	0.7515
812.0	0.7492
812.125	0.7492
812.25	0.75
812.375	0.75
812.5	0.75
812.625	0.7507
812.75	0.75
812.875	0.7515
813.0	0.7531
813.125	0.7507
813.25	0.7547
813.375	0.7547
813.5	0.7547
813.625	0.7547
813.75	0.7547
813.875	0.7547
814.0	0.7547
814.125	0.7539
814.25	0.7547
814.375	0.7547
814.5	0.7547
814.625	0.7539
814.75	0.7531
814.875	0.7547
815.0	0.7539
815.125	0.7539
815.25	0.7531
815.375	0.7547
815.5	0.7547
815.625	0.7547
815.75	0.7547
815.875	0.7539
816.0	0.7547
816.125	0.7547
816.25	0.7547
816.375	0.7539
816.5	0.7547
816.625	0.7547
816.75	0.7547
816.875	0.7539
817.0	0.7547
817.125	0.7523
817.25	0.7507
817.375	0.75
817.5	0.7523
817.625	0.75
817.75	0.7507
817.875	0.7476
818.0	0.7476
818.125	0.75
818.25	0.7476
818.375	0.7476
818.5	0.746
818.625	0.7468
818.75	0.746
818.875	0.7452
819.0	0.7452
819.125	0.7437
819.25	0.7452
819.375	0.7452
819.5	0.7452
819.625	0.7452
819.75	0.7437
819.875	0.7413
820.0	0.7452
820.125	0.7452
820.25	0.7452
820.375	0.7452
820.5	0.7452
820.625	0.7452
820.75	0.746
820.875	0.7452
821.0	0.7452
821.125	0.746
821.25	0.7468
821.375	0.7468
821.5	0.746
821.625	0.746
821.75	0.7452
821.875	0.7468
822.0	0.7468
822.125	0.7437
822.25	0.7444
822.375	0.7405
822.5	0.7413
822.625	0.7405
822.75	0.7405
822.875	0.7405
823.0	0.7405
823.125	0.7405
823.25	0.7405
823.375	0.7389
823.5	0.7405
823.625	0.7374
823.75	0.7389
823.875	0.7366
824.0	0.7366
824.125	0.7358
824.25	0.7374
824.375	0.7374
824.5	0.7358
824.625	0.7358
824.75	0.7358
824.875	0.7366
825.0	0.7342
825.125	0.7342
825.25	0.735
825.375	0.7319
825.5	0.7358
825.625	0.7311
825.75	0.7319
825.875	0.7334
826.0	0.7327
826.125	0.7311
826.25	0.7311
826.375	0.7311
826.5	0.7311
826.625	0.7327
826.75	0.7303
826.875	0.7311
827.0	0.7334
827.125	0.7319
827.25	0.7311
827.375	0.7311
827.5	0.7311
827.625	0.7311
827.75	0.7311
827.875	0.7342
828.0	0.7311
828.125	0.7311
828.25	0.7319
828.375	0.7311
828.5	0.7311
828.625	0.7311
828.75	0.7327
828.875	0.7327
829.0	0.7311
829.125	0.7311
829.25	0.7311
829.375	0.7327
829.5	0.7311
829.625	0.7342
829.75	0.7311
829.875	0.7319
830.0	0.7327
830.125	0.7311
830.25	0.7319
830.375	0.7311
830.5	0.7311
830.625	0.7311
830.75	0.7319
830.875	0.7327
831.0	0.7311
831.125	0.7311
831.25	0.7311
831.375	0.7319
831.5	0.7311
831.625	0.7311
831.75	0.7295
831.875	0.7311
832.0	0.7311
832.125	0.7311
832.25	0.7272
832.375	0.7311
832.5	0.7311
832.625	0.7279
832.75	0.7295
832.875	0.7272
833.0	0.7279
833.125	0.7264
833.25	0.7264
833.375	0.7264
833.5	0.7256
833.625	0.7256
833.75	0.7264
833.875	0.7264
834.0	0.7264
834.125	0.7256
834.25	0.7264
834.375	0.7264
834.5	0.7264
834.625	0.7248
834.75	0.7256
834.875	0.7264
835.0	0.7264
835.125	0.7256
835.25	0.7264
835.375	0.7264
835.5	0.7264
835.625	0.7256
835.75	0.7256
835.875	0.7256
836.0	0.7248
836.125	0.7264
836.25	0.7264
836.375	0.7264
836.5	0.7272
836.625	0.7264
836.75	0.7264
836.875	0.7272
837.0	0.7256
837.125	0.7264
837.25	0.7272
837.375	0.7264
837.5	0.7264
837.625	0.7272
837.75	0.7264
837.875	0.7264
838.0	0.7287
838.125	0.7272
838.25	0.7287
838.375	0.7264
838.5	0.7287
838.625	0.7311
838.75	0.7311
838.875	0.7272
839.0	0.7311
839.125	0.7311
839.25	0.7311
839.375	0.7319
839.5	0.7319
839.625	0.7311
839.75	0.7311
839.875	0.7311
840.0	0.7311
840.125	0.7295
840.25	0.7311
840.375	0.7334
840.5	0.7311
840.625	0.7287
840.75	0.7327
840.875	0.7311
841.0	0.7327
841.125	0.7311
841.25	0.7311
841.375	0.7311
841.5	0.7311
841.625	0.7334
841.75	0.735
841.875	0.7327
842.0	0.7311
842.125	0.7342
842.25	0.7342
842.375	0.7311
842.5	0.735
842.625	0.7342
842.75	0.7319
842.875	0.7358
843.0	0.7358
843.125	0.7358
843.25	0.7342
843.375	0.7358
843.5	0.7358
843.625	0.7374
843.75	0.7366
843.875	0.7358
844.0	0.7358
844.125	0.7366
844.25	0.7382
844.375	0.7389
844.5	0.7397
844.625	0.7382
844.75	0.7405
844.875	0.7405
845.0	0.7389
845.125	0.7405
845.25	0.7405
845.375	0.7413
845.5	0.7405
845.625	0.7405
845.75	0.7397
845.875	0.7413
846.0	0.7405
846.125	0.7405
846.25	0.7405
846.375	0.7405
846.5	0.7405
846.625	0.7405
846.75	0.7421
846.875	0.7413
847.0	0.7405
847.125	0.7405
847.25	0.7405
847.375	0.7413
847.5	0.7405
847.625	0.7405
847.75	0.7405
847.875	0.7405
848.0	0.7405
848.125	0.7405
848.25	0.7405
848.375	0.7405
848.5	0.7421
848.625	0.7405
848.75	0.7405
848.875	0.7413
849.0	0.7405
849.125	0.7405
849.25	0.7413
849.375	0.7405
849.5	0.7452
849.625	0.7437
849.75	0.7452
849.875	0.7452
850.0	0.7444
850.125	0.7468
850.25	0.7468
850.375	0.7452
850.5	0.7484
850.625	0.75
850.75	0.75
850.875	0.75
851.0	0.7531
851.125	0.7515
851.25	0.7547
851.375	0.7547
851.5	0.7539
851.625	0.7547
851.75	0.7547
851.875	0.7547
852.0	0.7555
852.125	0.7586
852.25	0.7594
852.375	0.7602
852.5	0.7594
852.625	0.7594
852.75	0.7594
852.875	0.7594
853.0	0.761
853.125	0.7617
853.25	0.7641
853.375	0.7641
853.5	0.7641
853.625	0.7657
853.75	0.7665
853.875	0.7672
854.0	0.7688
854.125	0.7688
854.25	0.7688
854.375	0.7712
854.5	0.7712
854.625	0.772
854.75	0.7688
854.875	0.7696
855.0	0.7688
855.125	0.768
855.25	0.7617
855.375	0.7594
855.5	0.7562
855.625	0.7539
855.75	0.7523
855.875	0.746
856.0	0.7452
856.125	0.7413
856.25	0.7358
856.375	0.7358
856.5	0.7327
856.625	0.7311
856.75	0.7327
856.875	0.7295
857.0	0.7303
857.125	0.7295
857.25	0.7311
857.375	0.7279
857.5	0.7295
857.625	0.7303
857.75	0.7279
857.875	0.7311
858.0	0.7287
858.125	0.7279
858.25	0.7295
858.375	0.7264
858.5	0.7303
858.625	0.7287
858.75	0.7264
858.875	0.7279
859.0	0.7264
859.125	0.7264
859.25	0.7264
859.375	0.7256
859.5	0.7264
859.625	0.7264
859.75	0.7256
859.875	0.7256
860.0	0.7264
860.125	0.7248
860.25	0.7264
860.375	0.7264
860.5	0.7224
860.625	0.7256
860.75	0.7256
860.875	0.7256
861.0	0.7224
861.125	0.7216
861.25	0.7256
861.375	0.7201
861.5	0.7216
861.625	0.7216
861.75	0.7224
861.875	0.7216
862.0	0.7216
862.125	0.7216
862.25	0.7216
862.375	0.7209
862.5	0.7216
862.625	0.7216
862.75	0.7193
862.875	0.7185
863.0	0.7216
863.125	0.7216
863.25	0.7216
863.375	0.7209
863.5	0.7216
863.625	0.7224
863.75	0.7216
863.875	0.7216
864.0	0.7216
864.125	0.7216
864.25	0.7216
864.375	0.7216
864.5	0.7216
864.625	0.7216
864.75	0.7216
864.875	0.7216
865.0	0.7216
865.125	0.7248
865.25	0.7232
865.375	0.724
865.5	0.7232
865.625	0.7224
865.75	0.7264
865.875	0.724
866.0	0.7256
866.125	0.7264
866.25	0.7248
866.375	0.7264
866.5	0.7272
866.625	0.7264
866.75	0.7264
866.875	0.7264
867.0	0.7264
867.125	0.7264
867.25	0.7264
867.375	0.7264
867.5	0.7272
867.625	0.7264
867.75	0.7264
867.875	0.7264
868.0	0.7264
868.125	0.7272
868.25	0.7264
868.375	0.7287
868.5	0.7264
868.625	0.724
868.75	0.7264
868.875	0.7264
869.0	0.7264
869.125	0.7224
869.25	0.7264
869.375	0.7224
869.5	0.7264
869.625	0.7224
869.75	0.7216
869.875	0.7224
870.0	0.7248
870.125	0.7216
870.25	0.7224
870.375	0.7216
870.5	0.7216
870.625	0.7232
870.75	0.7216
870.875	0.7216
871.0	0.7248
871.125	0.7216
871.25	0.7224
871.375	0.7216
871.5	0.7224
871.625	0.7216
871.75	0.724
871.875	0.7216
872.0	0.7216
872.125	0.7232
872.25	0.7216
872.375	0.7264
872.5	0.7248
872.625	0.7264
872.75	0.7256
872.875	0.7264
873.0	0.7264
873.125	0.7279
873.25	0.7279
873.375	0.7264
873.5	0.7279
873.625	0.7311
873.75	0.7311
873.875	0.7311
874.0	0.7303
874.125	0.7319
874.25	0.7319
874.375	0.7334
874.5	0.7358
874.625	0.7358
874.75	0.735
874.875	0.7358
875.0	0.7358
875.125	0.7405
875.25	0.7405
875.375	0.7405
875.5	0.7413
875.625	0.7429
875.75	0.7444
875.875	0.7452
876.0	0.7468
876.125	0.746
876.25	0.75
876.375	0.75
876.5	0.7523
876.625	0.7523
876.75	0.7547
876.875	0.7547
877.0	0.7562
877.125	0.7594
877.25	0.7594
877.375	0.7633
877.5	0.7641
877.625	0.7665
877.75	0.7688
877.875	0.7688
878.0	0.7688
878.125	0.7735
878.25	0.772
878.375	0.7735
878.5	0.7735
878.625	0.7712
878.75	0.7704
878.875	0.7688
879.0	0.7672
879.125	0.7641
879.25	0.7617
879.375	0.7562
879.5	0.7547
879.625	0.75
879.75	0.746
879.875	0.7452
880.0	0.7405
880.125	0.7358
880.25	0.7358
880.375	0.7358
880.5	0.7311
880.625	0.7327
880.75	0.7319
880.875	0.7311
881.0	0.7311
881.125	0.7342
881.25	0.7319
881.375	0.7334
881.5	0.7319
881.625	0.7342
881.75	0.7342
881.875	0.7327
882.0	0.7334
882.125	0.7327
882.25	0.7342
882.375	0.735
882.5	0.7334
882.625	0.735
882.75	0.7319
882.875	0.7311
883.0	0.7311
883.125	0.7311
883.25	0.7334
883.375	0.7319
883.5	0.7311
883.625	0.7303
883.75	0.7311
883.875	0.7311
884.0	0.7311
884.125	0.7311
884.25	0.7295
884.375	0.7311
884.5	0.7303
884.625	0.7303
884.75	0.7303
884.875	0.7287
885.0	0.7303
885.125	0.7279
885.25	0.7295
885.375	0.7295
885.5	0.7279
885.625	0.7279
885.75	0.7264
885.875	0.7295
886.0	0.7264
886.125	0.7287
886.25	0.7264
886.375	0.7264
886.5	0.7264
886.625	0.7264
886.75	0.7264
886.875	0.7279
887.0	0.7264
887.125	0.7264
887.25	0.7264
887.375	0.7256
887.5	0.7264
887.625	0.7264
887.75	0.7264
887.875	0.7264
888.0	0.7264
888.125	0.7264
888.25	0.7264
888.375	0.7279
888.5	0.7264
888.625	0.7264
888.75	0.7272
888.875	0.7264
889.0	0.7264
889.125	0.7264
889.25	0.7264
889.375	0.7256
889.5	0.7248
889.625	0.7232
889.75	0.724
889.875	0.7248
890.0	0.7216
890.125	0.7264
890.25	0.7264
890.375	0.7256
890.5	0.7216
890.625	0.7232
890.75	0.7264
890.875	0.7264
891.0	0.7264
891.125	0.724
891.25	0.7264
891.375	0.7248
891.5	0.7264
891.625	0.7264
891.75	0.724
891.875	0.7232
892.0	0.7216
892.125	0.7216
892.25	0.7216
892.375	0.7216
892.5	0.7216
892.625	0.7216
892.75	0.7185
892.875	0.7216
893.0	0.7209
893.125	0.7216
893.25	0.7224
893.375	0.7216
893.5	0.7216
893.625	0.7216
893.75	0.7216
893.875	0.724
894.0	0.7216
894.125	0.7201
894.25	0.7216
894.375	0.7201
894.5	0.7201
894.625	0.7216
894.75	0.7216
894.875	0.7216
895.0	0.7216
895.125	0.7216
895.25	0.7216
895.375	0.7216
895.5	0.7185
895.625	0.7216
895.75	0.7201
895.875	0.7209
896.0	0.7216
896.125	0.7201
896.25	0.7201
896.375	0.7216
896.5	0.7185
896.625	0.7209
896.75	0.7216
896.875	0.7216
897.0	0.7216
897.125	0.7216
897.25	0.7216
897.375	0.7216
897.5	0.7216
897.625	0.7232
897.75	0.7216
897.875	0.7216
898.0	0.7209
898.125	0.7216
898.25	0.7216
898.375	0.724
898.5	0.7232
898.625	0.7216
898.75	0.7216
898.875	0.7209
899.0	0.7224
899.125	0.7201
899.25	0.7216
899.375	0.7216
899.5	0.7216
899.625	0.7201
899.75	0.7216
899.875	0.7216
