900.0	0.6839
899.875	0.6839
899.75	0.6847
899.625	0.6839
899.5	0.6839
899.375	0.6839
899.25	0.6839
899.125	0.6808
899.0	0.6792
898.875	0.6808
898.75	0.6792
898.625	0.6792
898.5	0.68
898.375	0.6792
898.25	0.6792
898.125	0.6792
898.0	0.6792
897.875	0.6792
897.75	0.6792
897.625	0.6761
897.5	0.6792
897.375	0.6792
897.25	0.6784
897.125	0.6784
897.0	0.6792
896.875	0.6792
896.75	0.6792
896.625	0.6792
896.5	0.6792
896.375	0.6792
896.25	0.6792
896.125	0.6792
896.0	0.6792
895.875	0.6792
895.75	0.6792
895.625	0.6792
895.5	0.6784
895.375	0.6784
895.25	0.6792
895.125	0.6792
895.0	0.6792
894.875	0.68
894.75	0.6784
894.625	0.6753
894.5	0.6776
894.375	0.6784
894.25	0.6792
894.125	0.6792
894.0	0.6792
893.875	0.6792
893.75	0.6816
893.625	0.68
893.5	0.6792
893.375	0.68
893.25	0.6839
893.125	0.6816
893.0	0.6792
892.875	0.6808
892.75	0.6839
892.625	0.6839
892.5	0.6839
892.375	0.6839
892.25	0.6839
892.125	0.6839
892.0	0.6839
891.875	0.6839
891.75	0.6839
891.625	0.6855
891.5	0.6855
891.375	0.6878
891.25	0.6886
891.125	0.6886
891.0	0.6878
890.875	0.6902
890.75	0.691
890.625	0.6926
890.5	0.6933
890.375	0.6926
890.25	0.6933
890.125	0.6941
890.0	0.6933
889.875	0.6933
889.75	0.6933
889.625	0.6941
889.5	0.6949
889.375	0.6981
889.25	0.6965
889.125	0.6949
889.0	0.6941
888.875	0.6941
888.75	0.6933
888.625	0.6941
888.5	0.6965
888.375	0.6941
888.25	0.6933
888.125	0.6933
888.0	0.6933
887.875	0.6941
887.75	0.6933
887.625	0.6949
887.5	0.6965
887.375	0.6949
887.25	0.6965
887.125	0.6981
887.0	0.6941
886.875	0.6933
886.75	0.6933
886.625	0.6957
886.5	0.6973
886.375	0.6933
886.25	0.6981
886.125	0.6981
886.0	0.6981
885.875	0.6981
885.75	0.6973
885.625	0.6957
885.5	0.6973
885.375	0.6965
885.25	0.6957
885.125	0.6965
885.0	0.6981
884.875	0.6965
884.75	0.6981
884.625	0.6981
884.5	0.6981
884.375	0.6981
884.25	0.6981
884.125	0.6996
884.0	0.7012
883.875	0.6981
883.75	0.6981
883.625	0.6981
883.5	0.7012
883.375	0.6988
883.25	0.6981
883.125	0.7012
883.0	0.6996
882.875	0.6981
882.75	0.7012
882.625	0.6981
882.5	0.6996
882.375	0.6981
882.25	0.6981
882.125	0.6973
882.0	0.6981
881.875	0.6981
881.75	0.6981
881.625	0.6988
881.5	0.702
881.375	0.7012
881.25	0.7028
881.125	0.7075
881.0	0.7099
880.875	0.7122
880.75	0.7169
880.625	0.7209
880.5	0.7256
880.375	0.7264
880.25	0.7295
880.125	0.7327
880.0	0.7358
879.875	0.7366
879.75	0.7405
879.625	0.7405
879.5	0.7452
879.375	0.7405
879.25	0.7405
879.125	0.7389
879.0	0.7374
878.875	0.7358
878.75	0.7311
878.625	0.7311
878.5	0.7311
878.375	0.7264
878.25	0.724
878.125	0.7216
878.0	0.7216
877.875	0.7185
877.75	0.7169
877.625	0.7169
877.5	0.7154
877.375	0.7146
877.25	0.7122
877.125	0.7122
877.0	0.7075
876.875	0.7075
876.75	0.7091
876.625	0.7075
876.5	0.7067
876.375	0.7075
876.25	0.7059
876.125	0.7028
876.0	0.7036
875.875	0.7044
875.75	0.7028
875.625	0.702
875.5	0.702
875.375	0.6988
875.25	0.7028
875.125	0.7028
875.0	0.6981
874.875	0.6996
874.75	0.6988
874.625	0.6981
874.5	0.6981
874.375	0.6981
874.25	0.6981
874.125	0.6941
874.0	0.6933
873.875	0.6965
873.75	0.6933
873.625	0.6933
873.5	0.6933
873.375	0.6902
873.25	0.6918
873.125	0.6926
873.0	0.6933
872.875	0.6933
872.75	0.6933
872.625	0.6926
872.5	0.6933
872.375	0.6926
872.25	0.6926
872.125	0.6926
872.0	0.6918
871.875	0.6894
871.75	0.691
871.625	0.6902
871.5	0.6894
871.375	0.6902
871.25	0.6926
871.125	0.6933
871.0	0.6933
870.875	0.6933
870.75	0.6933
870.625	0.6941
870.5	0.6926
870.375	0.6933
870.25	0.6941
870.125	0.6949
870.0	0.6933
869.875	0.6933
869.75	0.6933
869.625	0.6933
869.5	0.6933
869.375	0.6957
869.25	0.6973
869.125	0.6941
869.0	0.6973
868.875	0.6933
868.75	0.6933
868.625	0.6981
868.5	0.6965
868.375	0.6949
868.25	0.6981
868.125	0.6973
868.0	0.6957
867.875	0.6941
867.75	0.6933
867.625	0.6965
867.5	0.6973
867.375	0.6933
867.25	0.6918
867.125	0.6933
867.0	0.6941
866.875	0.6933
866.75	0.691
866.625	0.6886
866.5	0.6933
866.375	0.6894
866.25	0.6886
866.125	0.6886
866.0	0.6886
865.875	0.6878
865.75	0.6886
865.625	0.6886
865.5	0.6863
865.375	0.6863
865.25	0.6855
865.125	0.6839
865.0	0.6847
864.875	0.6855
864.75	0.6839
864.625	0.6878
864.5	0.6871
864.375	0.6863
864.25	0.6886
864.125	0.6878
864.0	0.6886
863.875	0.6886
863.75	0.6886
863.625	0.6886
863.5	0.6886
863.375	0.6886
863.25	0.6886
863.125	0.6886
863.0	0.6886
862.875	0.6886
862.75	0.6886
862.625	0.6886
862.5	0.6886
862.375	0.6926
862.25	0.6894
862.125	0.6886
862.0	0.691
861.875	0.6902
861.75	0.6933
861.625	0.6926
861.5	0.6941
861.375	0.6941
861.25	0.6933
861.125	0.6965
861.0	0.6957
860.875	0.6981
860.75	0.6981
860.625	0.6949
860.5	0.6981
860.375	0.6957
860.25	0.6973
860.125	0.6957
860.0	0.6981
859.875	0.6996
859.75	0.6981
859.625	0.6981
859.5	0.6981
859.375	0.6981
859.25	0.6973
859.125	0.6981
859.0	0.6981
858.875	0.6988
858.75	0.6996
858.625	0.6981
858.5	0.6981
858.375	0.6965
858.25	0.6981
858.125	0.6973
858.0	0.6981
857.875	0.7028
857.75	0.7004
857.625	0.6996
857.5	0.7036
857.375	0.7051
857.25	0.7122
857.125	0.7122
857.0	0.7169
856.875	0.7177
856.75	0.7216
856.625	0.7264
856.5	0.7264
856.375	0.7311
856.25	0.7358
856.125	0.7342
856.0	0.7374
855.875	0.7382
855.75	0.7382
855.625	0.7405
855.5	0.7358
855.375	0.7358
855.25	0.735
855.125	0.7334
855.0	0.7342
854.875	0.7311
854.75	0.7311
854.625	0.7311
854.5	0.7311
854.375	0.7279
854.25	0.7272
854.125	0.7287
854.0	0.7272
853.875	0.7264
853.75	0.7264
853.625	0.7303
853.5	0.7264
853.375	0.7264
853.25	0.7264
853.125	0.7264
853.0	0.724
852.875	0.7216
852.75	0.7216
852.625	0.7264
852.5	0.7216
852.375	0.7216
852.25	0.7216
852.125	0.7224
852.0	0.7232
851.875	0.7216
851.75	0.7216
851.625	0.7185
851.5	0.7185
851.375	0.7177
851.25	0.7138
851.125	0.7169
851.0	0.7169
850.875	0.7169
850.75	0.7154
850.625	0.7146
850.5	0.7122
850.375	0.713
850.25	0.7122
850.125	0.7122
850.0	0.7122
849.875	0.713
849.75	0.713
849.625	0.7122
849.5	0.7146
849.375	0.7169
849.25	0.7169
849.125	0.7122
849.0	0.7122
848.875	0.7122
848.75	0.713
848.625	0.7122
848.5	0.7122
848.375	0.7122
848.25	0.7122
848.125	0.7122
848.0	0.7122
847.875	0.713
847.75	0.7154
847.625	0.7146
847.5	0.713
847.375	0.7146
847.25	0.7138
847.125	0.7161
847.0	0.7169
846.875	0.7146
846.75	0.7146
846.625	0.713
846.5	0.7138
846.375	0.713
846.25	0.7122
846.125	0.713
846.0	0.7122
845.875	0.7122
845.75	0.7122
845.625	0.7099
845.5	0.7099
845.375	0.7075
845.25	0.7075
845.125	0.7075
845.0	0.7075
844.875	0.7075
844.75	0.7067
844.625	0.7075
844.5	0.7028
844.375	0.7036
844.25	0.7036
844.125	0.7036
844.0	0.7028
843.875	0.7044
843.75	0.7028
843.625	0.7028
843.5	0.7028
843.375	0.7028
843.25	0.7028
843.125	0.7012
843.0	0.7028
842.875	0.7028
842.75	0.6988
842.625	0.7028
842.5	0.7028
842.375	0.7012
842.25	0.7028
842.125	0.7028
842.0	0.7028
841.875	0.7028
841.75	0.702
841.625	0.702
841.5	0.7028
841.375	0.7028
841.25	0.702
841.125	0.6996
841.0	0.7028
840.875	0.7028
840.75	0.7012
840.625	0.7028
840.5	0.702
840.375	0.7004
840.25	0.6981
840.125	0.7004
840.0	0.6981
839.875	0.6981
839.75	0.6981
839.625	0.6981
839.5	0.6981
839.375	0.6981
839.25	0.6965
839.125	0.6965
839.0	0.6973
838.875	0.6981
838.75	0.6973
838.625	0.6981
838.5	0.6981
838.375	0.6981
838.25	0.6981
838.125	0.6981
838.0	0.7012
837.875	0.6996
837.75	0.6957
837.625	0.6981
837.5	0.6996
837.375	0.6981
837.25	0.6981
837.125	0.6973
837.0	0.6973
836.875	0.6949
836.75	0.6957
836.625	0.6957
836.5	0.6949
836.375	0.6941
836.25	0.6941
836.125	0.6949
836.0	0.6933
835.875	0.6933
835.75	0.6933
835.625	0.6933
835.5	0.6933
835.375	0.6933
835.25	0.6933
835.125	0.6973
835.0	0.6933
834.875	0.6941
834.75	0.6949
834.625	0.6949
834.5	0.6941
834.375	0.6941
834.25	0.6933
834.125	0.6933
834.0	0.6933
833.875	0.6941
833.75	0.6949
833.625	0.6949
833.5	0.6933
833.375	0.6941
833.25	0.6957
833.125	0.6949
833.0	0.6973
832.875	0.6941
832.75	0.6965
832.625	0.6981
832.5	0.6981
832.375	0.6981
832.25	0.6973
832.125	0.6957
832.0	0.6981
831.875	0.6981
831.75	0.6981
831.625	0.6981
831.5	0.6981
831.375	0.7004
831.25	0.6996
831.125	0.6988
831.0	0.6988
830.875	0.7028
830.75	0.7012
830.625	0.702
830.5	0.6996
830.375	0.7028
830.25	0.7028
830.125	0.7004
830.0	0.7028
829.875	0.7004
829.75	0.7028
829.625	0.7028
829.5	0.7028
829.375	0.6988
829.25	0.6988
829.125	0.7028
829.0	0.7004
828.875	0.6988
828.75	0.6988
828.625	0.6981
828.5	0.6981
828.375	0.6988
828.25	0.6981
828.125	0.6973
828.0	0.6981
827.875	0.6965
827.75	0.6996
827.625	0.6981
827.5	0.6965
827.375	0.6988
827.25	0.6981
827.125	0.7028
827.0	0.7028
826.875	0.7028
826.75	0.7028
826.625	0.7028
826.5	0.7028
826.375	0.7028
826.25	0.7028
826.125	0.7059
826.0	0.7036
825.875	0.7051
825.75	0.7075
825.625	0.7075
825.5	0.7059
825.375	0.7067
825.25	0.7075
825.125	0.7075
825.0	0.7075
824.875	0.7075
824.75	0.7083
824.625	0.7091
824.5	0.7099
824.375	0.7106
824.25	0.7122
824.125	0.7099
824.0	0.7122
823.875	0.7122
823.75	0.7114
823.625	0.7122
823.5	0.7122
823.375	0.7122
823.25	0.7122
823.125	0.7154
823.0	0.7169
822.875	0.7161
822.75	0.7138
822.625	0.7169
822.5	0.7169
822.375	0.7169
822.25	0.7169
822.125	0.7161
822.0	0.7169
821.875	0.7154
821.75	0.7161
821.625	0.7138
821.5	0.7122
821.375	0.7122
821.25	0.7122
821.125	0.7122
821.0	0.7122
820.875	0.7122
820.75	0.7122
820.625	0.7122
820.5	0.7154
820.375	0.7122
820.25	0.7138
820.125	0.7138
820.0	0.7122
819.875	0.713
819.75	0.7122
819.625	0.7138
819.5	0.7169
819.375	0.7169
819.25	0.7169
819.125	0.7169
819.0	0.7169
818.875	0.7169
818.75	0.7169
818.625	0.7201
818.5	0.7209
818.375	0.7216
818.25	0.7216
818.125	0.7216
818.0	0.7216
817.875	0.7216
817.75	0.7216
817.625	0.7224
817.5	0.7216
817.375	0.7216
817.25	0.7216
817.125	0.7232
817.0	0.7232
816.875	0.724
816.75	0.7232
816.625	0.7224
816.5	0.7216
816.375	0.7216
816.25	0.7216
816.125	0.7216
816.0	0.7232
815.875	0.7216
815.75	0.7216
815.625	0.7232
815.5	0.7256
815.375	0.7232
815.25	0.7232
815.125	0.724
815.0	0.7264
814.875	0.7216
814.75	0.7216
814.625	0.7216
814.5	0.7216
814.375	0.7216
814.25	0.7216
814.125	0.7216
814.0	0.7216
813.875	0.7201
813.75	0.7193
813.625	0.7216
813.5	0.7209
813.375	0.7201
813.25	0.7216
813.125	0.7216
813.0	0.7209
812.875	0.7169
812.75	0.7169
812.625	0.7169
812.5	0.7169
812.375	0.7169
812.25	0.7169
812.125	0.7169
812.0	0.7169
811.875	0.7138
811.75	0.7122
811.625	0.7122
811.5	0.713
811.375	0.7138
811.25	0.713
811.125	0.7122
811.0	0.7122
810.875	0.7122
810.75	0.7122
810.625	0.7114
810.5	0.7091
810.375	0.7091
810.25	0.7099
810.125	0.7114
810.0	0.7099
809.875	0.7099
809.75	0.7122
809.625	0.7091
809.5	0.7106
809.375	0.7075
809.25	0.7075
809.125	0.7075
809.0	0.7075
808.875	0.7075
808.75	0.7075
808.625	0.7075
808.5	0.7075
808.375	0.7067
808.25	0.7075
808.125	0.7036
808.0	0.7028
807.875	0.7028
807.75	0.7051
807.625	0.7028
807.5	0.7028
807.375	0.702
807.25	0.7028
807.125	0.7004
807.0	0.7012
806.875	0.7028
806.75	0.7004
806.625	0.7012
806.5	0.702
806.375	0.6988
806.25	0.6988
806.125	0.7004
806.0	0.6981
805.875	0.6988
805.75	0.6981
805.625	0.6996
805.5	0.6981
805.375	0.6981
805.25	0.6988
805.125	0.6981
805.0	0.6981
804.875	0.7004
804.75	0.6988
804.625	0.6988
804.5	0.7028
804.375	0.7004
804.25	0.6988
804.125	0.702
804.0	0.7028
803.875	0.7028
803.75	0.7075
803.625	0.7114
803.5	0.7122
803.375	0.7193
803.25	0.7264
803.125	0.7342
803.0	0.7452
802.875	0.7547
802.75	0.7641
802.625	0.7759
802.5	0.7869
802.375	0.7948
802.25	0.8066
802.125	0.8121
802.0	0.8207
801.875	0.8294
801.75	0.8301
801.625	0.8349
801.5	0.8388
801.375	0.8396
801.25	0.8349
801.125	0.8301
801.0	0.8254
800.875	0.8231
800.75	0.8176
800.625	0.8128
800.5	0.8066
800.375	0.8011
800.25	0.794
800.125	0.79
800.0	0.7853
799.875	0.7783
799.75	0.7735
799.625	0.7696
799.5	0.7649
799.375	0.761
799.25	0.7578
799.125	0.7547
799.0	0.7515
798.875	0.75
798.75	0.7484
798.625	0.7452
798.5	0.7405
798.375	0.7405
798.25	0.7405
798.125	0.7382
798.0	0.7382
797.875	0.7342
797.75	0.7311
797.625	0.7311
797.5	0.7295
797.375	0.7279
797.25	0.7264
797.125	0.7216
797.0	0.7216
796.875	0.7185
796.75	0.7193
796.625	0.7169
796.5	0.7169
796.375	0.7169
796.25	0.7169
796.125	0.7138
796.0	0.7154
795.875	0.7154
795.75	0.7169
795.625	0.7169
795.5	0.7161
795.375	0.7169
795.25	0.7169
795.125	0.7161
795.0	0.7169
794.875	0.7169
794.75	0.713
794.625	0.7169
794.5	0.7169
794.375	0.7169
794.25	0.7169
794.125	0.7161
794.0	0.7169
793.875	0.7169
793.75	0.7185
793.625	0.7185
793.5	0.7209
793.375	0.7216
793.25	0.7177
793.125	0.7185
793.0	0.7177
792.875	0.7177
792.75	0.7216
792.625	0.7209
792.5	0.7216
792.375	0.7209
792.25	0.7216
792.125	0.7216
792.0	0.7216
791.875	0.7193
791.75	0.7193
791.625	0.7216
791.5	0.7209
791.375	0.7216
791.25	0.7216
791.125	0.7216
791.0	0.7201
790.875	0.7216
790.75	0.7232
790.625	0.7232
790.5	0.7256
790.375	0.7256
790.25	0.7264
790.125	0.7264
790.0	0.7264
789.875	0.7264
789.75	0.7272
789.625	0.7272
789.5	0.7295
789.375	0.7311
789.25	0.7311
789.125	0.7327
789.0	0.7342
788.875	0.7358
788.75	0.7358
788.625	0.7358
788.5	0.7358
788.375	0.7374
788.25	0.7389
788.125	0.7405
788.0	0.7413
787.875	0.7405
787.75	0.7405
787.625	0.7452
787.5	0.7452
787.375	0.7452
787.25	0.7444
787.125	0.7452
787.0	0.7452
786.875	0.7452
786.75	0.7452
786.625	0.7421
786.5	0.7452
786.375	0.7405
786.25	0.7421
786.125	0.7405
786.0	0.7405
785.875	0.7429
785.75	0.7452
785.625	0.7413
785.5	0.7405
785.375	0.7405
785.25	0.7405
785.125	0.7405
785.0	0.7366
784.875	0.7358
784.75	0.7389
784.625	0.7358
784.5	0.7327
784.375	0.7342
784.25	0.7342
784.125	0.7311
784.0	0.7311
783.875	0.7311
783.75	0.7311
783.625	0.7311
783.5	0.7295
783.375	0.7311
783.25	0.7311
783.125	0.7311
783.0	0.7279
782.875	0.7264
782.75	0.7272
782.625	0.7256
782.5	0.7264
782.375	0.7264
782.25	0.7232
782.125	0.7216
782.0	0.7216
781.875	0.7201
781.75	0.7193
781.625	0.7169
781.5	0.7193
781.375	0.7169
781.25	0.7146
781.125	0.7161
781.0	0.713
780.875	0.713
780.75	0.7138
780.625	0.7138
780.5	0.7138
780.375	0.7146
780.25	0.7122
780.125	0.7122
780.0	0.7122
779.875	0.7114
779.75	0.7114
779.625	0.7091
779.5	0.7106
779.375	0.7083
779.25	0.7091
779.125	0.7075
779.0	0.7075
778.875	0.7083
778.75	0.7075
778.625	0.7075
778.5	0.7075
778.375	0.7075
778.25	0.7059
778.125	0.7059
778.0	0.7059
777.875	0.7067
777.75	0.7059
777.625	0.7051
777.5	0.7044
777.375	0.7036
777.25	0.7075
777.125	0.7036
777.0	0.7059
776.875	0.7059
776.75	0.7036
776.625	0.7067
776.5	0.7051
776.375	0.7036
776.25	0.7059
776.125	0.7067
776.0	0.7044
775.875	0.7028
775.75	0.7028
775.625	0.7028
775.5	0.6981
775.375	0.6981
775.25	0.6981
775.125	0.6981
775.0	0.6981
774.875	0.6957
774.75	0.6965
774.625	0.6973
774.5	0.6957
774.375	0.6973
774.25	0.6965
774.125	0.6973
774.0	0.6965
773.875	0.6981
773.75	0.6981
773.625	0.6981
773.5	0.6981
773.375	0.6981
773.25	0.6981
773.125	0.6981
773.0	0.6981
772.875	0.7012
772.75	0.702
772.625	0.702
772.5	0.7036
772.375	0.7028
772.25	0.7028
772.125	0.7028
772.0	0.7028
771.875	0.7028
771.75	0.7028
771.625	0.7028
771.5	0.7028
771.375	0.7075
771.25	0.7075
771.125	0.7051
771.0	0.7075
770.875	0.7059
770.75	0.7099
770.625	0.7091
770.5	0.7106
770.375	0.7114
770.25	0.7122
770.125	0.713
770.0	0.7169
769.875	0.7177
769.75	0.7169
769.625	0.7201
769.5	0.7209
769.375	0.7224
769.25	0.7264
769.125	0.7264
769.0	0.7264
768.875	0.7248
768.75	0.7287
768.625	0.7264
768.5	0.7303
768.375	0.7311
768.25	0.7319
768.125	0.7311
768.0	0.7319
767.875	0.735
767.75	0.7342
767.625	0.7358
767.5	0.7334
767.375	0.735
767.25	0.7342
767.125	0.7358
767.0	0.7342
766.875	0.7334
766.75	0.7311
766.625	0.7342
766.5	0.7342
766.375	0.7311
766.25	0.7311
766.125	0.7319
766.0	0.7311
765.875	0.7287
765.75	0.7311
765.625	0.7311
765.5	0.7311
765.375	0.7295
765.25	0.7287
765.125	0.7287
765.0	0.7279
764.875	0.7272
764.75	0.7264
764.625	0.7264
764.5	0.7264
764.375	0.7279
764.25	0.7272
764.125	0.7264
764.0	0.7295
763.875	0.7272
763.75	0.7264
763.625	0.7303
763.5	0.7279
763.375	0.7311
763.25	0.7334
763.125	0.735
763.0	0.7358
762.875	0.7358
762.75	0.7374
762.625	0.7405
762.5	0.7405
762.375	0.7421
762.25	0.7429
762.125	0.7452
762.0	0.746
761.875	0.7452
761.75	0.7452
761.625	0.75
761.5	0.75
761.375	0.75
761.25	0.75
761.125	0.75
761.0	0.75
760.875	0.7547
760.75	0.7547
760.625	0.7547
760.5	0.7531
760.375	0.7547
760.25	0.7547
760.125	0.7539
760.0	0.7539
759.875	0.7531
759.75	0.7547
759.625	0.7547
759.5	0.75
759.375	0.75
759.25	0.7507
759.125	0.7492
759.0	0.7452
758.875	0.7452
758.75	0.7413
758.625	0.7413
758.5	0.7389
758.375	0.7358
758.25	0.7366
758.125	0.7319
758.0	0.7295
757.875	0.7287
757.75	0.7264
757.625	0.7232
757.5	0.7216
757.375	0.7177
757.25	0.7169
757.125	0.7146
757.0	0.7114
756.875	0.7122
756.75	0.7075
756.625	0.7028
756.5	0.7004
756.375	0.6988
756.25	0.6981
756.125	0.6981
756.0	0.6996
755.875	0.7075
755.75	0.7154
755.625	0.7232
755.5	0.7311
755.375	0.7358
755.25	0.7366
755.125	0.7382
755.0	0.7358
754.875	0.7311
754.75	0.7264
754.625	0.7209
754.5	0.7161
754.375	0.7075
754.25	0.702
754.125	0.6886
754.0	0.6745
753.875	0.6619
753.75	0.6485
753.625	0.6344
753.5	0.6281
753.375	0.6226
753.25	0.6187
753.125	0.6179
753.0	0.6132
752.875	0.6124
752.75	0.6132
752.625	0.6132
752.5	0.6132
752.375	0.6139
752.25	0.6132
752.125	0.6132
752.0	0.6132
751.875	0.6132
751.75	0.6179
751.625	0.6147
751.5	0.6147
751.375	0.6179
751.25	0.6202
751.125	0.6234
751.0	0.6226
750.875	0.625
750.75	0.6242
750.625	0.6226
750.5	0.6234
750.375	0.6226
750.25	0.6226
750.125	0.6226
750.0	0.6226
749.875	0.6218
749.75	0.6226
749.625	0.6226
749.5	0.6226
749.375	0.6273
749.25	0.6273
749.125	0.6273
749.0	0.6273
748.875	0.6273
748.75	0.6281
748.625	0.6312
748.5	0.632
748.375	0.6312
748.25	0.6336
748.125	0.636
748.0	0.6367
747.875	0.6367
747.75	0.6367
747.625	0.6367
747.5	0.6367
747.375	0.6391
747.25	0.6415
747.125	0.6415
747.0	0.6415
746.875	0.6446
746.75	0.6446
746.625	0.643
746.5	0.6438
746.375	0.643
746.25	0.6462
746.125	0.6446
746.0	0.6477
745.875	0.6462
745.75	0.6462
745.625	0.647
745.5	0.6509
745.375	0.6509
745.25	0.6509
745.125	0.6501
745.0	0.6509
744.875	0.6509
744.75	0.6517
744.625	0.6533
744.5	0.6556
744.375	0.6556
744.25	0.6556
744.125	0.6556
744.0	0.6556
743.875	0.6556
743.75	0.6556
743.625	0.6595
743.5	0.6611
743.375	0.6603
743.25	0.6603
743.125	0.665
743.0	0.665
742.875	0.665
742.75	0.6666
742.625	0.6698
742.5	0.6721
742.375	0.6705
742.25	0.6745
742.125	0.6792
742.0	0.6784
741.875	0.6792
741.75	0.6784
741.625	0.6823
741.5	0.6816
741.375	0.6839
741.25	0.6839
741.125	0.6831
741.0	0.6839
740.875	0.6839
740.75	0.6871
740.625	0.6886
740.5	0.6863
740.375	0.6855
740.25	0.6886
740.125	0.6839
740.0	0.6839
739.875	0.6863
739.75	0.6839
739.625	0.6839
739.5	0.6839
739.375	0.6808
739.25	0.6792
739.125	0.6792
739.0	0.6792
738.875	0.6792
738.75	0.6753
738.625	0.6784
738.5	0.6745
738.375	0.6768
738.25	0.6768
738.125	0.6745
738.0	0.6745
737.875	0.6745
737.75	0.6745
737.625	0.6745
737.5	0.6745
737.375	0.6745
737.25	0.6745
737.125	0.6745
737.0	0.6745
736.875	0.6745
736.75	0.6745
736.625	0.6745
736.5	0.6745
736.375	0.6737
736.25	0.6745
736.125	0.6745
736.0	0.6745
735.875	0.6776
735.75	0.6792
735.625	0.6792
735.5	0.6776
735.375	0.6792
735.25	0.6792
735.125	0.6816
735.0	0.6823
734.875	0.6839
734.75	0.6863
734.625	0.6863
734.5	0.6871
734.375	0.6886
734.25	0.6886
734.125	0.6886
734.0	0.6902
733.875	0.6878
733.75	0.6886
733.625	0.6886
733.5	0.6886
733.375	0.6902
733.25	0.6886
733.125	0.6894
733.0	0.6886
732.875	0.6886
732.75	0.6886
732.625	0.6886
732.5	0.6871
732.375	0.6886
732.25	0.6886
732.125	0.6886
732.0	0.6886
731.875	0.6902
731.75	0.6902
731.625	0.691
731.5	0.6933
731.375	0.6918
731.25	0.691
731.125	0.6902
731.0	0.6902
730.875	0.6902
730.75	0.6933
730.625	0.6933
730.5	0.691
730.375	0.6918
730.25	0.691
730.125	0.691
730.0	0.6894
729.875	0.6918
729.75	0.6933
729.625	0.6933
729.5	0.6886
729.375	0.691
729.25	0.691
729.125	0.6886
729.0	0.6918
728.875	0.6933
728.75	0.691
728.625	0.6894
728.5	0.6894
728.375	0.6886
728.25	0.691
728.125	0.6886
728.0	0.6878
727.875	0.6886
727.75	0.6886
727.625	0.6886
727.5	0.6902
727.375	0.6926
727.25	0.6926
727.125	0.6933
727.0	0.6933
726.875	0.6933
726.75	0.6933
726.625	0.6957
726.5	0.6957
726.375	0.6973
726.25	0.6981
726.125	0.6988
726.0	0.7012
725.875	0.7028
725.75	0.7028
725.625	0.7044
725.5	0.7075
725.375	0.7075
725.25	0.7083
725.125	0.7091
725.0	0.7075
724.875	0.7122
724.75	0.7122
724.625	0.713
724.5	0.7154
724.375	0.7169
724.25	0.7146
724.125	0.7169
724.0	0.7185
723.875	0.7169
723.75	0.7177
723.625	0.7177
723.5	0.7193
723.375	0.7209
723.25	0.7185
723.125	0.7169
723.0	0.7169
722.875	0.7169
722.75	0.7169
722.625	0.7169
722.5	0.7185
722.375	0.7177
722.25	0.7169
722.125	0.7161
722.0	0.7169
721.875	0.7169
721.75	0.7169
721.625	0.7169
721.5	0.713
721.375	0.7169
721.25	0.7169
721.125	0.7138
721.0	0.7146
720.875	0.7122
720.75	0.7154
720.625	0.713
720.5	0.7154
720.375	0.7138
720.25	0.7154
720.125	0.713
720.0	0.7122
719.875	0.7122
719.75	0.7138
719.625	0.7122
719.5	0.7122
719.375	0.7146
719.25	0.7146
719.125	0.7122
719.0	0.7154
718.875	0.7122
718.75	0.7146
718.625	0.7146
718.5	0.7122
718.375	0.7122
718.25	0.713
718.125	0.7161
718.0	0.7154
717.875	0.7169
717.75	0.7193
717.625	0.7216
717.5	0.7216
717.375	0.7216
717.25	0.7264
717.125	0.7272
717.0	0.7264
716.875	0.7319
716.75	0.735
716.625	0.7358
716.5	0.7397
716.375	0.7405
716.25	0.7429
716.125	0.7452
716.0	0.7476
715.875	0.7476
715.75	0.7468
715.625	0.7507
715.5	0.75
715.375	0.75
715.25	0.75
715.125	0.75
715.0	0.75
714.875	0.7476
714.75	0.7437
714.625	0.7405
714.5	0.7405
714.375	0.7366
714.25	0.7342
714.125	0.7311
714.0	0.7264
713.875	0.7232
713.75	0.7201
713.625	0.7154
713.5	0.7091
713.375	0.7036
713.25	0.6981
713.125	0.6918
713.0	0.6839
712.875	0.6784
712.75	0.6721
712.625	0.665
712.5	0.6595
712.375	0.6556
712.25	0.6509
712.125	0.6509
712.0	0.6485
711.875	0.6462
711.75	0.6462
711.625	0.6462
711.5	0.6462
711.375	0.6422
711.25	0.6407
711.125	0.6415
711.0	0.6375
710.875	0.6415
710.75	0.6422
710.625	0.6462
710.5	0.647
710.375	0.6517
710.25	0.6556
710.125	0.6603
710.0	0.6635
709.875	0.6666
709.75	0.669
709.625	0.6674
709.5	0.6698
709.375	0.6698
709.25	0.6729
709.125	0.6753
709.0	0.6792
708.875	0.6792
708.75	0.6831
708.625	0.6839
708.5	0.6839
708.375	0.6839
708.25	0.6847
708.125	0.6839
708.0	0.6855
707.875	0.6886
707.75	0.6886
707.625	0.6918
707.5	0.6933
707.375	0.6965
707.25	0.6973
707.125	0.6981
707.0	0.6981
706.875	0.7004
706.75	0.7012
706.625	0.7028
706.5	0.7028
706.375	0.7075
706.25	0.7075
706.125	0.7075
706.0	0.7075
705.875	0.7075
705.75	0.7083
705.625	0.7083
705.5	0.7083
705.375	0.7114
705.25	0.7099
705.125	0.7122
705.0	0.7099
704.875	0.7122
704.75	0.7122
704.625	0.7122
704.5	0.7122
704.375	0.7154
704.25	0.7138
704.125	0.7169
704.0	0.7154
703.875	0.7161
703.75	0.7169
703.625	0.7154
703.5	0.7169
703.375	0.7169
703.25	0.7169
703.125	0.7177
703.0	0.7169
702.875	0.7169
702.75	0.7169
702.625	0.7169
702.5	0.7146
702.375	0.7169
702.25	0.7169
702.125	0.7154
702.0	0.7146
701.875	0.7146
701.75	0.7122
701.625	0.7122
701.5	0.7122
701.375	0.7106
701.25	0.7122
701.125	0.7106
701.0	0.7122
700.875	0.713
700.75	0.713
700.625	0.7169
700.5	0.7169
700.375	0.7169
700.25	0.7216
700.125	0.7216
700.0	0.7264
699.875	0.7264
699.75	0.7311
699.625	0.7358
699.5	0.7382
699.375	0.7405
699.25	0.7476
699.125	0.75
699.0	0.7523
698.875	0.7507
698.75	0.7547
698.625	0.7547
698.5	0.7562
698.375	0.7547
698.25	0.7562
698.125	0.7547
698.0	0.7523
697.875	0.7515
697.75	0.7484
697.625	0.746
697.5	0.746
697.375	0.7452
697.25	0.7405
697.125	0.7405
697.0	0.7366
696.875	0.7358
696.75	0.7342
696.625	0.7311
696.5	0.7311
696.375	0.7303
696.25	0.7264
696.125	0.7303
696.0	0.7264
695.875	0.7287
695.75	0.7287
695.625	0.7287
695.5	0.7311
695.375	0.7319
695.25	0.7311
695.125	0.7311
695.0	0.7342
694.875	0.7327
694.75	0.7327
694.625	0.735
694.5	0.7334
694.375	0.7358
694.25	0.7342
694.125	0.7327
694.0	0.7366
693.875	0.7382
693.75	0.7366
693.625	0.7358
693.5	0.7358
693.375	0.7374
693.25	0.7358
693.125	0.735
693.0	0.7358
692.875	0.7358
692.75	0.735
692.625	0.7342
692.5	0.7358
692.375	0.7327
692.25	0.7334
692.125	0.7334
692.0	0.7319
691.875	0.7311
691.75	0.7319
691.625	0.7311
691.5	0.7311
691.375	0.7311
691.25	0.7311
691.125	0.7311
691.0	0.7319
690.875	0.7311
690.75	0.7311
690.625	0.7311
690.5	0.7303
690.375	0.7311
690.25	0.7311
690.125	0.7311
690.0	0.7311
689.875	0.7311
689.75	0.7311
689.625	0.7295
689.5	0.7287
689.375	0.7272
689.25	0.7311
689.125	0.7311
689.0	0.7287
688.875	0.7311
688.75	0.7264
688.625	0.7264
688.5	0.7264
688.375	0.7295
688.25	0.7295
688.125	0.7279
688.0	0.7264
687.875	0.7311
687.75	0.7303
687.625	0.7287
687.5	0.7311
687.375	0.7311
687.25	0.7311
687.125	0.7319
687.0	0.7311
686.875	0.7334
686.75	0.7334
686.625	0.7358
686.5	0.7358
686.375	0.7358
686.25	0.7389
686.125	0.7389
686.0	0.7405
685.875	0.7429
685.75	0.7429
685.625	0.7413
685.5	0.7444
685.375	0.7452
685.25	0.7452
685.125	0.7476
685.0	0.75
684.875	0.75
684.75	0.75
684.625	0.7523
684.5	0.7507
684.375	0.7507
684.25	0.75
684.125	0.7523
684.0	0.7523
683.875	0.7547
683.75	0.7539
683.625	0.7547
683.5	0.7515
683.375	0.75
683.25	0.75
683.125	0.75
683.0	0.75
682.875	0.7515
682.75	0.75
682.625	0.7507
682.5	0.75
682.375	0.7492
682.25	0.7484
682.125	0.7492
682.0	0.75
681.875	0.7515
681.75	0.75
681.625	0.7523
681.5	0.7515
681.375	0.7539
681.25	0.7523
681.125	0.7515
681.0	0.7531
680.875	0.7523
680.75	0.7523
680.625	0.7507
680.5	0.7531
680.375	0.75
680.25	0.7547
680.125	0.7531
680.0	0.7523
679.875	0.7547
679.75	0.7531
679.625	0.7539
679.5	0.7531
679.375	0.7531
679.25	0.75
679.125	0.75
679.0	0.7507
678.875	0.75
678.75	0.7492
678.625	0.75
678.5	0.75
678.375	0.7484
678.25	0.7452
678.125	0.7452
678.0	0.7468
677.875	0.7452
677.75	0.7452
677.625	0.7437
677.5	0.7405
677.375	0.7405
677.25	0.7405
677.125	0.7374
677.0	0.7366
676.875	0.7397
676.75	0.7405
676.625	0.7405
676.5	0.7405
676.375	0.7437
676.25	0.7452
676.125	0.75
676.0	0.7539
675.875	0.7547
675.75	0.7562
675.625	0.7594
675.5	0.7688
675.375	0.7735
675.25	0.7775
675.125	0.7845
675.0	0.7916
674.875	0.7955
674.75	0.7979
674.625	0.8042
674.5	0.8089
674.375	0.8128
674.25	0.8207
674.125	0.8207
674.0	0.8215
673.875	0.8254
673.75	0.8254
673.625	0.8223
673.5	0.8207
673.375	0.8199
673.25	0.816
673.125	0.8089
673.0	0.8042
672.875	0.7979
672.75	0.7924
672.625	0.7853
672.5	0.7743
672.375	0.7712
672.25	0.7633
672.125	0.7586
672.0	0.7523
671.875	0.7452
671.75	0.7405
671.625	0.7358
671.5	0.7311
671.375	0.7264
671.25	0.7232
671.125	0.7193
671.0	0.7169
670.875	0.7146
670.75	0.7122
670.625	0.7114
670.5	0.7091
670.375	0.7122
670.25	0.7075
670.125	0.7075
670.0	0.7044
669.875	0.7028
669.75	0.7028
669.625	0.7028
669.5	0.7004
669.375	0.702
669.25	0.7028
669.125	0.7012
669.0	0.7012
668.875	0.6981
668.75	0.7012
668.625	0.7012
668.5	0.6981
668.375	0.6981
668.25	0.6988
668.125	0.7028
668.0	0.702
667.875	0.7004
667.75	0.7004
667.625	0.7012
667.5	0.6996
667.375	0.702
667.25	0.7004
667.125	0.702
667.0	0.702
666.875	0.7028
666.75	0.7028
666.625	0.7028
666.5	0.7028
666.375	0.7036
666.25	0.7075
666.125	0.7075
666.0	0.7067
665.875	0.7075
665.75	0.7075
665.625	0.7083
665.5	0.713
665.375	0.7122
665.25	0.7122
665.125	0.713
665.0	0.7122
664.875	0.7161
664.75	0.7169
664.625	0.7169
664.5	0.7169
664.375	0.7169
664.25	0.7185
664.125	0.7216
664.0	0.7201
663.875	0.7185
663.75	0.7201
663.625	0.7216
663.5	0.7209
663.375	0.7248
663.25	0.7256
663.125	0.724
663.0	0.7256
662.875	0.7264
662.75	0.7287
662.625	0.7311
662.5	0.7319
662.375	0.7358
662.25	0.7397
662.125	0.7437
662.0	0.7492
661.875	0.7539
661.75	0.7594
661.625	0.7641
661.5	0.7688
661.375	0.7751
661.25	0.783
661.125	0.7853
661.0	0.7893
660.875	0.7948
660.75	0.8018
660.625	0.8026
660.5	0.8066
660.375	0.8097
660.25	0.8113
660.125	0.8113
660.0	0.8136
659.875	0.8113
659.75	0.8113
659.625	0.8081
659.5	0.805
659.375	0.8003
659.25	0.7979
659.125	0.794
659.0	0.7893
658.875	0.783
658.75	0.7775
658.625	0.7688
658.5	0.7641
658.375	0.7555
658.25	0.7547
658.125	0.7468
658.0	0.7452
657.875	0.7421
657.75	0.7397
657.625	0.7358
657.5	0.7358
657.375	0.7319
657.25	0.7311
657.125	0.7303
657.0	0.7279
656.875	0.7272
656.75	0.7287
656.625	0.7264
656.5	0.7272
656.375	0.7264
656.25	0.7256
656.125	0.7256
656.0	0.7264
655.875	0.7264
655.75	0.7264
655.625	0.7224
655.5	0.7216
655.375	0.724
655.25	0.7216
655.125	0.7201
655.0	0.7216
654.875	0.7224
654.75	0.7216
654.625	0.7216
654.5	0.7216
654.375	0.7216
654.25	0.7216
654.125	0.7201
654.0	0.7216
653.875	0.7185
653.75	0.7216
653.625	0.7224
653.5	0.7216
653.375	0.7216
653.25	0.7216
653.125	0.7224
653.0	0.7216
652.875	0.7216
652.75	0.7248
652.625	0.7248
652.5	0.7256
652.375	0.7256
652.25	0.7264
652.125	0.724
652.0	0.7256
651.875	0.7256
651.75	0.7216
651.625	0.7224
651.5	0.7216
651.375	0.7216
651.25	0.7216
651.125	0.7209
651.0	0.7216
650.875	0.7216
650.75	0.7216
650.625	0.7216
650.5	0.7177
650.375	0.7201
650.25	0.7201
650.125	0.7216
650.0	0.7209
649.875	0.7201
649.75	0.7216
649.625	0.7232
649.5	0.7264
649.375	0.7264
649.25	0.7264
649.125	0.7295
649.0	0.7287
648.875	0.7311
648.75	0.7334
648.625	0.7327
648.5	0.7327
648.375	0.7342
648.25	0.7358
648.125	0.7358
648.0	0.7366
647.875	0.7358
647.75	0.7358
647.625	0.7358
647.5	0.7358
647.375	0.7358
647.25	0.7358
647.125	0.7342
647.0	0.7311
646.875	0.7311
646.75	0.7311
646.625	0.7272
646.5	0.7264
646.375	0.7264
646.25	0.724
646.125	0.7201
646.0	0.7193
645.875	0.7185
645.75	0.7169
645.625	0.7161
645.5	0.7154
645.375	0.7122
645.25	0.7106
645.125	0.7083
645.0	0.7099
644.875	0.7075
644.75	0.7075
644.625	0.7075
644.5	0.7075
644.375	0.7075
644.25	0.7067
644.125	0.7051
644.0	0.7075
643.875	0.7059
643.75	0.7028
643.625	0.7028
643.5	0.702
643.375	0.7028
643.25	0.702
643.125	0.702
643.0	0.7004
642.875	0.7028
642.75	0.7004
642.625	0.6981
642.5	0.6996
642.375	0.7004
642.25	0.6981
642.125	0.6981
642.0	0.7012
641.875	0.702
641.75	0.7012
641.625	0.7028
641.5	0.7012
641.375	0.7028
641.25	0.7028
641.125	0.7028
641.0	0.7028
640.875	0.7028
640.75	0.7028
640.625	0.7059
640.5	0.7044
640.375	0.7075
640.25	0.7091
640.125	0.7122
640.0	0.713
639.875	0.7169
639.75	0.7216
639.625	0.7248
639.5	0.7311
639.375	0.7358
639.25	0.7421
639.125	0.7507
639.0	0.7617
638.875	0.7727
638.75	0.7845
638.625	0.7963
638.5	0.8136
638.375	0.827
638.25	0.8451
638.125	0.8639
638.0	0.882
637.875	0.9033
637.75	0.9205
637.625	0.9371
637.5	0.9559
637.375	0.9716
637.25	0.9874
637.125	0.9984
637.0	1.0086
636.875	1.0165
636.75	1.022
636.625	1.0275
636.5	1.0275
636.375	1.0227
636.25	1.0188
636.125	1.0117
636.0	0.9984
635.875	0.9874
635.75	0.9772
635.625	0.963
635.5	0.9465
635.375	0.93
635.25	0.9158
635.125	0.9001
635.0	0.886
634.875	0.8726
634.75	0.86
634.625	0.849
634.5	0.8396
634.375	0.8301
634.25	0.8215
634.125	0.816
634.0	0.8121
633.875	0.8042
633.75	0.8018
633.625	0.8003
633.5	0.7963
633.375	0.794
633.25	0.7924
633.125	0.79
633.0	0.7869
632.875	0.7838
632.75	0.783
632.625	0.783
632.5	0.7822
632.375	0.7783
632.25	0.7775
632.125	0.7751
632.0	0.7735
631.875	0.7735
631.75	0.7712
631.625	0.7688
631.5	0.7657
631.375	0.7641
631.25	0.7641
631.125	0.7617
631.0	0.7594
630.875	0.7594
630.75	0.7594
630.625	0.7547
630.5	0.7547
630.375	0.7547
630.25	0.7547
630.125	0.7539
630.0	0.7539
629.875	0.7531
629.75	0.75
629.625	0.75
629.5	0.75
629.375	0.75
629.25	0.7492
629.125	0.7484
629.0	0.7468
628.875	0.7468
628.75	0.7452
628.625	0.7452
628.5	0.7444
628.375	0.7421
628.25	0.7405
628.125	0.7405
628.0	0.7389
627.875	0.7358
627.75	0.7366
627.625	0.7358
627.5	0.7358
627.375	0.7358
627.25	0.7358
627.125	0.7374
627.0	0.7374
626.875	0.7405
626.75	0.7452
626.625	0.75
626.5	0.7547
626.375	0.761
626.25	0.768
626.125	0.7775
626.0	0.7822
625.875	0.7877
625.75	0.7971
625.625	0.8042
625.5	0.8113
625.375	0.816
625.25	0.8254
625.125	0.8301
625.0	0.8396
624.875	0.8443
624.75	0.8459
624.625	0.849
624.5	0.849
624.375	0.849
624.25	0.849
624.125	0.8443
624.0	0.8435
623.875	0.838
623.75	0.8317
623.625	0.8254
623.5	0.8199
623.375	0.8136
623.25	0.8042
623.125	0.7971
623.0	0.7885
622.875	0.783
622.75	0.7783
622.625	0.7743
622.5	0.7688
622.375	0.7641
622.25	0.7625
622.125	0.7594
622.0	0.7562
621.875	0.7547
621.75	0.7539
621.625	0.7547
621.5	0.7539
621.375	0.7523
621.25	0.7539
621.125	0.7547
621.0	0.7515
620.875	0.7531
620.75	0.75
620.625	0.7484
620.5	0.75
620.375	0.7484
620.25	0.7484
620.125	0.7484
620.0	0.75
619.875	0.746
619.75	0.7452
619.625	0.7452
619.5	0.7444
619.375	0.7405
619.25	0.7429
619.125	0.7405
619.0	0.7405
618.875	0.7405
618.75	0.7421
618.625	0.7405
618.5	0.7405
618.375	0.7405
618.25	0.7405
618.125	0.7405
618.0	0.7405
617.875	0.7405
617.75	0.7405
617.625	0.7405
617.5	0.7374
617.375	0.7382
617.25	0.7358
617.125	0.7358
617.0	0.735
616.875	0.7334
616.75	0.7311
616.625	0.7295
616.5	0.7295
616.375	0.7264
616.25	0.7264
616.125	0.7256
616.0	0.7256
615.875	0.7256
615.75	0.7248
615.625	0.7248
615.5	0.7248
615.375	0.7232
615.25	0.7264
615.125	0.7216
615.0	0.7216
614.875	0.7232
614.75	0.7216
614.625	0.7209
614.5	0.7177
614.375	0.7209
614.25	0.7193
614.125	0.7177
614.0	0.7169
613.875	0.7169
613.75	0.7169
613.625	0.7154
613.5	0.7122
613.375	0.7122
613.25	0.7122
613.125	0.7122
613.0	0.7091
612.875	0.7099
612.75	0.7114
612.625	0.7099
612.5	0.7075
612.375	0.7075
612.25	0.7075
612.125	0.7067
612.0	0.7067
611.875	0.7075
611.75	0.7075
611.625	0.7044
611.5	0.7051
611.375	0.7028
611.25	0.7028
611.125	0.7028
611.0	0.7028
610.875	0.7012
610.75	0.7028
610.625	0.702
610.5	0.7012
610.375	0.6981
610.25	0.6981
610.125	0.6988
610.0	0.6965
609.875	0.6981
609.75	0.6981
609.625	0.6981
609.5	0.6981
609.375	0.6981
609.25	0.6981
609.125	0.6981
609.0	0.6988
608.875	0.6981
608.75	0.7028
608.625	0.7028
608.5	0.7028
608.375	0.7075
608.25	0.7075
608.125	0.7083
608.0	0.7122
607.875	0.7154
607.75	0.7185
607.625	0.7216
607.5	0.7264
607.375	0.7311
607.25	0.735
607.125	0.7389
607.0	0.7437
606.875	0.7492
606.75	0.75
606.625	0.7507
606.5	0.7555
606.375	0.7594
606.25	0.7602
606.125	0.7649
606.0	0.7649
605.875	0.7641
605.75	0.7657
605.625	0.7688
605.5	0.7688
605.375	0.7704
605.25	0.7727
605.125	0.7767
605.0	0.783
604.875	0.7924
604.75	0.8011
604.625	0.8105
604.5	0.8254
604.375	0.8459
604.25	0.8632
604.125	0.8844
604.0	0.9088
603.875	0.93
603.75	0.9591
603.625	0.9874
603.5	1.0133
603.375	1.0361
603.25	1.0573
603.125	1.0801
603.0	1.0998
602.875	1.1155
602.75	1.1265
602.625	1.1367
602.5	1.1415
602.375	1.1383
602.25	1.1367
602.125	1.1297
602.0	1.1147
601.875	1.0935
601.75	1.0738
601.625	1.0534
601.5	1.029
601.375	1.0015
601.25	0.9724
601.125	0.9473
601.0	0.9213
600.875	0.8977
600.75	0.8702
600.625	0.8529
600.5	0.8333
600.375	0.8168
600.25	0.8011
600.125	0.7893
600.0	0.7759
599.875	0.7665
599.75	0.7586
599.625	0.7523
599.5	0.7452
599.375	0.7405
599.25	0.7358
599.125	0.7334
599.0	0.7311
598.875	0.7264
598.75	0.7216
598.625	0.7216
598.5	0.7169
598.375	0.7146
598.25	0.7122
598.125	0.7091
598.0	0.7075
597.875	0.7036
597.75	0.7028
597.625	0.702
597.5	0.6981
597.375	0.6988
597.25	0.6973
597.125	0.6949
597.0	0.6933
596.875	0.6933
596.75	0.6926
596.625	0.6933
596.5	0.691
596.375	0.6918
596.25	0.6894
596.125	0.6878
596.0	0.6886
595.875	0.6871
595.75	0.6839
595.625	0.6839
595.5	0.6831
595.375	0.6839
595.25	0.6816
595.125	0.6823
595.0	0.6792
594.875	0.68
594.75	0.6792
594.625	0.68
594.5	0.6792
594.375	0.6808
594.25	0.6847
594.125	0.6886
594.0	0.6926
593.875	0.6981
593.75	0.7028
593.625	0.7083
593.5	0.7122
593.375	0.7193
593.25	0.7248
593.125	0.7295
593.0	0.7327
592.875	0.7366
592.75	0.7444
592.625	0.7452
592.5	0.75
592.375	0.75
592.25	0.7515
592.125	0.7523
592.0	0.75
591.875	0.7492
591.75	0.746
591.625	0.7452
591.5	0.7405
591.375	0.7374
591.25	0.7319
591.125	0.7279
591.0	0.7248
590.875	0.7193
590.75	0.7169
590.625	0.7106
590.5	0.7059
590.375	0.7028
590.25	0.7028
590.125	0.6996
590.0	0.6973
589.875	0.6933
589.75	0.6933
589.625	0.6902
589.5	0.6878
589.375	0.6871
589.25	0.6847
589.125	0.6839
589.0	0.6839
588.875	0.6823
588.75	0.6792
588.625	0.6792
588.5	0.6792
588.375	0.6753
588.25	0.6745
588.125	0.6745
588.0	0.6745
587.875	0.6745
587.75	0.6745
587.625	0.6729
587.5	0.6729
587.375	0.6729
587.25	0.6737
587.125	0.6745
587.0	0.6745
586.875	0.6745
586.75	0.6745
586.625	0.6753
586.5	0.6792
586.375	0.6831
586.25	0.6918
586.125	0.6981
586.0	0.7044
585.875	0.7177
585.75	0.7264
585.625	0.7382
585.5	0.746
585.375	0.7562
585.25	0.7665
585.125	0.7751
585.0	0.7853
584.875	0.7971
584.75	0.8018
584.625	0.8066
584.5	0.8113
584.375	0.8128
584.25	0.816
584.125	0.8152
584.0	0.8136
583.875	0.8113
583.75	0.8113
583.625	0.8066
583.5	0.8066
583.375	0.8066
583.25	0.8018
583.125	0.8018
583.0	0.8018
582.875	0.8018
582.75	0.8011
582.625	0.8003
582.5	0.8018
582.375	0.7995
582.25	0.7987
582.125	0.7987
582.0	0.7979
581.875	0.7971
581.75	0.7971
581.625	0.7971
581.5	0.7955
581.375	0.7893
581.25	0.7877
581.125	0.7877
581.0	0.7822
580.875	0.7783
580.75	0.7735
580.625	0.7688
580.5	0.7641
580.375	0.761
580.25	0.7562
580.125	0.7507
580.0	0.7444
579.875	0.7382
579.75	0.7358
579.625	0.7279
579.5	0.7256
579.375	0.7185
579.25	0.713
579.125	0.7091
579.0	0.7028
578.875	0.6981
578.75	0.6918
578.625	0.6847
578.5	0.6792
578.375	0.6745
578.25	0.6721
578.125	0.6674
578.0	0.6627
577.875	0.6603
577.75	0.6556
577.625	0.6493
577.5	0.6462
577.375	0.6407
577.25	0.6352
577.125	0.6289
577.0	0.6257
576.875	0.6226
576.75	0.621
576.625	0.6226
576.5	0.6226
576.375	0.6226
576.25	0.6218
576.125	0.6202
576.0	0.6179
575.875	0.6179
575.75	0.6179
575.625	0.6155
575.5	0.6116
575.375	0.6124
575.25	0.6069
575.125	0.6061
575.0	0.6037
574.875	0.599
574.75	0.599
574.625	0.5943
574.5	0.5943
574.375	0.5896
574.25	0.5849
574.125	0.5864
574.0	0.5849
573.875	0.5801
573.75	0.5817
573.625	0.5817
573.5	0.5849
573.375	0.5849
573.25	0.5856
573.125	0.5935
573.0	0.599
572.875	0.6069
572.75	0.6179
572.625	0.6281
572.5	0.643
572.375	0.6603
572.25	0.6729
572.125	0.6855
572.0	0.6996
571.875	0.7161
571.75	0.7287
571.625	0.7389
571.5	0.75
571.375	0.7562
571.25	0.7602
571.125	0.7641
571.0	0.7649
570.875	0.7594
570.75	0.7539
570.625	0.7452
570.5	0.735
570.375	0.7209
570.25	0.7106
570.125	0.6973
570.0	0.6855
569.875	0.6713
569.75	0.6619
569.625	0.6477
569.5	0.6407
569.375	0.632
569.25	0.6273
569.125	0.6218
569.0	0.6179
568.875	0.6179
568.75	0.6179
568.625	0.6202
568.5	0.6218
568.375	0.6218
568.25	0.6257
568.125	0.6273
568.0	0.6273
567.875	0.6305
567.75	0.632
567.625	0.632
567.5	0.632
567.375	0.632
567.25	0.6305
567.125	0.6281
567.0	0.6273
566.875	0.6218
566.75	0.6179
566.625	0.6124
566.5	0.6053
566.375	0.599
566.25	0.5943
566.125	0.5896
566.0	0.5825
565.875	0.5801
565.75	0.577
565.625	0.5801
565.5	0.5849
565.375	0.5888
565.25	0.5966
565.125	0.5998
565.0	0.6061
564.875	0.6108
564.75	0.6155
564.625	0.6226
564.5	0.6273
564.375	0.6273
564.25	0.632
564.125	0.6344
564.0	0.6367
563.875	0.6375
563.75	0.6367
563.625	0.6375
563.5	0.6415
563.375	0.6415
563.25	0.643
563.125	0.6422
563.0	0.6462
562.875	0.647
562.75	0.6485
562.625	0.6509
562.5	0.6509
562.375	0.6556
562.25	0.6556
562.125	0.6564
562.0	0.6603
561.875	0.6619
561.75	0.665
561.625	0.6643
561.5	0.6643
561.375	0.665
561.25	0.665
561.125	0.665
561.0	0.6643
560.875	0.665
560.75	0.665
560.625	0.6619
560.5	0.6603
560.375	0.6611
560.25	0.665
560.125	0.665
560.0	0.669
559.875	0.6729
559.75	0.6737
559.625	0.6745
559.5	0.6753
559.375	0.6792
559.25	0.68
559.125	0.6831
559.0	0.6847
558.875	0.6863
558.75	0.6886
558.625	0.6886
558.5	0.6933
558.375	0.6902
558.25	0.6894
558.125	0.6886
558.0	0.6863
557.875	0.6839
557.75	0.6831
557.625	0.6792
557.5	0.6792
557.375	0.6768
557.25	0.6761
557.125	0.6745
557.0	0.6737
556.875	0.6737
556.75	0.6745
556.625	0.6745
556.5	0.6745
556.375	0.6737
556.25	0.6713
556.125	0.6698
556.0	0.6674
555.875	0.6658
555.75	0.665
555.625	0.6627
555.5	0.6595
555.375	0.6588
555.25	0.6572
555.125	0.6564
555.0	0.6603
554.875	0.6603
554.75	0.6603
554.625	0.6603
554.5	0.6603
554.375	0.6603
554.25	0.6635
554.125	0.665
554.0	0.665
553.875	0.6658
553.75	0.6698
553.625	0.669
553.5	0.669
553.375	0.6698
553.25	0.6698
553.125	0.6698
553.0	0.6705
552.875	0.6698
552.75	0.6698
552.625	0.6698
552.5	0.6705
552.375	0.6713
552.25	0.6698
552.125	0.6705
552.0	0.6729
551.875	0.6737
551.75	0.6745
551.625	0.6745
551.5	0.6745
551.375	0.6792
551.25	0.6792
551.125	0.6792
551.0	0.6792
550.875	0.6831
550.75	0.6839
550.625	0.6839
550.5	0.6855
550.375	0.6871
550.25	0.6886
550.125	0.6894
550.0	0.6926
549.875	0.6926
549.75	0.6957
549.625	0.6981
549.5	0.6988
549.375	0.7004
549.25	0.7028
549.125	0.7075
549.0	0.7083
548.875	0.7075
548.75	0.7122
548.625	0.7122
548.5	0.7169
548.375	0.7201
548.25	0.7209
548.125	0.7232
548.0	0.7264
547.875	0.7264
547.75	0.7303
547.625	0.7342
547.5	0.7366
547.375	0.7382
547.25	0.7405
547.125	0.7429
547.0	0.7452
546.875	0.7452
546.75	0.75
546.625	0.75
546.5	0.75
546.375	0.7507
546.25	0.75
546.125	0.75
546.0	0.75
545.875	0.7507
545.75	0.7507
545.625	0.75
545.5	0.75
545.375	0.75
545.25	0.7492
545.125	0.7452
545.0	0.7444
544.875	0.7405
544.75	0.7374
544.625	0.7342
544.5	0.7279
544.375	0.7248
544.25	0.7216
544.125	0.7161
544.0	0.7122
543.875	0.7122
543.75	0.7083
543.625	0.7083
543.5	0.7091
543.375	0.7099
543.25	0.7114
543.125	0.7122
543.0	0.7122
542.875	0.7161
542.75	0.7169
542.625	0.7216
542.5	0.7256
542.375	0.7264
542.25	0.7319
542.125	0.7405
542.0	0.7452
541.875	0.7515
541.75	0.7547
541.625	0.7594
541.5	0.7594
541.375	0.7586
541.25	0.7547
541.125	0.7547
541.0	0.7547
540.875	0.7562
540.75	0.7555
540.625	0.7594
540.5	0.7641
540.375	0.7649
540.25	0.7649
540.125	0.7657
540.0	0.7688
539.875	0.7688
539.75	0.772
539.625	0.7735
539.5	0.7798
539.375	0.79
539.25	0.805
539.125	0.8231
539.0	0.8466
538.875	0.8679
538.75	0.8891
538.625	0.9095
538.5	0.9339
538.375	0.9599
538.25	0.9819
538.125	1.0015
538.0	1.0172
537.875	1.0298
537.75	1.0416
537.625	1.0518
537.5	1.0526
537.375	1.0518
537.25	1.0463
537.125	1.0361
537.0	1.0235
536.875	1.0157
536.75	1.0023
536.625	0.9882
536.5	0.9811
536.375	0.9693
536.25	0.9606
536.125	0.9496
536.0	0.9418
535.875	0.9339
535.75	0.9237
535.625	0.9166
535.5	0.9103
535.375	0.9056
535.25	0.9001
535.125	0.8962
535.0	0.8907
534.875	0.8875
534.75	0.8875
534.625	0.882
534.5	0.882
534.375	0.882
534.25	0.882
534.125	0.8781
534.0	0.8797
533.875	0.8797
533.75	0.8773
533.625	0.8773
533.5	0.8773
533.375	0.875
533.25	0.8726
533.125	0.871
533.0	0.8718
532.875	0.8702
532.75	0.8679
532.625	0.8679
532.5	0.8679
532.375	0.8632
532.25	0.8608
532.125	0.8584
532.0	0.8584
531.875	0.8584
531.75	0.8537
531.625	0.8537
531.5	0.8553
531.375	0.8537
531.25	0.8537
531.125	0.8537
531.0	0.8522
530.875	0.849
530.75	0.849
530.625	0.849
530.5	0.8427
530.375	0.8396
530.25	0.8396
530.125	0.8396
530.0	0.8356
529.875	0.8356
529.75	0.8349
529.625	0.8325
529.5	0.8309
529.375	0.8301
529.25	0.8301
529.125	0.827
529.0	0.8262
528.875	0.8254
528.75	0.827
528.625	0.8254
528.5	0.8254
528.375	0.8254
528.25	0.8215
528.125	0.8207
528.0	0.8207
527.875	0.8199
527.75	0.8183
527.625	0.816
527.5	0.8152
527.375	0.816
527.25	0.8152
527.125	0.8136
527.0	0.8144
526.875	0.8144
526.75	0.8136
526.625	0.8168
526.5	0.816
526.375	0.816
526.25	0.816
526.125	0.8207
526.0	0.8199
525.875	0.8207
525.75	0.8207
525.625	0.8215
525.5	0.8215
525.375	0.8254
525.25	0.8254
525.125	0.8278
525.0	0.8301
524.875	0.8301
524.75	0.8301
524.625	0.8349
524.5	0.838
524.375	0.8372
524.25	0.8388
524.125	0.8396
524.0	0.8396
523.875	0.8443
523.75	0.8435
523.625	0.8435
523.5	0.8443
523.375	0.8443
523.25	0.8443
523.125	0.8435
523.0	0.8404
522.875	0.8396
522.75	0.8427
522.625	0.8396
522.5	0.8411
522.375	0.8419
522.25	0.8396
522.125	0.8435
522.0	0.8435
521.875	0.8435
521.75	0.8443
521.625	0.8435
521.5	0.8427
521.375	0.8443
521.25	0.8443
521.125	0.8443
521.0	0.8474
520.875	0.8466
520.75	0.8482
520.625	0.8474
520.5	0.849
520.375	0.849
520.25	0.849
520.125	0.849
520.0	0.849
519.875	0.8506
519.75	0.849
519.625	0.8522
519.5	0.849
519.375	0.8506
519.25	0.8522
519.125	0.8537
519.0	0.8537
518.875	0.8529
518.75	0.8537
518.625	0.8569
518.5	0.8537
518.375	0.8537
518.25	0.8584
518.125	0.8584
518.0	0.8616
517.875	0.8655
517.75	0.8671
517.625	0.8726
517.5	0.8757
517.375	0.8781
517.25	0.8867
517.125	0.8875
517.0	0.8915
516.875	0.8962
516.75	0.9001
516.625	0.9056
516.5	0.9056
516.375	0.9095
516.25	0.9103
516.125	0.9143
516.0	0.915
515.875	0.9135
515.75	0.915
515.625	0.9143
515.5	0.915
515.375	0.915
515.25	0.915
515.125	0.915
515.0	0.9103
514.875	0.9143
514.75	0.915
514.625	0.9143
514.5	0.9158
514.375	0.919
514.25	0.9182
514.125	0.9221
514.0	0.9245
513.875	0.9292
513.75	0.9292
513.625	0.9331
513.5	0.9331
513.375	0.9331
513.25	0.9347
513.125	0.9371
513.0	0.9339
512.875	0.9331
512.75	0.9331
512.625	0.9284
512.5	0.9261
512.375	0.9253
512.25	0.9229
512.125	0.9198
512.0	0.9174
511.875	0.915
511.75	0.9111
511.625	0.9103
511.5	0.9103
511.375	0.9056
511.25	0.9095
511.125	0.9064
511.0	0.9048
510.875	0.9009
510.75	0.9009
510.625	0.8962
510.5	0.8962
510.375	0.8922
510.25	0.886
510.125	0.8828
510.0	0.8812
509.875	0.8765
509.75	0.8702
509.625	0.8679
509.5	0.8624
509.375	0.8584
509.25	0.8592
509.125	0.8545
509.0	0.8529
508.875	0.8514
508.75	0.8474
508.625	0.8459
508.5	0.8396
508.375	0.8364
508.25	0.8349
508.125	0.8301
508.0	0.8301
507.875	0.8286
507.75	0.8254
507.625	0.8231
507.5	0.8207
507.375	0.8207
507.25	0.8199
507.125	0.816
507.0	0.8183
506.875	0.8207
506.75	0.8207
506.625	0.8246
506.5	0.8262
506.375	0.8301
506.25	0.8301
506.125	0.8301
506.0	0.8349
505.875	0.8396
505.75	0.838
505.625	0.8427
505.5	0.8466
505.375	0.849
505.25	0.8537
505.125	0.8553
505.0	0.8592
504.875	0.8632
504.75	0.8639
504.625	0.8679
504.5	0.871
504.375	0.8734
504.25	0.8765
504.125	0.882
504.0	0.882
503.875	0.8844
503.75	0.8867
503.625	0.8852
503.5	0.8867
503.375	0.886
503.25	0.8852
503.125	0.882
503.0	0.882
502.875	0.8797
502.75	0.8765
502.625	0.8726
502.5	0.8694
502.375	0.8679
502.25	0.8655
502.125	0.8624
502.0	0.8584
501.875	0.8584
501.75	0.8545
501.625	0.8537
501.5	0.849
501.375	0.8466
501.25	0.8443
501.125	0.8419
501.0	0.8404
500.875	0.8372
500.75	0.8349
500.625	0.8301
500.5	0.8294
500.375	0.8254
500.25	0.8254
500.125	0.8207
500.0	0.8207
499.875	0.8207
499.75	0.8191
499.625	0.8199
499.5	0.816
499.375	0.8176
499.25	0.816
499.125	0.816
499.0	0.816
498.875	0.8168
498.75	0.8207
498.625	0.8246
498.5	0.8309
498.375	0.8435
498.25	0.8608
498.125	0.8915
498.0	0.9276
497.875	0.9795
497.75	1.0353
497.625	1.0927
497.5	1.154
497.375	1.2138
497.25	1.2649
497.125	1.3136
497.0	1.36
496.875	1.4001
496.75	1.4355
496.625	1.4677
496.5	1.4921
496.375	1.5055
496.25	1.5086
496.125	1.496
496.0	1.4842
495.875	1.4551
495.75	1.4276
495.625	1.3993
495.5	1.371
495.375	1.3388
495.25	1.3113
495.125	1.2806
495.0	1.2555
494.875	1.2303
494.75	1.2051
494.625	1.1855
494.5	1.165
494.375	1.1446
494.25	1.125
494.125	1.1116
494.0	1.0935
493.875	1.0778
493.75	1.066
493.625	1.0542
493.5	1.0432
493.375	1.0338
493.25	1.0283
493.125	1.0235
493.0	1.0157
492.875	1.0094
492.75	1.0094
492.625	1.0047
492.5	0.9992
492.375	0.9976
492.25	0.9984
492.125	0.9968
492.0	0.9921
491.875	0.9905
491.75	0.9905
491.625	0.9882
491.5	0.9858
491.375	0.9811
491.25	0.9764
491.125	0.9764
491.0	0.9716
490.875	0.9669
490.75	0.9622
490.625	0.9575
490.5	0.9528
490.375	0.9504
490.25	0.9449
490.125	0.9386
490.0	0.9363
489.875	0.9292
489.75	0.9253
489.625	0.9221
489.5	0.9198
489.375	0.915
489.25	0.9103
489.125	0.9064
489.0	0.9048
488.875	0.9017
488.75	0.9017
488.625	0.9017
488.5	0.8993
488.375	0.8993
488.25	0.9009
488.125	0.904
488.0	0.9064
487.875	0.9072
487.75	0.9103
487.625	0.9158
487.5	0.9198
487.375	0.9245
487.25	0.9284
487.125	0.9363
487.0	0.9386
486.875	0.9449
486.75	0.9528
486.625	0.9575
486.5	0.9661
486.375	0.9716
486.25	0.9756
486.125	0.9811
486.0	0.9858
485.875	0.9921
485.75	1.0
485.625	1.0047
485.5	1.0094
485.375	1.0117
485.25	1.0141
485.125	1.0141
485.0	1.0165
484.875	1.0172
484.75	1.0141
484.625	1.011
484.5	1.0094
484.375	1.0062
484.25	1.0055
484.125	1.0047
484.0	1.0023
483.875	1.0007
483.75	1.0
483.625	0.9976
483.5	0.9968
483.375	0.9952
483.25	0.9952
483.125	0.9937
483.0	0.9905
482.875	0.9897
482.75	0.9842
482.625	0.9811
482.5	0.9764
482.375	0.9716
482.25	0.9701
482.125	0.9638
482.0	0.9575
481.875	0.9528
481.75	0.9473
481.625	0.9418
481.5	0.9386
481.375	0.9339
481.25	0.9276
481.125	0.9198
481.0	0.9135
480.875	0.9056
480.75	0.9001
480.625	0.897
480.5	0.8922
480.375	0.8875
480.25	0.8867
480.125	0.882
480.0	0.8797
479.875	0.882
479.75	0.8773
479.625	0.8773
479.5	0.8805
479.375	0.8797
479.25	0.882
479.125	0.8875
479.0	0.8915
478.875	0.8962
478.75	0.9009
478.625	0.9056
478.5	0.9103
478.375	0.9143
478.25	0.9182
478.125	0.9213
478.0	0.9253
477.875	0.9292
477.75	0.9292
477.625	0.9323
477.5	0.9339
477.375	0.93
477.25	0.9323
477.125	0.93
477.0	0.9284
476.875	0.9292
476.75	0.9261
476.625	0.9221
476.5	0.9245
476.375	0.9221
476.25	0.9198
476.125	0.919
476.0	0.915
475.875	0.915
475.75	0.9143
475.625	0.915
475.5	0.915
475.375	0.9103
475.25	0.9135
475.125	0.9135
475.0	0.915
474.875	0.9103
474.75	0.9111
474.625	0.9135
474.5	0.9103
474.375	0.9103
474.25	0.9135
474.125	0.915
474.0	0.9119
473.875	0.915
473.75	0.9143
473.625	0.9088
473.5	0.9072
473.375	0.9056
473.25	0.9056
473.125	0.9056
473.0	0.9056
472.875	0.9056
472.75	0.9064
472.625	0.9056
472.5	0.9056
472.375	0.9048
472.25	0.9048
472.125	0.9048
472.0	0.9056
471.875	0.9103
471.75	0.9103
471.625	0.915
471.5	0.9166
471.375	0.9182
471.25	0.9174
471.125	0.9198
471.0	0.9198
470.875	0.9198
470.75	0.9237
470.625	0.9245
470.5	0.9261
470.375	0.9292
470.25	0.9292
470.125	0.9292
470.0	0.9339
469.875	0.9386
469.75	0.9386
469.625	0.9433
469.5	0.9481
469.375	0.9496
469.25	0.9528
469.125	0.9575
469.0	0.9622
468.875	0.9669
468.75	0.9701
468.625	0.9764
468.5	0.9779
468.375	0.9827
468.25	0.9897
468.125	0.9905
468.0	0.9952
467.875	0.9984
467.75	0.9984
467.625	1.0007
467.5	1.0062
467.375	1.0094
467.25	1.0094
467.125	1.0133
467.0	1.018
466.875	1.0188
466.75	1.0188
466.625	1.0204
466.5	1.0227
466.375	1.0235
466.25	1.0235
466.125	1.0212
466.0	1.0235
465.875	1.0243
465.75	1.0235
465.625	1.0235
465.5	1.0235
465.375	1.0235
465.25	1.0212
465.125	1.0235
465.0	1.0188
464.875	1.0165
464.75	1.0141
464.625	1.0141
464.5	1.0117
464.375	1.0086
464.25	1.0047
464.125	1.0015
464.0	1.0
463.875	0.9968
463.75	0.9921
463.625	0.9882
463.5	0.9819
463.375	0.9803
463.25	0.974
463.125	0.9716
463.0	0.9677
462.875	0.9654
462.75	0.963
462.625	0.9669
462.5	0.9724
462.375	0.9811
462.25	1.0047
462.125	1.0369
462.0	1.0809
461.875	1.1383
461.75	1.2004
461.625	1.2704
461.5	1.3435
461.375	1.4088
461.25	1.4779
461.125	1.54
461.0	1.5982
460.875	1.6477
460.75	1.6926
460.625	1.7303
460.5	1.7555
460.375	1.7672
460.25	1.761
460.125	1.7484
460.0	1.7216
459.875	1.6847
459.75	1.6438
459.625	1.5966
459.5	1.5558
459.375	1.5157
459.25	1.4677
459.125	1.4261
459.0	1.3875
458.875	1.3529
458.75	1.3168
458.625	1.2893
458.5	1.2586
458.375	1.2334
458.25	1.2099
458.125	1.1871
458.0	1.1627
457.875	1.147
457.75	1.1281
457.625	1.11
457.5	1.0982
457.375	1.0833
457.25	1.0715
457.125	1.0573
457.0	1.0471
456.875	1.0416
456.75	1.0275
456.625	1.0188
456.5	1.0157
456.375	1.0086
456.25	1.0
456.125	0.9952
456.0	0.9944
455.875	0.9921
455.75	0.9897
455.625	0.9866
455.5	0.9882
455.375	0.9874
455.25	0.9905
455.125	0.9905
455.0	0.9952
454.875	1.0
454.75	1.0
454.625	1.0
454.5	1.0047
454.375	1.0031
454.25	1.0031
454.125	1.0047
454.0	1.0039
453.875	1.0
453.75	1.0047
453.625	1.0023
453.5	1.0007
453.375	1.0007
453.25	1.0031
453.125	1.0
453.0	0.9992
452.875	1.0
452.75	0.9976
452.625	0.9952
452.5	0.9976
452.375	0.9952
452.25	0.996
452.125	1.0
452.0	1.0
451.875	1.0
451.75	0.9968
451.625	0.9976
451.5	0.9992
451.375	1.0
451.25	1.0
451.125	0.9992
451.0	0.9952
450.875	0.9952
450.75	0.9952
450.625	0.9952
450.5	0.9984
450.375	0.9984
450.25	0.9937
450.125	0.9952
450.0	0.9952
449.875	0.9952
449.75	0.9905
449.625	0.9905
449.5	0.9889
449.375	0.9866
449.25	0.9866
449.125	0.9858
449.0	0.9858
448.875	0.9858
448.75	0.9905
448.625	0.9905
448.5	0.9952
448.375	0.9952
448.25	0.9952
448.125	1.0
448.0	1.0
447.875	1.0039
447.75	1.0094
447.625	1.0094
447.5	1.0188
447.375	1.0275
447.25	1.0369
447.125	1.0448
447.0	1.0518
446.875	1.0597
446.75	1.0683
446.625	1.0723
446.5	1.0801
446.375	1.0896
446.25	1.0911
446.125	1.0943
446.0	1.099
445.875	1.099
445.75	1.099
445.625	1.0943
445.5	1.0911
445.375	1.0864
445.25	1.0809
445.125	1.0723
445.0	1.066
444.875	1.0589
444.75	1.0503
444.625	1.0424
444.5	1.0385
444.375	1.0353
444.25	1.0298
444.125	1.0235
444.0	1.018
443.875	1.0149
443.75	1.0062
443.625	1.0047
443.5	0.9976
443.375	0.9921
443.25	0.985
443.125	0.9811
443.0	0.974
442.875	0.9669
442.75	0.9575
442.625	0.9496
442.5	0.9457
442.375	0.9378
442.25	0.9292
442.125	0.9237
442.0	0.9198
441.875	0.915
441.75	0.9103
441.625	0.9048
441.5	0.9009
441.375	0.9009
441.25	0.897
441.125	0.8962
441.0	0.8962
440.875	0.9001
440.75	0.9009
440.625	0.904
440.5	0.9048
440.375	0.9095
440.25	0.9135
440.125	0.9158
440.0	0.9221
439.875	0.9292
439.75	0.9347
439.625	0.9418
439.5	0.952
439.375	0.9583
439.25	0.9669
439.125	0.9764
439.0	0.9811
438.875	0.9866
438.75	0.9929
438.625	0.9984
438.5	1.0023
438.375	1.0094
438.25	1.0094
438.125	1.0094
438.0	1.0117
437.875	1.0102
437.75	1.0141
437.625	1.0141
437.5	1.0141
437.375	1.0141
437.25	1.0141
437.125	1.0141
437.0	1.0133
436.875	1.0094
436.75	1.011
436.625	1.0141
436.5	1.0094
436.375	1.0125
436.25	1.0141
436.125	1.0141
436.0	1.0196
435.875	1.0227
435.75	1.0235
435.625	1.0283
435.5	1.033
435.375	1.033
435.25	1.0377
435.125	1.0424
435.0	1.0471
434.875	1.0518
434.75	1.0566
434.625	1.0597
434.5	1.0644
434.375	1.0707
434.25	1.0754
434.125	1.0754
434.0	1.0801
433.875	1.0825
433.75	1.0849
433.625	1.0849
433.5	1.088
433.375	1.0911
433.25	1.0935
433.125	1.0943
433.0	1.099
432.875	1.1022
432.75	1.1037
432.625	1.1077
432.5	1.1124
432.375	1.1132
432.25	1.1179
432.125	1.1194
432.0	1.1257
431.875	1.1273
431.75	1.132
431.625	1.1391
431.5	1.1454
431.375	1.1477
431.25	1.1564
431.125	1.1619
431.0	1.1666
430.875	1.1729
430.75	1.1745
430.625	1.18
430.5	1.1855
430.375	1.1886
430.25	1.1941
430.125	1.2059
430.0	1.2248
429.875	1.2492
429.75	1.2822
429.625	1.3286
429.5	1.3742
429.375	1.4284
429.25	1.4842
429.125	1.54
429.0	1.5833
428.875	1.6281
428.75	1.6666
428.625	1.7012
428.5	1.724
428.375	1.7413
428.25	1.7531
428.125	1.7586
428.0	1.7539
427.875	1.7327
427.75	1.702
427.625	1.6627
427.5	1.6202
427.375	1.5691
427.25	1.5165
427.125	1.4669
427.0	1.4198
426.875	1.3765
426.75	1.3325
426.625	1.3003
426.5	1.2657
426.375	1.2319
426.25	1.2028
426.125	1.1753
426.0	1.1517
425.875	1.1289
425.75	1.1077
425.625	1.0919
425.5	1.077
425.375	1.0668
425.25	1.0526
425.125	1.0471
425.0	1.04
424.875	1.033
424.75	1.029
424.625	1.0275
424.5	1.0227
424.375	1.0196
424.25	1.0188
424.125	1.0188
424.0	1.0188
423.875	1.0188
423.75	1.0188
423.625	1.0196
423.5	1.0188
423.375	1.0188
423.25	1.018
423.125	1.0188
423.0	1.0157
422.875	1.0141
422.75	1.0086
422.625	1.0047
422.5	1.0047
422.375	1.0015
422.25	0.9952
422.125	0.9937
422.0	0.9897
421.875	0.9819
421.75	0.9779
421.625	0.9764
421.5	0.9724
421.375	0.9669
421.25	0.9669
421.125	0.9606
421.0	0.9622
420.875	0.9622
420.75	0.9622
420.625	0.9638
420.5	0.9622
420.375	0.9669
420.25	0.9693
420.125	0.9724
420.0	0.9764
419.875	0.9811
419.75	0.9882
419.625	0.9944
419.5	1.0
419.375	1.0047
419.25	1.0094
419.125	1.0165
419.0	1.0235
418.875	1.0259
418.75	1.029
418.625	1.0361
418.5	1.0408
418.375	1.0463
418.25	1.0558
418.125	1.0691
418.0	1.0872
417.875	1.1163
417.75	1.1525
417.625	1.1926
417.5	1.2334
417.375	1.2814
417.25	1.3238
417.125	1.3655
417.0	1.4025
416.875	1.4418
416.75	1.4732
416.625	1.5
416.5	1.5298
416.375	1.5487
416.25	1.5613
416.125	1.5621
416.0	1.5581
415.875	1.5416
415.75	1.5227
415.625	1.5015
415.5	1.474
415.375	1.4473
415.25	1.4229
415.125	1.3922
415.0	1.3694
414.875	1.3474
414.75	1.3286
414.625	1.3058
414.5	1.2861
414.375	1.2672
414.25	1.2523
414.125	1.2366
414.0	1.2232
413.875	1.2138
413.75	1.2036
413.625	1.1941
413.5	1.1886
413.375	1.1871
413.25	1.1792
413.125	1.1831
413.0	1.1816
412.875	1.1776
412.75	1.1737
412.625	1.1698
412.5	1.165
412.375	1.1603
412.25	1.1509
412.125	1.143
412.0	1.1375
411.875	1.1289
411.75	1.1226
411.625	1.1108
411.5	1.1053
411.375	1.0935
411.25	1.0849
411.125	1.0762
411.0	1.0676
410.875	1.0589
410.75	1.0518
410.625	1.0448
410.5	1.0408
410.375	1.0353
410.25	1.033
410.125	1.0283
410.0	1.0212
409.875	1.0172
409.75	1.0125
409.625	1.0086
409.5	1.0007
409.375	0.9992
409.25	0.9944
409.125	0.9874
409.0	0.985
408.875	0.9811
408.75	0.9764
408.625	0.9716
408.5	0.9669
408.375	0.9614
408.25	0.9583
408.125	0.9528
408.0	0.9465
407.875	0.9426
407.75	0.9386
407.625	0.9347
407.5	0.9339
407.375	0.9331
407.25	0.9292
407.125	0.9292
407.0	0.9292
406.875	0.9261
406.75	0.9268
406.625	0.9292
406.5	0.9339
406.375	0.9386
406.25	0.9386
406.125	0.9481
406.0	0.9528
405.875	0.9575
405.75	0.9622
405.625	0.9669
405.5	0.9716
405.375	0.9764
405.25	0.9811
405.125	0.9858
405.0	0.9889
404.875	0.9913
404.75	0.9952
404.625	0.9929
404.5	0.9944
404.375	0.9952
404.25	0.9952
404.125	0.9952
404.0	0.9952
403.875	0.9929
403.75	0.9913
403.625	0.9905
403.5	0.9905
403.375	0.9897
403.25	0.9913
403.125	0.9921
403.0	0.9929
402.875	0.9976
402.75	0.9992
402.625	1.0031
402.5	1.0055
402.375	1.0133
402.25	1.0141
402.125	1.0212
402.0	1.0275
401.875	1.033
401.75	1.0408
401.625	1.0455
401.5	1.0511
401.375	1.0605
401.25	1.066
401.125	1.0707
401.0	1.0778
400.875	1.0801
400.75	1.0849
400.625	1.0896
400.5	1.0911
400.375	1.0974
400.25	1.099
400.125	1.1037
400.0	1.1084
399.875	1.1132
399.75	1.1179
399.625	1.1226
399.5	1.1257
399.375	1.1328
399.25	1.1415
399.125	1.147
399.0	1.158
398.875	1.1658
398.75	1.1776
398.625	1.1871
398.5	1.1918
398.375	1.1996
398.25	1.2067
398.125	1.213
398.0	1.2169
397.875	1.2201
397.75	1.2216
397.625	1.224
397.5	1.2264
397.375	1.2287
397.25	1.2264
397.125	1.2279
397.0	1.2264
396.875	1.2216
396.75	1.2185
396.625	1.2114
396.5	1.2075
396.375	1.2028
396.25	1.1981
396.125	1.1918
396.0	1.1886
395.875	1.18
395.75	1.1713
395.625	1.1658
395.5	1.1556
395.375	1.1438
395.25	1.1328
395.125	1.1226
395.0	1.1116
394.875	1.1037
394.75	1.0943
394.625	1.0849
394.5	1.0754
394.375	1.0644
394.25	1.055
394.125	1.0455
394.0	1.0338
393.875	1.022
393.75	1.0117
393.625	1.0039
393.5	0.9952
393.375	0.9874
393.25	0.9772
393.125	0.9693
393.0	0.9606
392.875	0.9504
392.75	0.9402
392.625	0.9323
392.5	0.9245
392.375	0.919
392.25	0.9103
392.125	0.9095
392.0	0.9056
391.875	0.9072
391.75	0.9119
391.625	0.9221
391.5	0.9426
391.375	0.9669
391.25	1.0086
391.125	1.0707
391.0	1.147
390.875	1.2382
390.75	1.3349
390.625	1.4284
390.5	1.5212
390.375	1.6045
390.25	1.6761
390.125	1.7389
390.0	1.7885
389.875	1.8262
389.75	1.8545
389.625	1.8687
389.5	1.8679
389.375	1.8522
389.25	1.8121
389.125	1.757
389.0	1.6855
388.875	1.6155
388.75	1.5495
388.625	1.4811
388.5	1.419
388.375	1.3608
388.25	1.305
388.125	1.2625
388.0	1.2256
387.875	1.1926
387.75	1.1666
387.625	1.1462
387.5	1.1281
387.375	1.1155
387.25	1.1022
387.125	1.0943
387.0	1.0872
386.875	1.0833
386.75	1.0762
386.625	1.0754
386.5	1.0754
386.375	1.0746
386.25	1.0754
386.125	1.0723
386.0	1.0746
385.875	1.0754
385.75	1.0754
385.625	1.0754
385.5	1.0754
385.375	1.0754
385.25	1.0762
385.125	1.0754
385.0	1.0794
384.875	1.0825
384.75	1.0888
384.625	1.0927
384.5	1.0982
384.375	1.1037
384.25	1.1124
384.125	1.1226
384.0	1.1273
383.875	1.1352
383.75	1.1454
383.625	1.1517
383.5	1.1611
383.375	1.169
383.25	1.1745
383.125	1.1792
383.0	1.1816
382.875	1.1839
382.75	1.1831
382.625	1.1839
382.5	1.1792
382.375	1.1698
382.25	1.1643
382.125	1.1556
382.0	1.1446
381.875	1.1328
381.75	1.1218
381.625	1.1084
381.5	1.0974
381.375	1.0856
381.25	1.0746
381.125	1.0628
381.0	1.0487
380.875	1.0314
380.75	1.0204
380.625	1.0078
380.5	0.9944
380.375	0.985
380.25	0.974
380.125	0.9654
380.0	0.9559
379.875	0.9481
379.75	0.9386
379.625	0.9276
379.5	0.9158
379.375	0.908
379.25	0.9009
379.125	0.893
379.0	0.8867
378.875	0.882
378.75	0.8757
378.625	0.871
378.5	0.8663
378.375	0.8647
378.25	0.8592
378.125	0.8584
378.0	0.8584
377.875	0.8537
377.75	0.8537
377.625	0.8545
377.5	0.8545
377.375	0.8545
377.25	0.8584
377.125	0.8584
377.0	0.8592
376.875	0.8632
376.75	0.8632
376.625	0.8632
376.5	0.8663
376.375	0.8694
376.25	0.8734
376.125	0.8773
376.0	0.882
375.875	0.882
375.75	0.8875
375.625	0.8938
375.5	0.9009
375.375	0.9056
375.25	0.9111
375.125	0.9182
375.0	0.9261
374.875	0.9347
374.75	0.9441
374.625	0.9559
374.5	0.9654
374.375	0.9732
374.25	0.985
374.125	0.9984
374.0	1.0055
373.875	1.0141
373.75	1.0251
373.625	1.0345
373.5	1.0455
373.375	1.0526
373.25	1.0613
373.125	1.0683
373.0	1.0723
372.875	1.0762
372.75	1.0801
372.625	1.0794
372.5	1.0801
372.375	1.0786
372.25	1.0754
372.125	1.0754
372.0	1.0731
371.875	1.066
371.75	1.0613
371.625	1.0573
371.5	1.0566
371.375	1.0518
371.25	1.0518
371.125	1.0479
371.0	1.0503
370.875	1.0518
370.75	1.0534
370.625	1.0605
370.5	1.066
370.375	1.0683
370.25	1.077
370.125	1.0801
370.0	1.0896
369.875	1.0943
369.75	1.1014
369.625	1.1084
369.5	1.1092
369.375	1.1139
369.25	1.1084
369.125	1.1084
369.0	1.1077
368.875	1.099
368.75	1.0904
368.625	1.0817
368.5	1.0754
368.375	1.0683
368.25	1.0566
368.125	1.0503
368.0	1.0424
367.875	1.0353
367.75	1.0259
367.625	1.0172
367.5	1.0102
367.375	1.0047
367.25	0.9968
367.125	0.9905
367.0	0.985
366.875	0.9756
366.75	0.9685
366.625	0.9599
366.5	0.9496
366.375	0.9386
366.25	0.9284
366.125	0.9174
366.0	0.908
365.875	0.9001
365.75	0.8915
365.625	0.886
365.5	0.8781
365.375	0.875
365.25	0.8687
365.125	0.8632
365.0	0.8632
364.875	0.8632
364.75	0.8632
364.625	0.8655
364.5	0.8679
364.375	0.8687
364.25	0.8726
364.125	0.8773
364.0	0.8773
363.875	0.8789
363.75	0.882
363.625	0.8844
363.5	0.8867
363.375	0.8907
363.25	0.893
363.125	0.8962
363.0	0.8962
362.875	0.9009
362.75	0.9009
362.625	0.9009
362.5	0.904
362.375	0.9056
362.25	0.9095
362.125	0.9103
362.0	0.915
361.875	0.9213
361.75	0.9268
361.625	0.9323
361.5	0.9426
361.375	0.9528
361.25	0.9614
361.125	0.9732
361.0	0.9866
360.875	0.9976
360.75	1.0094
360.625	1.0212
360.5	1.0314
360.375	1.0416
360.25	1.0471
360.125	1.0526
360.0	1.0589
359.875	1.0597
359.75	1.0581
359.625	1.0542
359.5	1.0495
359.375	1.0424
359.25	1.0345
359.125	1.0227
359.0	1.0117
358.875	1.0031
358.75	0.9929
358.625	0.9803
358.5	0.9716
358.375	0.9638
358.25	0.9559
358.125	0.9481
358.0	0.9394
357.875	0.9355
357.75	0.9323
357.625	0.9292
357.5	0.9292
357.375	0.9292
357.25	0.9245
357.125	0.9245
357.0	0.9253
356.875	0.9229
356.75	0.9205
356.625	0.9166
356.5	0.9127
356.375	0.9072
356.25	0.9056
356.125	0.9025
356.0	0.9009
355.875	0.8962
355.75	0.8938
355.625	0.8867
355.5	0.882
355.375	0.8781
355.25	0.875
355.125	0.8694
355.0	0.8679
354.875	0.8632
354.75	0.8584
354.625	0.8569
354.5	0.8522
354.375	0.8482
354.25	0.8443
354.125	0.8396
354.0	0.8349
353.875	0.8333
353.75	0.8325
353.625	0.8301
353.5	0.8286
353.375	0.8294
353.25	0.8301
353.125	0.8301
353.0	0.8325
352.875	0.8396
352.75	0.8396
352.625	0.8459
352.5	0.8506
352.375	0.8584
352.25	0.8624
352.125	0.8679
352.0	0.875
351.875	0.882
351.75	0.886
351.625	0.8891
351.5	0.8915
351.375	0.8962
351.25	0.8962
351.125	0.8962
351.0	0.9009
350.875	0.9009
350.75	0.9001
350.625	0.9009
350.5	0.9009
350.375	0.9009
350.25	0.9033
350.125	0.9056
350.0	0.9017
349.875	0.9017
349.75	0.9025
349.625	0.9025
349.5	0.9056
349.375	0.9064
349.25	0.9103
349.125	0.9119
349.0	0.9135
348.875	0.9158
348.75	0.9237
348.625	0.9284
348.5	0.9339
348.375	0.9457
348.25	0.9559
348.125	0.9701
348.0	0.9834
347.875	0.9929
347.75	1.0094
347.625	1.022
347.5	1.033
347.375	1.0471
347.25	1.055
347.125	1.0621
347.0	1.066
346.875	1.0668
346.75	1.0676
346.625	1.066
346.5	1.0613
346.375	1.0518
346.25	1.0408
346.125	1.0314
346.0	1.0188
345.875	1.0055
345.75	0.9913
345.625	0.9756
345.5	0.9614
345.375	0.9481
345.25	0.9347
345.125	0.9213
345.0	0.9088
344.875	0.8993
344.75	0.8883
344.625	0.8781
344.5	0.8694
344.375	0.8624
344.25	0.8561
344.125	0.8466
344.0	0.8372
343.875	0.8301
343.75	0.827
343.625	0.8254
343.5	0.8215
343.375	0.816
343.25	0.8144
343.125	0.8121
343.0	0.8113
342.875	0.8113
342.75	0.8081
342.625	0.8066
342.5	0.8121
342.375	0.8113
342.25	0.8128
342.125	0.8128
342.0	0.8152
341.875	0.8152
341.75	0.816
341.625	0.8183
341.5	0.8207
341.375	0.8207
341.25	0.8207
341.125	0.8207
341.0	0.8207
340.875	0.8246
340.75	0.8254
340.625	0.8301
340.5	0.838
340.375	0.8459
340.25	0.8584
340.125	0.8702
340.0	0.8852
339.875	0.8954
339.75	0.9095
339.625	0.9229
339.5	0.9371
339.375	0.9512
339.25	0.9622
339.125	0.9716
339.0	0.9811
338.875	0.9834
338.75	0.9811
338.625	0.9795
338.5	0.9748
338.375	0.9669
338.25	0.9567
338.125	0.9457
338.0	0.9363
337.875	0.9261
337.75	0.9111
337.625	0.9025
337.5	0.8922
337.375	0.882
337.25	0.8742
337.125	0.8663
337.0	0.86
336.875	0.8537
336.75	0.8522
336.625	0.8482
336.5	0.8443
336.375	0.8435
336.25	0.8364
336.125	0.8349
336.0	0.8301
335.875	0.8254
335.75	0.8254
335.625	0.8254
335.5	0.8223
335.375	0.8207
335.25	0.8199
335.125	0.8183
335.0	0.8191
334.875	0.8144
334.75	0.8144
334.625	0.816
334.5	0.8113
334.375	0.8128
334.25	0.8113
334.125	0.8152
334.0	0.8144
333.875	0.8113
333.75	0.8121
333.625	0.816
333.5	0.816
333.375	0.8191
333.25	0.8231
333.125	0.8238
333.0	0.8278
332.875	0.8301
332.75	0.8356
332.625	0.8396
332.5	0.8419
332.375	0.8443
332.25	0.8498
332.125	0.8498
332.0	0.8522
331.875	0.8537
331.75	0.8537
331.625	0.8537
331.5	0.8537
331.375	0.8537
331.25	0.8537
331.125	0.849
331.0	0.8482
330.875	0.8451
330.75	0.8451
330.625	0.8404
330.5	0.8396
330.375	0.838
330.25	0.8356
330.125	0.8356
330.0	0.8364
329.875	0.8349
329.75	0.8349
329.625	0.8349
329.5	0.8325
329.375	0.8309
329.25	0.8301
329.125	0.8301
329.0	0.827
328.875	0.8286
328.75	0.8301
328.625	0.8341
328.5	0.8349
328.375	0.8443
328.25	0.8537
328.125	0.8663
328.0	0.882
327.875	0.9017
327.75	0.9221
327.625	0.9457
327.5	0.9709
327.375	0.9968
327.25	1.0212
327.125	1.0455
327.0	1.0652
326.875	1.0841
326.75	1.0935
326.625	1.0998
326.5	1.1014
326.375	1.0998
326.25	1.0927
326.125	1.0786
326.0	1.0613
325.875	1.044
325.75	1.0243
325.625	0.9984
325.5	0.9756
325.375	0.9488
325.25	0.9253
325.125	0.9033
325.0	0.8836
324.875	0.8647
324.75	0.8474
324.625	0.8349
324.5	0.8246
324.375	0.816
324.25	0.8066
324.125	0.8018
324.0	0.7971
323.875	0.7924
323.75	0.7893
323.625	0.7877
323.5	0.7853
323.375	0.783
323.25	0.783
323.125	0.783
323.0	0.783
322.875	0.7806
322.75	0.783
322.625	0.783
322.5	0.783
322.375	0.783
322.25	0.7845
322.125	0.7877
322.0	0.7861
321.875	0.7877
321.75	0.7861
321.625	0.7877
321.5	0.7924
321.375	0.7971
321.25	0.8018
321.125	0.8073
321.0	0.8191
320.875	0.8309
320.75	0.8443
320.625	0.86
320.5	0.875
320.375	0.8891
320.25	0.9064
320.125	0.9245
320.0	0.9355
319.875	0.9496
319.75	0.9575
319.625	0.9622
319.5	0.963
319.375	0.9622
319.25	0.9544
319.125	0.9473
319.0	0.9363
318.875	0.9245
318.75	0.9127
318.625	0.8977
318.5	0.8844
318.375	0.8671
318.25	0.8545
318.125	0.8411
318.0	0.8349
317.875	0.8262
317.75	0.8199
317.625	0.8144
317.5	0.8113
317.375	0.8089
317.25	0.8066
317.125	0.8042
317.0	0.8018
316.875	0.8018
316.75	0.7971
316.625	0.7971
316.5	0.7924
316.375	0.7963
316.25	0.7908
316.125	0.7924
316.0	0.7877
315.875	0.783
315.75	0.7838
315.625	0.783
315.5	0.7783
315.375	0.779
315.25	0.7783
315.125	0.7743
315.0	0.7751
314.875	0.7783
314.75	0.7783
314.625	0.7783
314.5	0.783
314.375	0.783
314.25	0.7861
314.125	0.7877
314.0	0.7885
313.875	0.7924
313.75	0.7924
313.625	0.7924
313.5	0.7955
313.375	0.7932
313.25	0.794
313.125	0.7924
313.0	0.7893
312.875	0.7877
312.75	0.783
312.625	0.7806
312.5	0.7775
312.375	0.7751
312.25	0.7712
312.125	0.7696
312.0	0.768
311.875	0.7641
311.75	0.7641
311.625	0.7657
311.5	0.7641
311.375	0.7641
311.25	0.7641
311.125	0.7641
311.0	0.7641
310.875	0.7641
310.75	0.7641
310.625	0.7633
310.5	0.7641
310.375	0.7688
310.25	0.7704
310.125	0.7775
310.0	0.7853
309.875	0.7987
309.75	0.8223
309.625	0.8419
309.5	0.8734
309.375	0.908
309.25	0.9433
309.125	0.9834
309.0	1.0275
308.875	1.0691
308.75	1.1124
308.625	1.147
308.5	1.1776
308.375	1.2012
308.25	1.2193
308.125	1.2272
308.0	1.2264
307.875	1.2201
307.75	1.2028
307.625	1.1761
307.5	1.1525
307.375	1.1202
307.25	1.0809
307.125	1.0416
307.0	1.007
306.875	0.9654
306.75	0.9339
306.625	0.9033
306.5	0.8765
306.375	0.8553
306.25	0.8388
306.125	0.8254
306.0	0.8144
305.875	0.8066
305.75	0.7971
305.625	0.7908
305.5	0.7869
305.375	0.783
305.25	0.7783
305.125	0.7783
305.0	0.7759
304.875	0.7735
304.75	0.7727
304.625	0.7688
304.5	0.7688
304.375	0.7688
304.25	0.7688
304.125	0.7688
304.0	0.772
303.875	0.7743
303.75	0.7783
303.625	0.7838
303.5	0.794
303.375	0.8018
303.25	0.8136
303.125	0.8231
303.0	0.8349
302.875	0.8506
302.75	0.8592
302.625	0.8679
302.5	0.8773
302.375	0.8812
302.25	0.8828
302.125	0.8852
302.0	0.882
301.875	0.8781
301.75	0.8726
301.625	0.8687
301.5	0.8584
301.375	0.8443
301.25	0.8325
301.125	0.8199
301.0	0.8089
300.875	0.7971
300.75	0.7822
300.625	0.7743
300.5	0.768
300.375	0.7617
300.25	0.7547
300.125	0.75
