300.0	0.7264
300.125	0.7295
300.25	0.7311
300.375	0.7311
300.5	0.7327
300.625	0.7342
300.75	0.7366
300.875	0.7413
301.0	0.7405
301.125	0.7429
301.25	0.7452
301.375	0.7452
301.5	0.746
301.625	0.7452
301.75	0.7452
301.875	0.7452
302.0	0.7452
302.125	0.7444
302.25	0.7405
302.375	0.7405
302.5	0.7389
302.625	0.7334
302.75	0.7311
302.875	0.7311
303.0	0.7311
303.125	0.7311
303.25	0.7279
303.375	0.7287
303.5	0.7264
303.625	0.7264
303.75	0.7272
303.875	0.7272
304.0	0.7295
304.125	0.7264
304.25	0.7264
304.375	0.7287
304.5	0.7311
304.625	0.7311
304.75	0.7334
304.875	0.7311
305.0	0.7319
305.125	0.7334
305.25	0.7358
305.375	0.7358
305.5	0.7397
305.625	0.7405
305.75	0.7452
305.875	0.75
306.0	0.7523
306.125	0.7555
306.25	0.7602
306.375	0.7649
306.5	0.7735
306.625	0.779
306.75	0.7861
306.875	0.7924
307.0	0.7995
307.125	0.8034
307.25	0.8066
307.375	0.8097
307.5	0.8081
307.625	0.8105
307.75	0.8066
307.875	0.8042
308.0	0.7995
308.125	0.7932
308.25	0.7838
308.375	0.7767
308.5	0.7696
308.625	0.7617
308.75	0.7531
308.875	0.7468
309.0	0.7421
309.125	0.7405
309.25	0.7358
309.375	0.7342
309.5	0.7311
309.625	0.7311
309.75	0.7303
309.875	0.7311
310.0	0.7319
310.125	0.7319
310.25	0.7319
310.375	0.7303
310.5	0.7311
310.625	0.7311
310.75	0.7311
310.875	0.7311
311.0	0.7311
311.125	0.7311
311.25	0.7303
311.375	0.7311
311.5	0.7311
311.625	0.7319
311.75	0.7311
311.875	0.7319
312.0	0.7334
312.125	0.7358
312.25	0.7342
312.375	0.7342
312.5	0.7311
312.625	0.7334
312.75	0.7358
312.875	0.7358
313.0	0.735
313.125	0.7358
313.25	0.7358
313.375	0.7327
313.5	0.7311
313.625	0.7311
313.75	0.7303
313.875	0.7311
314.0	0.7311
314.125	0.7311
314.25	0.7311
314.375	0.7311
314.5	0.7311
314.625	0.7272
314.75	0.7287
314.875	0.7311
315.0	0.7311
315.125	0.7311
315.25	0.7311
315.375	0.7311
315.5	0.7319
315.625	0.7311
315.75	0.7319
315.875	0.7319
316.0	0.7342
316.125	0.7358
316.25	0.7358
316.375	0.7334
316.5	0.7358
316.625	0.7358
316.75	0.7358
316.875	0.7358
317.0	0.7374
317.125	0.7374
317.25	0.7358
317.375	0.7397
317.5	0.7405
317.625	0.7397
317.75	0.7413
317.875	0.7452
318.0	0.7492
318.125	0.7507
318.25	0.7531
318.375	0.7547
318.5	0.7555
318.625	0.7594
318.75	0.7633
318.875	0.7602
319.0	0.7633
319.125	0.7602
319.25	0.7641
319.375	0.7594
319.5	0.7578
319.625	0.7555
319.75	0.7523
319.875	0.7539
320.0	0.7468
320.125	0.7444
320.25	0.7413
320.375	0.7405
320.5	0.7358
320.625	0.7358
320.75	0.7358
320.875	0.7342
321.0	0.7358
321.125	0.735
321.25	0.7327
321.375	0.7358
321.5	0.7358
321.625	0.7319
321.75	0.735
321.875	0.7319
322.0	0.7342
322.125	0.7327
322.25	0.7327
322.375	0.7311
322.5	0.7311
322.625	0.7319
322.75	0.7342
322.875	0.7327
323.0	0.7327
323.125	0.7334
323.25	0.7334
323.375	0.7334
323.5	0.7358
323.625	0.735
323.75	0.7366
323.875	0.7374
324.0	0.7405
324.125	0.7405
324.25	0.7444
324.375	0.7452
324.5	0.75
324.625	0.7507
324.75	0.7555
324.875	0.7602
325.0	0.7641
325.125	0.7688
325.25	0.7735
325.375	0.7783
325.5	0.7814
325.625	0.7838
325.75	0.79
325.875	0.79
326.0	0.7924
326.125	0.7893
326.25	0.7916
326.375	0.7893
326.5	0.783
326.625	0.7822
326.75	0.7751
326.875	0.7735
327.0	0.768
327.125	0.761
327.25	0.7586
327.375	0.7547
327.5	0.75
327.625	0.75
327.75	0.7452
327.875	0.7452
328.0	0.7444
328.125	0.7444
328.25	0.7437
328.375	0.7429
328.5	0.7405
328.625	0.7452
328.75	0.7452
328.875	0.7405
329.0	0.7452
329.125	0.7452
329.25	0.746
329.375	0.7437
329.5	0.746
329.625	0.746
329.75	0.7452
329.875	0.7452
330.0	0.7452
330.125	0.7452
330.25	0.746
330.375	0.7452
330.5	0.7452
330.625	0.7452
330.75	0.7468
330.875	0.7476
331.0	0.7452
331.125	0.7476
331.25	0.7468
331.375	0.7452
331.5	0.7484
331.625	0.7484
331.75	0.7452
331.875	0.7444
332.0	0.7452
332.125	0.7452
332.25	0.7444
332.375	0.7444
332.5	0.7444
332.625	0.7405
332.75	0.7405
332.875	0.7405
333.0	0.7405
333.125	0.7405
333.25	0.7405
333.375	0.7405
333.5	0.7405
333.625	0.7405
333.75	0.7405
333.875	0.7405
334.0	0.7413
334.125	0.7405
334.25	0.7405
334.375	0.7405
334.5	0.7413
334.625	0.7429
334.75	0.7413
334.875	0.7437
335.0	0.7405
335.125	0.7437
335.25	0.7421
335.375	0.7413
335.5	0.7437
335.625	0.7452
335.75	0.7452
335.875	0.7452
336.0	0.7452
336.125	0.7468
336.25	0.7468
336.375	0.7452
336.5	0.75
336.625	0.7507
336.75	0.75
336.875	0.75
337.0	0.7562
337.125	0.7547
337.25	0.7562
337.375	0.7617
337.5	0.7617
337.625	0.7641
337.75	0.7657
337.875	0.7688
338.0	0.768
338.125	0.7688
338.25	0.7672
338.375	0.7688
338.5	0.768
338.625	0.7665
338.75	0.7649
338.875	0.7657
339.0	0.7625
339.125	0.7594
339.25	0.7547
339.375	0.7547
339.5	0.7531
339.625	0.75
339.75	0.7492
339.875	0.7468
340.0	0.7437
340.125	0.7413
340.25	0.7405
340.375	0.7405
340.5	0.7444
340.625	0.7452
340.75	0.7437
340.875	0.7421
341.0	0.7413
341.125	0.7405
341.25	0.7421
341.375	0.7421
341.5	0.7421
341.625	0.7405
341.75	0.7413
341.875	0.7405
342.0	0.7413
342.125	0.7421
342.25	0.7405
342.375	0.7405
342.5	0.7405
342.625	0.7405
342.75	0.7437
342.875	0.7429
343.0	0.7444
343.125	0.7452
343.25	0.7452
343.375	0.7452
343.5	0.7452
343.625	0.7452
343.75	0.7515
343.875	0.75
344.0	0.75
344.125	0.75
344.25	0.7539
344.375	0.7547
344.5	0.7562
344.625	0.7578
344.75	0.7594
344.875	0.7641
345.0	0.7641
345.125	0.7649
345.25	0.7688
345.375	0.7696
345.5	0.7751
345.625	0.7759
345.75	0.7783
345.875	0.7783
346.0	0.7822
346.125	0.783
346.25	0.783
346.375	0.7838
346.5	0.783
346.625	0.783
346.75	0.783
346.875	0.779
347.0	0.7783
347.125	0.7743
347.25	0.7727
347.375	0.7688
347.5	0.7688
347.625	0.7649
347.75	0.7641
347.875	0.7625
348.0	0.7594
348.125	0.7594
348.25	0.7562
348.375	0.7555
348.5	0.7578
348.625	0.757
348.75	0.7555
348.875	0.7547
349.0	0.7555
349.125	0.7555
349.25	0.7547
349.375	0.7547
349.5	0.7547
349.625	0.7547
349.75	0.7547
349.875	0.7547
350.0	0.7547
350.125	0.7547
350.25	0.7547
350.375	0.7547
350.5	0.7547
350.625	0.7547
350.75	0.7547
350.875	0.7539
351.0	0.7531
351.125	0.7547
351.25	0.7515
351.375	0.7507
351.5	0.75
351.625	0.75
351.75	0.7484
351.875	0.7452
352.0	0.746
352.125	0.7452
352.25	0.7452
352.375	0.7452
352.5	0.7452
352.625	0.7437
352.75	0.7429
352.875	0.7437
353.0	0.7444
353.125	0.7444
353.25	0.7444
353.375	0.7452
353.5	0.7452
353.625	0.7452
353.75	0.7452
353.875	0.7452
354.0	0.7476
354.125	0.75
354.25	0.75
354.375	0.7484
354.5	0.75
354.625	0.75
354.75	0.75
354.875	0.7531
355.0	0.7547
355.125	0.7531
355.25	0.7539
355.375	0.7547
355.5	0.7555
355.625	0.7547
355.75	0.757
355.875	0.7594
356.0	0.7586
356.125	0.7594
356.25	0.7594
356.375	0.7594
356.5	0.7594
356.625	0.7602
356.75	0.7602
356.875	0.7602
357.0	0.761
357.125	0.7617
357.25	0.7594
357.375	0.7594
357.5	0.7641
357.625	0.7641
357.75	0.7641
357.875	0.768
358.0	0.7688
358.125	0.7688
358.25	0.7696
358.375	0.7735
358.5	0.7767
358.625	0.7759
358.75	0.7783
358.875	0.783
359.0	0.7822
359.125	0.783
359.25	0.7822
359.375	0.783
359.5	0.7814
359.625	0.7783
359.75	0.7783
359.875	0.7735
360.0	0.7735
360.125	0.7704
360.25	0.7688
360.375	0.7688
360.5	0.7649
360.625	0.7617
360.75	0.761
360.875	0.7594
361.0	0.757
361.125	0.7578
361.25	0.7547
361.375	0.7547
361.5	0.7547
361.625	0.7523
361.75	0.7539
361.875	0.7523
362.0	0.7539
362.125	0.7515
362.25	0.75
362.375	0.75
362.5	0.75
362.625	0.75
362.75	0.75
362.875	0.75
363.0	0.7507
363.125	0.7492
363.25	0.746
363.375	0.7452
363.5	0.7468
363.625	0.7452
363.75	0.746
363.875	0.746
364.0	0.7452
364.125	0.7452
364.25	0.7452
364.375	0.7452
364.5	0.7452
364.625	0.7452
364.75	0.7452
364.875	0.7476
365.0	0.7492
365.125	0.75
365.25	0.7539
365.375	0.7547
365.5	0.7539
365.625	0.7547
365.75	0.7594
365.875	0.7594
366.0	0.7633
366.125	0.7641
366.25	0.7641
366.375	0.7672
366.5	0.768
366.625	0.768
366.75	0.7696
366.875	0.7712
367.0	0.7735
367.125	0.7712
367.25	0.7735
367.375	0.7767
367.5	0.7783
367.625	0.7783
367.75	0.7783
367.875	0.783
368.0	0.783
368.125	0.783
368.25	0.7845
368.375	0.7877
368.5	0.7877
368.625	0.7877
368.75	0.7877
368.875	0.7885
369.0	0.7893
369.125	0.7877
369.25	0.7877
369.375	0.7845
369.5	0.7838
369.625	0.783
369.75	0.7806
369.875	0.7822
370.0	0.7783
370.125	0.7783
370.25	0.7783
370.375	0.779
370.5	0.7767
370.625	0.7783
370.75	0.7783
370.875	0.7783
371.0	0.7783
371.125	0.779
371.25	0.779
371.375	0.7814
371.5	0.7806
371.625	0.783
371.75	0.7822
371.875	0.783
372.0	0.783
372.125	0.783
372.25	0.783
372.375	0.783
372.5	0.7806
372.625	0.7798
372.75	0.7783
372.875	0.7783
373.0	0.779
373.125	0.7743
373.25	0.7735
373.375	0.7735
373.5	0.7688
373.625	0.7688
373.75	0.7665
373.875	0.7641
374.0	0.7641
374.125	0.7641
374.25	0.7594
374.375	0.7586
374.5	0.7555
374.625	0.7547
374.75	0.7547
374.875	0.7547
375.0	0.7547
375.125	0.7523
375.25	0.75
375.375	0.7507
375.5	0.7484
375.625	0.75
375.75	0.75
375.875	0.7468
376.0	0.75
376.125	0.7476
376.25	0.7468
376.375	0.7452
376.5	0.7452
376.625	0.7452
376.75	0.746
376.875	0.7484
377.0	0.7468
377.125	0.7452
377.25	0.7452
377.375	0.7452
377.5	0.746
377.625	0.7468
377.75	0.7452
377.875	0.7468
378.0	0.7484
378.125	0.7484
378.25	0.75
378.375	0.75
378.5	0.75
378.625	0.7539
378.75	0.7547
378.875	0.7547
379.0	0.7586
379.125	0.7594
379.25	0.7594
379.375	0.7641
379.5	0.7641
379.625	0.7633
379.75	0.7688
379.875	0.7688
380.0	0.7688
380.125	0.7735
380.25	0.7743
380.375	0.7767
380.5	0.779
380.625	0.7822
380.75	0.783
380.875	0.7861
381.0	0.7877
381.125	0.7877
381.25	0.7908
381.375	0.7948
381.5	0.7971
381.625	0.7971
381.75	0.7971
381.875	0.7979
382.0	0.7987
382.125	0.8003
382.25	0.7979
382.375	0.7979
382.5	0.7979
382.625	0.7987
382.75	0.7971
382.875	0.7971
383.0	0.7924
383.125	0.7916
383.25	0.7916
383.375	0.7908
383.5	0.7893
383.625	0.7877
383.75	0.7861
383.875	0.783
384.0	0.783
384.125	0.783
384.25	0.783
384.375	0.783
384.5	0.783
384.625	0.7822
384.75	0.7806
384.875	0.783
385.0	0.7806
385.125	0.7822
385.25	0.783
385.375	0.783
385.5	0.783
385.625	0.783
385.75	0.783
385.875	0.783
386.0	0.783
386.125	0.783
386.25	0.7822
386.375	0.783
386.5	0.7869
386.625	0.7861
386.75	0.7885
386.875	0.7916
387.0	0.7908
387.125	0.7971
387.25	0.8011
387.375	0.8042
387.5	0.8066
387.625	0.816
387.75	0.8223
387.875	0.8317
388.0	0.8419
388.125	0.8514
388.25	0.8624
388.375	0.8757
388.5	0.8875
388.625	0.9001
388.75	0.9095
388.875	0.9158
389.0	0.915
389.125	0.915
389.25	0.9135
389.375	0.9095
389.5	0.904
389.625	0.893
389.75	0.886
389.875	0.8734
390.0	0.8584
390.125	0.8411
390.25	0.8246
390.375	0.8097
390.5	0.7908
390.625	0.7767
390.75	0.7665
390.875	0.761
391.0	0.7594
391.125	0.757
391.25	0.7547
391.375	0.7547
391.5	0.7547
391.625	0.7547
391.75	0.7562
391.875	0.7578
392.0	0.7578
392.125	0.7594
392.25	0.7617
392.375	0.7641
392.5	0.7641
392.625	0.7641
392.75	0.7649
392.875	0.7688
393.0	0.7696
393.125	0.772
393.25	0.772
393.375	0.7735
393.5	0.7735
393.625	0.7783
393.75	0.7822
393.875	0.783
394.0	0.783
394.125	0.7853
394.25	0.7877
394.375	0.7861
394.5	0.7877
394.625	0.7877
394.75	0.79
394.875	0.7924
395.0	0.7963
395.125	0.7963
395.25	0.7987
395.375	0.8011
395.5	0.8018
395.625	0.8018
395.75	0.8018
395.875	0.8018
396.0	0.8042
396.125	0.8066
396.25	0.8066
396.375	0.8066
396.5	0.8081
396.625	0.8089
396.75	0.8066
396.875	0.8066
397.0	0.8089
397.125	0.8081
397.25	0.8089
397.375	0.8066
397.5	0.8066
397.625	0.8066
397.75	0.8058
397.875	0.8034
398.0	0.8026
398.125	0.8018
398.25	0.8018
398.375	0.7987
398.5	0.7932
398.625	0.7963
398.75	0.7932
398.875	0.7924
399.0	0.7924
399.125	0.7916
399.25	0.7908
399.375	0.7885
399.5	0.7877
399.625	0.7877
399.75	0.7877
399.875	0.7877
400.0	0.7861
400.125	0.7845
400.25	0.783
400.375	0.7838
400.5	0.783
400.625	0.7814
400.75	0.783
400.875	0.779
401.0	0.7783
401.125	0.7783
401.25	0.7783
401.375	0.7759
401.5	0.7735
401.625	0.7735
401.75	0.7735
401.875	0.772
402.0	0.7735
402.125	0.7696
402.25	0.772
402.375	0.7688
402.5	0.7688
402.625	0.7688
402.75	0.7688
402.875	0.7688
403.0	0.7688
403.125	0.768
403.25	0.7688
403.375	0.7688
403.5	0.7696
403.625	0.7688
403.75	0.7688
403.875	0.7696
404.0	0.772
404.125	0.7688
404.25	0.7688
404.375	0.7688
404.5	0.7688
404.625	0.768
404.75	0.768
404.875	0.7672
405.0	0.7672
405.125	0.7657
405.25	0.7641
405.375	0.7641
405.5	0.7625
405.625	0.761
405.75	0.7594
405.875	0.7594
406.0	0.7586
406.125	0.7586
406.25	0.7594
406.375	0.7594
406.5	0.7594
406.625	0.7594
406.75	0.7594
406.875	0.7602
407.0	0.7617
407.125	0.7625
407.25	0.7641
407.375	0.7641
407.5	0.7641
407.625	0.7665
407.75	0.7665
407.875	0.7688
408.0	0.7688
408.125	0.7696
408.25	0.7704
408.375	0.7688
408.5	0.7735
408.625	0.7735
408.75	0.7735
408.875	0.7735
409.0	0.7735
409.125	0.7751
409.25	0.7735
409.375	0.7775
409.5	0.7783
409.625	0.7783
409.75	0.7783
409.875	0.7783
410.0	0.7798
410.125	0.783
410.25	0.783
410.375	0.783
410.5	0.7845
410.625	0.7877
410.75	0.7885
410.875	0.7908
411.0	0.7916
411.125	0.7924
411.25	0.7924
411.375	0.7924
411.5	0.7963
411.625	0.7963
411.75	0.7995
411.875	0.8018
412.0	0.7987
412.125	0.8018
412.25	0.8003
412.375	0.7995
412.5	0.8018
412.625	0.8018
412.75	0.8018
412.875	0.8018
413.0	0.8018
413.125	0.8058
413.25	0.8058
413.375	0.8058
413.5	0.8066
413.625	0.8113
413.75	0.8113
413.875	0.8128
414.0	0.8168
414.125	0.8207
414.25	0.8238
414.375	0.827
414.5	0.8317
414.625	0.8364
414.75	0.8404
414.875	0.8443
415.0	0.849
415.125	0.8537
415.25	0.8537
415.375	0.8561
415.5	0.8584
415.625	0.86
415.75	0.8584
415.875	0.8592
416.0	0.8537
416.125	0.8529
416.25	0.8474
416.375	0.8396
416.5	0.8364
416.625	0.8301
416.75	0.8254
416.875	0.816
417.0	0.8066
417.125	0.8018
417.25	0.7924
417.375	0.7869
417.5	0.783
417.625	0.7814
417.75	0.7783
417.875	0.7775
418.0	0.7751
418.125	0.7743
418.25	0.7735
418.375	0.7735
418.5	0.7735
418.625	0.772
418.75	0.7704
418.875	0.772
419.0	0.7696
419.125	0.7688
419.25	0.768
419.375	0.7641
419.5	0.7641
419.625	0.7665
419.75	0.7641
419.875	0.7641
420.0	0.7641
420.125	0.7641
420.25	0.7625
420.375	0.7633
420.5	0.7633
420.625	0.7625
420.75	0.7625
420.875	0.7641
421.0	0.7649
421.125	0.7649
421.25	0.7641
421.375	0.7665
421.5	0.7649
421.625	0.7688
421.75	0.7688
421.875	0.7688
422.0	0.7696
422.125	0.7688
422.25	0.7688
422.375	0.7688
422.5	0.7704
422.625	0.7688
422.75	0.7696
422.875	0.7688
423.0	0.7727
423.125	0.7712
423.25	0.7688
423.375	0.7688
423.5	0.7712
423.625	0.7688
423.75	0.7727
423.875	0.772
424.0	0.772
424.125	0.7735
424.25	0.772
424.375	0.7735
424.5	0.7743
424.625	0.7735
424.75	0.7735
424.875	0.7735
425.0	0.7775
425.125	0.783
425.25	0.7845
425.375	0.7877
425.5	0.7924
425.625	0.7971
425.75	0.8011
425.875	0.8066
426.0	0.8113
426.125	0.8168
426.25	0.8238
426.375	0.8294
426.5	0.838
426.625	0.8482
426.75	0.8561
426.875	0.8632
427.0	0.8726
427.125	0.882
427.25	0.8867
427.375	0.8915
427.5	0.8962
427.625	0.8962
427.75	0.8962
427.875	0.8946
428.0	0.8907
428.125	0.8844
428.25	0.8805
428.375	0.8726
428.5	0.8647
428.625	0.8561
428.75	0.8451
428.875	0.8349
429.0	0.827
429.125	0.8176
429.25	0.8113
429.375	0.8066
429.5	0.8034
429.625	0.8018
429.75	0.7971
429.875	0.7971
430.0	0.8003
430.125	0.7971
430.25	0.7971
430.375	0.7971
430.5	0.794
430.625	0.7932
430.75	0.7924
430.875	0.7916
431.0	0.79
431.125	0.79
431.25	0.7924
431.375	0.7877
431.5	0.7877
431.625	0.7877
431.75	0.7877
431.875	0.7877
432.0	0.7861
432.125	0.783
432.25	0.7838
432.375	0.7838
432.5	0.783
432.625	0.783
432.75	0.783
432.875	0.7822
433.0	0.783
433.125	0.783
433.25	0.7814
433.375	0.7783
433.5	0.7806
433.625	0.7798
433.75	0.7783
433.875	0.7759
434.0	0.7775
434.125	0.7759
434.25	0.7775
434.375	0.7759
434.5	0.7751
434.625	0.7743
434.75	0.7735
434.875	0.772
435.0	0.7735
435.125	0.7704
435.25	0.7696
435.375	0.7704
435.5	0.7696
435.625	0.7688
435.75	0.7688
435.875	0.7688
436.0	0.7704
436.125	0.7688
436.25	0.7696
436.375	0.7735
436.5	0.7688
436.625	0.7688
436.75	0.7688
436.875	0.7688
437.0	0.7688
437.125	0.768
437.25	0.768
437.375	0.7688
437.5	0.7688
437.625	0.7672
437.75	0.7688
437.875	0.7665
438.0	0.7657
438.125	0.7641
438.25	0.7641
438.375	0.7641
438.5	0.7602
438.625	0.7594
438.75	0.761
438.875	0.7602
439.0	0.7547
439.125	0.7547
439.25	0.7547
439.375	0.7547
439.5	0.7531
439.625	0.7507
439.75	0.7492
439.875	0.75
440.0	0.75
440.125	0.75
440.25	0.75
440.375	0.7492
440.5	0.75
440.625	0.7484
440.75	0.75
440.875	0.75
441.0	0.7484
441.125	0.75
441.25	0.75
441.375	0.75
441.5	0.7515
441.625	0.7523
441.75	0.7507
441.875	0.7547
442.0	0.7547
442.125	0.7562
442.25	0.7562
442.375	0.7586
442.5	0.7594
442.625	0.7602
442.75	0.7641
442.875	0.7641
443.0	0.7641
443.125	0.7633
443.25	0.7641
443.375	0.7657
443.5	0.768
443.625	0.7688
443.75	0.7665
443.875	0.7688
444.0	0.7696
444.125	0.7688
444.25	0.7688
444.375	0.772
444.5	0.7735
444.625	0.7735
444.75	0.7759
444.875	0.7759
445.0	0.7759
445.125	0.7767
445.25	0.7767
445.375	0.7775
445.5	0.7751
445.625	0.7735
445.75	0.7735
445.875	0.7759
446.0	0.7735
446.125	0.772
446.25	0.772
446.375	0.772
446.5	0.7688
446.625	0.7665
446.75	0.7641
446.875	0.7633
447.0	0.7633
447.125	0.761
447.25	0.7594
447.375	0.7594
447.5	0.7594
447.625	0.757
447.75	0.7578
447.875	0.757
448.0	0.757
448.125	0.757
448.25	0.7547
448.375	0.7547
448.5	0.7547
448.625	0.7547
448.75	0.7547
448.875	0.7547
449.0	0.7547
449.125	0.7547
449.25	0.7547
449.375	0.7562
449.5	0.7562
449.625	0.7562
449.75	0.7547
449.875	0.7555
450.0	0.7547
450.125	0.7547
450.25	0.7547
450.375	0.7547
450.5	0.7562
450.625	0.7578
450.75	0.757
450.875	0.7555
451.0	0.7594
451.125	0.7562
451.25	0.7547
451.375	0.7547
451.5	0.7555
451.625	0.7547
451.75	0.7547
451.875	0.7547
452.0	0.7547
452.125	0.7547
452.25	0.7531
452.375	0.7515
452.5	0.7531
452.625	0.7539
452.75	0.7515
452.875	0.7539
453.0	0.7507
453.125	0.7531
453.25	0.75
453.375	0.7515
453.5	0.75
453.625	0.75
453.75	0.75
453.875	0.7515
454.0	0.7515
454.125	0.7531
454.25	0.75
454.375	0.75
454.5	0.75
454.625	0.7492
454.75	0.75
454.875	0.75
455.0	0.75
455.125	0.75
455.25	0.7523
455.375	0.7515
455.5	0.7507
455.625	0.75
455.75	0.7531
455.875	0.7547
456.0	0.7547
456.125	0.7578
456.25	0.7594
456.375	0.7594
456.5	0.7633
456.625	0.7641
456.75	0.7641
456.875	0.7688
457.0	0.7696
457.125	0.7735
457.25	0.7783
457.375	0.779
457.5	0.783
457.625	0.7861
457.75	0.7908
457.875	0.7955
458.0	0.7995
458.125	0.805
458.25	0.8097
458.375	0.8176
458.5	0.8238
458.625	0.8325
458.75	0.838
458.875	0.8443
459.0	0.8522
459.125	0.8584
459.25	0.8639
459.375	0.8726
459.5	0.8773
459.625	0.8812
459.75	0.882
459.875	0.882
460.0	0.875
460.125	0.8726
460.25	0.8671
460.375	0.8561
460.5	0.8459
460.625	0.8364
460.75	0.8246
460.875	0.8144
461.0	0.8018
461.125	0.7885
461.25	0.7767
461.375	0.7688
461.5	0.7594
461.625	0.7555
461.75	0.7539
461.875	0.75
462.0	0.7531
462.125	0.75
462.25	0.75
462.375	0.7507
462.5	0.7539
462.625	0.7547
462.75	0.7539
462.875	0.7531
463.0	0.7555
463.125	0.7562
463.25	0.7547
463.375	0.757
463.5	0.7547
463.625	0.7562
463.75	0.7578
463.875	0.7586
464.0	0.7594
464.125	0.7594
464.25	0.7586
464.375	0.7594
464.5	0.7594
464.625	0.7594
464.75	0.7594
464.875	0.7594
465.0	0.7594
465.125	0.7578
465.25	0.7641
465.375	0.7602
465.5	0.7594
465.625	0.7594
465.75	0.7594
465.875	0.7594
466.0	0.7594
466.125	0.7594
466.25	0.7594
466.375	0.7594
466.5	0.7594
466.625	0.7578
466.75	0.7555
466.875	0.7547
467.0	0.7547
467.125	0.7547
467.25	0.7547
467.375	0.7547
467.5	0.7547
467.625	0.7523
467.75	0.7523
467.875	0.7547
468.0	0.7547
468.125	0.7539
468.25	0.7507
468.375	0.75
468.5	0.75
468.625	0.75
468.75	0.746
468.875	0.7452
469.0	0.7492
469.125	0.7492
469.25	0.7452
469.375	0.7452
469.5	0.7452
469.625	0.7452
469.75	0.7452
469.875	0.7452
470.0	0.7452
470.125	0.7452
470.25	0.7437
470.375	0.7452
470.5	0.7452
470.625	0.7452
470.75	0.7429
470.875	0.7413
471.0	0.7452
471.125	0.7452
471.25	0.7405
471.375	0.7405
471.5	0.7405
471.625	0.7405
471.75	0.7405
471.875	0.7405
472.0	0.7405
472.125	0.7429
472.25	0.7444
472.375	0.7413
472.5	0.7405
472.625	0.7413
472.75	0.7452
472.875	0.7429
473.0	0.7405
473.125	0.7437
473.25	0.7413
473.375	0.7405
473.5	0.7452
473.625	0.7452
473.75	0.7452
473.875	0.7413
474.0	0.7437
474.125	0.7437
474.25	0.7405
474.375	0.7405
474.5	0.7437
474.625	0.7421
474.75	0.7452
474.875	0.7413
475.0	0.7444
475.125	0.7452
475.25	0.7421
475.375	0.7452
475.5	0.7452
475.625	0.7452
475.75	0.7452
475.875	0.7452
476.0	0.7437
476.125	0.7452
476.25	0.7452
476.375	0.746
476.5	0.7476
476.625	0.7468
476.75	0.7468
476.875	0.7452
477.0	0.746
477.125	0.7452
477.25	0.7452
477.375	0.7452
477.5	0.746
477.625	0.7452
477.75	0.7452
477.875	0.7437
478.0	0.7429
478.125	0.7429
478.25	0.7405
478.375	0.7405
478.5	0.7397
478.625	0.7405
478.75	0.7405
478.875	0.7405
479.0	0.7405
479.125	0.7389
479.25	0.7358
479.375	0.7382
479.5	0.7389
479.625	0.7374
479.75	0.7405
479.875	0.7405
480.0	0.7405
480.125	0.7421
480.25	0.7452
480.375	0.7452
480.5	0.7452
480.625	0.7452
480.75	0.7452
480.875	0.75
481.0	0.75
481.125	0.7492
481.25	0.75
481.375	0.7515
481.5	0.7539
481.625	0.7539
481.75	0.7547
481.875	0.7531
482.0	0.7547
482.125	0.7562
482.25	0.7555
482.375	0.7562
482.5	0.7586
482.625	0.7594
482.75	0.7578
482.875	0.757
483.0	0.7562
483.125	0.7562
483.25	0.7547
483.375	0.7555
483.5	0.7594
483.625	0.7578
483.75	0.7578
483.875	0.7594
484.0	0.7594
484.125	0.7594
484.25	0.7594
484.375	0.7594
484.5	0.7594
484.625	0.7586
484.75	0.7555
484.875	0.7555
485.0	0.7547
485.125	0.7547
485.25	0.7507
485.375	0.75
485.5	0.75
485.625	0.7484
485.75	0.7452
485.875	0.7452
486.0	0.7452
486.125	0.7452
486.25	0.7429
486.375	0.7429
486.5	0.7444
486.625	0.7405
486.75	0.7405
486.875	0.7405
487.0	0.7405
487.125	0.7374
487.25	0.7397
487.375	0.7374
487.5	0.7382
487.625	0.7374
487.75	0.7382
487.875	0.7358
488.0	0.7382
488.125	0.7366
488.25	0.7397
488.375	0.7389
488.5	0.7389
488.625	0.7389
488.75	0.7382
488.875	0.7389
489.0	0.7397
489.125	0.7413
489.25	0.7405
489.375	0.7405
489.5	0.7444
489.625	0.7444
489.75	0.7452
489.875	0.7444
490.0	0.7452
490.125	0.7492
490.25	0.75
490.375	0.7492
490.5	0.75
490.625	0.75
490.75	0.75
490.875	0.7531
491.0	0.7523
491.125	0.7547
491.25	0.7523
491.375	0.7531
491.5	0.7547
491.625	0.7547
491.75	0.7547
491.875	0.7547
492.0	0.7547
492.125	0.7555
492.25	0.7555
492.375	0.7547
492.5	0.7594
492.625	0.7594
492.75	0.7586
492.875	0.7594
493.0	0.761
493.125	0.7641
493.25	0.7649
493.375	0.7688
493.5	0.7696
493.625	0.7735
493.75	0.7743
493.875	0.7743
494.0	0.7798
494.125	0.783
494.25	0.7877
494.375	0.7893
494.5	0.794
494.625	0.7971
494.75	0.8034
494.875	0.8073
495.0	0.8144
495.125	0.8191
495.25	0.8254
495.375	0.8286
495.5	0.8333
495.625	0.8356
495.75	0.8396
495.875	0.8396
496.0	0.8364
496.125	0.8325
496.25	0.8286
496.375	0.8207
496.5	0.8168
496.625	0.8097
496.75	0.8042
496.875	0.7955
497.0	0.7869
497.125	0.7783
497.25	0.7672
497.375	0.7594
497.5	0.7531
497.625	0.746
497.75	0.7405
497.875	0.7389
498.0	0.7358
498.125	0.7358
498.25	0.7358
498.375	0.7358
498.5	0.7358
498.625	0.7358
498.75	0.7374
498.875	0.7366
499.0	0.7374
499.125	0.7374
499.25	0.7366
499.375	0.7358
499.5	0.7358
499.625	0.7366
499.75	0.7358
499.875	0.7405
500.0	0.7397
500.125	0.7389
500.25	0.7405
500.375	0.7405
500.5	0.7413
500.625	0.7444
500.75	0.7452
500.875	0.7444
501.0	0.7437
501.125	0.7444
501.25	0.7452
501.375	0.7452
501.5	0.7452
501.625	0.7452
501.75	0.746
501.875	0.7452
502.0	0.7476
502.125	0.7476
502.25	0.746
502.375	0.7492
502.5	0.746
502.625	0.75
502.75	0.75
502.875	0.75
503.0	0.75
503.125	0.75
503.25	0.75
503.375	0.7468
503.5	0.75
503.625	0.7476
503.75	0.7484
503.875	0.7476
504.0	0.75
504.125	0.7476
504.25	0.7452
504.375	0.7452
504.5	0.7452
504.625	0.7444
504.75	0.7444
504.875	0.7452
505.0	0.7444
505.125	0.7421
505.25	0.7405
505.375	0.7405
505.5	0.7421
505.625	0.7405
505.75	0.7405
505.875	0.7405
506.0	0.7405
506.125	0.7405
506.25	0.7405
506.375	0.7405
506.5	0.7374
506.625	0.7405
506.75	0.7405
506.875	0.7405
507.0	0.7405
507.125	0.7405
507.25	0.7405
507.375	0.7405
507.5	0.7405
507.625	0.7413
507.75	0.7405
507.875	0.7421
508.0	0.7413
508.125	0.7413
508.25	0.7444
508.375	0.7437
508.5	0.7429
508.625	0.7444
508.75	0.7437
508.875	0.7452
509.0	0.7452
509.125	0.7444
509.25	0.746
509.375	0.7452
509.5	0.7452
509.625	0.7484
509.75	0.7452
509.875	0.7484
510.0	0.7484
510.125	0.7476
510.25	0.75
510.375	0.7492
510.5	0.75
510.625	0.7492
510.75	0.7468
510.875	0.7484
511.0	0.7492
511.125	0.7484
511.25	0.746
511.375	0.75
511.5	0.75
511.625	0.75
511.75	0.75
511.875	0.75
512.0	0.75
512.125	0.75
512.25	0.7468
512.375	0.7476
512.5	0.75
512.625	0.75
512.75	0.7492
512.875	0.7476
513.0	0.7452
513.125	0.7452
513.25	0.7452
513.375	0.7444
513.5	0.7452
513.625	0.7452
513.75	0.7452
513.875	0.7452
514.0	0.7452
514.125	0.7452
514.25	0.7452
514.375	0.7452
514.5	0.7452
514.625	0.7444
514.75	0.7444
514.875	0.7452
515.0	0.7452
515.125	0.7452
515.25	0.7437
515.375	0.7452
515.5	0.7452
515.625	0.7452
515.75	0.7429
515.875	0.7413
516.0	0.7413
516.125	0.7405
516.25	0.7405
516.375	0.7429
516.5	0.7405
516.625	0.7405
516.75	0.7405
516.875	0.7382
517.0	0.7366
517.125	0.7397
517.25	0.7358
517.375	0.7358
517.5	0.7358
517.625	0.7366
517.75	0.7374
517.875	0.7358
518.0	0.7358
518.125	0.7358
518.25	0.7358
518.375	0.735
518.5	0.735
518.625	0.7358
518.75	0.7358
518.875	0.7358
519.0	0.7358
519.125	0.735
519.25	0.7358
519.375	0.7327
519.5	0.7327
519.625	0.7358
519.75	0.7358
519.875	0.7342
520.0	0.7358
520.125	0.7334
520.25	0.7358
520.375	0.7358
520.5	0.7342
520.625	0.7319
520.75	0.7319
520.875	0.7342
521.0	0.7342
521.125	0.7319
521.25	0.7311
521.375	0.735
521.5	0.7342
521.625	0.7334
521.75	0.7334
521.875	0.735
522.0	0.7342
522.125	0.7334
522.25	0.735
522.375	0.7311
522.5	0.735
522.625	0.7342
522.75	0.735
522.875	0.735
523.0	0.7334
523.125	0.735
523.25	0.7334
523.375	0.7311
523.5	0.7342
523.625	0.7342
523.75	0.7334
523.875	0.7334
524.0	0.7327
524.125	0.7327
524.25	0.7334
524.375	0.7358
524.5	0.7358
524.625	0.735
524.75	0.735
524.875	0.7342
525.0	0.7311
525.125	0.7319
525.25	0.7311
525.375	0.7334
525.5	0.7327
525.625	0.7311
525.75	0.7327
525.875	0.7319
526.0	0.7311
526.125	0.7327
526.25	0.7311
526.375	0.7311
526.5	0.7334
526.625	0.7358
526.75	0.735
526.875	0.7311
527.0	0.7334
527.125	0.7342
527.25	0.735
527.375	0.7319
527.5	0.735
527.625	0.7327
527.75	0.7319
527.875	0.7358
528.0	0.7327
528.125	0.735
528.25	0.7334
528.375	0.735
528.5	0.7342
528.625	0.7342
528.75	0.7342
528.875	0.7358
529.0	0.7358
529.125	0.7358
529.25	0.7358
529.375	0.7358
529.5	0.7374
529.625	0.7358
529.75	0.7374
529.875	0.7389
530.0	0.7358
530.125	0.7389
530.25	0.7389
530.375	0.7366
530.5	0.7374
530.625	0.735
530.75	0.7397
530.875	0.7358
531.0	0.7358
531.125	0.7382
531.25	0.7366
531.375	0.7366
531.5	0.7374
531.625	0.7397
531.75	0.7366
531.875	0.7382
532.0	0.7397
532.125	0.7366
532.25	0.7405
532.375	0.7405
532.5	0.7358
532.625	0.7358
532.75	0.7382
532.875	0.7382
533.0	0.7358
533.125	0.7397
533.25	0.7397
533.375	0.7397
533.5	0.7374
533.625	0.7366
533.75	0.7389
533.875	0.7389
534.0	0.7389
534.125	0.7405
534.25	0.7405
534.375	0.7405
534.5	0.7405
534.625	0.7405
534.75	0.7405
534.875	0.7405
535.0	0.7437
535.125	0.7452
535.25	0.7476
535.375	0.746
535.5	0.75
535.625	0.75
535.75	0.75
535.875	0.7539
536.0	0.7547
536.125	0.7555
536.25	0.7594
536.375	0.7594
536.5	0.7641
536.625	0.7641
536.75	0.7649
536.875	0.768
537.0	0.7641
537.125	0.7641
537.25	0.7617
537.375	0.7625
537.5	0.7586
537.625	0.7547
537.75	0.7547
537.875	0.7476
538.0	0.7452
538.125	0.7452
538.25	0.7366
538.375	0.7358
538.5	0.7319
538.625	0.7311
538.75	0.7279
538.875	0.7264
539.0	0.7272
539.125	0.7264
539.25	0.7264
539.375	0.7264
539.5	0.7248
539.625	0.7264
539.75	0.7264
539.875	0.7264
540.0	0.7264
540.125	0.7264
540.25	0.7264
540.375	0.7264
540.5	0.7272
540.625	0.7264
540.75	0.7272
540.875	0.7287
541.0	0.7272
541.125	0.7295
541.25	0.7279
541.375	0.7311
541.5	0.7311
541.625	0.7311
541.75	0.7311
541.875	0.7311
542.0	0.7319
542.125	0.7334
542.25	0.7311
542.375	0.7311
542.5	0.7311
542.625	0.7311
542.75	0.7311
542.875	0.7311
543.0	0.7319
543.125	0.7319
543.25	0.735
543.375	0.7342
543.5	0.7342
543.625	0.7327
543.75	0.7334
543.875	0.7358
544.0	0.7342
544.125	0.7366
544.25	0.7382
544.375	0.7358
544.5	0.7358
544.625	0.7358
544.75	0.7358
544.875	0.7358
545.0	0.7334
545.125	0.7334
545.25	0.7358
545.375	0.7334
545.5	0.7319
545.625	0.735
545.75	0.7358
545.875	0.7334
546.0	0.735
546.125	0.7311
546.25	0.7311
546.375	0.7319
546.5	0.7311
546.625	0.7303
546.75	0.7303
546.875	0.7295
547.0	0.7272
547.125	0.7272
547.25	0.7279
547.375	0.7256
547.5	0.7264
547.625	0.7272
547.75	0.7264
547.875	0.7256
548.0	0.7264
548.125	0.7264
548.25	0.7264
548.375	0.7256
548.5	0.7256
548.625	0.7216
548.75	0.7216
548.875	0.7216
549.0	0.7216
549.125	0.7216
549.25	0.7216
549.375	0.7216
549.5	0.7216
549.625	0.7216
549.75	0.7216
549.875	0.7216
550.0	0.7216
550.125	0.7216
550.25	0.7216
550.375	0.7216
550.5	0.7232
550.625	0.7224
550.75	0.7216
550.875	0.7216
551.0	0.7264
551.125	0.7216
551.25	0.7216
551.375	0.7216
551.5	0.7232
551.625	0.7224
551.75	0.7248
551.875	0.7264
552.0	0.7264
552.125	0.7232
552.25	0.7264
552.375	0.7264
552.5	0.7264
552.625	0.7264
552.75	0.7264
552.875	0.7256
553.0	0.7264
553.125	0.7264
553.25	0.7272
553.375	0.7264
553.5	0.7264
553.625	0.7264
553.75	0.7264
553.875	0.7279
554.0	0.7279
554.125	0.7272
554.25	0.7264
554.375	0.7272
554.5	0.7264
554.625	0.7264
554.75	0.7272
554.875	0.7272
555.0	0.7264
555.125	0.7264
555.25	0.7264
555.375	0.7264
555.5	0.7264
555.625	0.7264
555.75	0.7264
555.875	0.7264
556.0	0.7264
556.125	0.7264
556.25	0.7264
556.375	0.7264
556.5	0.7264
556.625	0.7264
556.75	0.7264
556.875	0.7264
557.0	0.7232
557.125	0.7264
557.25	0.7264
557.375	0.7248
557.5	0.7248
557.625	0.7248
557.75	0.7264
557.875	0.7232
558.0	0.7256
558.125	0.7248
558.25	0.7216
558.375	0.7216
558.5	0.7224
558.625	0.7216
558.75	0.7201
558.875	0.7216
559.0	0.7216
559.125	0.7209
559.25	0.7193
559.375	0.7193
559.5	0.7177
559.625	0.7169
559.75	0.7193
559.875	0.7169
560.0	0.7169
560.125	0.7185
560.25	0.7169
560.375	0.7169
560.5	0.7169
560.625	0.7169
560.75	0.7177
560.875	0.7185
561.0	0.7169
561.125	0.7216
561.25	0.7216
561.375	0.7177
561.5	0.7193
561.625	0.7209
561.75	0.7209
561.875	0.7185
562.0	0.7193
562.125	0.7216
562.25	0.7193
562.375	0.7185
562.5	0.7201
562.625	0.7216
562.75	0.7216
562.875	0.7232
563.0	0.7216
563.125	0.7216
563.25	0.7216
563.375	0.7216
563.5	0.7216
563.625	0.7216
563.75	0.7224
563.875	0.7248
564.0	0.7264
564.125	0.724
564.25	0.7216
564.375	0.7264
564.5	0.7216
564.625	0.7216
564.75	0.7216
564.875	0.7216
565.0	0.7216
565.125	0.7224
565.25	0.7216
565.375	0.7248
565.5	0.7256
565.625	0.7248
565.75	0.7224
565.875	0.7256
566.0	0.724
566.125	0.7256
566.25	0.7256
566.375	0.7209
566.5	0.7232
566.625	0.7224
566.75	0.724
566.875	0.7216
567.0	0.7216
567.125	0.7216
567.25	0.7209
567.375	0.7224
567.5	0.7224
567.625	0.7216
567.75	0.7216
567.875	0.7224
568.0	0.7224
568.125	0.7264
568.25	0.7264
568.375	0.7264
568.5	0.7264
568.625	0.7264
568.75	0.7295
568.875	0.7311
569.0	0.7311
569.125	0.7311
569.25	0.7358
569.375	0.7382
569.5	0.7389
569.625	0.7405
569.75	0.7405
569.875	0.7405
570.0	0.7444
570.125	0.746
570.25	0.746
570.375	0.7468
570.5	0.7484
570.625	0.7452
570.75	0.7452
570.875	0.7452
571.0	0.7452
571.125	0.7421
571.25	0.7405
571.375	0.7366
571.5	0.7358
571.625	0.735
571.75	0.7358
571.875	0.7303
572.0	0.7295
572.125	0.7272
572.25	0.7248
572.375	0.7256
572.5	0.7216
572.625	0.7216
572.75	0.7216
572.875	0.7216
573.0	0.7201
573.125	0.7177
573.25	0.7185
573.375	0.7193
573.5	0.7201
573.625	0.7201
573.75	0.7201
573.875	0.7216
574.0	0.7201
574.125	0.7216
574.25	0.7216
574.375	0.7216
574.5	0.7224
574.625	0.7232
574.75	0.7216
574.875	0.7216
575.0	0.7216
575.125	0.7216
575.25	0.7232
575.375	0.7256
575.5	0.7224
575.625	0.7216
575.75	0.7216
575.875	0.7216
576.0	0.7248
576.125	0.7232
576.25	0.724
576.375	0.7264
576.5	0.7256
576.625	0.7264
576.75	0.7264
576.875	0.7264
577.0	0.7264
577.125	0.7264
577.25	0.7264
577.375	0.7272
577.5	0.7264
577.625	0.7264
577.75	0.7272
577.875	0.7279
578.0	0.7279
578.125	0.7287
578.25	0.7264
578.375	0.7264
578.5	0.7279
578.625	0.7272
578.75	0.7272
578.875	0.7295
579.0	0.7272
579.125	0.7279
579.25	0.7272
579.375	0.7295
579.5	0.7287
579.625	0.7303
579.75	0.7311
579.875	0.7295
580.0	0.7311
580.125	0.7311
580.25	0.7311
580.375	0.7311
580.5	0.7311
580.625	0.7311
580.75	0.7311
580.875	0.7311
581.0	0.7319
581.125	0.7311
581.25	0.7311
581.375	0.7311
581.5	0.7311
581.625	0.7311
581.75	0.7311
581.875	0.7311
582.0	0.7311
582.125	0.7311
582.25	0.7311
582.375	0.7311
582.5	0.7334
582.625	0.7319
582.75	0.7319
582.875	0.7319
583.0	0.7334
583.125	0.7358
583.25	0.735
583.375	0.7342
583.5	0.7358
583.625	0.7358
583.75	0.7358
583.875	0.7358
584.0	0.7358
584.125	0.7358
584.25	0.7358
584.375	0.735
584.5	0.7319
584.625	0.7311
584.75	0.7311
584.875	0.7311
585.0	0.7279
585.125	0.7264
585.25	0.7264
585.375	0.7264
585.5	0.7264
585.625	0.7216
585.75	0.7224
585.875	0.7232
586.0	0.7216
586.125	0.7216
586.25	0.7216
586.375	0.7216
586.5	0.7216
586.625	0.724
586.75	0.7256
586.875	0.724
587.0	0.7264
587.125	0.7232
587.25	0.7216
587.375	0.7256
587.5	0.7256
587.625	0.7256
587.75	0.7232
587.875	0.7264
588.0	0.7264
588.125	0.7264
588.25	0.7264
588.375	0.7264
588.5	0.7264
588.625	0.7264
588.75	0.7264
588.875	0.7264
589.0	0.7264
589.125	0.7264
589.25	0.7287
589.375	0.7264
589.5	0.7272
589.625	0.7272
589.75	0.7287
589.875	0.7264
590.0	0.7272
590.125	0.7303
590.25	0.7311
590.375	0.7311
590.5	0.7295
590.625	0.7303
590.75	0.7311
590.875	0.7311
591.0	0.7311
591.125	0.7311
591.25	0.7334
591.375	0.7334
591.5	0.7327
591.625	0.7342
591.75	0.7311
591.875	0.7319
592.0	0.7334
592.125	0.7334
592.25	0.7311
592.375	0.7311
592.5	0.7311
592.625	0.7311
592.75	0.7303
592.875	0.7264
593.0	0.7264
593.125	0.7264
593.25	0.7264
593.375	0.7256
593.5	0.7224
593.625	0.724
593.75	0.7216
593.875	0.7224
594.0	0.7264
594.125	0.7224
594.25	0.7216
594.375	0.7216
594.5	0.7216
594.625	0.7216
594.75	0.7216
594.875	0.7224
595.0	0.7216
595.125	0.7216
595.25	0.7216
595.375	0.7216
595.5	0.7209
595.625	0.7201
595.75	0.7216
595.875	0.7193
596.0	0.7169
596.125	0.7201
596.25	0.7193
596.375	0.7185
596.5	0.7193
596.625	0.7177
596.75	0.7193
596.875	0.7216
597.0	0.7201
597.125	0.7169
597.25	0.7201
597.375	0.7185
597.5	0.7185
597.625	0.7201
597.75	0.7216
597.875	0.7216
598.0	0.7216
598.125	0.7216
598.25	0.7216
598.375	0.7216
598.5	0.7216
598.625	0.7216
598.75	0.7216
598.875	0.7216
599.0	0.7216
599.125	0.7216
599.25	0.7264
599.375	0.7264
599.5	0.7264
599.625	0.7272
599.75	0.7279
599.875	0.7311
600.0	0.7358
600.125	0.7358
600.25	0.7405
600.375	0.7405
600.5	0.7444
600.625	0.7468
600.75	0.7507
600.875	0.7531
601.0	0.7578
601.125	0.7594
601.25	0.7641
601.375	0.7641
601.5	0.7641
601.625	0.7665
601.75	0.7665
601.875	0.7688
602.0	0.7688
602.125	0.768
602.25	0.7657
602.375	0.7633
602.5	0.7594
602.625	0.7594
602.75	0.7547
602.875	0.7523
603.0	0.7523
603.125	0.7452
603.25	0.7437
603.375	0.7405
603.5	0.7358
603.625	0.7342
603.75	0.7311
603.875	0.7272
604.0	0.7256
604.125	0.724
604.25	0.7224
604.375	0.7216
604.5	0.7209
604.625	0.7216
604.75	0.7185
604.875	0.7216
605.0	0.7201
605.125	0.7193
605.25	0.7216
605.375	0.7216
605.5	0.7209
605.625	0.7216
605.75	0.7216
605.875	0.7216
606.0	0.7209
606.125	0.7216
606.25	0.7216
606.375	0.7193
606.5	0.7185
606.625	0.7169
606.75	0.7169
606.875	0.7169
607.0	0.7201
607.125	0.7177
607.25	0.7169
607.375	0.7169
607.5	0.7169
607.625	0.7169
607.75	0.7169
607.875	0.7161
608.0	0.7161
608.125	0.7169
608.25	0.7154
608.375	0.7169
608.5	0.7177
608.625	0.7169
608.75	0.7169
608.875	0.7169
609.0	0.7154
609.125	0.7154
609.25	0.713
609.375	0.7161
609.5	0.7169
609.625	0.7169
609.75	0.7169
609.875	0.7154
610.0	0.7169
610.125	0.7169
610.25	0.7169
610.375	0.7177
610.5	0.7161
610.625	0.7138
610.75	0.7169
610.875	0.7169
611.0	0.7169
611.125	0.7169
611.25	0.7169
611.375	0.7169
611.5	0.7169
611.625	0.7169
611.75	0.7169
611.875	0.7169
612.0	0.7169
612.125	0.7169
612.25	0.7177
612.375	0.7169
612.5	0.7169
612.625	0.7169
612.75	0.7169
612.875	0.7185
613.0	0.7169
613.125	0.7169
613.25	0.7169
613.375	0.7169
613.5	0.7169
613.625	0.7169
613.75	0.7201
613.875	0.7193
614.0	0.7169
614.125	0.7185
614.25	0.7216
614.375	0.7224
614.5	0.7216
614.625	0.7185
614.75	0.7209
614.875	0.7216
615.0	0.7216
615.125	0.7216
615.25	0.7209
615.375	0.7209
615.5	0.7216
615.625	0.7216
615.75	0.7216
615.875	0.7216
616.0	0.7216
616.125	0.7264
616.25	0.7232
616.375	0.7216
616.5	0.7264
616.625	0.7232
616.75	0.724
616.875	0.7232
617.0	0.7264
617.125	0.7264
617.25	0.7264
617.375	0.7264
617.5	0.7256
617.625	0.7256
617.75	0.7256
617.875	0.7248
618.0	0.7256
618.125	0.7256
618.25	0.7256
618.375	0.724
618.5	0.7216
618.625	0.7256
618.75	0.7256
618.875	0.7264
619.0	0.7264
619.125	0.7248
619.25	0.7264
619.375	0.7264
619.5	0.7264
619.625	0.7264
619.75	0.7264
619.875	0.7264
620.0	0.7256
620.125	0.7264
620.25	0.7264
620.375	0.7264
620.5	0.7264
620.625	0.7264
620.75	0.7248
620.875	0.7256
621.0	0.7256
621.125	0.724
621.25	0.724
621.375	0.7264
621.5	0.7264
621.625	0.7264
621.75	0.7264
621.875	0.7264
622.0	0.7264
622.125	0.7264
622.25	0.7264
622.375	0.7279
622.5	0.7264
622.625	0.7264
622.75	0.7295
622.875	0.7311
623.0	0.7319
623.125	0.7342
623.25	0.7342
623.375	0.7358
623.5	0.735
623.625	0.735
623.75	0.735
623.875	0.7358
624.0	0.735
624.125	0.7342
624.25	0.7358
624.375	0.735
624.5	0.7327
624.625	0.7311
624.75	0.7311
624.875	0.7311
625.0	0.7311
625.125	0.7311
625.25	0.7311
625.375	0.7295
625.5	0.7264
625.625	0.7264
625.75	0.7256
625.875	0.7256
626.0	0.7264
626.125	0.7248
626.25	0.724
626.375	0.7232
626.5	0.7224
626.625	0.7216
626.75	0.7224
626.875	0.7216
627.0	0.7216
627.125	0.7216
627.25	0.7216
627.375	0.7216
627.5	0.7216
627.625	0.7216
627.75	0.7216
627.875	0.7224
628.0	0.724
628.125	0.7264
628.25	0.7232
628.375	0.724
628.5	0.7248
628.625	0.7264
628.75	0.7256
628.875	0.7248
629.0	0.7256
629.125	0.7264
629.25	0.7264
629.375	0.7264
629.5	0.7264
629.625	0.7264
629.75	0.7248
629.875	0.7216
630.0	0.7248
630.125	0.7256
630.25	0.7264
630.375	0.7264
630.5	0.724
630.625	0.7264
630.75	0.7264
630.875	0.7264
631.0	0.7256
631.125	0.7264
631.25	0.7264
631.375	0.7287
631.5	0.7272
631.625	0.7264
631.75	0.7295
631.875	0.7264
632.0	0.7264
632.125	0.7279
632.25	0.7272
632.375	0.7295
632.5	0.7303
632.625	0.7295
632.75	0.7272
632.875	0.7279
633.0	0.7287
633.125	0.7311
633.25	0.7311
633.375	0.7327
633.5	0.7311
633.625	0.7311
633.75	0.7358
633.875	0.7358
634.0	0.7358
634.125	0.7374
634.25	0.7366
634.375	0.7382
634.5	0.7405
634.625	0.7405
634.75	0.7452
634.875	0.7452
635.0	0.7452
635.125	0.75
635.25	0.75
635.375	0.7523
635.5	0.7547
635.625	0.7547
635.75	0.7547
635.875	0.7547
636.0	0.7547
636.125	0.7547
636.25	0.7547
636.375	0.7547
636.5	0.7539
636.625	0.7523
636.75	0.75
636.875	0.7492
637.0	0.746
637.125	0.7452
637.25	0.7405
637.375	0.7405
637.5	0.7382
637.625	0.7358
637.75	0.7327
637.875	0.7311
638.0	0.7311
638.125	0.7264
638.25	0.7295
638.375	0.7287
638.5	0.7224
638.625	0.7216
638.75	0.7216
638.875	0.7216
639.0	0.7216
639.125	0.7216
639.25	0.7209
639.375	0.7177
639.5	0.7201
639.625	0.7209
639.75	0.7201
639.875	0.7216
640.0	0.7216
640.125	0.7201
640.25	0.7209
640.375	0.7185
640.5	0.7169
640.625	0.7216
640.75	0.7216
640.875	0.7177
641.0	0.7209
641.125	0.7177
641.25	0.7193
641.375	0.7169
641.5	0.7193
641.625	0.7169
641.75	0.7177
641.875	0.7169
642.0	0.7169
642.125	0.7177
642.25	0.7169
642.375	0.7177
642.5	0.7177
642.625	0.7169
642.75	0.7169
642.875	0.7161
643.0	0.7169
643.125	0.7169
643.25	0.7169
643.375	0.7169
643.5	0.7169
643.625	0.7169
643.75	0.7169
643.875	0.7154
644.0	0.7169
644.125	0.7154
644.25	0.7177
644.375	0.7169
644.5	0.7161
644.625	0.7193
644.75	0.7177
644.875	0.7169
645.0	0.7169
645.125	0.7177
645.25	0.7154
645.375	0.7169
645.5	0.7169
645.625	0.7169
645.75	0.7169
645.875	0.7169
646.0	0.7177
646.125	0.7177
646.25	0.7201
646.375	0.7169
646.5	0.7169
646.625	0.7185
646.75	0.7193
646.875	0.7216
647.0	0.7177
647.125	0.7185
647.25	0.7169
647.375	0.7193
647.5	0.7185
647.625	0.7169
647.75	0.7169
647.875	0.7193
648.0	0.7185
648.125	0.7177
648.25	0.7169
648.375	0.7177
648.5	0.7169
648.625	0.7209
648.75	0.7193
648.875	0.7169
649.0	0.7161
649.125	0.7169
649.25	0.7161
649.375	0.7154
649.5	0.7169
649.625	0.7161
649.75	0.7169
649.875	0.7169
650.0	0.7169
650.125	0.7169
650.25	0.7169
650.375	0.7169
650.5	0.7169
650.625	0.7169
650.75	0.7169
650.875	0.7169
651.0	0.7169
651.125	0.7169
651.25	0.7154
651.375	0.7169
651.5	0.7169
651.625	0.7169
651.75	0.7169
651.875	0.7169
652.0	0.7154
652.125	0.7154
652.25	0.7169
652.375	0.7169
652.5	0.7169
652.625	0.7161
652.75	0.713
652.875	0.7169
653.0	0.7161
653.125	0.7169
653.25	0.7169
653.375	0.7169
653.5	0.7154
653.625	0.7122
653.75	0.713
653.875	0.713
654.0	0.7138
654.125	0.7169
654.25	0.7169
654.375	0.7169
654.5	0.7138
654.625	0.713
654.75	0.7161
654.875	0.7154
655.0	0.7138
655.125	0.7138
655.25	0.7122
655.375	0.7122
655.5	0.7122
655.625	0.7122
655.75	0.7122
655.875	0.7122
656.0	0.7122
656.125	0.7122
656.25	0.7122
656.375	0.713
656.5	0.7114
656.625	0.7122
656.75	0.7122
656.875	0.7122
657.0	0.7122
657.125	0.7122
657.25	0.7122
657.375	0.7122
657.5	0.7122
657.625	0.7138
657.75	0.7138
657.875	0.7122
658.0	0.7154
658.125	0.7169
658.25	0.7169
658.375	0.7169
658.5	0.7169
658.625	0.7177
658.75	0.7185
658.875	0.7216
659.0	0.7185
659.125	0.7216
659.25	0.7201
659.375	0.7209
659.5	0.7216
659.625	0.7216
659.75	0.7216
659.875	0.7216
660.0	0.7216
660.125	0.7216
660.25	0.7216
660.375	0.7209
660.5	0.7216
660.625	0.7201
660.75	0.7216
660.875	0.7216
661.0	0.7209
661.125	0.7216
661.25	0.7216
661.375	0.7209
661.5	0.7209
661.625	0.7216
661.75	0.7185
661.875	0.7177
662.0	0.7193
662.125	0.7209
662.25	0.7209
662.375	0.7169
662.5	0.7169
662.625	0.7169
662.75	0.7193
662.875	0.7201
663.0	0.7216
663.125	0.7216
663.25	0.7209
663.375	0.7209
663.5	0.7193
663.625	0.7201
663.75	0.7216
663.875	0.7216
664.0	0.7193
664.125	0.7169
664.25	0.7201
664.375	0.7201
664.5	0.7193
664.625	0.7177
664.75	0.7177
664.875	0.7177
665.0	0.7169
665.125	0.7193
665.25	0.7169
665.375	0.7185
665.5	0.7193
665.625	0.7169
665.75	0.7201
665.875	0.7169
666.0	0.7169
666.125	0.7185
666.25	0.7169
666.375	0.7169
666.5	0.7177
666.625	0.7169
666.75	0.7169
666.875	0.7169
667.0	0.7177
667.125	0.7169
667.25	0.7161
667.375	0.7161
667.5	0.7161
667.625	0.7169
667.75	0.7169
667.875	0.7138
668.0	0.7169
668.125	0.7161
668.25	0.7169
668.375	0.7154
668.5	0.7146
668.625	0.7161
668.75	0.713
668.875	0.7138
669.0	0.7169
669.125	0.713
669.25	0.7146
669.375	0.7138
669.5	0.7122
669.625	0.7138
669.75	0.7122
669.875	0.7122
670.0	0.7138
670.125	0.7122
670.25	0.7122
670.375	0.7122
670.5	0.713
670.625	0.7122
670.75	0.7138
670.875	0.7138
671.0	0.7122
671.125	0.7169
671.25	0.7138
671.375	0.7146
671.5	0.7146
671.625	0.7154
671.75	0.7161
671.875	0.7177
672.0	0.7169
672.125	0.7169
672.25	0.7201
672.375	0.7169
672.5	0.7177
672.625	0.7185
672.75	0.7193
672.875	0.7201
673.0	0.7216
673.125	0.7201
673.25	0.7193
673.375	0.7185
673.5	0.7201
673.625	0.7209
673.75	0.7169
673.875	0.7177
674.0	0.7201
674.125	0.7169
674.25	0.7169
674.375	0.7122
674.5	0.713
674.625	0.7122
674.75	0.7122
674.875	0.7122
675.0	0.7122
675.125	0.7114
675.25	0.7083
675.375	0.7122
675.5	0.7091
675.625	0.7122
675.75	0.7106
675.875	0.7083
676.0	0.7075
676.125	0.7083
676.25	0.7075
676.375	0.7067
676.5	0.7059
676.625	0.7075
676.75	0.7075
676.875	0.7075
677.0	0.7075
677.125	0.7075
677.25	0.7083
677.375	0.7075
677.5	0.7075
677.625	0.7075
677.75	0.7075
677.875	0.7075
678.0	0.7075
678.125	0.7075
678.25	0.7075
678.375	0.7075
678.5	0.7075
678.625	0.7099
678.75	0.7075
678.875	0.7091
679.0	0.7075
679.125	0.7075
679.25	0.7091
679.375	0.7075
679.5	0.7075
679.625	0.7075
679.75	0.7075
679.875	0.7075
680.0	0.7075
680.125	0.7075
680.25	0.7075
680.375	0.7075
680.5	0.7075
680.625	0.7075
680.75	0.7075
680.875	0.7099
681.0	0.7075
681.125	0.7075
681.25	0.7091
681.375	0.7075
681.5	0.7075
681.625	0.7083
681.75	0.7083
681.875	0.7099
682.0	0.7106
682.125	0.7106
682.25	0.7075
682.375	0.7075
682.5	0.7099
682.625	0.7106
682.75	0.7083
682.875	0.7099
683.0	0.7114
683.125	0.7091
683.25	0.7075
683.375	0.7106
683.5	0.7122
683.625	0.7091
683.75	0.7122
683.875	0.7122
684.0	0.7122
684.125	0.7122
684.25	0.7106
684.375	0.7091
684.5	0.7075
684.625	0.7122
684.75	0.7083
684.875	0.7091
685.0	0.713
685.125	0.7114
685.25	0.7114
685.375	0.7122
685.5	0.7114
685.625	0.7106
685.75	0.7122
685.875	0.7122
686.0	0.7122
686.125	0.7122
686.25	0.7122
686.375	0.7106
686.5	0.7122
686.625	0.7122
686.75	0.7091
686.875	0.7122
687.0	0.7122
687.125	0.7122
687.25	0.7122
687.375	0.7122
687.5	0.7114
687.625	0.7122
687.75	0.7122
687.875	0.7106
688.0	0.7099
688.125	0.7083
688.25	0.7114
688.375	0.7099
688.5	0.7099
688.625	0.7114
688.75	0.7099
688.875	0.7075
689.0	0.7122
689.125	0.7122
689.25	0.7075
689.375	0.7099
689.5	0.7083
689.625	0.7099
689.75	0.7091
689.875	0.7083
690.0	0.7091
690.125	0.7106
690.25	0.7075
690.375	0.7075
690.5	0.7075
690.625	0.7075
690.75	0.7075
690.875	0.7059
691.0	0.7075
691.125	0.7067
691.25	0.7083
691.375	0.7075
691.5	0.7067
691.625	0.7075
691.75	0.7075
691.875	0.7075
692.0	0.7075
692.125	0.7075
692.25	0.7044
692.375	0.7036
692.5	0.7059
692.625	0.7051
692.75	0.7036
692.875	0.7036
693.0	0.7075
693.125	0.7067
693.25	0.7075
693.375	0.7075
693.5	0.7075
693.625	0.7075
693.75	0.7059
693.875	0.7067
694.0	0.7044
694.125	0.7067
694.25	0.7075
694.375	0.7067
694.5	0.7075
694.625	0.7075
694.75	0.7075
694.875	0.7067
695.0	0.7075
695.125	0.7075
695.25	0.7067
695.375	0.7075
695.5	0.7075
695.625	0.7075
695.75	0.7075
695.875	0.7075
696.0	0.7091
696.125	0.7083
696.25	0.7075
696.375	0.7106
696.5	0.7075
696.625	0.7075
696.75	0.7091
696.875	0.7075
697.0	0.7114
697.125	0.7122
697.25	0.7091
697.375	0.7099
697.5	0.7114
697.625	0.7083
697.75	0.7122
697.875	0.7075
698.0	0.7122
698.125	0.7122
698.25	0.7122
698.375	0.7114
698.5	0.7122
698.625	0.7114
698.75	0.7122
698.875	0.7122
699.0	0.7122
699.125	0.7122
699.25	0.7122
699.375	0.7099
699.5	0.7083
699.625	0.7099
699.75	0.7075
699.875	0.7075
700.0	0.7106
700.125	0.7099
700.25	0.7075
700.375	0.7099
700.5	0.7083
700.625	0.7083
700.75	0.7083
700.875	0.7075
701.0	0.7067
701.125	0.7075
701.25	0.7091
701.375	0.7075
701.5	0.7075
701.625	0.7075
701.75	0.7075
701.875	0.7075
702.0	0.7075
702.125	0.7091
702.25	0.7075
702.375	0.7075
702.5	0.7075
702.625	0.7099
702.75	0.7075
702.875	0.7075
703.0	0.7091
703.125	0.7091
703.25	0.7075
703.375	0.7075
703.5	0.7075
703.625	0.7083
703.75	0.7075
703.875	0.7075
704.0	0.7075
704.125	0.7067
704.25	0.7106
704.375	0.7075
704.5	0.7091
704.625	0.7075
704.75	0.7075
704.875	0.7075
705.0	0.7075
705.125	0.7091
705.25	0.7075
705.375	0.7083
705.5	0.7075
705.625	0.7075
705.75	0.7083
705.875	0.7083
706.0	0.7075
706.125	0.7075
706.25	0.7075
706.375	0.7075
706.5	0.7075
706.625	0.7075
706.75	0.7075
706.875	0.7075
707.0	0.7075
707.125	0.7075
707.25	0.7075
707.375	0.7067
707.5	0.7075
707.625	0.7083
707.75	0.7075
707.875	0.7075
708.0	0.7083
708.125	0.7075
708.25	0.7067
708.375	0.7075
708.5	0.7083
708.625	0.7075
708.75	0.7075
708.875	0.7106
709.0	0.7075
709.125	0.7075
709.25	0.7075
709.375	0.7075
709.5	0.7083
709.625	0.7075
709.75	0.7099
709.875	0.7091
710.0	0.7114
710.125	0.7091
710.25	0.7091
710.375	0.7114
710.5	0.7091
710.625	0.7106
710.75	0.7122
710.875	0.7122
711.0	0.7106
711.125	0.7122
711.25	0.7122
711.375	0.7122
711.5	0.7083
711.625	0.7122
711.75	0.7122
711.875	0.7122
712.0	0.7122
712.125	0.7122
712.25	0.7122
712.375	0.713
712.5	0.7122
712.625	0.7099
712.75	0.7122
712.875	0.7099
713.0	0.7122
713.125	0.7138
713.25	0.7122
713.375	0.7122
713.5	0.7114
713.625	0.7122
713.75	0.713
713.875	0.713
714.0	0.7122
714.125	0.7146
714.25	0.7169
714.375	0.7122
714.5	0.713
714.625	0.7122
714.75	0.7122
714.875	0.713
715.0	0.7122
715.125	0.7138
715.25	0.7122
715.375	0.7122
715.5	0.7122
715.625	0.7122
715.75	0.7122
715.875	0.713
716.0	0.7122
716.125	0.7122
716.25	0.7091
716.375	0.7122
716.5	0.7122
716.625	0.7114
716.75	0.7122
716.875	0.7091
717.0	0.7091
717.125	0.7091
717.25	0.7091
717.375	0.7091
717.5	0.7099
717.625	0.7091
717.75	0.7075
717.875	0.7099
718.0	0.7075
718.125	0.7091
718.25	0.7083
718.375	0.7083
718.5	0.7075
718.625	0.7075
718.75	0.7091
718.875	0.7099
719.0	0.7099
719.125	0.7106
719.25	0.7083
719.375	0.7114
719.5	0.7075
719.625	0.7075
719.75	0.7075
719.875	0.7083
720.0	0.7075
720.125	0.7075
720.25	0.7075
720.375	0.7075
720.5	0.7075
720.625	0.7083
720.75	0.7067
720.875	0.7051
721.0	0.7099
721.125	0.7075
721.25	0.7075
721.375	0.7075
721.5	0.7075
721.625	0.7075
721.75	0.7075
721.875	0.7075
722.0	0.7075
722.125	0.7075
722.25	0.7075
722.375	0.7075
722.5	0.7075
722.625	0.7051
722.75	0.7075
722.875	0.7067
723.0	0.7036
723.125	0.7067
723.25	0.7044
723.375	0.7075
723.5	0.7075
723.625	0.7067
723.75	0.7075
723.875	0.7075
724.0	0.7075
724.125	0.7044
724.25	0.7051
724.375	0.7059
724.5	0.7044
724.625	0.7044
724.75	0.7067
724.875	0.7051
725.0	0.7051
725.125	0.7051
725.25	0.7044
725.375	0.7075
725.5	0.7075
725.625	0.7075
725.75	0.7036
725.875	0.7051
726.0	0.7059
726.125	0.7028
726.25	0.7051
726.375	0.7051
726.5	0.7028
726.625	0.7067
726.75	0.7051
726.875	0.7051
727.0	0.7075
727.125	0.7075
727.25	0.7067
727.375	0.7075
727.5	0.7067
727.625	0.7067
727.75	0.7075
727.875	0.7075
728.0	0.7075
728.125	0.7075
728.25	0.7083
728.375	0.7106
728.5	0.7091
728.625	0.7075
728.75	0.7075
728.875	0.7122
729.0	0.7106
729.125	0.7106
729.25	0.7106
729.375	0.7114
729.5	0.7106
729.625	0.7099
729.75	0.7122
729.875	0.7154
730.0	0.7122
730.125	0.7122
730.25	0.7122
730.375	0.7122
730.5	0.7138
730.625	0.7138
730.75	0.7122
730.875	0.7154
731.0	0.7146
731.125	0.7138
731.25	0.713
731.375	0.7169
731.5	0.7138
731.625	0.7146
731.75	0.7169
731.875	0.7161
732.0	0.7169
732.125	0.7169
732.25	0.7169
732.375	0.7169
732.5	0.7177
732.625	0.7177
732.75	0.7169
732.875	0.7177
733.0	0.7209
733.125	0.7169
733.25	0.7169
733.375	0.7193
733.5	0.7169
733.625	0.7169
733.75	0.7209
733.875	0.7177
734.0	0.7177
734.125	0.7177
734.25	0.7185
734.375	0.7185
734.5	0.7185
734.625	0.7201
734.75	0.7169
734.875	0.7185
735.0	0.7169
735.125	0.7185
735.25	0.7201
735.375	0.7193
735.5	0.7201
735.625	0.7185
735.75	0.7185
735.875	0.7209
736.0	0.7216
736.125	0.7177
736.25	0.7169
736.375	0.7177
736.5	0.7201
736.625	0.7216
736.75	0.7209
736.875	0.7193
737.0	0.7209
737.125	0.7193
737.25	0.7216
737.375	0.7216
737.5	0.7201
737.625	0.7209
737.75	0.7185
737.875	0.7193
738.0	0.7209
738.125	0.7216
738.25	0.7169
738.375	0.7201
738.5	0.7216
738.625	0.7216
738.75	0.7216
738.875	0.7216
739.0	0.7216
739.125	0.7216
739.25	0.7216
739.375	0.7216
739.5	0.7216
739.625	0.7216
739.75	0.7216
739.875	0.7216
740.0	0.7248
740.125	0.7216
740.25	0.7216
740.375	0.7232
740.5	0.7216
740.625	0.7216
740.75	0.7216
740.875	0.7216
741.0	0.7216
741.125	0.7216
741.25	0.7216
741.375	0.7216
741.5	0.7216
741.625	0.7216
741.75	0.7216
741.875	0.7216
742.0	0.7216
742.125	0.7216
742.25	0.7216
742.375	0.7216
742.5	0.7216
742.625	0.7209
742.75	0.7209
742.875	0.7185
743.0	0.7193
743.125	0.7216
743.25	0.7216
743.375	0.7169
743.5	0.7169
743.625	0.7216
743.75	0.7177
743.875	0.7169
744.0	0.7169
744.125	0.7177
744.25	0.7201
744.375	0.7169
744.5	0.7169
744.625	0.7177
744.75	0.7169
744.875	0.7169
745.0	0.7193
745.125	0.7169
745.25	0.7201
745.375	0.7177
745.5	0.7193
745.625	0.7177
745.75	0.7169
745.875	0.7169
746.0	0.7193
746.125	0.7169
746.25	0.7169
746.375	0.7161
746.5	0.7169
746.625	0.7169
746.75	0.7169
746.875	0.7209
747.0	0.7185
747.125	0.7169
747.25	0.7169
747.375	0.7169
747.5	0.7169
747.625	0.7169
747.75	0.7177
747.875	0.7169
748.0	0.7169
748.125	0.7193
748.25	0.7169
748.375	0.7169
748.5	0.7185
748.625	0.7169
748.75	0.7169
748.875	0.7169
749.0	0.7169
749.125	0.7169
749.25	0.7169
749.375	0.7169
749.5	0.7169
749.625	0.7146
749.75	0.7122
749.875	0.7169
750.0	0.7169
750.125	0.7169
750.25	0.7169
750.375	0.7169
750.5	0.7177
750.625	0.7169
750.75	0.7169
750.875	0.7169
751.0	0.7169
751.125	0.7161
751.25	0.7169
751.375	0.7169
751.5	0.7169
751.625	0.7177
751.75	0.7169
751.875	0.7169
752.0	0.7169
752.125	0.7177
752.25	0.7177
752.375	0.7169
752.5	0.7177
752.625	0.7193
752.75	0.7185
752.875	0.7201
753.0	0.7177
753.125	0.7216
753.25	0.7224
753.375	0.7216
753.5	0.7216
753.625	0.724
753.75	0.7264
753.875	0.7264
754.0	0.7272
754.125	0.7264
754.25	0.7264
754.375	0.7264
754.5	0.7287
754.625	0.7279
754.75	0.7264
754.875	0.7279
755.0	0.7264
755.125	0.7272
755.25	0.7272
755.375	0.724
755.5	0.7216
755.625	0.7224
755.75	0.7216
755.875	0.7209
756.0	0.7216
756.125	0.7224
756.25	0.7216
756.375	0.7224
756.5	0.7216
756.625	0.7216
756.75	0.7216
756.875	0.7209
757.0	0.7216
757.125	0.7216
757.25	0.7216
757.375	0.7209
757.5	0.7216
757.625	0.7224
757.75	0.7232
757.875	0.7216
758.0	0.7216
758.125	0.7224
758.25	0.7216
758.375	0.7216
758.5	0.7232
758.625	0.7224
758.75	0.7264
758.875	0.7224
759.0	0.7216
759.125	0.724
759.25	0.724
759.375	0.7216
759.5	0.7216
759.625	0.7232
759.75	0.7224
759.875	0.7224
760.0	0.7216
760.125	0.7216
760.25	0.7224
760.375	0.7216
760.5	0.7232
760.625	0.7224
760.75	0.7248
760.875	0.724
761.0	0.7224
761.125	0.7216
761.25	0.7224
761.375	0.7216
761.5	0.7216
761.625	0.7216
761.75	0.7216
761.875	0.7216
762.0	0.7216
762.125	0.7216
762.25	0.7216
762.375	0.7201
762.5	0.7216
762.625	0.7216
762.75	0.7216
762.875	0.7216
763.0	0.7216
763.125	0.7216
763.25	0.7216
763.375	0.7216
763.5	0.7216
763.625	0.7216
763.75	0.7216
763.875	0.7216
764.0	0.7216
764.125	0.7216
764.25	0.7216
764.375	0.7216
764.5	0.7209
764.625	0.7216
764.75	0.7216
764.875	0.7216
765.0	0.7216
765.125	0.7216
765.25	0.7216
765.375	0.7216
765.5	0.7209
765.625	0.7209
765.75	0.7216
765.875	0.7216
766.0	0.7224
766.125	0.7216
766.25	0.7201
766.375	0.7209
766.5	0.7216
766.625	0.7193
766.75	0.7209
766.875	0.7216
767.0	0.7216
767.125	0.7216
767.25	0.7216
767.375	0.7216
767.5	0.7216
767.625	0.7209
767.75	0.7193
767.875	0.7209
768.0	0.7193
768.125	0.7216
768.25	0.7209
768.375	0.7193
768.5	0.7193
768.625	0.7169
768.75	0.7169
768.875	0.7201
769.0	0.7169
769.125	0.7209
769.25	0.7177
769.375	0.7185
769.5	0.7169
769.625	0.7177
769.75	0.7169
769.875	0.7177
770.0	0.7177
770.125	0.7177
770.25	0.7169
770.375	0.7177
770.5	0.7169
770.625	0.7169
770.75	0.7169
770.875	0.7169
771.0	0.7169
771.125	0.7169
771.25	0.7169
771.375	0.7169
771.5	0.7169
771.625	0.7154
771.75	0.7169
771.875	0.7146
772.0	0.7146
772.125	0.7169
772.25	0.7169
772.375	0.7154
772.5	0.7146
772.625	0.7146
772.75	0.7146
772.875	0.7161
773.0	0.7122
773.125	0.7122
773.25	0.713
773.375	0.7161
773.5	0.7138
773.625	0.7161
773.75	0.7161
773.875	0.7138
774.0	0.7122
774.125	0.7146
774.25	0.7161
774.375	0.7169
774.5	0.7154
774.625	0.7146
774.75	0.7161
774.875	0.7146
775.0	0.7146
775.125	0.7169
775.25	0.7169
775.375	0.7169
775.5	0.7169
775.625	0.7169
775.75	0.7169
775.875	0.7161
776.0	0.7154
776.125	0.7161
776.25	0.7169
776.375	0.7161
776.5	0.7169
776.625	0.7154
776.75	0.7169
776.875	0.7154
777.0	0.7169
777.125	0.7169
777.25	0.7169
777.375	0.7177
777.5	0.7169
777.625	0.7185
777.75	0.7169
777.875	0.7169
778.0	0.7177
778.125	0.7201
778.25	0.7177
778.375	0.7193
778.5	0.7169
778.625	0.7177
778.75	0.7169
778.875	0.7169
779.0	0.7169
779.125	0.7169
779.25	0.7169
779.375	0.7209
779.5	0.7216
779.625	0.7169
779.75	0.7169
779.875	0.7201
780.0	0.7193
780.125	0.7201
780.25	0.7193
780.375	0.7177
780.5	0.7193
780.625	0.7209
780.75	0.7185
780.875	0.7185
781.0	0.7169
781.125	0.7193
781.25	0.7177
781.375	0.7209
781.5	0.7216
781.625	0.7209
781.75	0.7201
781.875	0.7216
782.0	0.7209
782.125	0.7216
782.25	0.7216
782.375	0.7201
782.5	0.7201
782.625	0.7209
782.75	0.7216
782.875	0.7216
783.0	0.7201
783.125	0.7201
783.25	0.7216
783.375	0.7216
783.5	0.7224
783.625	0.7193
783.75	0.7177
783.875	0.7216
784.0	0.7216
784.125	0.7209
784.25	0.7216
784.375	0.7216
784.5	0.7209
784.625	0.7209
784.75	0.7216
784.875	0.7216
785.0	0.7216
785.125	0.7216
785.25	0.7216
785.375	0.7216
785.5	0.7216
785.625	0.7216
785.75	0.7224
785.875	0.7216
786.0	0.7216
786.125	0.724
786.25	0.7216
786.375	0.7216
786.5	0.7216
786.625	0.7232
786.75	0.7232
786.875	0.7216
787.0	0.7216
787.125	0.7224
787.25	0.7216
787.375	0.7216
787.5	0.7216
787.625	0.7216
787.75	0.7232
787.875	0.7216
788.0	0.7216
788.125	0.7216
788.25	0.7216
788.375	0.7201
788.5	0.7201
788.625	0.7216
788.75	0.7201
788.875	0.7216
789.0	0.7216
789.125	0.7216
789.25	0.7216
789.375	0.7185
789.5	0.7177
789.625	0.7216
789.75	0.7193
789.875	0.7216
790.0	0.7185
790.125	0.7216
790.25	0.7193
790.375	0.7177
790.5	0.7193
790.625	0.7216
790.75	0.7193
790.875	0.7216
791.0	0.7216
791.125	0.7201
791.25	0.7193
791.375	0.7177
791.5	0.7216
791.625	0.7185
791.75	0.7169
791.875	0.7185
792.0	0.7209
792.125	0.7201
792.25	0.7216
792.375	0.7209
792.5	0.7201
792.625	0.7193
792.75	0.7209
792.875	0.7201
793.0	0.7216
793.125	0.7216
793.25	0.7216
793.375	0.7216
793.5	0.7209
793.625	0.7216
793.75	0.7177
793.875	0.7201
794.0	0.7201
794.125	0.7209
794.25	0.7201
794.375	0.7209
794.5	0.7185
794.625	0.7201
794.75	0.7201
794.875	0.7201
795.0	0.7193
795.125	0.7177
795.25	0.7177
795.375	0.7216
795.5	0.7177
795.625	0.7169
795.75	0.7169
795.875	0.7201
796.0	0.7209
796.125	0.7209
796.25	0.7201
796.375	0.7216
796.5	0.7216
796.625	0.7216
796.75	0.7169
796.875	0.7216
797.0	0.7209
797.125	0.7193
797.25	0.7216
797.375	0.7216
797.5	0.7209
797.625	0.7216
797.75	0.7216
797.875	0.7201
798.0	0.7216
798.125	0.7216
798.25	0.7216
798.375	0.7216
798.5	0.7209
798.625	0.7216
798.75	0.7264
798.875	0.7216
799.0	0.7216
799.125	0.7224
799.25	0.7216
799.375	0.724
799.5	0.7256
799.625	0.7256
799.75	0.7264
799.875	0.7248
800.0	0.7264
800.125	0.7272
800.25	0.7264
800.375	0.7264
800.5	0.7287
800.625	0.7272
800.75	0.7287
800.875	0.7311
801.0	0.7311
801.125	0.7311
801.25	0.7311
801.375	0.7303
801.5	0.7311
801.625	0.7303
801.75	0.7303
801.875	0.7295
802.0	0.7264
802.125	0.7279
802.25	0.7264
802.375	0.7264
802.5	0.7272
802.625	0.7256
802.75	0.7264
802.875	0.7256
803.0	0.7216
803.125	0.7216
803.25	0.7216
803.375	0.7177
803.5	0.7193
803.625	0.7209
803.75	0.7216
803.875	0.7185
804.0	0.7193
804.125	0.7216
804.25	0.7185
804.375	0.7177
804.5	0.7177
804.625	0.7177
804.75	0.7169
804.875	0.7216
805.0	0.7185
805.125	0.7185
805.25	0.7185
805.375	0.7193
805.5	0.7169
805.625	0.7169
805.75	0.7169
805.875	0.7177
806.0	0.7169
806.125	0.7169
806.25	0.7169
806.375	0.7193
806.5	0.7177
806.625	0.7193
806.75	0.7169
806.875	0.7177
807.0	0.7193
807.125	0.7177
807.25	0.7177
807.375	0.7193
807.5	0.7193
807.625	0.7177
807.75	0.7185
807.875	0.7169
808.0	0.7201
808.125	0.7201
808.25	0.7209
808.375	0.7216
808.5	0.7201
808.625	0.7216
808.75	0.7185
808.875	0.7201
809.0	0.7216
809.125	0.7216
809.25	0.7216
809.375	0.7216
809.5	0.7216
809.625	0.7177
809.75	0.7209
809.875	0.7201
810.0	0.7177
810.125	0.7216
810.25	0.7201
810.375	0.7185
810.5	0.7177
810.625	0.7209
810.75	0.7201
810.875	0.7201
811.0	0.7169
811.125	0.7193
811.25	0.7216
811.375	0.7216
811.5	0.7216
811.625	0.7216
811.75	0.7216
811.875	0.7216
812.0	0.7201
812.125	0.7193
812.25	0.7185
812.375	0.7177
812.5	0.7216
812.625	0.7209
812.75	0.7216
812.875	0.7201
813.0	0.7201
813.125	0.7177
813.25	0.7193
813.375	0.7216
813.5	0.7209
813.625	0.7216
813.75	0.7216
813.875	0.7201
814.0	0.7193
814.125	0.7177
814.25	0.7193
814.375	0.7177
814.5	0.7201
814.625	0.7216
814.75	0.7216
814.875	0.7209
815.0	0.7209
815.125	0.7209
815.25	0.7193
815.375	0.7201
815.5	0.7169
815.625	0.7169
815.75	0.7177
815.875	0.7169
816.0	0.7201
816.125	0.7201
816.25	0.7209
816.375	0.7185
816.5	0.7169
816.625	0.7185
816.75	0.7201
816.875	0.7193
817.0	0.7185
817.125	0.7169
817.25	0.7177
817.375	0.7201
817.5	0.7193
817.625	0.7185
817.75	0.7201
817.875	0.7169
818.0	0.7185
818.125	0.7177
818.25	0.7169
818.375	0.7169
818.5	0.7169
818.625	0.7201
818.75	0.7201
818.875	0.7169
819.0	0.7169
819.125	0.7177
819.25	0.7169
819.375	0.7169
819.5	0.7177
819.625	0.7177
819.75	0.7161
819.875	0.7169
820.0	0.7177
820.125	0.7169
820.25	0.7169
820.375	0.7169
820.5	0.7185
820.625	0.7177
820.75	0.7169
820.875	0.7185
821.0	0.7169
821.125	0.7169
821.25	0.7169
821.375	0.7177
821.5	0.7177
821.625	0.7177
821.75	0.7169
821.875	0.7177
822.0	0.7169
822.125	0.7169
822.25	0.7169
822.375	0.7169
822.5	0.7169
822.625	0.7169
822.75	0.7177
822.875	0.7169
823.0	0.7169
823.125	0.7169
823.25	0.7169
823.375	0.7169
823.5	0.713
823.625	0.7138
823.75	0.7161
823.875	0.7169
824.0	0.7146
824.125	0.7161
824.25	0.7169
824.375	0.7169
824.5	0.7169
824.625	0.7138
824.75	0.7138
824.875	0.7154
825.0	0.7161
825.125	0.7154
825.25	0.7169
825.375	0.7161
825.5	0.7146
825.625	0.7146
825.75	0.7161
825.875	0.7146
826.0	0.713
826.125	0.7138
826.25	0.7169
826.375	0.7154
826.5	0.7146
826.625	0.7146
826.75	0.7122
826.875	0.7138
827.0	0.7138
827.125	0.7161
827.25	0.713
827.375	0.7146
827.5	0.713
827.625	0.7122
827.75	0.7169
827.875	0.7154
828.0	0.7122
828.125	0.7161
828.25	0.7154
828.375	0.7138
828.5	0.713
828.625	0.713
828.75	0.7161
828.875	0.713
829.0	0.7169
829.125	0.7161
829.25	0.713
829.375	0.7169
829.5	0.7154
829.625	0.7161
829.75	0.7146
829.875	0.7161
830.0	0.7154
830.125	0.7161
830.25	0.7154
830.375	0.7169
830.5	0.7169
830.625	0.7169
830.75	0.7169
830.875	0.7169
831.0	0.7146
831.125	0.7161
831.25	0.7169
831.375	0.7169
831.5	0.7169
831.625	0.7169
831.75	0.7161
831.875	0.7169
832.0	0.7169
832.125	0.7169
832.25	0.7169
832.375	0.7169
832.5	0.7161
832.625	0.7154
832.75	0.7169
832.875	0.7169
833.0	0.7161
833.125	0.7161
833.25	0.7169
833.375	0.7169
833.5	0.7161
833.625	0.7161
833.75	0.7169
833.875	0.7169
834.0	0.7169
834.125	0.7169
834.25	0.7161
834.375	0.7161
834.5	0.7169
834.625	0.7169
834.75	0.713
834.875	0.7161
835.0	0.7146
835.125	0.7154
835.25	0.7169
835.375	0.7161
835.5	0.7154
835.625	0.7169
835.75	0.7169
835.875	0.7169
836.0	0.7169
836.125	0.713
836.25	0.7154
836.375	0.7169
836.5	0.7169
836.625	0.7169
836.75	0.7169
836.875	0.7169
837.0	0.713
837.125	0.7169
837.25	0.7169
837.375	0.7161
837.5	0.7169
837.625	0.7169
837.75	0.7169
837.875	0.7169
838.0	0.7161
838.125	0.7146
838.25	0.7169
838.375	0.7169
838.5	0.7169
838.625	0.7169
838.75	0.7169
838.875	0.7169
839.0	0.7169
839.125	0.7161
839.25	0.7169
839.375	0.7169
839.5	0.7169
839.625	0.7154
839.75	0.7169
839.875	0.7169
840.0	0.7169
840.125	0.7169
840.25	0.7169
840.375	0.7169
840.5	0.7169
840.625	0.7169
840.75	0.7169
840.875	0.7185
841.0	0.7177
841.125	0.7161
841.25	0.7169
841.375	0.7169
841.5	0.7169
841.625	0.7177
841.75	0.7161
841.875	0.7169
842.0	0.7154
842.125	0.7169
842.25	0.7169
842.375	0.7154
842.5	0.7185
842.625	0.7169
842.75	0.7169
842.875	0.7169
843.0	0.7169
843.125	0.7169
843.25	0.7169
843.375	0.7169
843.5	0.7169
843.625	0.7169
843.75	0.7169
843.875	0.7169
844.0	0.7169
844.125	0.7169
844.25	0.7169
844.375	0.7154
844.5	0.7169
844.625	0.7169
844.75	0.7169
844.875	0.7161
845.0	0.7161
845.125	0.7177
845.25	0.7169
845.375	0.7169
845.5	0.7169
845.625	0.7169
845.75	0.7161
845.875	0.7169
846.0	0.7169
846.125	0.7193
846.25	0.7169
846.375	0.7169
846.5	0.7169
846.625	0.7185
846.75	0.7169
846.875	0.7169
847.0	0.7169
847.125	0.7177
847.25	0.7169
847.375	0.7169
847.5	0.7169
847.625	0.7161
847.75	0.7146
847.875	0.7154
848.0	0.7169
848.125	0.7169
848.25	0.7169
848.375	0.7169
848.5	0.7169
848.625	0.7169
848.75	0.7169
848.875	0.7169
849.0	0.7154
849.125	0.7185
849.25	0.7161
849.375	0.7169
849.5	0.7177
849.625	0.7169
849.75	0.7161
849.875	0.7161
850.0	0.7169
850.125	0.7169
850.25	0.7169
850.375	0.7169
850.5	0.7169
850.625	0.7185
850.75	0.7169
850.875	0.7161
851.0	0.7169
851.125	0.7169
851.25	0.7169
851.375	0.7185
851.5	0.7185
851.625	0.7201
851.75	0.7177
851.875	0.7177
852.0	0.7209
852.125	0.7177
852.25	0.7185
852.375	0.7201
852.5	0.7216
852.625	0.7193
852.75	0.7169
852.875	0.7201
853.0	0.7209
853.125	0.7201
853.25	0.7201
853.375	0.7216
853.5	0.7216
853.625	0.7216
853.75	0.7201
853.875	0.7185
854.0	0.7209
854.125	0.7224
854.25	0.7201
854.375	0.7201
854.5	0.7216
854.625	0.7216
854.75	0.7216
854.875	0.7185
855.0	0.7201
855.125	0.7216
855.25	0.7216
855.375	0.7224
855.5	0.7216
855.625	0.7216
855.75	0.7216
855.875	0.7216
856.0	0.7209
856.125	0.7216
856.25	0.7209
856.375	0.7209
856.5	0.7216
856.625	0.7209
856.75	0.7201
856.875	0.7201
857.0	0.7209
857.125	0.7169
857.25	0.7169
857.375	0.7185
857.5	0.7169
857.625	0.7169
857.75	0.7177
857.875	0.7169
858.0	0.7177
858.125	0.7169
858.25	0.7169
858.375	0.7169
858.5	0.7177
858.625	0.7169
858.75	0.7169
858.875	0.7169
859.0	0.7169
859.125	0.7177
859.25	0.7169
859.375	0.7185
859.5	0.7169
859.625	0.7169
859.75	0.7185
859.875	0.7177
860.0	0.7169
860.125	0.7169
860.25	0.7169
860.375	0.7169
860.5	0.7169
860.625	0.7169
860.75	0.7169
860.875	0.7169
861.0	0.7169
861.125	0.7169
861.25	0.7169
861.375	0.7169
861.5	0.7169
861.625	0.7146
861.75	0.7169
861.875	0.7169
862.0	0.7169
862.125	0.7161
862.25	0.7169
862.375	0.7177
862.5	0.7169
862.625	0.7169
862.75	0.7169
862.875	0.7169
863.0	0.7169
863.125	0.7169
863.25	0.7161
863.375	0.7138
863.5	0.7169
863.625	0.7154
863.75	0.7169
863.875	0.7169
864.0	0.7161
864.125	0.7161
864.25	0.7169
864.375	0.7154
864.5	0.7169
864.625	0.7169
864.75	0.7169
864.875	0.7169
865.0	0.7169
865.125	0.7169
865.25	0.7169
865.375	0.7161
865.5	0.7169
865.625	0.7154
865.75	0.7138
865.875	0.7146
866.0	0.7146
866.125	0.7169
866.25	0.7169
866.375	0.7169
866.5	0.7169
866.625	0.7169
866.75	0.7169
866.875	0.7161
867.0	0.7177
867.125	0.7169
867.25	0.7154
867.375	0.7169
867.5	0.7154
867.625	0.7169
867.75	0.7146
867.875	0.7161
868.0	0.7169
868.125	0.7177
868.25	0.7161
868.375	0.7146
868.5	0.7138
868.625	0.7169
868.75	0.7169
868.875	0.7169
869.0	0.7169
869.125	0.7146
869.25	0.7169
869.375	0.7177
869.5	0.7161
869.625	0.7138
869.75	0.7122
869.875	0.7154
870.0	0.7154
870.125	0.7146
870.25	0.7169
870.375	0.7154
870.5	0.7138
870.625	0.713
870.75	0.7122
870.875	0.7146
871.0	0.7169
871.125	0.7169
871.25	0.7138
871.375	0.7169
871.5	0.7169
871.625	0.7169
871.75	0.7169
871.875	0.7154
872.0	0.7169
872.125	0.7161
872.25	0.7169
872.375	0.7161
872.5	0.7169
872.625	0.7138
872.75	0.7146
872.875	0.7161
873.0	0.7169
873.125	0.7169
873.25	0.7161
873.375	0.7169
873.5	0.7169
873.625	0.7154
873.75	0.7154
873.875	0.7161
874.0	0.7169
874.125	0.7169
874.25	0.7154
874.375	0.7161
874.5	0.7169
874.625	0.7138
874.75	0.7169
874.875	0.7169
875.0	0.7138
875.125	0.7146
875.25	0.7154
875.375	0.7169
875.5	0.7177
875.625	0.7169
875.75	0.7169
875.875	0.7169
876.0	0.7201
876.125	0.7169
876.25	0.7169
876.375	0.7177
876.5	0.7169
876.625	0.7146
876.75	0.7169
876.875	0.7169
877.0	0.7169
877.125	0.7177
877.25	0.7193
877.375	0.7169
877.5	0.7169
877.625	0.7193
877.75	0.7216
877.875	0.7201
878.0	0.7209
878.125	0.7209
878.25	0.7216
878.375	0.7216
878.5	0.7216
878.625	0.7216
878.75	0.7216
878.875	0.7216
879.0	0.7209
879.125	0.7209
879.25	0.7216
879.375	0.7216
879.5	0.7216
879.625	0.7216
879.75	0.7216
879.875	0.7209
880.0	0.7209
880.125	0.7216
880.25	0.7193
880.375	0.7216
880.5	0.7177
880.625	0.7209
880.75	0.7169
880.875	0.7169
881.0	0.7193
881.125	0.7177
881.25	0.7169
881.375	0.7193
881.5	0.7193
881.625	0.7201
881.75	0.7216
881.875	0.7169
882.0	0.7185
882.125	0.7185
882.25	0.7169
882.375	0.7177
882.5	0.7169
882.625	0.7185
882.75	0.7177
882.875	0.7201
883.0	0.7169
883.125	0.7185
883.25	0.7169
883.375	0.7169
883.5	0.7169
883.625	0.7177
883.75	0.7169
883.875	0.7177
884.0	0.7161
884.125	0.7169
884.25	0.7169
884.375	0.7177
884.5	0.7169
884.625	0.7169
884.75	0.7177
884.875	0.7177
885.0	0.7177
885.125	0.7161
885.25	0.7169
885.375	0.7169
885.5	0.7169
885.625	0.7169
885.75	0.7169
885.875	0.7169
886.0	0.7161
886.125	0.7161
886.25	0.7169
886.375	0.7169
886.5	0.7169
886.625	0.7169
886.75	0.7169
886.875	0.7169
887.0	0.7169
887.125	0.7154
887.25	0.7169
887.375	0.7169
887.5	0.7169
887.625	0.7169
887.75	0.7169
887.875	0.7161
888.0	0.7169
888.125	0.7169
888.25	0.7169
888.375	0.7146
888.5	0.7169
888.625	0.7169
888.75	0.7161
888.875	0.7154
889.0	0.7161
889.125	0.7169
889.25	0.7169
889.375	0.7169
889.5	0.7161
889.625	0.7169
889.75	0.7161
889.875	0.7169
890.0	0.7169
890.125	0.7161
890.25	0.7169
890.375	0.7161
890.5	0.7161
890.625	0.7154
890.75	0.7169
890.875	0.7169
891.0	0.7122
891.125	0.7154
891.25	0.7177
891.375	0.7169
891.5	0.7169
891.625	0.7154
891.75	0.7169
891.875	0.7161
892.0	0.7154
892.125	0.7169
892.25	0.7169
892.375	0.7169
892.5	0.713
892.625	0.7154
892.75	0.7169
892.875	0.7146
893.0	0.713
893.125	0.7161
893.25	0.7169
893.375	0.7154
893.5	0.7161
893.625	0.7161
893.75	0.7169
893.875	0.7154
894.0	0.7161
894.125	0.7138
894.25	0.7169
894.375	0.7146
894.5	0.713
894.625	0.7122
894.75	0.713
894.875	0.7146
895.0	0.713
895.125	0.7122
895.25	0.7154
895.375	0.7138
895.5	0.7146
895.625	0.7154
895.75	0.7161
895.875	0.7161
896.0	0.7146
896.125	0.7138
896.25	0.7146
896.375	0.7138
896.5	0.7138
896.625	0.7138
896.75	0.7169
896.875	0.7169
897.0	0.7154
897.125	0.7146
897.25	0.7154
897.375	0.7146
897.5	0.7122
897.625	0.7169
897.75	0.7154
897.875	0.7154
898.0	0.7169
898.125	0.7169
898.25	0.713
898.375	0.7169
898.5	0.7146
898.625	0.7146
898.75	0.7122
898.875	0.7138
899.0	0.7161
899.125	0.7138
899.25	0.7146
899.375	0.713
899.5	0.713
899.625	0.7154
899.75	0.713
899.875	0.7161
