900.0	0.0566
899.875	0.0566
899.75	0.0558
899.625	0.0566
899.5	0.0566
899.375	0.0558
899.25	0.0566
899.125	0.0573
899.0	0.0573
898.875	0.0558
898.75	0.0566
898.625	0.0566
898.5	0.0566
898.375	0.0558
898.25	0.0581
898.125	0.0566
898.0	0.0566
897.875	0.0566
897.75	0.0566
897.625	0.0566
897.5	0.0566
897.375	0.055
897.25	0.0558
897.125	0.0542
897.0	0.0534
896.875	0.0518
896.75	0.0526
896.625	0.0518
896.5	0.0518
896.375	0.0518
896.25	0.0495
896.125	0.0487
896.0	0.0471
895.875	0.0471
895.75	0.0463
895.625	0.0463
895.5	0.0455
895.375	0.0448
895.25	0.044
895.125	0.044
895.0	0.044
894.875	0.0424
894.75	0.0424
894.625	0.0424
894.5	0.0416
894.375	0.0424
894.25	0.0408
894.125	0.0424
894.0	0.0408
893.875	0.0416
893.75	0.0408
893.625	0.04
893.5	0.04
893.375	0.0408
893.25	0.0408
893.125	0.0424
893.0	0.0408
892.875	0.0416
892.75	0.0424
892.625	0.0424
892.5	0.0424
892.375	0.04
892.25	0.0408
892.125	0.0424
892.0	0.04
891.875	0.0393
891.75	0.0393
891.625	0.0377
891.5	0.0377
891.375	0.0385
891.25	0.0385
891.125	0.0408
891.0	0.04
890.875	0.0408
890.75	0.0385
890.625	0.0408
890.5	0.0393
890.375	0.04
890.25	0.04
890.125	0.0385
890.0	0.0377
889.875	0.04
889.75	0.0393
889.625	0.0377
889.5	0.0385
889.375	0.0377
889.25	0.0385
889.125	0.0393
889.0	0.0377
888.875	0.0377
888.75	0.0377
888.625	0.0377
888.5	0.0377
888.375	0.0377
888.25	0.0377
888.125	0.0377
888.0	0.0393
887.875	0.0393
887.75	0.0416
887.625	0.0424
887.5	0.0424
887.375	0.0424
887.25	0.0424
887.125	0.0408
887.0	0.0416
886.875	0.0424
886.75	0.0424
886.625	0.0424
886.5	0.0424
886.375	0.0424
886.25	0.0416
886.125	0.0424
886.0	0.0424
885.875	0.0424
885.75	0.0424
885.625	0.0424
885.5	0.0424
885.375	0.0424
885.25	0.0424
885.125	0.0424
885.0	0.0424
884.875	0.0424
884.75	0.0424
884.625	0.0416
884.5	0.0424
884.375	0.0424
884.25	0.0416
884.125	0.0424
884.0	0.0424
883.875	0.0424
883.75	0.0424
883.625	0.0416
883.5	0.0424
883.375	0.0416
883.25	0.0432
883.125	0.0424
883.0	0.0424
882.875	0.0416
882.75	0.0432
882.625	0.0432
882.5	0.0424
882.375	0.0424
882.25	0.0424
882.125	0.0424
882.0	0.0424
881.875	0.0424
881.75	0.0424
881.625	0.0408
881.5	0.0424
881.375	0.0424
881.25	0.0416
881.125	0.0424
881.0	0.0416
880.875	0.0416
880.75	0.0424
880.625	0.0424
880.5	0.0416
880.375	0.0424
880.25	0.0424
880.125	0.0424
880.0	0.0455
879.875	0.0455
879.75	0.0471
879.625	0.0471
879.5	0.0471
879.375	0.0471
879.25	0.0487
879.125	0.0471
879.0	0.0487
878.875	0.0471
878.75	0.0471
878.625	0.0479
878.5	0.0495
878.375	0.0487
878.25	0.0511
878.125	0.0518
878.0	0.0518
877.875	0.0495
877.75	0.0518
877.625	0.0518
877.5	0.0518
877.375	0.0518
877.25	0.0518
877.125	0.0518
877.0	0.0534
876.875	0.0518
876.75	0.0534
876.625	0.0534
876.5	0.0542
876.375	0.0566
876.25	0.0558
876.125	0.0542
876.0	0.0542
875.875	0.0566
875.75	0.055
875.625	0.0566
875.5	0.0534
875.375	0.0558
875.25	0.0558
875.125	0.0534
875.0	0.0566
874.875	0.055
874.75	0.0542
874.625	0.0526
874.5	0.0542
874.375	0.0518
874.25	0.0558
874.125	0.0558
874.0	0.0542
873.875	0.0558
873.75	0.0566
873.625	0.0566
873.5	0.0542
873.375	0.0558
873.25	0.0542
873.125	0.0542
873.0	0.0558
872.875	0.055
872.75	0.0534
872.625	0.0542
872.5	0.0526
872.375	0.0542
872.25	0.0534
872.125	0.0534
872.0	0.0534
871.875	0.0526
871.75	0.0542
871.625	0.0526
871.5	0.0534
871.375	0.0518
871.25	0.0526
871.125	0.0526
871.0	0.0526
870.875	0.0518
870.75	0.0542
870.625	0.0526
870.5	0.055
870.375	0.0542
870.25	0.0534
870.125	0.0518
870.0	0.0518
869.875	0.0534
869.75	0.0534
869.625	0.0518
869.5	0.0526
869.375	0.0518
869.25	0.0526
869.125	0.0518
869.0	0.0518
868.875	0.0518
868.75	0.0518
868.625	0.0518
868.5	0.0518
868.375	0.0518
868.25	0.0518
868.125	0.0518
868.0	0.0518
867.875	0.0518
867.75	0.0526
867.625	0.0526
867.5	0.0534
867.375	0.0518
867.25	0.0518
867.125	0.0518
867.0	0.0518
866.875	0.0518
866.75	0.0518
866.625	0.0518
866.5	0.0518
866.375	0.0518
866.25	0.0518
866.125	0.0534
866.0	0.0518
865.875	0.0526
865.75	0.0518
865.625	0.0518
865.5	0.0518
865.375	0.0518
865.25	0.0518
865.125	0.0511
865.0	0.0526
864.875	0.0518
864.75	0.0518
864.625	0.0518
864.5	0.0518
864.375	0.0518
864.25	0.0518
864.125	0.0518
864.0	0.0518
863.875	0.0518
863.75	0.0518
863.625	0.0518
863.5	0.0518
863.375	0.0518
863.25	0.0518
863.125	0.0518
863.0	0.0518
862.875	0.0518
862.75	0.0518
862.625	0.0518
862.5	0.0518
862.375	0.0518
862.25	0.0518
862.125	0.0518
862.0	0.0518
861.875	0.0518
861.75	0.0518
861.625	0.0518
861.5	0.0518
861.375	0.0518
861.25	0.0518
861.125	0.0518
861.0	0.0518
860.875	0.0518
860.75	0.0526
860.625	0.0518
860.5	0.0518
860.375	0.0518
860.25	0.0518
860.125	0.0511
860.0	0.0518
859.875	0.0518
859.75	0.0518
859.625	0.0511
859.5	0.0518
859.375	0.0518
859.25	0.0518
859.125	0.0518
859.0	0.0518
858.875	0.0511
858.75	0.0518
858.625	0.0518
858.5	0.0511
858.375	0.0518
858.25	0.0518
858.125	0.0518
858.0	0.0518
857.875	0.0518
857.75	0.0518
857.625	0.0511
857.5	0.0511
857.375	0.0503
857.25	0.0518
857.125	0.0518
857.0	0.0511
856.875	0.0518
856.75	0.0511
856.625	0.0518
856.5	0.0511
856.375	0.0526
856.25	0.0511
856.125	0.0518
856.0	0.0518
855.875	0.0518
855.75	0.0518
855.625	0.0518
855.5	0.0511
855.375	0.0518
855.25	0.0518
855.125	0.0518
855.0	0.0518
854.875	0.0518
854.75	0.0518
854.625	0.0495
854.5	0.0518
854.375	0.0511
854.25	0.0518
854.125	0.0511
854.0	0.0495
853.875	0.0511
853.75	0.0518
853.625	0.0511
853.5	0.0503
853.375	0.0518
853.25	0.0511
853.125	0.0518
853.0	0.0495
852.875	0.0518
852.75	0.0503
852.625	0.0518
852.5	0.0518
852.375	0.0518
852.25	0.0518
852.125	0.0518
852.0	0.0518
851.875	0.0518
851.75	0.0518
851.625	0.0518
851.5	0.0518
851.375	0.0518
851.25	0.0511
851.125	0.0503
851.0	0.0511
850.875	0.0526
850.75	0.0503
850.625	0.0518
850.5	0.0518
850.375	0.0503
850.25	0.0503
850.125	0.0495
850.0	0.0518
849.875	0.0487
849.75	0.0518
849.625	0.0518
849.5	0.0518
849.375	0.0511
849.25	0.0511
849.125	0.0503
849.0	0.0518
848.875	0.0511
848.75	0.0518
848.625	0.0511
848.5	0.0495
848.375	0.0518
848.25	0.0518
848.125	0.0518
848.0	0.0518
847.875	0.0503
847.75	0.0511
847.625	0.0511
847.5	0.0511
847.375	0.0518
847.25	0.0511
847.125	0.0518
847.0	0.0495
846.875	0.0518
846.75	0.0503
846.625	0.0503
846.5	0.0518
846.375	0.0503
846.25	0.0503
846.125	0.0518
846.0	0.0503
845.875	0.0495
845.75	0.0518
845.625	0.0518
845.5	0.0518
845.375	0.0518
845.25	0.0518
845.125	0.0511
845.0	0.0518
844.875	0.0518
844.75	0.0518
844.625	0.0518
844.5	0.0518
844.375	0.0518
844.25	0.0518
844.125	0.0511
844.0	0.0511
843.875	0.0526
843.75	0.0518
843.625	0.0518
843.5	0.0503
843.375	0.0518
843.25	0.0518
843.125	0.0511
843.0	0.0518
842.875	0.0518
842.75	0.0518
842.625	0.0495
842.5	0.0518
842.375	0.0511
842.25	0.0518
842.125	0.0518
842.0	0.0518
841.875	0.0511
841.75	0.0518
841.625	0.0511
841.5	0.0511
841.375	0.0518
841.25	0.0518
841.125	0.0518
841.0	0.0518
840.875	0.0518
840.75	0.0518
840.625	0.0518
840.5	0.0495
840.375	0.0518
840.25	0.0518
840.125	0.0518
840.0	0.0495
839.875	0.0518
839.75	0.0518
839.625	0.0511
839.5	0.0518
839.375	0.0518
839.25	0.0518
839.125	0.0518
839.0	0.0518
838.875	0.0503
838.75	0.0518
838.625	0.0518
838.5	0.0518
838.375	0.0518
838.25	0.0518
838.125	0.0518
838.0	0.0518
837.875	0.0518
837.75	0.0518
837.625	0.0503
837.5	0.0518
837.375	0.0518
837.25	0.0518
837.125	0.0518
837.0	0.0518
836.875	0.0518
836.75	0.0518
836.625	0.0518
836.5	0.0518
836.375	0.0518
836.25	0.0503
836.125	0.0511
836.0	0.0518
835.875	0.0518
835.75	0.0503
835.625	0.0518
835.5	0.0518
835.375	0.0518
835.25	0.0511
835.125	0.0511
835.0	0.0518
834.875	0.0511
834.75	0.0518
834.625	0.0518
834.5	0.0511
834.375	0.0518
834.25	0.0518
834.125	0.0518
834.0	0.0518
833.875	0.0518
833.75	0.0518
833.625	0.0518
833.5	0.0495
833.375	0.0518
833.25	0.0518
833.125	0.0518
833.0	0.0518
832.875	0.0518
832.75	0.0495
832.625	0.0511
832.5	0.0518
832.375	0.0518
832.25	0.0518
832.125	0.0518
832.0	0.0511
831.875	0.0518
831.75	0.0503
831.625	0.0518
831.5	0.0518
831.375	0.0511
831.25	0.0518
831.125	0.0511
831.0	0.0503
830.875	0.0511
830.75	0.0518
830.625	0.0518
830.5	0.0511
830.375	0.0518
830.25	0.0503
830.125	0.0518
830.0	0.0518
829.875	0.0487
829.75	0.0518
829.625	0.0518
829.5	0.0518
829.375	0.0518
829.25	0.0511
829.125	0.0511
829.0	0.0518
828.875	0.0503
828.75	0.0518
828.625	0.0511
828.5	0.0511
828.375	0.0518
828.25	0.0503
828.125	0.0518
828.0	0.0518
827.875	0.0518
827.75	0.0511
827.625	0.0511
827.5	0.0518
827.375	0.0518
827.25	0.0526
827.125	0.0511
827.0	0.0495
826.875	0.0511
826.75	0.0518
826.625	0.0518
826.5	0.0518
826.375	0.0518
826.25	0.0511
826.125	0.0518
826.0	0.0518
825.875	0.0511
825.75	0.0518
825.625	0.0518
825.5	0.0518
825.375	0.0518
825.25	0.0518
825.125	0.0511
825.0	0.0518
824.875	0.0511
824.75	0.0495
824.625	0.0503
824.5	0.0511
824.375	0.0518
824.25	0.0511
824.125	0.0518
824.0	0.0518
823.875	0.0503
823.75	0.0518
823.625	0.0518
823.5	0.0518
823.375	0.0518
823.25	0.0511
823.125	0.0518
823.0	0.0511
822.875	0.0511
822.75	0.0503
822.625	0.0518
822.5	0.0511
822.375	0.0518
822.25	0.0511
822.125	0.0511
822.0	0.0511
821.875	0.0511
821.75	0.0511
821.625	0.0503
821.5	0.0518
821.375	0.0511
821.25	0.0518
821.125	0.0518
821.0	0.0503
820.875	0.0518
820.75	0.0518
820.625	0.0503
820.5	0.0518
820.375	0.0518
820.25	0.0503
820.125	0.0518
820.0	0.0511
819.875	0.0511
819.75	0.0503
819.625	0.0518
819.5	0.0518
819.375	0.0518
819.25	0.0518
819.125	0.0518
819.0	0.0503
818.875	0.0511
818.75	0.0518
818.625	0.0503
818.5	0.0511
818.375	0.0518
818.25	0.0503
818.125	0.0511
818.0	0.0518
817.875	0.0518
817.75	0.0518
817.625	0.0518
817.5	0.0511
817.375	0.0518
817.25	0.0518
817.125	0.0518
817.0	0.0518
816.875	0.0511
816.75	0.0518
816.625	0.0518
816.5	0.0518
816.375	0.0511
816.25	0.0518
816.125	0.0518
816.0	0.0511
815.875	0.0518
815.75	0.0503
815.625	0.0518
815.5	0.0518
815.375	0.0518
815.25	0.0511
815.125	0.0503
815.0	0.0518
814.875	0.0518
814.75	0.0503
814.625	0.0518
814.5	0.0511
814.375	0.0518
814.25	0.0518
814.125	0.0511
814.0	0.0518
813.875	0.0518
813.75	0.0503
813.625	0.0518
813.5	0.0518
813.375	0.0518
813.25	0.0511
813.125	0.0518
813.0	0.0511
812.875	0.0495
812.75	0.0503
812.625	0.0503
812.5	0.0518
812.375	0.0518
812.25	0.0511
812.125	0.0503
812.0	0.0511
811.875	0.0495
811.75	0.0511
811.625	0.0518
811.5	0.0518
811.375	0.0518
811.25	0.0518
811.125	0.0511
811.0	0.0503
810.875	0.0511
810.75	0.0518
810.625	0.0518
810.5	0.0511
810.375	0.0511
810.25	0.0518
810.125	0.0503
810.0	0.0518
809.875	0.0511
809.75	0.0503
809.625	0.0479
809.5	0.0495
809.375	0.0487
809.25	0.0463
809.125	0.0471
809.0	0.0471
808.875	0.0471
808.75	0.0471
808.625	0.0463
808.5	0.0455
808.375	0.0448
808.25	0.0424
808.125	0.0432
808.0	0.044
807.875	0.0424
807.75	0.0432
807.625	0.0424
807.5	0.0424
807.375	0.0424
807.25	0.0416
807.125	0.0424
807.0	0.0416
806.875	0.0408
806.75	0.0385
806.625	0.0385
806.5	0.0377
806.375	0.0377
806.25	0.0377
806.125	0.0377
806.0	0.0377
805.875	0.0369
805.75	0.0369
805.625	0.0369
805.5	0.0369
805.375	0.0361
805.25	0.0353
805.125	0.0345
805.0	0.0345
804.875	0.0345
804.75	0.0345
804.625	0.0338
804.5	0.0338
804.375	0.0338
804.25	0.0353
804.125	0.0338
804.0	0.0338
803.875	0.033
803.75	0.0361
803.625	0.0361
803.5	0.0338
803.375	0.0345
803.25	0.0353
803.125	0.0338
803.0	0.0345
802.875	0.0345
802.75	0.0377
802.625	0.0377
802.5	0.0377
802.375	0.0377
802.25	0.0377
802.125	0.0385
802.0	0.0377
801.875	0.04
801.75	0.0385
801.625	0.0385
801.5	0.0393
801.375	0.0424
801.25	0.0416
801.125	0.0424
801.0	0.0424
800.875	0.0416
800.75	0.0416
800.625	0.0424
800.5	0.0424
800.375	0.0432
800.25	0.0424
800.125	0.0424
800.0	0.0424
799.875	0.0432
799.75	0.0424
799.625	0.0424
799.5	0.0424
799.375	0.0424
799.25	0.0424
799.125	0.0432
799.0	0.0448
798.875	0.0448
798.75	0.044
798.625	0.044
798.5	0.0448
798.375	0.0448
798.25	0.0448
798.125	0.0463
798.0	0.0471
797.875	0.0471
797.75	0.0471
797.625	0.0471
797.5	0.0471
797.375	0.0463
797.25	0.0471
797.125	0.0471
797.0	0.0471
796.875	0.0471
796.75	0.0479
796.625	0.0471
796.5	0.0471
796.375	0.0463
796.25	0.0471
796.125	0.0471
796.0	0.0463
795.875	0.0471
795.75	0.0487
795.625	0.0487
795.5	0.0479
795.375	0.0471
795.25	0.0503
795.125	0.0511
795.0	0.0495
794.875	0.0518
794.75	0.0518
794.625	0.0503
794.5	0.0518
794.375	0.0518
794.25	0.0518
794.125	0.0518
794.0	0.0518
793.875	0.0511
793.75	0.0518
793.625	0.0518
793.5	0.0518
793.375	0.0518
793.25	0.0518
793.125	0.0518
793.0	0.0518
792.875	0.0511
792.75	0.0518
792.625	0.0518
792.5	0.0511
792.375	0.0511
792.25	0.0518
792.125	0.0518
792.0	0.0511
791.875	0.0511
791.75	0.0518
791.625	0.0518
791.5	0.0495
791.375	0.0518
791.25	0.0511
791.125	0.0518
791.0	0.0518
790.875	0.0511
790.75	0.0518
790.625	0.0518
790.5	0.0511
790.375	0.0503
790.25	0.0511
790.125	0.0518
790.0	0.0518
789.875	0.0511
789.75	0.0511
789.625	0.0503
789.5	0.0518
789.375	0.0511
789.25	0.0511
789.125	0.0511
789.0	0.0503
788.875	0.0511
788.75	0.0503
788.625	0.0511
788.5	0.0518
788.375	0.0503
788.25	0.0511
788.125	0.0511
788.0	0.0518
787.875	0.0518
787.75	0.0518
787.625	0.0511
787.5	0.0511
787.375	0.0511
787.25	0.0511
787.125	0.0518
787.0	0.0511
786.875	0.0518
786.75	0.0511
786.625	0.0503
786.5	0.0495
786.375	0.0518
786.25	0.0518
786.125	0.0518
786.0	0.0511
785.875	0.0518
785.75	0.0518
785.625	0.0511
785.5	0.0479
785.375	0.0479
785.25	0.0495
785.125	0.0518
785.0	0.0511
784.875	0.0503
784.75	0.0518
784.625	0.0503
784.5	0.0518
784.375	0.0495
784.25	0.0518
784.125	0.0503
784.0	0.0518
783.875	0.0495
783.75	0.0503
783.625	0.0503
783.5	0.0479
783.375	0.0518
783.25	0.0503
783.125	0.0518
783.0	0.0518
782.875	0.0511
782.75	0.0518
782.625	0.0511
782.5	0.0511
782.375	0.0518
782.25	0.0518
782.125	0.0511
782.0	0.0511
781.875	0.0503
781.75	0.0503
781.625	0.0503
781.5	0.0511
781.375	0.0495
781.25	0.0503
781.125	0.0511
781.0	0.0503
780.875	0.0518
780.75	0.0511
780.625	0.0518
780.5	0.0518
780.375	0.0503
780.25	0.0495
780.125	0.0503
780.0	0.0511
779.875	0.0503
779.75	0.0511
779.625	0.0495
779.5	0.0518
779.375	0.0503
779.25	0.0495
779.125	0.0503
779.0	0.0511
778.875	0.0511
778.75	0.0503
778.625	0.0487
778.5	0.0518
778.375	0.0511
778.25	0.0518
778.125	0.0511
778.0	0.0518
777.875	0.0511
777.75	0.0511
777.625	0.0518
777.5	0.0511
777.375	0.0518
777.25	0.0495
777.125	0.0511
777.0	0.0511
776.875	0.0487
776.75	0.0511
776.625	0.0495
776.5	0.0511
776.375	0.0518
776.25	0.0503
776.125	0.0518
776.0	0.0518
775.875	0.0487
775.75	0.0511
775.625	0.0511
775.5	0.0511
775.375	0.0503
775.25	0.0511
775.125	0.0518
775.0	0.0495
774.875	0.0511
774.75	0.0511
774.625	0.0503
774.5	0.0511
774.375	0.0511
774.25	0.0511
774.125	0.0503
774.0	0.0503
773.875	0.0503
773.75	0.0503
773.625	0.0503
773.5	0.0511
773.375	0.0518
773.25	0.0503
773.125	0.0495
773.0	0.0503
772.875	0.0487
772.75	0.0511
772.625	0.0518
772.5	0.0518
772.375	0.0518
772.25	0.0518
772.125	0.0518
772.0	0.0511
771.875	0.0511
771.75	0.0518
771.625	0.0503
771.5	0.0511
771.375	0.0518
771.25	0.0503
771.125	0.0495
771.0	0.0518
770.875	0.0511
770.75	0.0511
770.625	0.0503
770.5	0.0511
770.375	0.0487
770.25	0.0503
770.125	0.0511
770.0	0.0479
769.875	0.0518
769.75	0.0487
769.625	0.0495
769.5	0.0495
769.375	0.0503
769.25	0.0495
769.125	0.0495
769.0	0.0503
768.875	0.0503
768.75	0.0479
768.625	0.0503
768.5	0.0503
768.375	0.0487
768.25	0.0503
768.125	0.0518
768.0	0.0503
767.875	0.0495
767.75	0.0518
767.625	0.0503
767.5	0.0511
767.375	0.0511
767.25	0.0495
767.125	0.0511
767.0	0.0487
766.875	0.0518
766.75	0.0471
766.625	0.0518
766.5	0.0503
766.375	0.0518
766.25	0.0487
766.125	0.0495
766.0	0.0503
765.875	0.0511
765.75	0.0503
765.625	0.0511
765.5	0.0518
765.375	0.0511
765.25	0.0511
765.125	0.0487
765.0	0.0511
764.875	0.0511
764.75	0.0511
764.625	0.0503
764.5	0.0503
764.375	0.0503
764.25	0.0518
764.125	0.0518
764.0	0.0495
763.875	0.0518
763.75	0.0503
763.625	0.0511
763.5	0.0495
763.375	0.0503
763.25	0.0511
763.125	0.0495
763.0	0.0503
762.875	0.0511
762.75	0.0511
762.625	0.0503
762.5	0.0503
762.375	0.0503
762.25	0.0495
762.125	0.0503
762.0	0.0518
761.875	0.0511
761.75	0.0495
761.625	0.0503
761.5	0.0511
761.375	0.0518
761.25	0.0518
761.125	0.0518
761.0	0.0511
760.875	0.0511
760.75	0.0518
760.625	0.0511
760.5	0.0495
760.375	0.0518
760.25	0.0518
760.125	0.0495
760.0	0.0503
759.875	0.0511
759.75	0.0503
759.625	0.0503
759.5	0.0511
759.375	0.0511
759.25	0.0495
759.125	0.0495
759.0	0.0487
758.875	0.0495
758.75	0.0487
758.625	0.0503
758.5	0.0503
758.375	0.0495
758.25	0.0503
758.125	0.0495
758.0	0.0503
757.875	0.0511
757.75	0.0503
757.625	0.0511
757.5	0.0511
757.375	0.0518
757.25	0.0518
757.125	0.0503
757.0	0.0511
756.875	0.0518
756.75	0.0495
756.625	0.0511
756.5	0.0518
756.375	0.0518
756.25	0.0511
756.125	0.0518
756.0	0.0511
755.875	0.0518
755.75	0.0518
755.625	0.0518
755.5	0.0518
755.375	0.0503
755.25	0.0518
755.125	0.0518
755.0	0.0518
754.875	0.0495
754.75	0.0518
754.625	0.0495
754.5	0.0511
754.375	0.0518
754.25	0.0511
754.125	0.0511
754.0	0.0511
753.875	0.0518
753.75	0.0511
753.625	0.0511
753.5	0.0518
753.375	0.0511
753.25	0.0518
753.125	0.0518
753.0	0.0518
752.875	0.0518
752.75	0.0518
752.625	0.0518
752.5	0.0518
752.375	0.0518
752.25	0.0503
752.125	0.0518
752.0	0.0518
751.875	0.0503
751.75	0.0518
751.625	0.0518
751.5	0.0503
751.375	0.0518
751.25	0.0511
751.125	0.0511
751.0	0.0518
750.875	0.0487
750.75	0.0518
750.625	0.0518
750.5	0.0518
750.375	0.0511
750.25	0.0518
750.125	0.0518
750.0	0.0511
749.875	0.0518
749.75	0.0518
749.625	0.0511
749.5	0.0518
749.375	0.0526
749.25	0.0518
749.125	0.0503
749.0	0.0503
748.875	0.0495
748.75	0.0503
748.625	0.0511
748.5	0.0503
748.375	0.0518
748.25	0.0503
748.125	0.0518
748.0	0.0518
747.875	0.0518
747.75	0.0518
747.625	0.0518
747.5	0.0518
747.375	0.0518
747.25	0.0518
747.125	0.0495
747.0	0.0511
746.875	0.0503
746.75	0.0518
746.625	0.0511
746.5	0.0503
746.375	0.0511
746.25	0.0487
746.125	0.0518
746.0	0.0518
745.875	0.0511
745.75	0.0518
745.625	0.0495
745.5	0.0503
745.375	0.0495
745.25	0.0511
745.125	0.0511
745.0	0.0518
744.875	0.0503
744.75	0.0518
744.625	0.0518
744.5	0.0518
744.375	0.0518
744.25	0.0518
744.125	0.0495
744.0	0.0518
743.875	0.0518
743.75	0.0518
743.625	0.0518
743.5	0.0511
743.375	0.0511
743.25	0.0518
743.125	0.0518
743.0	0.0511
742.875	0.0511
742.75	0.0511
742.625	0.0518
742.5	0.0518
742.375	0.0518
742.25	0.0518
742.125	0.0518
742.0	0.0518
741.875	0.0518
741.75	0.0518
741.625	0.0511
741.5	0.0511
741.375	0.0511
741.25	0.0511
741.125	0.0511
741.0	0.0518
740.875	0.0518
740.75	0.0503
740.625	0.0518
740.5	0.0518
740.375	0.0511
740.25	0.0518
740.125	0.0518
740.0	0.0518
739.875	0.0518
739.75	0.0511
739.625	0.0518
739.5	0.0511
739.375	0.0503
739.25	0.0503
739.125	0.0511
739.0	0.0511
738.875	0.0518
738.75	0.0511
738.625	0.0518
738.5	0.0511
738.375	0.0518
738.25	0.0511
738.125	0.0518
738.0	0.0518
737.875	0.0495
737.75	0.0518
737.625	0.0503
737.5	0.0511
737.375	0.0518
737.25	0.0511
737.125	0.0518
737.0	0.0518
736.875	0.0518
736.75	0.0518
736.625	0.0518
736.5	0.0518
736.375	0.0511
736.25	0.0518
736.125	0.0511
736.0	0.0518
735.875	0.0518
735.75	0.0518
735.625	0.0518
735.5	0.0518
735.375	0.0511
735.25	0.0518
735.125	0.0495
735.0	0.0511
734.875	0.0518
734.75	0.0518
734.625	0.0511
734.5	0.0511
734.375	0.0511
734.25	0.0518
734.125	0.0495
734.0	0.0511
733.875	0.0503
733.75	0.0511
733.625	0.0495
733.5	0.0518
733.375	0.0518
733.25	0.0518
733.125	0.0511
733.0	0.0518
732.875	0.0518
732.75	0.0518
732.625	0.0518
732.5	0.0518
732.375	0.0511
732.25	0.0495
732.125	0.0495
732.0	0.0518
731.875	0.0503
731.75	0.0518
731.625	0.0503
731.5	0.0518
731.375	0.0503
731.25	0.0518
731.125	0.0511
731.0	0.0511
730.875	0.0518
730.75	0.0518
730.625	0.0511
730.5	0.0503
730.375	0.0511
730.25	0.0503
730.125	0.0511
730.0	0.0518
729.875	0.0518
729.75	0.0511
729.625	0.0511
729.5	0.0511
729.375	0.0503
729.25	0.0511
729.125	0.0511
729.0	0.0518
728.875	0.0518
728.75	0.0503
728.625	0.0518
728.5	0.0503
728.375	0.0511
728.25	0.0511
728.125	0.0518
728.0	0.0518
727.875	0.0511
727.75	0.0518
727.625	0.0518
727.5	0.0495
727.375	0.0518
727.25	0.0511
727.125	0.0511
727.0	0.0518
726.875	0.0511
726.75	0.0503
726.625	0.0503
726.5	0.0518
726.375	0.0503
726.25	0.0518
726.125	0.0511
726.0	0.0503
725.875	0.0518
725.75	0.0511
725.625	0.0503
725.5	0.0518
725.375	0.0518
725.25	0.0518
725.125	0.0511
725.0	0.0518
724.875	0.0518
724.75	0.0518
724.625	0.0518
724.5	0.0511
724.375	0.0495
724.25	0.0511
724.125	0.0503
724.0	0.0511
723.875	0.0503
723.75	0.0518
723.625	0.0511
723.5	0.0518
723.375	0.0511
723.25	0.0518
723.125	0.0511
723.0	0.0495
722.875	0.0518
722.75	0.0503
722.625	0.0503
722.5	0.0511
722.375	0.0518
722.25	0.0518
722.125	0.0511
722.0	0.0518
721.875	0.0503
721.75	0.0518
721.625	0.0511
721.5	0.0518
721.375	0.0518
721.25	0.0518
721.125	0.0518
721.0	0.0511
720.875	0.0518
720.75	0.0511
720.625	0.0495
720.5	0.0518
720.375	0.0518
720.25	0.0511
720.125	0.0495
720.0	0.0518
719.875	0.0503
719.75	0.0518
719.625	0.0518
719.5	0.0511
719.375	0.0495
719.25	0.0495
719.125	0.0518
719.0	0.0511
718.875	0.0518
718.75	0.0518
718.625	0.0518
718.5	0.0511
718.375	0.0518
718.25	0.0511
718.125	0.0511
718.0	0.0511
717.875	0.0518
717.75	0.0518
717.625	0.0518
717.5	0.0518
717.375	0.0518
717.25	0.0511
717.125	0.0503
717.0	0.0511
716.875	0.0518
716.75	0.0503
716.625	0.0487
716.5	0.0503
716.375	0.0503
716.25	0.0495
716.125	0.0503
716.0	0.0511
715.875	0.0518
715.75	0.0511
715.625	0.0503
715.5	0.0487
715.375	0.0518
715.25	0.0518
715.125	0.0511
715.0	0.0503
714.875	0.0518
714.75	0.0518
714.625	0.0511
714.5	0.0503
714.375	0.0518
714.25	0.0518
714.125	0.0487
714.0	0.0518
713.875	0.0511
713.75	0.0518
713.625	0.0503
713.5	0.0511
713.375	0.0503
713.25	0.0503
713.125	0.0518
713.0	0.0487
712.875	0.0518
712.75	0.0518
712.625	0.0518
712.5	0.0511
712.375	0.0518
712.25	0.0511
712.125	0.0511
712.0	0.0511
711.875	0.0518
711.75	0.0518
711.625	0.0503
711.5	0.0518
711.375	0.0503
711.25	0.0511
711.125	0.0487
711.0	0.0518
710.875	0.0503
710.75	0.0503
710.625	0.0511
710.5	0.0511
710.375	0.0511
710.25	0.0503
710.125	0.0511
710.0	0.0511
709.875	0.0511
709.75	0.0518
709.625	0.0518
709.5	0.0495
709.375	0.0518
709.25	0.0518
709.125	0.0503
709.0	0.0518
708.875	0.0503
708.75	0.0511
708.625	0.0511
708.5	0.0511
708.375	0.0511
708.25	0.0487
708.125	0.0518
708.0	0.0511
707.875	0.0518
707.75	0.0495
707.625	0.0518
707.5	0.0503
707.375	0.0518
707.25	0.0487
707.125	0.0518
707.0	0.0511
706.875	0.0503
706.75	0.0503
706.625	0.0511
706.5	0.0511
706.375	0.0518
706.25	0.0511
706.125	0.0518
706.0	0.0487
705.875	0.0518
705.75	0.0503
705.625	0.0518
705.5	0.0495
705.375	0.0511
705.25	0.0503
705.125	0.0518
705.0	0.0503
704.875	0.0518
704.75	0.0511
704.625	0.0503
704.5	0.0503
704.375	0.0518
704.25	0.0518
704.125	0.0511
704.0	0.0511
703.875	0.0518
703.75	0.0518
703.625	0.0503
703.5	0.0518
703.375	0.0518
703.25	0.0518
703.125	0.0511
703.0	0.0511
702.875	0.0518
702.75	0.0511
702.625	0.0511
702.5	0.0518
702.375	0.0511
702.25	0.0503
702.125	0.0511
702.0	0.0503
701.875	0.0511
701.75	0.0503
701.625	0.0503
701.5	0.0495
701.375	0.0518
701.25	0.0518
701.125	0.0511
701.0	0.0518
700.875	0.0518
700.75	0.0511
700.625	0.0511
700.5	0.0511
700.375	0.0518
700.25	0.0503
700.125	0.0495
700.0	0.0518
699.875	0.0518
699.75	0.0503
699.625	0.0511
699.5	0.0487
699.375	0.0518
699.25	0.0511
699.125	0.0518
699.0	0.0511
698.875	0.0511
698.75	0.0511
698.625	0.0511
698.5	0.0503
698.375	0.0518
698.25	0.0511
698.125	0.0511
698.0	0.0518
697.875	0.0511
697.75	0.0511
697.625	0.0518
697.5	0.0495
697.375	0.0495
697.25	0.0518
697.125	0.0503
697.0	0.0503
696.875	0.0518
696.75	0.0518
696.625	0.0511
696.5	0.0511
696.375	0.0518
696.25	0.0511
696.125	0.0511
696.0	0.0518
695.875	0.0487
695.75	0.0518
695.625	0.0511
695.5	0.0518
695.375	0.0511
695.25	0.0511
695.125	0.0518
695.0	0.0511
694.875	0.0511
694.75	0.0503
694.625	0.0495
694.5	0.0518
694.375	0.0503
694.25	0.0511
694.125	0.0511
694.0	0.0503
693.875	0.0511
693.75	0.0518
693.625	0.0518
693.5	0.0518
693.375	0.0518
693.25	0.0495
693.125	0.0503
693.0	0.0503
692.875	0.0503
692.75	0.0518
692.625	0.0518
692.5	0.0518
692.375	0.0511
692.25	0.0511
692.125	0.0518
692.0	0.0511
691.875	0.0511
691.75	0.0503
691.625	0.0503
691.5	0.0511
691.375	0.0518
691.25	0.0518
691.125	0.0511
691.0	0.0518
690.875	0.0511
690.75	0.0511
690.625	0.0518
690.5	0.0518
690.375	0.0511
690.25	0.0511
690.125	0.0518
690.0	0.0511
689.875	0.0511
689.75	0.0518
689.625	0.0518
689.5	0.0503
689.375	0.0511
689.25	0.0518
689.125	0.0511
689.0	0.0511
688.875	0.0503
688.75	0.0518
688.625	0.0495
688.5	0.0511
688.375	0.0511
688.25	0.0518
688.125	0.0518
688.0	0.0511
687.875	0.0518
687.75	0.0518
687.625	0.0511
687.5	0.0511
687.375	0.0511
687.25	0.0503
687.125	0.0518
687.0	0.0503
686.875	0.0526
686.75	0.0518
686.625	0.0518
686.5	0.0518
686.375	0.0511
686.25	0.0518
686.125	0.0526
686.0	0.0511
685.875	0.0518
685.75	0.0518
685.625	0.0518
685.5	0.0503
685.375	0.0518
685.25	0.0518
685.125	0.0518
685.0	0.0518
684.875	0.0518
684.75	0.0518
684.625	0.0511
684.5	0.0518
684.375	0.0518
684.25	0.0503
684.125	0.0518
684.0	0.0526
683.875	0.0526
683.75	0.0518
683.625	0.0518
683.5	0.0518
683.375	0.0518
683.25	0.0518
683.125	0.0518
683.0	0.0503
682.875	0.0511
682.75	0.0518
682.625	0.0518
682.5	0.0518
682.375	0.0518
682.25	0.0526
682.125	0.0518
682.0	0.0518
681.875	0.0518
681.75	0.0518
681.625	0.0518
681.5	0.0511
681.375	0.0518
681.25	0.0518
681.125	0.0518
681.0	0.0518
680.875	0.0511
680.75	0.0518
680.625	0.0518
680.5	0.0518
680.375	0.0518
680.25	0.0518
680.125	0.0518
680.0	0.0518
679.875	0.0518
679.75	0.0526
679.625	0.0518
679.5	0.0511
679.375	0.0518
679.25	0.0518
679.125	0.0518
679.0	0.0518
678.875	0.0518
678.75	0.0526
678.625	0.0518
678.5	0.0518
678.375	0.0518
678.25	0.0518
678.125	0.0518
678.0	0.0518
677.875	0.0518
677.75	0.0518
677.625	0.0518
677.5	0.0518
677.375	0.0518
677.25	0.0526
677.125	0.0518
677.0	0.0518
676.875	0.0518
676.75	0.0518
676.625	0.0518
676.5	0.0534
676.375	0.0518
676.25	0.0518
676.125	0.0518
676.0	0.0518
675.875	0.0518
675.75	0.0518
675.625	0.0518
675.5	0.0518
675.375	0.0518
675.25	0.0518
675.125	0.0518
675.0	0.0518
674.875	0.0526
674.75	0.0526
674.625	0.0518
674.5	0.0518
674.375	0.0518
674.25	0.0518
674.125	0.0518
674.0	0.0526
673.875	0.0526
673.75	0.0518
673.625	0.0518
673.5	0.0518
673.375	0.0518
673.25	0.0518
673.125	0.0518
673.0	0.0526
672.875	0.0518
672.75	0.0518
672.625	0.0518
672.5	0.0518
672.375	0.0518
672.25	0.0518
672.125	0.0518
672.0	0.0526
671.875	0.0518
671.75	0.0542
671.625	0.0526
671.5	0.0518
671.375	0.0518
671.25	0.0518
671.125	0.0534
671.0	0.0518
670.875	0.0518
670.75	0.0518
670.625	0.0518
670.5	0.0534
670.375	0.0518
670.25	0.0518
670.125	0.0518
670.0	0.0526
669.875	0.0526
669.75	0.0542
669.625	0.0518
669.5	0.0526
669.375	0.0534
669.25	0.0518
669.125	0.0518
669.0	0.0534
668.875	0.0518
668.75	0.0518
668.625	0.0518
668.5	0.0534
668.375	0.0534
668.25	0.0518
668.125	0.0518
668.0	0.0518
667.875	0.0534
667.75	0.0534
667.625	0.0526
667.5	0.0518
667.375	0.0518
667.25	0.0518
667.125	0.0518
667.0	0.0534
666.875	0.0518
666.75	0.0534
666.625	0.0518
666.5	0.0526
666.375	0.0534
666.25	0.0518
666.125	0.0526
666.0	0.0518
665.875	0.0518
665.75	0.0526
665.625	0.0526
665.5	0.0518
665.375	0.0526
665.25	0.0526
665.125	0.0534
665.0	0.0534
664.875	0.0518
664.75	0.0518
664.625	0.0526
664.5	0.0526
664.375	0.0526
664.25	0.0534
664.125	0.0518
664.0	0.0526
663.875	0.0518
663.75	0.0518
663.625	0.0526
663.5	0.0518
663.375	0.0518
663.25	0.0518
663.125	0.0518
663.0	0.0534
662.875	0.0534
662.75	0.0534
662.625	0.0526
662.5	0.0534
662.375	0.0534
662.25	0.0534
662.125	0.0526
662.0	0.0534
661.875	0.055
661.75	0.055
661.625	0.055
661.5	0.055
661.375	0.0534
661.25	0.0534
661.125	0.055
661.0	0.0526
660.875	0.0542
660.75	0.0518
660.625	0.0534
660.5	0.0542
660.375	0.0526
660.25	0.0526
660.125	0.055
660.0	0.0518
659.875	0.0526
659.75	0.0526
659.625	0.0518
659.5	0.055
659.375	0.0534
659.25	0.0542
659.125	0.0526
659.0	0.0558
658.875	0.0558
658.75	0.0526
658.625	0.0534
658.5	0.055
658.375	0.0534
658.25	0.0542
658.125	0.0542
658.0	0.0542
657.875	0.055
657.75	0.055
657.625	0.0542
657.5	0.0542
657.375	0.0526
657.25	0.0542
657.125	0.0542
657.0	0.0542
656.875	0.0534
656.75	0.0534
656.625	0.0566
656.5	0.0526
656.375	0.0526
656.25	0.0558
656.125	0.0542
656.0	0.0542
655.875	0.0566
655.75	0.0542
655.625	0.0558
655.5	0.055
655.375	0.055
655.25	0.0566
655.125	0.0558
655.0	0.055
654.875	0.0558
654.75	0.0526
654.625	0.0558
654.5	0.0542
654.375	0.0534
654.25	0.0534
654.125	0.0558
654.0	0.0542
653.875	0.0542
653.75	0.0566
653.625	0.0566
653.5	0.0558
653.375	0.0558
653.25	0.055
653.125	0.0542
653.0	0.0558
652.875	0.0566
652.75	0.0558
652.625	0.055
652.5	0.0542
652.375	0.0558
652.25	0.0558
652.125	0.055
652.0	0.055
651.875	0.055
651.75	0.0534
651.625	0.0558
651.5	0.0558
651.375	0.0558
651.25	0.0566
651.125	0.055
651.0	0.0566
650.875	0.0566
650.75	0.0558
650.625	0.0566
650.5	0.0566
650.375	0.0566
650.25	0.0542
650.125	0.055
650.0	0.0566
649.875	0.0566
649.75	0.0566
649.625	0.0566
649.5	0.0566
649.375	0.0558
649.25	0.055
649.125	0.055
649.0	0.055
648.875	0.055
648.75	0.0542
648.625	0.0558
648.5	0.0566
648.375	0.0566
648.25	0.0566
648.125	0.0558
648.0	0.0566
647.875	0.0566
647.75	0.055
647.625	0.0566
647.5	0.0566
647.375	0.0566
647.25	0.0566
647.125	0.0558
647.0	0.0566
646.875	0.055
646.75	0.0566
646.625	0.0558
646.5	0.0558
646.375	0.0558
646.25	0.0566
646.125	0.0566
646.0	0.0566
645.875	0.0566
645.75	0.0566
645.625	0.0566
645.5	0.0566
645.375	0.0566
645.25	0.0573
645.125	0.055
645.0	0.0581
644.875	0.0566
644.75	0.0566
644.625	0.0566
644.5	0.0566
644.375	0.0566
644.25	0.0581
644.125	0.0566
644.0	0.0566
643.875	0.0566
643.75	0.0573
643.625	0.0566
643.5	0.0566
643.375	0.0566
643.25	0.0566
643.125	0.0566
643.0	0.0566
642.875	0.0566
642.75	0.0542
642.625	0.0573
642.5	0.0573
642.375	0.0566
642.25	0.0566
642.125	0.0573
642.0	0.0566
641.875	0.0566
641.75	0.0566
641.625	0.0566
641.5	0.0581
641.375	0.0566
641.25	0.0566
641.125	0.0566
641.0	0.0566
640.875	0.0566
640.75	0.0573
640.625	0.0566
640.5	0.0566
640.375	0.0566
640.25	0.0566
640.125	0.0566
640.0	0.0573
639.875	0.0566
639.75	0.0573
639.625	0.0566
639.5	0.0566
639.375	0.0566
639.25	0.0566
639.125	0.0566
639.0	0.0566
638.875	0.0581
638.75	0.0558
638.625	0.0566
638.5	0.0566
638.375	0.0573
638.25	0.0573
638.125	0.0581
638.0	0.0566
637.875	0.0573
637.75	0.0573
637.625	0.0566
637.5	0.0566
637.375	0.0573
637.25	0.0573
637.125	0.0581
637.0	0.0566
636.875	0.0566
636.75	0.0573
636.625	0.0566
636.5	0.0573
636.375	0.0573
636.25	0.0566
636.125	0.0581
636.0	0.0589
635.875	0.0589
635.75	0.0566
635.625	0.0573
635.5	0.0589
635.375	0.0573
635.25	0.0566
635.125	0.0573
635.0	0.0589
634.875	0.0566
634.75	0.0581
634.625	0.0581
634.5	0.0581
634.375	0.0573
634.25	0.0589
634.125	0.0605
634.0	0.0605
633.875	0.0573
633.75	0.0613
633.625	0.0605
633.5	0.0597
633.375	0.0613
633.25	0.0605
633.125	0.0613
633.0	0.0613
632.875	0.0613
632.75	0.0597
632.625	0.0597
632.5	0.0605
632.375	0.0613
632.25	0.0613
632.125	0.0605
632.0	0.0613
631.875	0.0589
631.75	0.0613
631.625	0.0613
631.5	0.0597
631.375	0.0613
631.25	0.0597
631.125	0.0613
631.0	0.0613
630.875	0.0613
630.75	0.0613
630.625	0.0597
630.5	0.0613
630.375	0.0613
630.25	0.0613
630.125	0.0613
630.0	0.0613
629.875	0.0613
629.75	0.0613
629.625	0.0613
629.5	0.0613
629.375	0.0613
629.25	0.0613
629.125	0.0613
629.0	0.0628
628.875	0.0621
628.75	0.0613
628.625	0.0613
628.5	0.0636
628.375	0.0621
628.25	0.0621
628.125	0.0636
628.0	0.0621
627.875	0.0613
627.75	0.0628
627.625	0.0636
627.5	0.0644
627.375	0.0613
627.25	0.0636
627.125	0.0644
627.0	0.0636
626.875	0.0636
626.75	0.066
626.625	0.0644
626.5	0.0652
626.375	0.066
626.25	0.0636
626.125	0.066
626.0	0.066
625.875	0.066
625.75	0.0652
625.625	0.066
625.5	0.066
625.375	0.066
625.25	0.0652
625.125	0.066
625.0	0.0676
624.875	0.066
624.75	0.066
624.625	0.0668
624.5	0.066
624.375	0.066
624.25	0.066
624.125	0.066
624.0	0.0676
623.875	0.066
623.75	0.066
623.625	0.0668
623.5	0.066
623.375	0.0691
623.25	0.0691
623.125	0.0683
623.0	0.0676
622.875	0.066
622.75	0.0691
622.625	0.0699
622.5	0.0683
622.375	0.0691
622.25	0.0691
622.125	0.0683
622.0	0.0707
621.875	0.0699
621.75	0.0691
621.625	0.066
621.5	0.0683
621.375	0.0683
621.25	0.066
621.125	0.066
621.0	0.0628
620.875	0.0621
620.75	0.0613
620.625	0.0581
620.5	0.0597
620.375	0.0566
620.25	0.0581
620.125	0.0566
620.0	0.0566
619.875	0.0566
619.75	0.0573
619.625	0.0581
619.5	0.0573
619.375	0.0597
619.25	0.0613
619.125	0.0613
619.0	0.0628
618.875	0.0621
618.75	0.0636
618.625	0.066
618.5	0.066
618.375	0.066
618.25	0.0683
618.125	0.0699
618.0	0.0707
617.875	0.0707
617.75	0.0731
617.625	0.0754
617.5	0.0754
617.375	0.0754
617.25	0.0754
617.125	0.077
617.0	0.0754
616.875	0.077
616.75	0.0794
616.625	0.0794
616.5	0.0801
616.375	0.0801
616.25	0.0794
616.125	0.0801
616.0	0.0801
615.875	0.0801
615.75	0.0801
615.625	0.0809
615.5	0.0801
615.375	0.0809
615.25	0.0825
615.125	0.0833
615.0	0.0833
614.875	0.0833
614.75	0.0849
614.625	0.0849
614.5	0.0841
614.375	0.0833
614.25	0.0849
614.125	0.0849
614.0	0.0856
613.875	0.0849
613.75	0.0856
613.625	0.0856
613.5	0.0864
613.375	0.0856
613.25	0.0872
613.125	0.088
613.0	0.088
612.875	0.088
612.75	0.0888
612.625	0.0896
612.5	0.0896
612.375	0.0896
612.25	0.0904
612.125	0.0911
612.0	0.0896
611.875	0.0935
611.75	0.0935
611.625	0.0927
611.5	0.0927
611.375	0.0911
611.25	0.0935
611.125	0.0943
611.0	0.0951
610.875	0.0943
610.75	0.0943
610.625	0.0951
610.5	0.0943
610.375	0.0959
610.25	0.0959
610.125	0.0966
610.0	0.0974
609.875	0.0982
609.75	0.099
609.625	0.099
609.5	0.099
609.375	0.099
609.25	0.099
609.125	0.099
609.0	0.0998
608.875	0.099
608.75	0.1014
608.625	0.1014
608.5	0.1029
608.375	0.1022
608.25	0.1029
608.125	0.1037
608.0	0.1037
607.875	0.1037
607.75	0.1037
607.625	0.1037
607.5	0.1053
607.375	0.1061
607.25	0.1069
607.125	0.1077
607.0	0.1077
606.875	0.1077
606.75	0.1077
606.625	0.1084
606.5	0.1084
606.375	0.1084
606.25	0.1084
606.125	0.1084
606.0	0.1084
605.875	0.1116
605.75	0.11
605.625	0.1116
605.5	0.1108
605.375	0.1108
605.25	0.1124
605.125	0.1139
605.0	0.1132
604.875	0.1132
604.75	0.1132
604.625	0.1132
604.5	0.1132
604.375	0.1132
604.25	0.1139
604.125	0.1132
604.0	0.1132
603.875	0.1147
603.75	0.1155
603.625	0.1147
603.5	0.1155
603.375	0.1171
603.25	0.1179
603.125	0.1155
603.0	0.1179
602.875	0.1171
602.75	0.1179
602.625	0.1179
602.5	0.1179
602.375	0.1179
602.25	0.1179
602.125	0.1194
602.0	0.1179
601.875	0.1194
601.75	0.1187
601.625	0.1194
601.5	0.1194
601.375	0.1187
601.25	0.1226
601.125	0.121
601.0	0.1218
600.875	0.1218
600.75	0.1226
600.625	0.1226
600.5	0.1218
600.375	0.1218
600.25	0.1226
600.125	0.1226
600.0	0.1226
599.875	0.1226
599.75	0.1226
599.625	0.1226
599.5	0.1226
599.375	0.1226
599.25	0.1226
599.125	0.1226
599.0	0.1218
598.875	0.1226
598.75	0.1226
598.625	0.1226
598.5	0.1226
598.375	0.1226
598.25	0.1218
598.125	0.1226
598.0	0.121
597.875	0.1234
597.75	0.1226
597.625	0.1226
597.5	0.1226
597.375	0.121
597.25	0.1226
597.125	0.121
597.0	0.1226
596.875	0.1226
596.75	0.1226
596.625	0.1226
596.5	0.1218
596.375	0.1226
596.25	0.1202
596.125	0.1218
596.0	0.1218
595.875	0.121
595.75	0.1202
595.625	0.1194
595.5	0.1179
595.375	0.1179
595.25	0.1179
595.125	0.1187
595.0	0.1179
594.875	0.1179
594.75	0.1179
594.625	0.1163
594.5	0.1179
594.375	0.1171
594.25	0.1171
594.125	0.1132
594.0	0.1147
593.875	0.1132
593.75	0.1132
593.625	0.1147
593.5	0.1139
593.375	0.1132
593.25	0.1132
593.125	0.1124
593.0	0.1132
592.875	0.1132
592.75	0.1108
592.625	0.11
592.5	0.1116
592.375	0.1092
592.25	0.11
592.125	0.1084
592.0	0.1084
591.875	0.1084
591.75	0.1084
591.625	0.1084
591.5	0.1077
591.375	0.1061
591.25	0.1053
591.125	0.1037
591.0	0.1037
590.875	0.1037
590.75	0.1029
590.625	0.1037
590.5	0.1029
590.375	0.1037
590.25	0.1029
590.125	0.1014
590.0	0.099
589.875	0.099
589.75	0.0998
589.625	0.099
589.5	0.099
589.375	0.0974
589.25	0.0966
589.125	0.099
589.0	0.0966
588.875	0.0959
588.75	0.0951
588.625	0.0943
588.5	0.0951
588.375	0.0943
588.25	0.0927
588.125	0.0927
588.0	0.0935
587.875	0.0919
587.75	0.0919
587.625	0.0911
587.5	0.0896
587.375	0.0896
587.25	0.0896
587.125	0.0856
587.0	0.0896
586.875	0.088
586.75	0.0849
586.625	0.0856
586.5	0.0849
586.375	0.0849
586.25	0.0849
586.125	0.0849
586.0	0.0833
585.875	0.0849
585.75	0.0841
585.625	0.0817
585.5	0.0801
585.375	0.0809
585.25	0.0801
585.125	0.0801
585.0	0.0801
584.875	0.0801
584.75	0.0786
584.625	0.077
584.5	0.0762
584.375	0.0762
584.25	0.0778
584.125	0.0754
584.0	0.0778
583.875	0.0754
583.75	0.0754
583.625	0.0754
583.5	0.0754
583.375	0.0754
583.25	0.0754
583.125	0.0738
583.0	0.0754
582.875	0.0707
582.75	0.0707
582.625	0.0707
582.5	0.0707
582.375	0.0707
582.25	0.0707
582.125	0.0707
582.0	0.0699
581.875	0.0691
581.75	0.0699
581.625	0.0691
581.5	0.0691
581.375	0.0699
581.25	0.066
581.125	0.066
581.0	0.066
580.875	0.0676
580.75	0.0676
580.625	0.066
580.5	0.066
580.375	0.066
580.25	0.066
580.125	0.066
580.0	0.066
579.875	0.066
579.75	0.066
579.625	0.0644
579.5	0.066
579.375	0.0652
579.25	0.0636
579.125	0.0652
579.0	0.0644
578.875	0.0613
578.75	0.0628
578.625	0.0613
578.5	0.0613
578.375	0.0621
578.25	0.0636
578.125	0.0613
578.0	0.0613
577.875	0.0613
577.75	0.0613
577.625	0.0613
577.5	0.0613
577.375	0.0613
577.25	0.0613
577.125	0.0613
577.0	0.0613
576.875	0.0597
576.75	0.0613
576.625	0.0597
576.5	0.0605
576.375	0.0597
576.25	0.0581
576.125	0.0581
576.0	0.0589
575.875	0.0566
575.75	0.0597
575.625	0.0589
575.5	0.0566
575.375	0.0581
575.25	0.0581
575.125	0.0566
575.0	0.0597
574.875	0.0573
574.75	0.0581
574.625	0.0566
574.5	0.0573
574.375	0.0566
574.25	0.0566
574.125	0.0581
574.0	0.0581
573.875	0.0581
573.75	0.0581
573.625	0.0566
573.5	0.0573
573.375	0.0566
573.25	0.0566
573.125	0.055
573.0	0.0566
572.875	0.0573
572.75	0.0566
572.625	0.0566
572.5	0.0566
572.375	0.0558
572.25	0.0566
572.125	0.0558
572.0	0.0566
571.875	0.0566
571.75	0.0566
571.625	0.0566
571.5	0.0573
571.375	0.0566
571.25	0.0558
571.125	0.0558
571.0	0.0566
570.875	0.0566
570.75	0.0566
570.625	0.0566
570.5	0.0558
570.375	0.0566
570.25	0.0566
570.125	0.0558
570.0	0.055
569.875	0.055
569.75	0.0566
569.625	0.0573
569.5	0.0558
569.375	0.0566
569.25	0.055
569.125	0.0558
569.0	0.0526
568.875	0.0542
568.75	0.0518
568.625	0.0518
568.5	0.0503
568.375	0.0487
568.25	0.0471
568.125	0.0455
568.0	0.0432
567.875	0.0424
567.75	0.0393
567.625	0.0385
567.5	0.0424
567.375	0.0424
567.25	0.0424
567.125	0.044
567.0	0.0448
566.875	0.0471
566.75	0.0471
566.625	0.0471
566.5	0.0471
566.375	0.0479
566.25	0.0471
566.125	0.0495
566.0	0.0479
565.875	0.0495
565.75	0.0503
565.625	0.0518
565.5	0.0503
565.375	0.0511
565.25	0.0518
565.125	0.0503
565.0	0.0518
564.875	0.0534
564.75	0.0518
564.625	0.0542
564.5	0.0566
564.375	0.0558
564.25	0.055
564.125	0.0558
564.0	0.0566
563.875	0.0558
563.75	0.055
563.625	0.0558
563.5	0.0566
563.375	0.055
563.25	0.055
563.125	0.055
563.0	0.0566
562.875	0.0566
562.75	0.0566
562.625	0.055
562.5	0.0573
562.375	0.0566
562.25	0.055
562.125	0.0558
562.0	0.0566
561.875	0.0566
561.75	0.0558
561.625	0.0566
561.5	0.0558
561.375	0.0566
561.25	0.0558
561.125	0.0566
561.0	0.0573
560.875	0.0566
560.75	0.0573
560.625	0.0566
560.5	0.0566
560.375	0.0566
560.25	0.0566
560.125	0.0573
560.0	0.0566
559.875	0.0573
559.75	0.0566
559.625	0.0566
559.5	0.0566
559.375	0.0566
559.25	0.0573
559.125	0.0566
559.0	0.0566
558.875	0.0566
558.75	0.0573
558.625	0.0566
558.5	0.0566
558.375	0.0566
558.25	0.0566
558.125	0.0566
558.0	0.0566
557.875	0.0566
557.75	0.0566
557.625	0.0581
557.5	0.0573
557.375	0.0573
557.25	0.0566
557.125	0.0573
557.0	0.0589
556.875	0.0566
556.75	0.0573
556.625	0.0566
556.5	0.0581
556.375	0.0581
556.25	0.0566
556.125	0.0589
556.0	0.0581
555.875	0.0573
555.75	0.0581
555.625	0.0597
555.5	0.0573
555.375	0.0581
555.25	0.0573
555.125	0.0581
555.0	0.0589
554.875	0.0605
554.75	0.0573
554.625	0.0573
554.5	0.0589
554.375	0.0573
554.25	0.0597
554.125	0.0597
554.0	0.0605
553.875	0.0613
553.75	0.0613
553.625	0.0589
553.5	0.0597
553.375	0.0605
553.25	0.0605
553.125	0.0589
553.0	0.0589
552.875	0.0613
552.75	0.0597
552.625	0.0597
552.5	0.0613
552.375	0.0613
552.25	0.0605
552.125	0.0613
552.0	0.0613
551.875	0.0605
551.75	0.0605
551.625	0.0605
551.5	0.0613
551.375	0.0613
551.25	0.0605
551.125	0.0613
551.0	0.0613
550.875	0.0613
550.75	0.0613
550.625	0.0613
550.5	0.0613
550.375	0.0613
550.25	0.0613
550.125	0.0613
550.0	0.0621
549.875	0.0613
549.75	0.0628
549.625	0.0613
549.5	0.0621
549.375	0.0613
549.25	0.0621
549.125	0.0613
549.0	0.0613
548.875	0.0613
548.75	0.0644
548.625	0.0628
548.5	0.0621
548.375	0.0628
548.25	0.0628
548.125	0.0621
548.0	0.0613
547.875	0.0644
547.75	0.066
547.625	0.0636
547.5	0.0628
547.375	0.0644
547.25	0.0652
547.125	0.0652
547.0	0.0652
546.875	0.066
546.75	0.0636
546.625	0.0652
546.5	0.066
546.375	0.066
546.25	0.066
546.125	0.066
546.0	0.066
545.875	0.066
545.75	0.066
545.625	0.066
545.5	0.066
545.375	0.066
545.25	0.066
545.125	0.066
545.0	0.066
544.875	0.066
544.75	0.066
544.625	0.0683
544.5	0.066
544.375	0.066
544.25	0.066
544.125	0.0699
544.0	0.0683
543.875	0.0676
543.75	0.0676
543.625	0.0691
543.5	0.066
543.375	0.0699
543.25	0.0691
543.125	0.0691
543.0	0.0691
542.875	0.0699
542.75	0.0707
542.625	0.0699
542.5	0.0707
542.375	0.0707
542.25	0.0699
542.125	0.0707
542.0	0.0707
541.875	0.0707
541.75	0.0699
541.625	0.0707
541.5	0.0707
541.375	0.0707
541.25	0.0707
541.125	0.0707
541.0	0.0707
540.875	0.0707
540.75	0.0707
540.625	0.0707
540.5	0.0707
540.375	0.0707
540.25	0.0715
540.125	0.0707
540.0	0.0731
539.875	0.0723
539.75	0.0723
539.625	0.0723
539.5	0.0731
539.375	0.0746
539.25	0.0731
539.125	0.0723
539.0	0.0746
538.875	0.0754
538.75	0.0754
538.625	0.0754
538.5	0.0746
538.375	0.0754
538.25	0.0754
538.125	0.0754
538.0	0.0754
537.875	0.0754
537.75	0.0754
537.625	0.0754
537.5	0.0754
537.375	0.0754
537.25	0.0754
537.125	0.0754
537.0	0.0754
536.875	0.0754
536.75	0.077
536.625	0.0754
536.5	0.0778
536.375	0.0762
536.25	0.0794
536.125	0.0786
536.0	0.0778
535.875	0.0778
535.75	0.0794
535.625	0.0801
535.5	0.0801
535.375	0.0794
535.25	0.0794
535.125	0.0801
535.0	0.0801
534.875	0.0801
534.75	0.0801
534.625	0.0794
534.5	0.0801
534.375	0.0809
534.25	0.0825
534.125	0.0817
534.0	0.0809
533.875	0.0817
533.75	0.0817
533.625	0.0817
533.5	0.0809
533.375	0.0825
533.25	0.0841
533.125	0.0825
533.0	0.0833
532.875	0.0833
532.75	0.0849
532.625	0.0849
532.5	0.0841
532.375	0.0849
532.25	0.0841
532.125	0.0841
532.0	0.0849
531.875	0.0864
531.75	0.0849
531.625	0.0849
531.5	0.0856
531.375	0.0864
531.25	0.0849
531.125	0.0872
531.0	0.0864
530.875	0.0872
530.75	0.0856
530.625	0.088
530.5	0.0896
530.375	0.0896
530.25	0.0896
530.125	0.0896
530.0	0.0896
529.875	0.0896
529.75	0.0896
529.625	0.0896
529.5	0.0904
529.375	0.0911
529.25	0.0904
529.125	0.0919
529.0	0.0911
528.875	0.0943
528.75	0.0935
528.625	0.0935
528.5	0.0935
528.375	0.0943
528.25	0.0943
528.125	0.0943
528.0	0.0943
527.875	0.0943
527.75	0.0935
527.625	0.0935
527.5	0.0927
527.375	0.0959
527.25	0.0966
527.125	0.0943
527.0	0.0982
526.875	0.0966
526.75	0.0982
526.625	0.0959
526.5	0.099
526.375	0.099
526.25	0.0982
526.125	0.0982
526.0	0.099
525.875	0.099
525.75	0.0982
525.625	0.099
525.5	0.0998
525.375	0.1006
525.25	0.1014
525.125	0.1029
525.0	0.1037
524.875	0.1037
524.75	0.1037
524.625	0.1037
524.5	0.1037
524.375	0.1037
524.25	0.1045
524.125	0.1053
524.0	0.1077
523.875	0.1053
523.75	0.1069
523.625	0.1084
523.5	0.1084
523.375	0.1077
523.25	0.1084
523.125	0.1092
523.0	0.1084
522.875	0.11
522.75	0.11
522.625	0.1124
522.5	0.11
522.375	0.1124
522.25	0.1132
522.125	0.1124
522.0	0.1132
521.875	0.1132
521.75	0.1139
521.625	0.1155
521.5	0.1155
521.375	0.1147
521.25	0.1179
521.125	0.1171
521.0	0.1179
520.875	0.1179
520.75	0.1179
520.625	0.1187
520.5	0.1187
520.375	0.1202
520.25	0.121
520.125	0.1226
520.0	0.121
519.875	0.1226
519.75	0.1226
519.625	0.1218
519.5	0.1226
519.375	0.1226
519.25	0.1226
519.125	0.1242
519.0	0.1257
518.875	0.1273
518.75	0.125
518.625	0.1273
518.5	0.1273
518.375	0.1273
518.25	0.1297
518.125	0.1297
518.0	0.1312
517.875	0.1305
517.75	0.132
517.625	0.132
517.5	0.132
517.375	0.1328
517.25	0.1344
517.125	0.1352
517.0	0.1367
516.875	0.136
516.75	0.1367
516.625	0.1367
516.5	0.1391
516.375	0.1367
516.25	0.1407
516.125	0.1415
516.0	0.1415
515.875	0.1415
515.75	0.1415
515.625	0.1415
515.5	0.143
515.375	0.143
515.25	0.1438
515.125	0.1454
515.0	0.1462
514.875	0.1462
514.75	0.1462
514.625	0.1493
514.5	0.147
514.375	0.1493
514.25	0.1509
514.125	0.1501
514.0	0.1509
513.875	0.1509
513.75	0.1509
513.625	0.1509
513.5	0.1509
513.375	0.1525
513.25	0.154
513.125	0.1525
513.0	0.1548
512.875	0.1556
512.75	0.1556
512.625	0.1564
512.5	0.1556
512.375	0.1572
512.25	0.1572
512.125	0.1595
512.0	0.1595
511.875	0.1603
511.75	0.1603
511.625	0.1603
511.5	0.1603
511.375	0.1611
511.25	0.1619
511.125	0.1619
511.0	0.1635
510.875	0.1627
510.75	0.1643
510.625	0.165
510.5	0.165
510.375	0.165
510.25	0.165
510.125	0.1666
510.0	0.165
509.875	0.165
509.75	0.1682
509.625	0.1658
509.5	0.1698
509.375	0.169
509.25	0.1698
509.125	0.1666
509.0	0.1682
508.875	0.1698
508.75	0.1698
508.625	0.1698
508.5	0.1698
508.375	0.1698
508.25	0.1698
508.125	0.1705
508.0	0.1713
507.875	0.1698
507.75	0.1705
507.625	0.1713
507.5	0.1713
507.375	0.1705
507.25	0.1713
507.125	0.1745
507.0	0.1729
506.875	0.1713
506.75	0.1729
506.625	0.1737
506.5	0.1713
506.375	0.1713
506.25	0.1698
506.125	0.1705
506.0	0.1713
505.875	0.1713
505.75	0.1705
505.625	0.1698
505.5	0.1698
505.375	0.1721
505.25	0.1698
505.125	0.1698
505.0	0.1705
504.875	0.1698
504.75	0.1698
504.625	0.169
504.5	0.1698
504.375	0.1698
504.25	0.1698
504.125	0.1698
504.0	0.1698
503.875	0.1698
503.75	0.1674
503.625	0.1674
503.5	0.1674
503.375	0.1658
503.25	0.165
503.125	0.1658
503.0	0.165
502.875	0.165
502.75	0.1643
502.625	0.165
502.5	0.165
502.375	0.1643
502.25	0.1627
502.125	0.1635
502.0	0.1635
501.875	0.1611
501.75	0.1603
501.625	0.1627
501.5	0.1603
501.375	0.1611
501.25	0.1603
501.125	0.1588
501.0	0.1595
500.875	0.1588
500.75	0.1564
500.625	0.1556
500.5	0.1556
500.375	0.1556
500.25	0.1556
500.125	0.1548
500.0	0.1548
499.875	0.1509
499.75	0.1533
499.625	0.1509
499.5	0.1509
499.375	0.1509
499.25	0.1501
499.125	0.1485
499.0	0.1485
498.875	0.1462
498.75	0.1462
498.625	0.147
498.5	0.1446
498.375	0.143
498.25	0.1415
498.125	0.1422
498.0	0.1415
497.875	0.1399
497.75	0.1375
497.625	0.1367
497.5	0.1344
497.375	0.1336
497.25	0.132
497.125	0.1297
497.0	0.1281
496.875	0.1273
496.75	0.1234
496.625	0.1226
496.5	0.1194
496.375	0.1179
496.25	0.1171
496.125	0.1147
496.0	0.1155
495.875	0.1139
495.75	0.1132
495.625	0.1124
495.5	0.1108
495.375	0.1116
495.25	0.1084
495.125	0.1084
495.0	0.1084
494.875	0.1077
494.75	0.1037
494.625	0.1045
494.5	0.1037
494.375	0.1037
494.25	0.1037
494.125	0.1029
494.0	0.1022
493.875	0.0998
493.75	0.099
493.625	0.0998
493.5	0.099
493.375	0.0982
493.25	0.0966
493.125	0.0943
493.0	0.0943
492.875	0.0943
492.75	0.0943
492.625	0.0911
492.5	0.0935
492.375	0.0919
492.25	0.0896
492.125	0.0896
492.0	0.0896
491.875	0.0888
491.75	0.088
491.625	0.0864
491.5	0.0864
491.375	0.0849
491.25	0.0856
491.125	0.0849
491.0	0.0833
490.875	0.0849
490.75	0.0809
490.625	0.0825
490.5	0.0801
490.375	0.0801
490.25	0.0801
490.125	0.0801
490.0	0.0801
489.875	0.0794
489.75	0.077
489.625	0.077
489.5	0.0754
489.375	0.0754
489.25	0.0754
489.125	0.0754
489.0	0.0754
488.875	0.0754
488.75	0.0754
488.625	0.0754
488.5	0.0738
488.375	0.0738
488.25	0.0731
488.125	0.0707
488.0	0.0707
487.875	0.0707
487.75	0.0707
487.625	0.0699
487.5	0.0707
487.375	0.0691
487.25	0.0691
487.125	0.066
487.0	0.0676
486.875	0.0676
486.75	0.066
486.625	0.066
486.5	0.066
486.375	0.066
486.25	0.066
486.125	0.0652
486.0	0.066
485.875	0.0644
485.75	0.0628
485.625	0.0613
485.5	0.0628
485.375	0.0613
485.25	0.0613
485.125	0.0613
485.0	0.0613
484.875	0.0613
484.75	0.0613
484.625	0.0589
484.5	0.0597
484.375	0.0581
484.25	0.0605
484.125	0.0566
484.0	0.0573
483.875	0.0573
483.75	0.0566
483.625	0.0566
483.5	0.0589
483.375	0.0566
483.25	0.0566
483.125	0.055
483.0	0.0558
482.875	0.0542
482.75	0.0542
482.625	0.0542
482.5	0.0558
482.375	0.0558
482.25	0.0526
482.125	0.0518
482.0	0.0526
481.875	0.0526
481.75	0.0518
481.625	0.0511
481.5	0.0518
481.375	0.0518
481.25	0.0518
481.125	0.0518
481.0	0.0518
480.875	0.0518
480.75	0.0518
480.625	0.0518
480.5	0.0511
480.375	0.0503
480.25	0.0487
480.125	0.0503
480.0	0.0503
479.875	0.0487
479.75	0.0495
479.625	0.0487
479.5	0.0471
479.375	0.0471
479.25	0.0487
479.125	0.0471
479.0	0.0479
478.875	0.0471
478.75	0.0471
478.625	0.0471
478.5	0.0471
478.375	0.0471
478.25	0.0471
478.125	0.0471
478.0	0.0471
477.875	0.0471
477.75	0.0471
477.625	0.0471
477.5	0.0471
477.375	0.0471
477.25	0.0471
477.125	0.0471
477.0	0.0471
476.875	0.0471
476.75	0.0471
476.625	0.0471
476.5	0.0471
476.375	0.0471
476.25	0.0471
476.125	0.0471
476.0	0.0471
475.875	0.0471
475.75	0.0471
475.625	0.0471
475.5	0.0471
475.375	0.0471
475.25	0.0463
475.125	0.0471
475.0	0.0471
474.875	0.0463
474.75	0.0448
474.625	0.0471
474.5	0.0448
474.375	0.0448
474.25	0.0471
474.125	0.0455
474.0	0.0463
473.875	0.0471
473.75	0.0471
473.625	0.0471
473.5	0.0463
473.375	0.0463
473.25	0.0463
473.125	0.0471
473.0	0.0471
472.875	0.0471
472.75	0.0479
472.625	0.0455
472.5	0.0471
472.375	0.0463
472.25	0.0471
472.125	0.0471
472.0	0.0455
471.875	0.0471
471.75	0.0471
471.625	0.0455
471.5	0.0463
471.375	0.0471
471.25	0.0471
471.125	0.0471
471.0	0.0463
470.875	0.0471
470.75	0.0471
470.625	0.044
470.5	0.0471
470.375	0.0463
470.25	0.0455
470.125	0.0463
470.0	0.0471
469.875	0.0455
469.75	0.0463
469.625	0.0471
469.5	0.0471
469.375	0.0471
469.25	0.0471
469.125	0.0471
469.0	0.0471
468.875	0.0471
468.75	0.0471
468.625	0.0463
468.5	0.0471
468.375	0.0471
468.25	0.0471
468.125	0.0463
468.0	0.0471
467.875	0.0471
467.75	0.0471
467.625	0.0471
467.5	0.0471
467.375	0.0471
467.25	0.0471
467.125	0.0463
467.0	0.0471
466.875	0.0471
466.75	0.0471
466.625	0.0471
466.5	0.0471
466.375	0.0471
466.25	0.0471
466.125	0.0479
466.0	0.0471
465.875	0.0479
465.75	0.0471
465.625	0.0479
465.5	0.0471
465.375	0.0471
465.25	0.0471
465.125	0.0471
465.0	0.0471
464.875	0.0479
464.75	0.0479
464.625	0.0471
464.5	0.0471
464.375	0.0479
464.25	0.0471
464.125	0.0471
464.0	0.0479
463.875	0.0479
463.75	0.0479
463.625	0.0495
463.5	0.0471
463.375	0.0471
463.25	0.0479
463.125	0.0471
463.0	0.0471
462.875	0.0471
462.75	0.0479
462.625	0.0471
462.5	0.0487
462.375	0.0471
462.25	0.0479
462.125	0.0471
462.0	0.0487
461.875	0.0479
461.75	0.0503
461.625	0.0487
461.5	0.0495
461.375	0.0495
461.25	0.0503
461.125	0.0479
461.0	0.0495
460.875	0.0511
460.75	0.0487
460.625	0.0487
460.5	0.0503
460.375	0.0503
460.25	0.0518
460.125	0.0503
460.0	0.0503
459.875	0.0503
459.75	0.0479
459.625	0.0518
459.5	0.0511
459.375	0.0518
459.25	0.0518
459.125	0.0518
459.0	0.0511
458.875	0.0518
458.75	0.0518
458.625	0.0503
458.5	0.0518
458.375	0.0518
458.25	0.0526
458.125	0.0518
458.0	0.0526
457.875	0.0518
457.75	0.0526
457.625	0.0526
457.5	0.0558
457.375	0.0534
457.25	0.055
457.125	0.055
457.0	0.055
456.875	0.055
456.75	0.055
456.625	0.0566
456.5	0.055
456.375	0.0558
456.25	0.0566
456.125	0.0573
456.0	0.0566
455.875	0.0589
455.75	0.0613
455.625	0.0613
455.5	0.0621
455.375	0.066
455.25	0.0676
455.125	0.0683
455.0	0.0691
454.875	0.0707
454.75	0.0715
454.625	0.0731
454.5	0.0746
454.375	0.0754
454.25	0.0762
454.125	0.0762
454.0	0.0762
453.875	0.077
453.75	0.0794
453.625	0.0801
453.5	0.0801
453.375	0.0801
453.25	0.0801
453.125	0.0801
453.0	0.0817
452.875	0.0817
452.75	0.0833
452.625	0.0841
452.5	0.0841
452.375	0.0841
452.25	0.0849
452.125	0.0841
452.0	0.0849
451.875	0.0856
451.75	0.0856
451.625	0.0864
451.5	0.0872
451.375	0.0888
451.25	0.0896
451.125	0.0896
451.0	0.0896
450.875	0.0904
450.75	0.0919
450.625	0.0911
450.5	0.0919
450.375	0.0935
450.25	0.0943
450.125	0.0943
450.0	0.0943
449.875	0.0959
449.75	0.0966
449.625	0.099
449.5	0.0982
449.375	0.099
449.25	0.099
449.125	0.1006
449.0	0.1022
448.875	0.1022
448.75	0.1029
448.625	0.1037
448.5	0.1037
448.375	0.1037
448.25	0.1084
448.125	0.1084
448.0	0.1084
447.875	0.1084
447.75	0.11
447.625	0.1132
447.5	0.1163
447.375	0.1139
447.25	0.1147
447.125	0.1179
447.0	0.1171
446.875	0.1179
446.75	0.1202
446.625	0.1226
446.5	0.1234
446.375	0.1234
446.25	0.125
446.125	0.1273
446.0	0.1273
445.875	0.1281
445.75	0.1305
445.625	0.132
445.5	0.132
445.375	0.1344
445.25	0.1352
445.125	0.1367
445.0	0.1383
444.875	0.1407
444.75	0.1415
444.625	0.1415
444.5	0.1438
444.375	0.147
444.25	0.1485
444.125	0.1509
444.0	0.1509
443.875	0.1525
443.75	0.1556
443.625	0.1556
443.5	0.1603
443.375	0.1595
443.25	0.1627
443.125	0.1643
443.0	0.165
442.875	0.1682
442.75	0.1698
442.625	0.1713
442.5	0.1745
442.375	0.1776
442.25	0.1792
442.125	0.1808
442.0	0.1831
441.875	0.1839
441.75	0.1847
441.625	0.1886
441.5	0.1894
441.375	0.1926
441.25	0.1933
441.125	0.1981
441.0	0.1988
440.875	0.1996
440.75	0.2028
440.625	0.2036
440.5	0.2075
440.375	0.2075
440.25	0.2122
440.125	0.2122
440.0	0.2169
439.875	0.2193
439.75	0.2193
439.625	0.2216
439.5	0.224
439.375	0.2264
439.25	0.2272
439.125	0.2303
439.0	0.2334
438.875	0.235
438.75	0.2366
438.625	0.2405
438.5	0.2421
438.375	0.2444
438.25	0.2452
438.125	0.2476
438.0	0.2492
437.875	0.25
437.75	0.2547
437.625	0.2547
437.5	0.2547
437.375	0.2594
437.25	0.2594
437.125	0.2602
437.0	0.2633
436.875	0.2641
436.75	0.2641
436.625	0.2688
436.5	0.268
436.375	0.2688
436.25	0.2688
436.125	0.2735
436.0	0.2735
435.875	0.2735
435.75	0.2735
435.625	0.2743
435.5	0.2743
435.375	0.2775
435.25	0.2775
435.125	0.2775
435.0	0.2783
434.875	0.2775
434.75	0.2806
434.625	0.279
434.5	0.2783
434.375	0.2783
434.25	0.279
434.125	0.2783
434.0	0.2783
433.875	0.2783
433.75	0.2783
433.625	0.2775
433.5	0.2751
433.375	0.2759
433.25	0.2743
433.125	0.2743
433.0	0.2743
432.875	0.2735
432.75	0.272
432.625	0.2696
432.5	0.268
432.375	0.268
432.25	0.2657
432.125	0.2641
432.0	0.2641
431.875	0.2617
431.75	0.2594
431.625	0.2594
431.5	0.2547
431.375	0.2547
431.25	0.2531
431.125	0.25
431.0	0.2492
430.875	0.2468
430.75	0.2452
430.625	0.2405
430.5	0.2405
430.375	0.235
430.25	0.235
430.125	0.2319
430.0	0.2295
429.875	0.2279
429.75	0.2256
429.625	0.2216
429.5	0.2216
429.375	0.2169
429.25	0.2154
429.125	0.2122
429.0	0.2106
428.875	0.2083
428.75	0.2028
428.625	0.2012
428.5	0.1981
428.375	0.1965
428.25	0.1933
428.125	0.1902
428.0	0.1839
427.875	0.1839
427.75	0.1792
427.625	0.1792
427.5	0.1745
427.375	0.1721
427.25	0.1698
427.125	0.1658
427.0	0.165
426.875	0.1603
426.75	0.1588
426.625	0.1556
426.5	0.1525
426.375	0.1493
426.25	0.147
426.125	0.1462
426.0	0.1415
425.875	0.1415
425.75	0.1391
425.625	0.1352
425.5	0.1344
425.375	0.1305
425.25	0.1305
425.125	0.125
425.0	0.1226
424.875	0.1226
424.75	0.1179
424.625	0.1163
424.5	0.1147
424.375	0.1132
424.25	0.1108
424.125	0.11
424.0	0.1077
423.875	0.1053
423.75	0.1037
423.625	0.1022
423.5	0.1006
423.375	0.099
423.25	0.099
423.125	0.0943
423.0	0.0943
422.875	0.0927
422.75	0.0904
422.625	0.0896
422.5	0.088
422.375	0.0849
422.25	0.0849
422.125	0.0849
422.0	0.0833
421.875	0.0825
421.75	0.0801
421.625	0.0801
421.5	0.0778
421.375	0.0778
421.25	0.0754
421.125	0.0754
421.0	0.0754
420.875	0.0754
420.75	0.0723
420.625	0.0715
420.5	0.0707
420.375	0.0707
420.25	0.0691
420.125	0.0699
420.0	0.0668
419.875	0.0668
419.75	0.0668
419.625	0.066
419.5	0.066
419.375	0.0644
419.25	0.0644
419.125	0.0628
419.0	0.0621
418.875	0.0621
418.75	0.0628
418.625	0.0613
418.5	0.0613
418.375	0.0621
418.25	0.0597
418.125	0.0613
418.0	0.0597
417.875	0.0613
417.75	0.0597
417.625	0.0605
417.5	0.0589
417.375	0.0573
417.25	0.0573
417.125	0.0566
417.0	0.0573
416.875	0.0573
416.75	0.0581
416.625	0.0581
416.5	0.0566
416.375	0.0566
416.25	0.0573
416.125	0.0566
416.0	0.0566
415.875	0.0566
415.75	0.0558
415.625	0.0566
415.5	0.0566
415.375	0.0566
415.25	0.0566
415.125	0.0558
415.0	0.0542
414.875	0.0566
414.75	0.0566
414.625	0.0573
414.5	0.0542
414.375	0.0566
414.25	0.0566
414.125	0.0566
414.0	0.0542
413.875	0.0542
413.75	0.055
413.625	0.0558
413.5	0.055
413.375	0.0558
413.25	0.0542
413.125	0.055
413.0	0.055
412.875	0.0558
412.75	0.055
412.625	0.0542
412.5	0.0534
412.375	0.055
412.25	0.0542
412.125	0.055
412.0	0.055
411.875	0.0534
411.75	0.0542
411.625	0.0534
411.5	0.0534
411.375	0.0542
411.25	0.0542
411.125	0.0542
411.0	0.0542
410.875	0.0542
410.75	0.0534
410.625	0.0518
410.5	0.0542
410.375	0.0526
410.25	0.0534
410.125	0.055
410.0	0.0526
409.875	0.0518
409.75	0.0526
409.625	0.0526
409.5	0.0526
409.375	0.0526
409.25	0.055
409.125	0.0542
409.0	0.0518
408.875	0.0534
408.75	0.0526
408.625	0.0518
408.5	0.0518
408.375	0.0518
408.25	0.0518
408.125	0.0518
408.0	0.0534
407.875	0.0518
407.75	0.0526
407.625	0.0534
407.5	0.0534
407.375	0.0526
407.25	0.0518
407.125	0.0526
407.0	0.0518
406.875	0.0518
406.75	0.0526
406.625	0.0518
406.5	0.0534
406.375	0.0534
406.25	0.0518
406.125	0.0518
406.0	0.0518
405.875	0.0518
405.75	0.0526
405.625	0.0526
405.5	0.0534
405.375	0.0518
405.25	0.0526
405.125	0.0526
405.0	0.0526
404.875	0.0518
404.75	0.0526
404.625	0.0518
404.5	0.0518
404.375	0.0526
404.25	0.0526
404.125	0.0518
404.0	0.0518
403.875	0.0518
403.75	0.0542
403.625	0.0542
403.5	0.0534
403.375	0.0518
403.25	0.0526
403.125	0.0518
403.0	0.0518
402.875	0.0526
402.75	0.0518
402.625	0.0518
402.5	0.0526
402.375	0.0534
402.25	0.0526
402.125	0.0526
402.0	0.0526
401.875	0.0518
401.75	0.0518
401.625	0.0518
401.5	0.0518
401.375	0.0534
401.25	0.0518
401.125	0.055
401.0	0.0534
400.875	0.0518
400.75	0.0518
400.625	0.0518
400.5	0.0518
400.375	0.0518
400.25	0.0518
400.125	0.0526
400.0	0.0526
399.875	0.0518
399.75	0.0534
399.625	0.0526
399.5	0.0526
399.375	0.0518
399.25	0.0526
399.125	0.0518
399.0	0.0518
398.875	0.0526
398.75	0.0526
398.625	0.0518
398.5	0.0518
398.375	0.0518
398.25	0.0511
398.125	0.0518
398.0	0.0518
397.875	0.0518
397.75	0.0518
397.625	0.0518
397.5	0.0518
397.375	0.0518
397.25	0.0518
397.125	0.0518
397.0	0.0518
396.875	0.0526
396.75	0.0518
396.625	0.0518
396.5	0.0518
396.375	0.0511
396.25	0.0511
396.125	0.0518
396.0	0.0518
395.875	0.0518
395.75	0.0526
395.625	0.0518
395.5	0.0518
395.375	0.0534
395.25	0.0518
395.125	0.0518
395.0	0.0518
394.875	0.0511
394.75	0.0518
394.625	0.0526
394.5	0.0518
394.375	0.0518
394.25	0.0518
394.125	0.0518
394.0	0.0518
393.875	0.0518
393.75	0.0518
393.625	0.0518
393.5	0.0518
393.375	0.0518
393.25	0.0518
393.125	0.0518
393.0	0.0518
392.875	0.0518
392.75	0.0518
392.625	0.0518
392.5	0.0518
392.375	0.0518
392.25	0.0518
392.125	0.0518
392.0	0.0518
391.875	0.0534
391.75	0.0518
391.625	0.0518
391.5	0.0518
391.375	0.0518
391.25	0.0518
391.125	0.0518
391.0	0.0518
390.875	0.0518
390.75	0.0511
390.625	0.0518
390.5	0.0511
390.375	0.0518
390.25	0.0503
390.125	0.0518
390.0	0.0518
389.875	0.0518
389.75	0.0518
389.625	0.0518
389.5	0.0526
389.375	0.0518
389.25	0.0518
389.125	0.0511
389.0	0.0526
388.875	0.0526
388.75	0.0518
388.625	0.0518
388.5	0.0518
388.375	0.0518
388.25	0.0518
388.125	0.0518
388.0	0.0511
387.875	0.0518
387.75	0.0518
387.625	0.0518
387.5	0.0518
387.375	0.0518
387.25	0.0495
387.125	0.0518
387.0	0.0518
386.875	0.0518
386.75	0.0518
386.625	0.0518
386.5	0.0511
386.375	0.0518
386.25	0.0518
386.125	0.0518
386.0	0.0518
385.875	0.0518
385.75	0.0518
385.625	0.0518
385.5	0.0511
385.375	0.0518
385.25	0.0526
385.125	0.0511
385.0	0.0518
384.875	0.0518
384.75	0.0518
384.625	0.0518
384.5	0.0518
384.375	0.0534
384.25	0.0518
384.125	0.0518
384.0	0.0526
383.875	0.0518
383.75	0.0518
383.625	0.0518
383.5	0.0518
383.375	0.0511
383.25	0.0518
383.125	0.0518
383.0	0.0518
382.875	0.0518
382.75	0.0518
382.625	0.0511
382.5	0.0518
382.375	0.0518
382.25	0.0518
382.125	0.0518
382.0	0.0511
381.875	0.0518
381.75	0.0526
381.625	0.0518
381.5	0.0518
381.375	0.0518
381.25	0.0518
381.125	0.0518
381.0	0.0518
380.875	0.0534
380.75	0.0518
380.625	0.0518
380.5	0.0518
380.375	0.0518
380.25	0.0511
380.125	0.0518
380.0	0.0526
379.875	0.0518
379.75	0.0518
379.625	0.0511
379.5	0.0518
379.375	0.0518
379.25	0.0518
379.125	0.0518
379.0	0.0518
378.875	0.0526
378.75	0.0518
378.625	0.0518
378.5	0.0534
378.375	0.0518
378.25	0.0518
378.125	0.0518
378.0	0.0518
377.875	0.0518
377.75	0.0518
377.625	0.0518
377.5	0.0503
377.375	0.0518
377.25	0.0518
377.125	0.0503
377.0	0.0518
376.875	0.0511
376.75	0.0518
376.625	0.0518
376.5	0.0518
376.375	0.0518
376.25	0.0518
376.125	0.0518
376.0	0.0518
375.875	0.0518
375.75	0.0518
375.625	0.0518
375.5	0.0518
375.375	0.0518
375.25	0.0534
375.125	0.0518
375.0	0.0511
374.875	0.0518
374.75	0.0518
374.625	0.0518
374.5	0.0518
374.375	0.0518
374.25	0.0518
374.125	0.0518
374.0	0.0518
373.875	0.0518
373.75	0.0518
373.625	0.0518
373.5	0.0518
373.375	0.0518
373.25	0.0518
373.125	0.0518
373.0	0.0518
372.875	0.0518
372.75	0.0518
372.625	0.0518
372.5	0.0518
372.375	0.0518
372.25	0.0518
372.125	0.0518
372.0	0.0526
371.875	0.0518
371.75	0.0526
371.625	0.0518
371.5	0.0518
371.375	0.0511
371.25	0.0518
371.125	0.0518
371.0	0.0518
370.875	0.0518
370.75	0.0518
370.625	0.0518
370.5	0.0518
370.375	0.0518
370.25	0.0518
370.125	0.0518
370.0	0.0518
369.875	0.0518
369.75	0.0518
369.625	0.0526
369.5	0.0518
369.375	0.0518
369.25	0.0518
369.125	0.0518
369.0	0.0518
368.875	0.0518
368.75	0.0518
368.625	0.0518
368.5	0.0526
368.375	0.0518
368.25	0.0526
368.125	0.0518
368.0	0.0518
367.875	0.0518
367.75	0.0518
367.625	0.0526
367.5	0.0518
367.375	0.0518
367.25	0.0518
367.125	0.0518
367.0	0.0518
366.875	0.0518
366.75	0.0518
366.625	0.0518
366.5	0.0518
366.375	0.0518
366.25	0.0518
366.125	0.0518
366.0	0.0511
365.875	0.0518
365.75	0.0518
365.625	0.0518
365.5	0.0518
365.375	0.0526
365.25	0.0518
365.125	0.0518
365.0	0.0518
364.875	0.0518
364.75	0.0518
364.625	0.0526
364.5	0.0518
364.375	0.0518
364.25	0.0518
364.125	0.0518
364.0	0.0518
363.875	0.0518
363.75	0.0526
363.625	0.0518
363.5	0.0518
363.375	0.0511
363.25	0.0518
363.125	0.0526
363.0	0.0518
362.875	0.0518
362.75	0.0518
362.625	0.0518
362.5	0.0518
362.375	0.0526
362.25	0.0511
362.125	0.0534
362.0	0.0518
361.875	0.0518
361.75	0.0518
361.625	0.0526
361.5	0.0518
361.375	0.0518
361.25	0.0518
361.125	0.0518
361.0	0.0518
360.875	0.0518
360.75	0.0518
360.625	0.0518
360.5	0.0518
360.375	0.0518
360.25	0.0518
360.125	0.0518
360.0	0.0511
359.875	0.0518
359.75	0.0518
359.625	0.0518
359.5	0.0526
359.375	0.0518
359.25	0.0518
359.125	0.0518
359.0	0.0518
358.875	0.0518
358.75	0.0503
358.625	0.0518
358.5	0.0518
358.375	0.0518
358.25	0.0526
358.125	0.0526
358.0	0.0518
357.875	0.0518
357.75	0.0518
357.625	0.0518
357.5	0.0503
357.375	0.0518
357.25	0.0518
357.125	0.0518
357.0	0.0518
356.875	0.0518
356.75	0.0518
356.625	0.0511
356.5	0.0518
356.375	0.0518
356.25	0.0518
356.125	0.0518
356.0	0.0518
355.875	0.0511
355.75	0.0518
355.625	0.0518
355.5	0.0518
355.375	0.0511
355.25	0.0518
355.125	0.0503
355.0	0.0518
354.875	0.0518
354.75	0.0511
354.625	0.0503
354.5	0.0518
354.375	0.0518
354.25	0.0518
354.125	0.0518
354.0	0.0518
353.875	0.0518
353.75	0.0518
353.625	0.0503
353.5	0.0518
353.375	0.0518
353.25	0.0503
353.125	0.0526
353.0	0.0518
352.875	0.0518
352.75	0.0511
352.625	0.0518
352.5	0.0518
352.375	0.0511
352.25	0.0511
352.125	0.0518
352.0	0.0518
351.875	0.0518
351.75	0.0518
351.625	0.0518
351.5	0.0518
351.375	0.0511
351.25	0.0518
351.125	0.0518
351.0	0.0518
350.875	0.0503
350.75	0.0503
350.625	0.0511
350.5	0.0511
350.375	0.0495
350.25	0.0518
350.125	0.0518
350.0	0.0518
349.875	0.0503
349.75	0.0518
349.625	0.0518
349.5	0.0503
349.375	0.0518
349.25	0.0518
349.125	0.0518
349.0	0.0503
348.875	0.0518
348.75	0.0518
348.625	0.0511
348.5	0.0518
348.375	0.0503
348.25	0.0487
348.125	0.0479
348.0	0.0471
347.875	0.0471
347.75	0.0463
347.625	0.0455
347.5	0.0424
347.375	0.0393
347.25	0.0377
347.125	0.0377
347.0	0.0345
346.875	0.0345
346.75	0.0353
346.625	0.033
346.5	0.033
346.375	0.033
346.25	0.033
346.125	0.0369
346.0	0.0369
345.875	0.0377
345.75	0.0393
345.625	0.0377
345.5	0.0393
345.375	0.0377
345.25	0.0377
345.125	0.0377
345.0	0.0353
344.875	0.0361
344.75	0.0369
344.625	0.0369
344.5	0.0385
344.375	0.0377
344.25	0.0393
344.125	0.0424
344.0	0.0424
343.875	0.0424
343.75	0.0463
343.625	0.0471
343.5	0.0471
343.375	0.0471
343.25	0.0479
343.125	0.0495
343.0	0.0511
342.875	0.0518
342.75	0.0518
342.625	0.0511
342.5	0.0518
342.375	0.0511
342.25	0.0518
342.125	0.0518
342.0	0.0518
341.875	0.0511
341.75	0.0518
341.625	0.0511
341.5	0.0518
341.375	0.0518
341.25	0.0518
341.125	0.0503
341.0	0.0518
340.875	0.0518
340.75	0.0526
340.625	0.0518
340.5	0.0518
340.375	0.0518
340.25	0.0518
340.125	0.0518
340.0	0.0518
339.875	0.0518
339.75	0.0518
339.625	0.0518
339.5	0.0503
339.375	0.0518
339.25	0.0503
339.125	0.0518
339.0	0.0518
338.875	0.0518
338.75	0.0518
338.625	0.0518
338.5	0.0518
338.375	0.0518
338.25	0.0518
338.125	0.0511
338.0	0.0518
337.875	0.0518
337.75	0.0518
337.625	0.0518
337.5	0.0511
337.375	0.0518
337.25	0.0518
337.125	0.0518
337.0	0.0518
336.875	0.0518
336.75	0.0511
336.625	0.0503
336.5	0.0518
336.375	0.0518
336.25	0.0518
336.125	0.0495
336.0	0.0518
335.875	0.0518
335.75	0.0518
335.625	0.0518
335.5	0.0518
335.375	0.0518
335.25	0.0518
335.125	0.0511
335.0	0.0511
334.875	0.0518
334.75	0.0511
334.625	0.0511
334.5	0.0518
334.375	0.0511
334.25	0.0518
334.125	0.0518
334.0	0.0518
333.875	0.0518
333.75	0.0503
333.625	0.0518
333.5	0.0511
333.375	0.0518
333.25	0.0518
333.125	0.0518
333.0	0.0518
332.875	0.0518
332.75	0.0511
332.625	0.0518
332.5	0.0518
332.375	0.0518
332.25	0.0518
332.125	0.0518
332.0	0.0518
331.875	0.0518
331.75	0.0503
331.625	0.0518
331.5	0.0518
331.375	0.0518
331.25	0.0518
331.125	0.0518
331.0	0.0518
330.875	0.0518
330.75	0.0518
330.625	0.0518
330.5	0.0518
330.375	0.0518
330.25	0.0503
330.125	0.0511
330.0	0.0518
329.875	0.0518
329.75	0.0511
329.625	0.0518
329.5	0.0518
329.375	0.0511
329.25	0.0518
329.125	0.0518
329.0	0.0518
328.875	0.0518
328.75	0.0518
328.625	0.0518
328.5	0.0518
328.375	0.0511
328.25	0.0518
328.125	0.0511
328.0	0.0518
327.875	0.0526
327.75	0.0518
327.625	0.0518
327.5	0.0518
327.375	0.0518
327.25	0.0518
327.125	0.0518
327.0	0.0511
326.875	0.0518
326.75	0.0511
326.625	0.0518
326.5	0.0511
326.375	0.0503
326.25	0.0518
326.125	0.0518
326.0	0.0518
325.875	0.0518
325.75	0.0503
325.625	0.0511
325.5	0.0518
325.375	0.0518
325.25	0.0518
325.125	0.0518
325.0	0.0503
324.875	0.0511
324.75	0.0518
324.625	0.0511
324.5	0.0503
324.375	0.0518
324.25	0.0511
324.125	0.0503
324.0	0.0503
323.875	0.0495
323.75	0.0479
323.625	0.0479
323.5	0.0495
323.375	0.0479
323.25	0.0471
323.125	0.0463
323.0	0.0471
322.875	0.0448
322.75	0.0463
322.625	0.0432
322.5	0.0424
322.375	0.0424
322.25	0.0424
322.125	0.0416
322.0	0.04
321.875	0.0385
321.75	0.0393
321.625	0.04
321.5	0.0408
321.375	0.0408
321.25	0.04
321.125	0.0424
321.0	0.0416
320.875	0.0408
320.75	0.0424
320.625	0.04
320.5	0.04
320.375	0.0424
320.25	0.0424
320.125	0.0424
320.0	0.0424
319.875	0.0424
319.75	0.0424
319.625	0.0424
319.5	0.0424
319.375	0.0424
319.25	0.0432
319.125	0.044
319.0	0.0432
318.875	0.0424
318.75	0.0432
318.625	0.0424
318.5	0.044
318.375	0.0432
318.25	0.044
318.125	0.0448
318.0	0.044
317.875	0.0448
317.75	0.0448
317.625	0.0424
317.5	0.044
317.375	0.0455
317.25	0.044
317.125	0.0463
317.0	0.0455
316.875	0.0432
316.75	0.044
316.625	0.0463
316.5	0.0463
316.375	0.044
316.25	0.0448
316.125	0.0455
316.0	0.0448
315.875	0.0455
315.75	0.044
315.625	0.0455
315.5	0.0448
315.375	0.0455
315.25	0.0455
315.125	0.0455
315.0	0.0455
314.875	0.0471
314.75	0.0463
314.625	0.0471
314.5	0.0448
314.375	0.0471
314.25	0.0471
314.125	0.0471
314.0	0.0471
313.875	0.0471
313.75	0.0471
313.625	0.0471
313.5	0.0471
313.375	0.0471
313.25	0.0471
313.125	0.0487
313.0	0.0487
312.875	0.0487
312.75	0.0503
312.625	0.0495
312.5	0.0518
312.375	0.0518
312.25	0.0518
312.125	0.0518
312.0	0.0518
311.875	0.0511
311.75	0.0518
311.625	0.0518
311.5	0.0518
311.375	0.0518
311.25	0.0511
311.125	0.0518
311.0	0.0518
310.875	0.0518
310.75	0.0518
310.625	0.0518
310.5	0.0518
310.375	0.0518
310.25	0.0518
310.125	0.0518
310.0	0.0511
309.875	0.0518
309.75	0.0503
309.625	0.0503
309.5	0.0518
309.375	0.0518
309.25	0.0518
309.125	0.0518
309.0	0.0526
308.875	0.0503
308.75	0.0511
308.625	0.0518
308.5	0.0518
308.375	0.0518
308.25	0.0518
308.125	0.0518
308.0	0.0518
307.875	0.0518
307.75	0.0518
307.625	0.0511
307.5	0.0518
307.375	0.0511
307.25	0.0518
307.125	0.0503
307.0	0.0503
306.875	0.0487
306.75	0.0518
306.625	0.0518
306.5	0.0518
306.375	0.0495
306.25	0.0518
306.125	0.0518
306.0	0.0503
305.875	0.0511
305.75	0.0518
305.625	0.0503
305.5	0.0518
305.375	0.0518
305.25	0.0511
305.125	0.0518
305.0	0.0503
304.875	0.0503
304.75	0.0518
304.625	0.0511
304.5	0.0518
304.375	0.0518
304.25	0.0503
304.125	0.0518
304.0	0.0518
303.875	0.0518
303.75	0.0518
303.625	0.0518
303.5	0.0511
303.375	0.0518
303.25	0.0518
303.125	0.0503
303.0	0.0518
302.875	0.0518
302.75	0.0511
302.625	0.0518
302.5	0.0518
302.375	0.0518
302.25	0.0511
302.125	0.0518
302.0	0.0518
301.875	0.0518
301.75	0.0518
301.625	0.0503
301.5	0.0518
301.375	0.0518
301.25	0.0503
301.125	0.0518
301.0	0.0503
300.875	0.0518
300.75	0.0518
300.625	0.0503
300.5	0.0511
300.375	0.0495
300.25	0.0503
300.125	0.0479
