900.0	0.0479
899.875	0.0471
899.75	0.0471
899.625	0.0471
899.5	0.0471
899.375	0.0471
899.25	0.0471
899.125	0.0463
899.0	0.0471
898.875	0.0471
898.75	0.0471
898.625	0.0471
898.5	0.0471
898.375	0.0471
898.25	0.0479
898.125	0.0471
898.0	0.0471
897.875	0.0471
897.75	0.0471
897.625	0.0471
897.5	0.0471
897.375	0.0471
897.25	0.0479
897.125	0.0471
897.0	0.0471
896.875	0.0471
896.75	0.0471
896.625	0.0471
896.5	0.0471
896.375	0.0479
896.25	0.0471
896.125	0.0471
896.0	0.0471
895.875	0.0471
895.75	0.0471
895.625	0.0471
895.5	0.0471
895.375	0.0479
895.25	0.0471
895.125	0.0471
895.0	0.0471
894.875	0.0471
894.75	0.0471
894.625	0.0471
894.5	0.0471
894.375	0.0471
894.25	0.0471
894.125	0.0479
894.0	0.0479
893.875	0.0487
893.75	0.0471
893.625	0.0479
893.5	0.0471
893.375	0.0471
893.25	0.0471
893.125	0.0471
893.0	0.0471
892.875	0.0471
892.75	0.0479
892.625	0.0471
892.5	0.0503
892.375	0.0471
892.25	0.0495
892.125	0.0471
892.0	0.0471
891.875	0.0471
891.75	0.0471
891.625	0.0479
891.5	0.0471
891.375	0.0471
891.25	0.0487
891.125	0.0495
891.0	0.0471
890.875	0.0471
890.75	0.0471
890.625	0.0471
890.5	0.0487
890.375	0.0479
890.25	0.0471
890.125	0.0471
890.0	0.0487
889.875	0.0479
889.75	0.0471
889.625	0.0479
889.5	0.0471
889.375	0.0471
889.25	0.0487
889.125	0.0471
889.0	0.0479
888.875	0.0471
888.75	0.0471
888.625	0.0471
888.5	0.0471
888.375	0.0471
888.25	0.0471
888.125	0.0471
888.0	0.0471
887.875	0.0471
887.75	0.0479
887.625	0.0471
887.5	0.0471
887.375	0.0479
887.25	0.0471
887.125	0.0471
887.0	0.0471
886.875	0.0471
886.75	0.0471
886.625	0.0471
886.5	0.0487
886.375	0.0471
886.25	0.0471
886.125	0.0463
886.0	0.0471
885.875	0.0471
885.75	0.0471
885.625	0.0448
885.5	0.0479
885.375	0.0471
885.25	0.0471
885.125	0.0471
885.0	0.0463
884.875	0.0471
884.75	0.0471
884.625	0.0471
884.5	0.0471
884.375	0.0471
884.25	0.0463
884.125	0.0471
884.0	0.0471
883.875	0.0471
883.75	0.0471
883.625	0.0455
883.5	0.0471
883.375	0.0471
883.25	0.0463
883.125	0.0471
883.0	0.0463
882.875	0.0471
882.75	0.0471
882.625	0.0463
882.5	0.0471
882.375	0.0471
882.25	0.0471
882.125	0.0471
882.0	0.0471
881.875	0.0471
881.75	0.0471
881.625	0.0471
881.5	0.0471
881.375	0.0471
881.25	0.0471
881.125	0.0471
881.0	0.0463
880.875	0.0471
880.75	0.0471
880.625	0.0471
880.5	0.0463
880.375	0.0471
880.25	0.0471
880.125	0.0471
880.0	0.0463
879.875	0.0471
879.75	0.0471
879.625	0.0471
879.5	0.0471
879.375	0.0487
879.25	0.0463
879.125	0.0471
879.0	0.0471
878.875	0.0463
878.75	0.0471
878.625	0.0463
878.5	0.0471
878.375	0.0471
878.25	0.0463
878.125	0.0471
878.0	0.0471
877.875	0.0471
877.75	0.0471
877.625	0.0479
877.5	0.0471
877.375	0.0471
877.25	0.0471
877.125	0.0471
877.0	0.0471
876.875	0.0471
876.75	0.0471
876.625	0.0471
876.5	0.0471
876.375	0.0471
876.25	0.0471
876.125	0.0471
876.0	0.0471
875.875	0.0471
875.75	0.0471
875.625	0.0463
875.5	0.0471
875.375	0.0471
875.25	0.0471
875.125	0.0479
875.0	0.0448
874.875	0.0471
874.75	0.0463
874.625	0.0463
874.5	0.0471
874.375	0.0463
874.25	0.0471
874.125	0.0471
874.0	0.0455
873.875	0.0463
873.75	0.0463
873.625	0.0471
873.5	0.0471
873.375	0.0463
873.25	0.0448
873.125	0.0455
873.0	0.0455
872.875	0.0463
872.75	0.0471
872.625	0.0463
872.5	0.0463
872.375	0.0463
872.25	0.0463
872.125	0.0471
872.0	0.0455
871.875	0.0455
871.75	0.0471
871.625	0.044
871.5	0.0471
871.375	0.0463
871.25	0.0471
871.125	0.0471
871.0	0.0455
870.875	0.0463
870.75	0.0463
870.625	0.0463
870.5	0.0471
870.375	0.0455
870.25	0.0463
870.125	0.0455
870.0	0.0455
869.875	0.0455
869.75	0.0448
869.625	0.0448
869.5	0.0463
869.375	0.0455
869.25	0.0448
869.125	0.0455
869.0	0.0448
868.875	0.0471
868.75	0.0471
868.625	0.0455
868.5	0.0455
868.375	0.0463
868.25	0.0463
868.125	0.0448
868.0	0.0463
867.875	0.0463
867.75	0.0455
867.625	0.044
867.5	0.0463
867.375	0.0463
867.25	0.0455
867.125	0.0463
867.0	0.0455
866.875	0.0455
866.75	0.044
866.625	0.0432
866.5	0.044
866.375	0.0455
866.25	0.044
866.125	0.0432
866.0	0.0432
865.875	0.0448
865.75	0.044
865.625	0.0448
865.5	0.0455
865.375	0.044
865.25	0.0448
865.125	0.044
865.0	0.0448
864.875	0.0424
864.75	0.044
864.625	0.044
864.5	0.0424
864.375	0.0424
864.25	0.0424
864.125	0.0448
864.0	0.0424
863.875	0.0424
863.75	0.0463
863.625	0.0424
863.5	0.044
863.375	0.0432
863.25	0.0432
863.125	0.0432
863.0	0.0448
862.875	0.044
862.75	0.0424
862.625	0.044
862.5	0.044
862.375	0.044
862.25	0.0424
862.125	0.0424
862.0	0.0424
861.875	0.044
861.75	0.0424
861.625	0.0463
861.5	0.0424
861.375	0.0424
861.25	0.0424
861.125	0.0424
861.0	0.044
860.875	0.0432
860.75	0.0416
860.625	0.0424
860.5	0.0424
860.375	0.0424
860.25	0.0432
860.125	0.0424
860.0	0.0424
859.875	0.0424
859.75	0.0424
859.625	0.0424
859.5	0.0448
859.375	0.0424
859.25	0.0424
859.125	0.0424
859.0	0.0432
858.875	0.0424
858.75	0.0432
858.625	0.0424
858.5	0.044
858.375	0.0432
858.25	0.0424
858.125	0.044
858.0	0.0424
857.875	0.0448
857.75	0.0424
857.625	0.0432
857.5	0.0424
857.375	0.0424
857.25	0.0424
857.125	0.0424
857.0	0.0424
856.875	0.0424
856.75	0.0416
856.625	0.0432
856.5	0.0424
856.375	0.0416
856.25	0.0424
856.125	0.0424
856.0	0.0424
855.875	0.0416
855.75	0.0424
855.625	0.0424
855.5	0.0424
855.375	0.0416
855.25	0.0424
855.125	0.0424
855.0	0.0424
854.875	0.0424
854.75	0.0424
854.625	0.0424
854.5	0.0424
854.375	0.0424
854.25	0.0424
854.125	0.0408
854.0	0.0424
853.875	0.0424
853.75	0.0408
853.625	0.0424
853.5	0.0424
853.375	0.0424
853.25	0.0416
853.125	0.0424
853.0	0.0424
852.875	0.0424
852.75	0.0424
852.625	0.0416
852.5	0.0416
852.375	0.0424
852.25	0.0416
852.125	0.0408
852.0	0.0424
851.875	0.0416
851.75	0.0416
851.625	0.0424
851.5	0.0408
851.375	0.0424
851.25	0.0424
851.125	0.0424
851.0	0.0408
850.875	0.0424
850.75	0.0416
850.625	0.0424
850.5	0.0424
850.375	0.0408
850.25	0.0424
850.125	0.0408
850.0	0.0416
849.875	0.0424
849.75	0.0424
849.625	0.0408
849.5	0.0393
849.375	0.0416
849.25	0.0408
849.125	0.0416
849.0	0.0408
848.875	0.0408
848.75	0.0424
848.625	0.0416
848.5	0.0408
848.375	0.0408
848.25	0.0393
848.125	0.0393
848.0	0.0408
847.875	0.04
847.75	0.04
847.625	0.04
847.5	0.04
847.375	0.04
847.25	0.0385
847.125	0.0385
847.0	0.0408
846.875	0.04
846.75	0.0408
846.625	0.0377
846.5	0.04
846.375	0.0424
846.25	0.04
846.125	0.0393
846.0	0.0416
845.875	0.0385
845.75	0.0408
845.625	0.0385
845.5	0.0385
845.375	0.0416
845.25	0.0408
845.125	0.0385
845.0	0.0408
844.875	0.0385
844.75	0.04
844.625	0.0385
844.5	0.0385
844.375	0.0385
844.25	0.0393
844.125	0.0408
844.0	0.0377
843.875	0.0377
843.75	0.04
843.625	0.0377
843.5	0.0377
843.375	0.0393
843.25	0.04
843.125	0.0385
843.0	0.0385
842.875	0.0385
842.75	0.0385
842.625	0.0393
842.5	0.0393
842.375	0.0408
842.25	0.0393
842.125	0.0393
842.0	0.0385
841.875	0.0377
841.75	0.0385
841.625	0.0377
841.5	0.0416
841.375	0.0408
841.25	0.0385
841.125	0.04
841.0	0.04
840.875	0.0377
840.75	0.0385
840.625	0.0385
840.5	0.0393
840.375	0.0377
840.25	0.0385
840.125	0.0393
840.0	0.0385
839.875	0.0408
839.75	0.0377
839.625	0.0377
839.5	0.0385
839.375	0.0385
839.25	0.0393
839.125	0.0385
839.0	0.0377
838.875	0.0377
838.75	0.0385
838.625	0.0385
838.5	0.0377
838.375	0.0377
838.25	0.0385
838.125	0.0393
838.0	0.0377
837.875	0.0385
837.75	0.0377
837.625	0.0385
837.5	0.0385
837.375	0.0385
837.25	0.0377
837.125	0.0377
837.0	0.0377
836.875	0.0377
836.75	0.0369
836.625	0.0377
836.5	0.0385
836.375	0.0377
836.25	0.0377
836.125	0.0377
836.0	0.0377
835.875	0.0385
835.75	0.0377
835.625	0.0377
835.5	0.0377
835.375	0.04
835.25	0.0377
835.125	0.0377
835.0	0.0385
834.875	0.0416
834.75	0.0377
834.625	0.0377
834.5	0.0385
834.375	0.0377
834.25	0.0385
834.125	0.0377
834.0	0.0377
833.875	0.0377
833.75	0.0393
833.625	0.0385
833.5	0.0377
833.375	0.0377
833.25	0.0377
833.125	0.0385
833.0	0.0377
832.875	0.0393
832.75	0.0385
832.625	0.0377
832.5	0.0385
832.375	0.0377
832.25	0.0385
832.125	0.0377
832.0	0.0377
831.875	0.0377
831.75	0.0377
831.625	0.0377
831.5	0.0385
831.375	0.0377
831.25	0.0377
831.125	0.0377
831.0	0.0385
830.875	0.0377
830.75	0.0377
830.625	0.0377
830.5	0.0377
830.375	0.0377
830.25	0.0377
830.125	0.0385
830.0	0.0377
829.875	0.0377
829.75	0.0377
829.625	0.0377
829.5	0.0377
829.375	0.0377
829.25	0.0408
829.125	0.0377
829.0	0.0377
828.875	0.0385
828.75	0.0377
828.625	0.0377
828.5	0.0377
828.375	0.0377
828.25	0.0377
828.125	0.0393
828.0	0.0377
827.875	0.0377
827.75	0.0377
827.625	0.0377
827.5	0.0377
827.375	0.0369
827.25	0.0385
827.125	0.0377
827.0	0.0385
826.875	0.0377
826.75	0.0369
826.625	0.0377
826.5	0.0393
826.375	0.0377
826.25	0.0377
826.125	0.0393
826.0	0.0377
825.875	0.0377
825.75	0.0377
825.625	0.0377
825.5	0.0377
825.375	0.0377
825.25	0.0377
825.125	0.0385
825.0	0.0377
824.875	0.0377
824.75	0.0377
824.625	0.0369
824.5	0.0377
824.375	0.0377
824.25	0.0377
824.125	0.0377
824.0	0.0377
823.875	0.0369
823.75	0.0377
823.625	0.0377
823.5	0.0377
823.375	0.0377
823.25	0.0377
823.125	0.0369
823.0	0.0377
822.875	0.0377
822.75	0.0377
822.625	0.0377
822.5	0.0377
822.375	0.0369
822.25	0.0385
822.125	0.0361
822.0	0.0377
821.875	0.0377
821.75	0.0377
821.625	0.0377
821.5	0.0369
821.375	0.0377
821.25	0.0377
821.125	0.0377
821.0	0.0377
820.875	0.0369
820.75	0.0369
820.625	0.0377
820.5	0.0377
820.375	0.0377
820.25	0.0377
820.125	0.0377
820.0	0.0377
819.875	0.0377
819.75	0.0377
819.625	0.0377
819.5	0.0369
819.375	0.0377
819.25	0.0377
819.125	0.0377
819.0	0.0377
818.875	0.0377
818.75	0.0369
818.625	0.0377
818.5	0.0369
818.375	0.0377
818.25	0.0369
818.125	0.0377
818.0	0.0377
817.875	0.0385
817.75	0.0369
817.625	0.0377
817.5	0.0377
817.375	0.0377
817.25	0.0377
817.125	0.0377
817.0	0.0377
816.875	0.0377
816.75	0.0369
816.625	0.0377
816.5	0.0377
816.375	0.0377
816.25	0.0377
816.125	0.0377
816.0	0.0377
815.875	0.0377
815.75	0.0361
815.625	0.0369
815.5	0.0385
815.375	0.0377
815.25	0.0377
815.125	0.0377
815.0	0.0377
814.875	0.0377
814.75	0.0385
814.625	0.0377
814.5	0.0377
814.375	0.0377
814.25	0.0377
814.125	0.0377
814.0	0.0377
813.875	0.0377
813.75	0.0377
813.625	0.0377
813.5	0.0377
813.375	0.0377
813.25	0.0377
813.125	0.0377
813.0	0.0369
812.875	0.0377
812.75	0.0377
812.625	0.0377
812.5	0.0377
812.375	0.0377
812.25	0.0369
812.125	0.0377
812.0	0.0377
811.875	0.0377
811.75	0.0369
811.625	0.0377
811.5	0.0377
811.375	0.0377
811.25	0.0377
811.125	0.0377
811.0	0.0377
810.875	0.0377
810.75	0.0377
810.625	0.0377
810.5	0.0369
810.375	0.0377
810.25	0.0369
810.125	0.0377
810.0	0.0377
809.875	0.0377
809.75	0.0361
809.625	0.0377
809.5	0.0377
809.375	0.0377
809.25	0.0377
809.125	0.0377
809.0	0.0377
808.875	0.0369
808.75	0.0377
808.625	0.0377
808.5	0.0377
808.375	0.0369
808.25	0.0377
808.125	0.0377
808.0	0.0377
807.875	0.0377
807.75	0.0377
807.625	0.0377
807.5	0.0377
807.375	0.0377
807.25	0.0353
807.125	0.0369
807.0	0.0377
806.875	0.0377
806.75	0.0377
806.625	0.0369
806.5	0.0377
806.375	0.0361
806.25	0.0377
806.125	0.0361
806.0	0.0377
805.875	0.0377
805.75	0.0377
805.625	0.0377
805.5	0.0377
805.375	0.0377
805.25	0.0377
805.125	0.0377
805.0	0.0377
804.875	0.0353
804.75	0.0377
804.625	0.0377
804.5	0.0377
804.375	0.0377
804.25	0.0377
804.125	0.0369
804.0	0.0377
803.875	0.0377
803.75	0.0369
803.625	0.0361
803.5	0.0385
803.375	0.0353
803.25	0.0377
803.125	0.0377
803.0	0.0369
802.875	0.0361
802.75	0.0369
802.625	0.0369
802.5	0.0377
802.375	0.0377
802.25	0.0377
802.125	0.0377
802.0	0.0369
801.875	0.0377
801.75	0.0377
801.625	0.0377
801.5	0.0377
801.375	0.0369
801.25	0.0377
801.125	0.0377
801.0	0.0377
800.875	0.0369
800.75	0.0377
800.625	0.0369
800.5	0.0377
800.375	0.0377
800.25	0.0361
800.125	0.0377
800.0	0.0377
799.875	0.0369
799.75	0.0377
799.625	0.0377
799.5	0.0377
799.375	0.0377
799.25	0.0377
799.125	0.0377
799.0	0.0369
798.875	0.0377
798.75	0.0377
798.625	0.0361
798.5	0.0377
798.375	0.0345
798.25	0.0377
798.125	0.0377
798.0	0.0361
797.875	0.0377
797.75	0.0377
797.625	0.0377
797.5	0.0377
797.375	0.0377
797.25	0.0377
797.125	0.0377
797.0	0.0369
796.875	0.0377
796.75	0.0377
796.625	0.0377
796.5	0.0377
796.375	0.0377
796.25	0.0377
796.125	0.0377
796.0	0.0369
795.875	0.0385
795.75	0.0377
795.625	0.0377
795.5	0.0377
795.375	0.0353
795.25	0.0377
795.125	0.0377
795.0	0.0377
794.875	0.0377
794.75	0.0377
794.625	0.0369
794.5	0.0369
794.375	0.0377
794.25	0.0369
794.125	0.0377
794.0	0.0377
793.875	0.0377
793.75	0.0377
793.625	0.0377
793.5	0.0377
793.375	0.0377
793.25	0.0377
793.125	0.0377
793.0	0.0369
792.875	0.0385
792.75	0.0377
792.625	0.0385
792.5	0.0377
792.375	0.0377
792.25	0.0377
792.125	0.0377
792.0	0.0377
791.875	0.0377
791.75	0.0377
791.625	0.0377
791.5	0.0369
791.375	0.0377
791.25	0.0377
791.125	0.0369
791.0	0.0377
790.875	0.0377
790.75	0.0369
790.625	0.0377
790.5	0.0377
790.375	0.0377
790.25	0.0377
790.125	0.0369
790.0	0.0377
789.875	0.0377
789.75	0.0377
789.625	0.0377
789.5	0.0385
789.375	0.0385
789.25	0.0377
789.125	0.0377
789.0	0.0377
788.875	0.0377
788.75	0.0377
788.625	0.0377
788.5	0.0385
788.375	0.0377
788.25	0.0377
788.125	0.0377
788.0	0.0377
787.875	0.0377
787.75	0.0377
787.625	0.0377
787.5	0.0385
787.375	0.0369
787.25	0.0377
787.125	0.0377
787.0	0.0377
786.875	0.0408
786.75	0.0369
786.625	0.0377
786.5	0.0377
786.375	0.0377
786.25	0.0369
786.125	0.0377
786.0	0.0377
785.875	0.0377
785.75	0.0377
785.625	0.0377
785.5	0.0377
785.375	0.0377
785.25	0.0377
785.125	0.0377
785.0	0.0377
784.875	0.0369
784.75	0.0377
784.625	0.0369
784.5	0.0377
784.375	0.0377
784.25	0.0385
784.125	0.0377
784.0	0.0408
783.875	0.0377
783.75	0.0377
783.625	0.0377
783.5	0.0377
783.375	0.0361
783.25	0.0377
783.125	0.0377
783.0	0.0369
782.875	0.0385
782.75	0.0385
782.625	0.0361
782.5	0.0385
782.375	0.0369
782.25	0.0377
782.125	0.0377
782.0	0.0377
781.875	0.0377
781.75	0.0377
781.625	0.0377
781.5	0.0385
781.375	0.0377
781.25	0.0377
781.125	0.0377
781.0	0.0377
780.875	0.0377
780.75	0.0369
780.625	0.0377
780.5	0.0369
780.375	0.0377
780.25	0.0369
780.125	0.0377
780.0	0.0377
779.875	0.0369
779.75	0.0377
779.625	0.0369
779.5	0.0369
779.375	0.0377
779.25	0.0377
779.125	0.0377
779.0	0.0377
778.875	0.0377
778.75	0.0377
778.625	0.0377
778.5	0.0377
778.375	0.0377
778.25	0.0369
778.125	0.0369
778.0	0.0377
777.875	0.0377
777.75	0.0377
777.625	0.0377
777.5	0.0377
777.375	0.0377
777.25	0.0377
777.125	0.0377
777.0	0.0369
776.875	0.0377
776.75	0.0385
776.625	0.0377
776.5	0.0377
776.375	0.0385
776.25	0.0377
776.125	0.0377
776.0	0.0377
775.875	0.0377
775.75	0.0385
775.625	0.0353
775.5	0.0377
775.375	0.0369
775.25	0.0369
775.125	0.0377
775.0	0.0377
774.875	0.0377
774.75	0.0361
774.625	0.0377
774.5	0.0377
774.375	0.0377
774.25	0.0377
774.125	0.0377
774.0	0.0377
773.875	0.0361
773.75	0.0377
773.625	0.0369
773.5	0.0369
773.375	0.0377
773.25	0.0377
773.125	0.0377
773.0	0.0377
772.875	0.0377
772.75	0.0377
772.625	0.0377
772.5	0.0377
772.375	0.0377
772.25	0.0377
772.125	0.0377
772.0	0.0377
771.875	0.0377
771.75	0.0377
771.625	0.0377
771.5	0.0377
771.375	0.0377
771.25	0.0377
771.125	0.0377
771.0	0.0377
770.875	0.0377
770.75	0.0377
770.625	0.0377
770.5	0.0377
770.375	0.0377
770.25	0.0361
770.125	0.0377
770.0	0.0377
769.875	0.0377
769.75	0.0377
769.625	0.0369
769.5	0.0369
769.375	0.0377
769.25	0.0377
769.125	0.0377
769.0	0.0377
768.875	0.0377
768.75	0.0377
768.625	0.0385
768.5	0.0377
768.375	0.0377
768.25	0.0377
768.125	0.0377
768.0	0.0377
767.875	0.0377
767.75	0.0377
767.625	0.0377
767.5	0.0377
767.375	0.0377
767.25	0.0377
767.125	0.0377
767.0	0.0377
766.875	0.0377
766.75	0.0377
766.625	0.0377
766.5	0.0377
766.375	0.0377
766.25	0.0377
766.125	0.0377
766.0	0.0385
765.875	0.0377
765.75	0.0377
765.625	0.0377
765.5	0.0377
765.375	0.0377
765.25	0.0377
765.125	0.0369
765.0	0.0377
764.875	0.0377
764.75	0.0377
764.625	0.0377
764.5	0.0377
764.375	0.0377
764.25	0.0377
764.125	0.0377
764.0	0.0377
763.875	0.0377
763.75	0.0377
763.625	0.0377
763.5	0.0377
763.375	0.0369
763.25	0.0377
763.125	0.0377
763.0	0.0377
762.875	0.0377
762.75	0.0377
762.625	0.0377
762.5	0.0377
762.375	0.0377
762.25	0.0377
762.125	0.0377
762.0	0.0385
761.875	0.0377
761.75	0.0377
761.625	0.0377
761.5	0.0369
761.375	0.0369
761.25	0.0377
761.125	0.0377
761.0	0.0377
760.875	0.0377
760.75	0.0361
760.625	0.0377
760.5	0.0377
760.375	0.0377
760.25	0.0385
760.125	0.0369
760.0	0.0377
759.875	0.0377
759.75	0.0369
759.625	0.0377
759.5	0.0377
759.375	0.0377
759.25	0.0377
759.125	0.0377
759.0	0.0385
758.875	0.0377
758.75	0.0393
758.625	0.0377
758.5	0.0377
758.375	0.0377
758.25	0.0377
758.125	0.0377
758.0	0.0385
757.875	0.0377
757.75	0.0377
757.625	0.0377
757.5	0.0361
757.375	0.0377
757.25	0.0369
757.125	0.0377
757.0	0.0377
756.875	0.0377
756.75	0.0385
756.625	0.0377
756.5	0.0385
756.375	0.0377
756.25	0.0377
756.125	0.0377
756.0	0.0377
755.875	0.0377
755.75	0.0377
755.625	0.0377
755.5	0.0377
755.375	0.0377
755.25	0.0377
755.125	0.0385
755.0	0.0377
754.875	0.0377
754.75	0.0377
754.625	0.0377
754.5	0.0377
754.375	0.0385
754.25	0.0377
754.125	0.0369
754.0	0.0385
753.875	0.0377
753.75	0.0377
753.625	0.0377
753.5	0.0377
753.375	0.0377
753.25	0.0377
753.125	0.0377
753.0	0.0377
752.875	0.0377
752.75	0.0377
752.625	0.0377
752.5	0.0377
752.375	0.0377
752.25	0.0393
752.125	0.0377
752.0	0.0377
751.875	0.0377
751.75	0.0385
751.625	0.0377
751.5	0.0369
751.375	0.0377
751.25	0.0377
751.125	0.0377
751.0	0.0377
750.875	0.0385
750.75	0.0369
750.625	0.0377
750.5	0.0385
750.375	0.0377
750.25	0.0385
750.125	0.0385
750.0	0.0377
749.875	0.0377
749.75	0.0377
749.625	0.0369
749.5	0.0377
749.375	0.0377
749.25	0.0377
749.125	0.0377
749.0	0.0377
748.875	0.0377
748.75	0.0377
748.625	0.0377
748.5	0.0377
748.375	0.0377
748.25	0.0377
748.125	0.0377
748.0	0.0377
747.875	0.0377
747.75	0.0377
747.625	0.0377
747.5	0.0377
747.375	0.0377
747.25	0.0377
747.125	0.0377
747.0	0.0385
746.875	0.0377
746.75	0.0385
746.625	0.0385
746.5	0.0377
746.375	0.0377
746.25	0.0369
746.125	0.0408
746.0	0.0377
745.875	0.0377
745.75	0.0377
745.625	0.0361
745.5	0.0385
745.375	0.0377
745.25	0.0377
745.125	0.0377
745.0	0.0369
744.875	0.0377
744.75	0.0377
744.625	0.0377
744.5	0.0385
744.375	0.0377
744.25	0.0377
744.125	0.0377
744.0	0.0377
743.875	0.0377
743.75	0.04
743.625	0.0377
743.5	0.0377
743.375	0.0377
743.25	0.0377
743.125	0.0377
743.0	0.0377
742.875	0.0377
742.75	0.0377
742.625	0.0377
742.5	0.0377
742.375	0.0377
742.25	0.0377
742.125	0.0377
742.0	0.0377
741.875	0.0385
741.75	0.0377
741.625	0.0377
741.5	0.0377
741.375	0.0385
741.25	0.0377
741.125	0.0377
741.0	0.0369
740.875	0.0377
740.75	0.0377
740.625	0.0377
740.5	0.0377
740.375	0.0377
740.25	0.0377
740.125	0.0385
740.0	0.0377
739.875	0.0377
739.75	0.0385
739.625	0.0377
739.5	0.0377
739.375	0.0377
739.25	0.0377
739.125	0.0393
739.0	0.0377
738.875	0.0377
738.75	0.0377
738.625	0.0377
738.5	0.0377
738.375	0.0377
738.25	0.0377
738.125	0.0393
738.0	0.0377
737.875	0.0377
737.75	0.0377
737.625	0.0385
737.5	0.0377
737.375	0.0385
737.25	0.0377
737.125	0.0377
737.0	0.0377
736.875	0.0377
736.75	0.0377
736.625	0.0377
736.5	0.0377
736.375	0.0377
736.25	0.0377
736.125	0.0385
736.0	0.0377
735.875	0.0377
735.75	0.0385
735.625	0.0377
735.5	0.0377
735.375	0.0377
735.25	0.0377
735.125	0.0393
735.0	0.0377
734.875	0.0377
734.75	0.0377
734.625	0.0377
734.5	0.0393
734.375	0.0377
734.25	0.0377
734.125	0.0377
734.0	0.0377
733.875	0.0385
733.75	0.0377
733.625	0.0377
733.5	0.0377
733.375	0.0377
733.25	0.0377
733.125	0.0377
733.0	0.0377
732.875	0.0377
732.75	0.0377
732.625	0.0377
732.5	0.0377
732.375	0.0377
732.25	0.0377
732.125	0.0377
732.0	0.0377
731.875	0.0377
731.75	0.0377
731.625	0.0377
731.5	0.0393
731.375	0.0377
731.25	0.0385
731.125	0.0385
731.0	0.0377
730.875	0.0377
730.75	0.0377
730.625	0.0377
730.5	0.0377
730.375	0.0377
730.25	0.0393
730.125	0.0393
730.0	0.0377
729.875	0.0377
729.75	0.0377
729.625	0.0377
729.5	0.0377
729.375	0.0385
729.25	0.0377
729.125	0.0385
729.0	0.0377
728.875	0.0377
728.75	0.0393
728.625	0.0385
728.5	0.0377
728.375	0.0377
728.25	0.0377
728.125	0.0377
728.0	0.0377
727.875	0.0377
727.75	0.0385
727.625	0.0377
727.5	0.0377
727.375	0.0377
727.25	0.0377
727.125	0.0377
727.0	0.0393
726.875	0.0377
726.75	0.0393
726.625	0.0385
726.5	0.0377
726.375	0.0385
726.25	0.0385
726.125	0.0385
726.0	0.0377
725.875	0.0377
725.75	0.0408
725.625	0.0377
725.5	0.0377
725.375	0.0377
725.25	0.0377
725.125	0.0385
725.0	0.0377
724.875	0.0377
724.75	0.0377
724.625	0.0338
724.5	0.0353
724.375	0.033
724.25	0.033
724.125	0.033
724.0	0.033
723.875	0.0322
723.75	0.033
723.625	0.033
723.5	0.033
723.375	0.0322
723.25	0.0283
723.125	0.0283
723.0	0.0298
722.875	0.0322
722.75	0.0314
722.625	0.0322
722.5	0.0322
722.375	0.033
722.25	0.0338
722.125	0.0345
722.0	0.0345
721.875	0.0345
721.75	0.0377
721.625	0.0369
721.5	0.0377
721.375	0.0377
721.25	0.0377
721.125	0.0408
721.0	0.0377
720.875	0.0393
720.75	0.0385
720.625	0.0377
720.5	0.0377
720.375	0.0385
720.25	0.0377
720.125	0.0377
720.0	0.0393
719.875	0.0377
719.75	0.0393
719.625	0.0377
719.5	0.0408
719.375	0.0377
719.25	0.0393
719.125	0.0385
719.0	0.0377
718.875	0.0385
718.75	0.0377
718.625	0.0393
718.5	0.0377
718.375	0.0377
718.25	0.0385
718.125	0.0385
718.0	0.0393
717.875	0.0393
717.75	0.0377
717.625	0.0377
717.5	0.0377
717.375	0.0393
717.25	0.0377
717.125	0.0393
717.0	0.0385
716.875	0.0377
716.75	0.0377
716.625	0.0377
716.5	0.04
716.375	0.0377
716.25	0.0393
716.125	0.0393
716.0	0.0377
715.875	0.0377
715.75	0.0385
715.625	0.0377
715.5	0.0377
715.375	0.0385
715.25	0.0393
715.125	0.04
715.0	0.0377
714.875	0.0377
714.75	0.0393
714.625	0.0393
714.5	0.0393
714.375	0.0408
714.25	0.0377
714.125	0.0377
714.0	0.0385
713.875	0.0377
713.75	0.04
713.625	0.0377
713.5	0.0385
713.375	0.0385
713.25	0.0377
713.125	0.0393
713.0	0.0377
712.875	0.0416
712.75	0.0393
712.625	0.04
712.5	0.04
712.375	0.04
712.25	0.0377
712.125	0.0385
712.0	0.0377
711.875	0.04
711.75	0.0377
711.625	0.0377
711.5	0.04
711.375	0.0377
711.25	0.04
711.125	0.0385
711.0	0.0393
710.875	0.0385
710.75	0.04
710.625	0.0385
710.5	0.0385
710.375	0.0424
710.25	0.0393
710.125	0.0385
710.0	0.04
709.875	0.0385
709.75	0.04
709.625	0.0408
709.5	0.0393
709.375	0.0408
709.25	0.0377
709.125	0.0408
709.0	0.04
708.875	0.04
708.75	0.0416
708.625	0.0377
708.5	0.04
708.375	0.0408
708.25	0.0385
708.125	0.0408
708.0	0.0393
707.875	0.04
707.75	0.0377
707.625	0.0377
707.5	0.04
707.375	0.0408
707.25	0.0408
707.125	0.0408
707.0	0.0408
706.875	0.0408
706.75	0.0393
706.625	0.04
706.5	0.0393
706.375	0.04
706.25	0.0408
706.125	0.0408
706.0	0.0408
705.875	0.04
705.75	0.0408
705.625	0.04
705.5	0.0416
705.375	0.0416
705.25	0.0408
705.125	0.0416
705.0	0.0408
704.875	0.0416
704.75	0.04
704.625	0.0416
704.5	0.04
704.375	0.0393
704.25	0.0408
704.125	0.0393
704.0	0.04
703.875	0.0424
703.75	0.04
703.625	0.0424
703.5	0.04
703.375	0.0416
703.25	0.0424
703.125	0.0424
703.0	0.0424
702.875	0.0424
702.75	0.0424
702.625	0.0408
702.5	0.0424
702.375	0.04
702.25	0.0424
702.125	0.0424
702.0	0.0424
701.875	0.0424
701.75	0.0408
701.625	0.0424
701.5	0.0408
701.375	0.0424
701.25	0.0424
701.125	0.0424
701.0	0.0416
700.875	0.0424
700.75	0.0424
700.625	0.0416
700.5	0.0424
700.375	0.0424
700.25	0.0424
700.125	0.0424
700.0	0.0393
699.875	0.0424
699.75	0.0424
699.625	0.0424
699.5	0.0416
699.375	0.0424
699.25	0.0432
699.125	0.0424
699.0	0.0424
698.875	0.0408
698.75	0.0424
698.625	0.0424
698.5	0.0424
698.375	0.0424
698.25	0.0424
698.125	0.0424
698.0	0.0432
697.875	0.0416
697.75	0.0424
697.625	0.0424
697.5	0.0424
697.375	0.0424
697.25	0.0424
697.125	0.0424
697.0	0.0424
696.875	0.0424
696.75	0.0424
696.625	0.0424
696.5	0.0424
696.375	0.0424
696.25	0.0424
696.125	0.04
696.0	0.0424
695.875	0.0416
695.75	0.0424
695.625	0.0424
695.5	0.0424
695.375	0.0424
695.25	0.0424
695.125	0.0424
695.0	0.0424
694.875	0.0424
694.75	0.0424
694.625	0.0424
694.5	0.0424
694.375	0.0424
694.25	0.0424
694.125	0.0416
694.0	0.0424
693.875	0.0424
693.75	0.0432
693.625	0.0424
693.5	0.0424
693.375	0.0424
693.25	0.0424
693.125	0.0424
693.0	0.0424
692.875	0.0424
692.75	0.0424
692.625	0.0424
692.5	0.0432
692.375	0.0424
692.25	0.0424
692.125	0.0463
692.0	0.0432
691.875	0.0424
691.75	0.0455
691.625	0.0424
691.5	0.0424
691.375	0.0424
691.25	0.0424
691.125	0.0424
691.0	0.0424
690.875	0.0432
690.75	0.0424
690.625	0.044
690.5	0.0424
690.375	0.0424
690.25	0.0424
690.125	0.0432
690.0	0.0424
689.875	0.0424
689.75	0.0424
689.625	0.0424
689.5	0.0424
689.375	0.0424
689.25	0.0424
689.125	0.0432
689.0	0.0424
688.875	0.0424
688.75	0.0424
688.625	0.0424
688.5	0.0424
688.375	0.0424
688.25	0.044
688.125	0.044
688.0	0.044
687.875	0.0432
687.75	0.0424
687.625	0.0424
687.5	0.0424
687.375	0.0432
687.25	0.0432
687.125	0.0424
687.0	0.0424
686.875	0.0432
686.75	0.0455
686.625	0.0424
686.5	0.0448
686.375	0.044
686.25	0.044
686.125	0.044
686.0	0.0424
685.875	0.0432
685.75	0.044
685.625	0.0432
685.5	0.0424
685.375	0.0471
685.25	0.0432
685.125	0.0463
685.0	0.0448
684.875	0.0448
684.75	0.0471
684.625	0.0455
684.5	0.0455
684.375	0.044
684.25	0.044
684.125	0.044
684.0	0.0455
683.875	0.0463
683.75	0.0463
683.625	0.044
683.5	0.0471
683.375	0.0471
683.25	0.0455
683.125	0.0448
683.0	0.0463
682.875	0.0471
682.75	0.0463
682.625	0.0455
682.5	0.0463
682.375	0.0455
682.25	0.0455
682.125	0.0424
682.0	0.0424
681.875	0.0424
681.75	0.0424
681.625	0.0424
681.5	0.0416
681.375	0.0416
681.25	0.0408
681.125	0.0416
681.0	0.0424
680.875	0.0393
680.75	0.0408
680.625	0.0385
680.5	0.0385
680.375	0.0408
680.25	0.0385
680.125	0.0377
680.0	0.04
679.875	0.0377
679.75	0.04
679.625	0.0385
679.5	0.04
679.375	0.04
679.25	0.0408
679.125	0.0408
679.0	0.0385
678.875	0.0408
678.75	0.0416
678.625	0.0416
678.5	0.0432
678.375	0.0408
678.25	0.0424
678.125	0.0416
678.0	0.0424
677.875	0.0424
677.75	0.0424
677.625	0.0424
677.5	0.0424
677.375	0.0432
677.25	0.0424
677.125	0.0424
677.0	0.0424
676.875	0.0424
676.75	0.0424
676.625	0.0448
676.5	0.0432
676.375	0.0432
676.25	0.0432
676.125	0.0424
676.0	0.0448
675.875	0.0448
675.75	0.0424
675.625	0.0448
675.5	0.044
675.375	0.0424
675.25	0.0424
675.125	0.0432
675.0	0.0448
674.875	0.044
674.75	0.0448
674.625	0.0424
674.5	0.0432
674.375	0.0432
674.25	0.0432
674.125	0.044
674.0	0.0432
673.875	0.0432
673.75	0.044
673.625	0.0432
673.5	0.0448
673.375	0.0424
673.25	0.0424
673.125	0.0424
673.0	0.044
672.875	0.0432
672.75	0.0424
672.625	0.0424
672.5	0.0424
672.375	0.0424
672.25	0.0424
672.125	0.0432
672.0	0.0432
671.875	0.0424
671.75	0.0432
671.625	0.0424
671.5	0.0424
671.375	0.0424
671.25	0.0432
671.125	0.0424
671.0	0.0424
670.875	0.0424
670.75	0.0424
670.625	0.0432
670.5	0.0424
670.375	0.0424
670.25	0.044
670.125	0.0432
670.0	0.0424
669.875	0.0424
669.75	0.0424
669.625	0.0424
669.5	0.0424
669.375	0.0448
669.25	0.0424
669.125	0.0432
669.0	0.0424
668.875	0.0432
668.75	0.0424
668.625	0.0424
668.5	0.0424
668.375	0.0424
668.25	0.0432
668.125	0.0408
668.0	0.0424
667.875	0.0424
667.75	0.0455
667.625	0.0432
667.5	0.0432
667.375	0.0424
667.25	0.0424
667.125	0.0424
667.0	0.0424
666.875	0.0424
666.75	0.0424
666.625	0.0432
666.5	0.0424
666.375	0.0424
666.25	0.0424
666.125	0.0424
666.0	0.0448
665.875	0.0424
665.75	0.0424
665.625	0.0432
665.5	0.0424
665.375	0.044
665.25	0.0432
665.125	0.044
665.0	0.0432
664.875	0.0424
664.75	0.0448
664.625	0.0432
664.5	0.0424
664.375	0.0432
664.25	0.0448
664.125	0.044
664.0	0.044
663.875	0.0432
663.75	0.0455
663.625	0.0424
663.5	0.0455
663.375	0.0432
663.25	0.044
663.125	0.044
663.0	0.0424
662.875	0.044
662.75	0.044
662.625	0.044
662.5	0.0455
662.375	0.044
662.25	0.044
662.125	0.0471
662.0	0.0424
661.875	0.0455
661.75	0.0463
661.625	0.0448
661.5	0.0448
661.375	0.0471
661.25	0.0424
661.125	0.0448
661.0	0.044
660.875	0.0455
660.75	0.0432
660.625	0.0448
660.5	0.0455
660.375	0.0448
660.25	0.0471
660.125	0.0455
660.0	0.0471
659.875	0.0455
659.75	0.044
659.625	0.0463
659.5	0.0471
659.375	0.0463
659.25	0.0471
659.125	0.0455
659.0	0.0471
658.875	0.0471
658.75	0.0471
658.625	0.0471
658.5	0.0471
658.375	0.0471
658.25	0.0471
658.125	0.0471
658.0	0.0471
657.875	0.0471
657.75	0.0471
657.625	0.0479
657.5	0.0471
657.375	0.0463
657.25	0.0471
657.125	0.0471
657.0	0.0471
656.875	0.0471
656.75	0.0495
656.625	0.0471
656.5	0.0471
656.375	0.0495
656.25	0.0479
656.125	0.0471
656.0	0.0471
655.875	0.0471
655.75	0.0503
655.625	0.0471
655.5	0.0471
655.375	0.0495
655.25	0.0479
655.125	0.0503
655.0	0.0487
654.875	0.0503
654.75	0.0511
654.625	0.0495
654.5	0.0511
654.375	0.0518
654.25	0.0503
654.125	0.0518
654.0	0.0518
653.875	0.0526
653.75	0.0518
653.625	0.0526
653.5	0.0526
653.375	0.0526
653.25	0.0526
653.125	0.0542
653.0	0.0526
652.875	0.055
652.75	0.0534
652.625	0.0542
652.5	0.0542
652.375	0.055
652.25	0.0558
652.125	0.0566
652.0	0.0566
651.875	0.0573
651.75	0.0566
651.625	0.0566
651.5	0.0566
651.375	0.0581
651.25	0.0573
651.125	0.0605
651.0	0.0597
650.875	0.0589
650.75	0.0589
650.625	0.0573
650.5	0.0589
650.375	0.0605
650.25	0.0581
650.125	0.0581
650.0	0.0613
649.875	0.0589
649.75	0.0605
649.625	0.0613
649.5	0.0613
649.375	0.0613
649.25	0.0613
649.125	0.0605
649.0	0.0613
648.875	0.0613
648.75	0.0613
648.625	0.0628
648.5	0.0613
648.375	0.0613
648.25	0.0613
648.125	0.0613
648.0	0.0613
647.875	0.0613
647.75	0.0621
647.625	0.0613
647.5	0.0613
647.375	0.0613
647.25	0.0621
647.125	0.0613
647.0	0.0613
646.875	0.0621
646.75	0.0613
646.625	0.0613
646.5	0.0628
646.375	0.0628
646.25	0.0613
646.125	0.0613
646.0	0.0636
645.875	0.0613
645.75	0.0621
645.625	0.0621
645.5	0.0628
645.375	0.0621
645.25	0.066
645.125	0.0644
645.0	0.0636
644.875	0.066
644.75	0.0652
644.625	0.0652
644.5	0.066
644.375	0.0644
644.25	0.0644
644.125	0.066
644.0	0.066
643.875	0.0644
643.75	0.066
643.625	0.0652
643.5	0.066
643.375	0.066
643.25	0.066
643.125	0.066
643.0	0.0644
642.875	0.066
642.75	0.066
642.625	0.066
642.5	0.066
642.375	0.0652
642.25	0.066
642.125	0.066
642.0	0.0668
641.875	0.066
641.75	0.066
641.625	0.066
641.5	0.066
641.375	0.0683
641.25	0.0668
641.125	0.0676
641.0	0.066
640.875	0.066
640.75	0.0668
640.625	0.066
640.5	0.0668
640.375	0.066
640.25	0.066
640.125	0.0683
640.0	0.0668
639.875	0.0683
639.75	0.066
639.625	0.0676
639.5	0.0683
639.375	0.0683
639.25	0.0691
639.125	0.0691
639.0	0.0676
638.875	0.0676
638.75	0.0691
638.625	0.0683
638.5	0.0676
638.375	0.0699
638.25	0.0683
638.125	0.0707
638.0	0.0699
637.875	0.0707
637.75	0.0707
637.625	0.0707
637.5	0.0707
637.375	0.0707
637.25	0.0707
637.125	0.0707
637.0	0.0707
636.875	0.0707
636.75	0.0707
636.625	0.0707
636.5	0.0707
636.375	0.0707
636.25	0.0707
636.125	0.0707
636.0	0.0707
635.875	0.0707
635.75	0.0715
635.625	0.0707
635.5	0.0715
635.375	0.0707
635.25	0.0715
635.125	0.0707
635.0	0.0715
634.875	0.0715
634.75	0.0707
634.625	0.0715
634.5	0.0738
634.375	0.0707
634.25	0.0707
634.125	0.0723
634.0	0.0723
633.875	0.0731
633.75	0.0715
633.625	0.0731
633.5	0.0746
633.375	0.0738
633.25	0.0746
633.125	0.0746
633.0	0.0723
632.875	0.0738
632.75	0.0746
632.625	0.0754
632.5	0.0754
632.375	0.0754
632.25	0.0731
632.125	0.0731
632.0	0.0754
631.875	0.0754
631.75	0.0746
631.625	0.0754
631.5	0.0754
631.375	0.0754
631.25	0.0754
631.125	0.0738
631.0	0.0754
630.875	0.0754
630.75	0.0754
630.625	0.0754
630.5	0.0762
630.375	0.077
630.25	0.0754
630.125	0.0754
630.0	0.0754
629.875	0.0754
629.75	0.0754
629.625	0.077
629.5	0.0754
629.375	0.0754
629.25	0.0762
629.125	0.0754
629.0	0.077
628.875	0.077
628.75	0.077
628.625	0.0762
628.5	0.0762
628.375	0.0754
628.25	0.077
628.125	0.0778
628.0	0.077
627.875	0.0762
627.75	0.0762
627.625	0.0754
627.5	0.077
627.375	0.0778
627.25	0.0801
627.125	0.0801
627.0	0.0786
626.875	0.0794
626.75	0.0786
626.625	0.0794
626.5	0.077
626.375	0.0794
626.25	0.0801
626.125	0.0794
626.0	0.0801
625.875	0.0801
625.75	0.0786
625.625	0.0801
625.5	0.0801
625.375	0.0801
625.25	0.0801
625.125	0.0809
625.0	0.0801
624.875	0.0801
624.75	0.0801
624.625	0.0801
624.5	0.0801
624.375	0.0801
624.25	0.0801
624.125	0.0817
624.0	0.0801
623.875	0.0801
623.75	0.0801
623.625	0.0817
623.5	0.0801
623.375	0.0801
623.25	0.0801
623.125	0.0833
623.0	0.0841
622.875	0.0817
622.75	0.0841
622.625	0.0825
622.5	0.0825
622.375	0.0841
622.25	0.0833
622.125	0.0849
622.0	0.0833
621.875	0.0841
621.75	0.0841
621.625	0.0841
621.5	0.0841
621.375	0.0849
621.25	0.0833
621.125	0.0841
621.0	0.0841
620.875	0.0833
620.75	0.0849
620.625	0.0841
620.5	0.0849
620.375	0.0833
620.25	0.0841
620.125	0.0849
620.0	0.0833
619.875	0.0849
619.75	0.0849
619.625	0.0856
619.5	0.0849
619.375	0.0856
619.25	0.0849
619.125	0.0849
619.0	0.0849
618.875	0.0856
618.75	0.0872
618.625	0.0864
618.5	0.0872
618.375	0.0856
618.25	0.0872
618.125	0.0856
618.0	0.0856
617.875	0.0856
617.75	0.0896
617.625	0.0849
617.5	0.0849
617.375	0.0849
617.25	0.0864
617.125	0.0872
617.0	0.0849
616.875	0.0864
616.75	0.0872
616.625	0.0872
616.5	0.0896
616.375	0.0872
616.25	0.0888
616.125	0.0896
616.0	0.0872
615.875	0.0896
615.75	0.0896
615.625	0.0888
615.5	0.0896
615.375	0.0888
615.25	0.0896
615.125	0.0896
615.0	0.0896
614.875	0.0896
614.75	0.0896
614.625	0.0896
614.5	0.0896
614.375	0.0896
614.25	0.0904
614.125	0.0896
614.0	0.0896
613.875	0.0896
613.75	0.0904
613.625	0.0904
613.5	0.0904
613.375	0.0896
613.25	0.0919
613.125	0.0904
613.0	0.0904
612.875	0.0919
612.75	0.0896
612.625	0.0943
612.5	0.0927
612.375	0.0943
612.25	0.0919
612.125	0.0927
612.0	0.0943
611.875	0.0927
611.75	0.0943
611.625	0.0935
611.5	0.0927
611.375	0.0943
611.25	0.0943
611.125	0.0919
611.0	0.0919
610.875	0.0935
610.75	0.0943
610.625	0.0919
610.5	0.0943
610.375	0.0951
610.25	0.0943
610.125	0.0943
610.0	0.0943
609.875	0.0943
609.75	0.0943
609.625	0.0943
609.5	0.0943
609.375	0.0943
609.25	0.0943
609.125	0.0943
609.0	0.0943
608.875	0.0951
608.75	0.0943
608.625	0.0943
608.5	0.0951
608.375	0.0943
608.25	0.0951
608.125	0.0943
608.0	0.0943
607.875	0.0974
607.75	0.0951
607.625	0.0959
607.5	0.0959
607.375	0.0951
607.25	0.0959
607.125	0.0974
607.0	0.0966
606.875	0.0959
606.75	0.0943
606.625	0.0966
606.5	0.0982
606.375	0.0959
606.25	0.099
606.125	0.0974
606.0	0.099
605.875	0.0982
605.75	0.099
605.625	0.0982
605.5	0.0974
605.375	0.099
605.25	0.099
605.125	0.099
605.0	0.099
604.875	0.099
604.75	0.0974
604.625	0.099
604.5	0.099
604.375	0.0998
604.25	0.099
604.125	0.099
604.0	0.099
603.875	0.099
603.75	0.0998
603.625	0.099
603.5	0.0998
603.375	0.099
603.25	0.0998
603.125	0.0998
603.0	0.1014
602.875	0.0998
602.75	0.0998
602.625	0.1006
602.5	0.1006
602.375	0.0998
602.25	0.1006
602.125	0.1014
602.0	0.0998
601.875	0.1006
601.75	0.1029
601.625	0.1022
601.5	0.1022
601.375	0.1029
601.25	0.1022
601.125	0.1022
601.0	0.1037
600.875	0.1029
600.75	0.1037
600.625	0.1037
600.5	0.1037
600.375	0.1037
600.25	0.1037
600.125	0.1037
600.0	0.1029
599.875	0.1037
599.75	0.1037
599.625	0.1037
599.5	0.1037
599.375	0.1029
599.25	0.1037
599.125	0.1037
599.0	0.1037
598.875	0.1045
598.75	0.1037
598.625	0.1037
598.5	0.1037
598.375	0.1037
598.25	0.1045
598.125	0.1037
598.0	0.1061
597.875	0.1045
597.75	0.1037
597.625	0.1053
597.5	0.1069
597.375	0.1037
597.25	0.1037
597.125	0.1061
597.0	0.1069
596.875	0.1061
596.75	0.1069
596.625	0.1045
596.5	0.1069
596.375	0.1053
596.25	0.1061
596.125	0.1084
596.0	0.1069
595.875	0.1077
595.75	0.1077
595.625	0.1077
595.5	0.1084
595.375	0.1077
595.25	0.1069
595.125	0.1084
595.0	0.1077
594.875	0.1077
594.75	0.1084
594.625	0.1084
594.5	0.1084
594.375	0.1084
594.25	0.1084
594.125	0.1084
594.0	0.1084
593.875	0.1084
593.75	0.1084
593.625	0.1084
593.5	0.1084
593.375	0.1077
593.25	0.1077
593.125	0.1092
593.0	0.1084
592.875	0.1084
592.75	0.1084
592.625	0.1108
592.5	0.11
592.375	0.1084
592.25	0.1092
592.125	0.1092
592.0	0.1108
591.875	0.1084
591.75	0.1084
591.625	0.11
591.5	0.1084
591.375	0.1116
591.25	0.1084
591.125	0.11
591.0	0.1124
590.875	0.1124
590.75	0.1132
590.625	0.11
590.5	0.1116
590.375	0.1092
590.25	0.1108
590.125	0.1124
590.0	0.1132
589.875	0.1132
589.75	0.1132
589.625	0.1132
589.5	0.1116
589.375	0.1132
589.25	0.1132
589.125	0.1132
589.0	0.1124
588.875	0.1132
588.75	0.1132
588.625	0.1132
588.5	0.1124
588.375	0.1132
588.25	0.1132
588.125	0.1132
588.0	0.1132
587.875	0.1147
587.75	0.1139
587.625	0.1132
587.5	0.1132
587.375	0.1132
587.25	0.1132
587.125	0.1132
587.0	0.1147
586.875	0.1139
586.75	0.1139
586.625	0.1139
586.5	0.1132
586.375	0.1147
586.25	0.1132
586.125	0.1139
586.0	0.1132
585.875	0.1132
585.75	0.1132
585.625	0.1132
585.5	0.1139
585.375	0.1139
585.25	0.1132
585.125	0.1132
585.0	0.1139
584.875	0.1147
584.75	0.1132
584.625	0.1139
584.5	0.1163
584.375	0.1147
584.25	0.1147
584.125	0.1155
584.0	0.1132
583.875	0.1155
583.75	0.1155
583.625	0.1139
583.5	0.1163
583.375	0.1132
583.25	0.1179
583.125	0.1155
583.0	0.1163
582.875	0.1171
582.75	0.1179
582.625	0.1171
582.5	0.1163
582.375	0.1163
582.25	0.1179
582.125	0.1163
582.0	0.1179
581.875	0.1179
581.75	0.1171
581.625	0.1179
581.5	0.1179
581.375	0.1155
581.25	0.1171
581.125	0.1179
581.0	0.1179
580.875	0.1179
580.75	0.1163
580.625	0.1171
580.5	0.1179
580.375	0.1179
580.25	0.1179
580.125	0.1179
580.0	0.1171
579.875	0.1179
579.75	0.1179
579.625	0.1179
579.5	0.1179
579.375	0.1179
579.25	0.1179
579.125	0.1179
579.0	0.1179
578.875	0.1179
578.75	0.1179
578.625	0.1187
578.5	0.1179
578.375	0.1179
578.25	0.1179
578.125	0.1179
578.0	0.1179
577.875	0.1179
577.75	0.1202
577.625	0.1179
577.5	0.1187
577.375	0.1179
577.25	0.1179
577.125	0.1187
577.0	0.1179
576.875	0.1194
576.75	0.1179
576.625	0.1179
576.5	0.1179
576.375	0.1179
576.25	0.1194
576.125	0.1179
576.0	0.1187
575.875	0.1187
575.75	0.1179
575.625	0.121
575.5	0.1179
575.375	0.1187
575.25	0.1202
575.125	0.1187
575.0	0.1179
574.875	0.1187
574.75	0.1187
574.625	0.121
574.5	0.1179
574.375	0.1194
574.25	0.1179
574.125	0.1194
574.0	0.1202
573.875	0.1187
573.75	0.1194
573.625	0.1218
573.5	0.121
573.375	0.1202
573.25	0.1194
573.125	0.1202
573.0	0.1179
572.875	0.1179
572.75	0.121
572.625	0.1218
572.5	0.1194
572.375	0.121
572.25	0.1194
572.125	0.1194
572.0	0.1202
571.875	0.121
571.75	0.1179
571.625	0.1202
571.5	0.1202
571.375	0.1194
571.25	0.1202
571.125	0.1218
571.0	0.1218
570.875	0.121
570.75	0.1218
570.625	0.1218
570.5	0.1218
570.375	0.1218
570.25	0.1218
570.125	0.1226
570.0	0.1218
569.875	0.1218
569.75	0.1226
569.625	0.1218
569.5	0.1218
569.375	0.1226
569.25	0.1218
569.125	0.1226
569.0	0.1218
568.875	0.1226
568.75	0.1226
568.625	0.1226
568.5	0.1226
568.375	0.1226
568.25	0.1226
568.125	0.1226
568.0	0.1194
567.875	0.1218
567.75	0.1226
567.625	0.121
567.5	0.1226
567.375	0.1226
567.25	0.1226
567.125	0.1226
567.0	0.1226
566.875	0.1226
566.75	0.1226
566.625	0.1226
566.5	0.1226
566.375	0.1226
566.25	0.1226
566.125	0.1226
566.0	0.1218
565.875	0.1226
565.75	0.1218
565.625	0.1226
565.5	0.1226
565.375	0.1226
565.25	0.1226
565.125	0.1226
565.0	0.1226
564.875	0.121
564.75	0.1226
564.625	0.1226
564.5	0.1226
564.375	0.1226
564.25	0.1218
564.125	0.1226
564.0	0.1226
563.875	0.1218
563.75	0.1226
563.625	0.1226
563.5	0.1226
563.375	0.1226
563.25	0.1226
563.125	0.1226
563.0	0.1226
562.875	0.1226
562.75	0.1226
562.625	0.1226
562.5	0.1226
562.375	0.1226
562.25	0.1226
562.125	0.1226
562.0	0.1226
561.875	0.1226
561.75	0.1226
561.625	0.1218
561.5	0.1234
561.375	0.1226
561.25	0.1226
561.125	0.121
561.0	0.1226
560.875	0.1226
560.75	0.1226
560.625	0.1226
560.5	0.1226
560.375	0.1226
560.25	0.1226
560.125	0.1226
560.0	0.1226
559.875	0.1226
559.75	0.1226
559.625	0.1226
559.5	0.1226
559.375	0.1226
559.25	0.1226
559.125	0.1226
559.0	0.1226
558.875	0.1226
558.75	0.1234
558.625	0.1226
558.5	0.1226
558.375	0.1234
558.25	0.1226
558.125	0.1226
558.0	0.1226
557.875	0.1226
557.75	0.1226
557.625	0.1226
557.5	0.1226
557.375	0.1226
557.25	0.1226
557.125	0.1226
557.0	0.1234
556.875	0.1226
556.75	0.1234
556.625	0.1226
556.5	0.125
556.375	0.1218
556.25	0.1226
556.125	0.1234
556.0	0.1226
555.875	0.1226
555.75	0.1234
555.625	0.1226
555.5	0.1234
555.375	0.1226
555.25	0.1226
555.125	0.1226
555.0	0.1226
554.875	0.1242
554.75	0.1226
554.625	0.1242
554.5	0.125
554.375	0.1234
554.25	0.1234
554.125	0.1242
554.0	0.1242
553.875	0.1234
553.75	0.1226
553.625	0.1226
553.5	0.1234
553.375	0.125
553.25	0.1242
553.125	0.1226
553.0	0.1257
552.875	0.1242
552.75	0.1242
552.625	0.1226
552.5	0.1226
552.375	0.1242
552.25	0.1226
552.125	0.1226
552.0	0.125
551.875	0.1257
551.75	0.1226
551.625	0.1234
551.5	0.1226
551.375	0.1242
551.25	0.1242
551.125	0.1257
551.0	0.1242
550.875	0.1226
550.75	0.1242
550.625	0.1226
550.5	0.1234
550.375	0.1242
550.25	0.1257
550.125	0.1226
550.0	0.1257
549.875	0.125
549.75	0.1257
549.625	0.1265
549.5	0.125
549.375	0.1273
549.25	0.1257
549.125	0.125
549.0	0.1242
548.875	0.125
548.75	0.125
548.625	0.1273
548.5	0.1257
548.375	0.1265
548.25	0.1257
548.125	0.1273
548.0	0.125
547.875	0.1273
547.75	0.1257
547.625	0.1257
547.5	0.1265
547.375	0.1273
547.25	0.1265
547.125	0.1273
547.0	0.1273
546.875	0.1257
546.75	0.1273
546.625	0.1265
546.5	0.1257
546.375	0.1265
546.25	0.1273
546.125	0.1273
546.0	0.125
545.875	0.1273
545.75	0.1273
545.625	0.1265
545.5	0.125
545.375	0.1273
545.25	0.1273
545.125	0.1273
545.0	0.1281
544.875	0.1273
544.75	0.1273
544.625	0.1273
544.5	0.1273
544.375	0.1273
544.25	0.1273
544.125	0.1273
544.0	0.1273
543.875	0.1273
543.75	0.1273
543.625	0.1273
543.5	0.1273
543.375	0.1273
543.25	0.1273
543.125	0.1273
543.0	0.1273
542.875	0.1273
542.75	0.1281
542.625	0.1273
542.5	0.1273
542.375	0.1281
542.25	0.1273
542.125	0.1281
542.0	0.1273
541.875	0.1289
541.75	0.1289
541.625	0.1281
541.5	0.1289
541.375	0.1289
541.25	0.1297
541.125	0.1273
541.0	0.1289
540.875	0.1281
540.75	0.1297
540.625	0.1273
540.5	0.1297
540.375	0.1281
540.25	0.1273
540.125	0.1297
540.0	0.1289
539.875	0.1305
539.75	0.1281
539.625	0.1273
539.5	0.1305
539.375	0.1289
539.25	0.1289
539.125	0.1297
539.0	0.1281
538.875	0.1281
538.75	0.1312
538.625	0.1289
538.5	0.1297
538.375	0.1305
538.25	0.1289
538.125	0.1297
538.0	0.1312
537.875	0.1297
537.75	0.1312
537.625	0.1305
537.5	0.1312
537.375	0.1305
537.25	0.1312
537.125	0.132
537.0	0.132
536.875	0.1305
536.75	0.1312
536.625	0.1297
536.5	0.132
536.375	0.1305
536.25	0.132
536.125	0.132
536.0	0.1312
535.875	0.132
535.75	0.132
535.625	0.132
535.5	0.132
535.375	0.1312
535.25	0.132
535.125	0.132
535.0	0.132
534.875	0.1328
534.75	0.132
534.625	0.132
534.5	0.1328
534.375	0.132
534.25	0.132
534.125	0.132
534.0	0.132
533.875	0.1328
533.75	0.1328
533.625	0.1344
533.5	0.132
533.375	0.132
533.25	0.1328
533.125	0.132
533.0	0.132
532.875	0.132
532.75	0.132
532.625	0.1344
532.5	0.1328
532.375	0.1344
532.25	0.132
532.125	0.1336
532.0	0.1336
531.875	0.132
531.75	0.1336
531.625	0.1328
531.5	0.1344
531.375	0.1336
531.25	0.1328
531.125	0.1352
531.0	0.1336
530.875	0.1328
530.75	0.1336
530.625	0.1344
530.5	0.1352
530.375	0.1328
530.25	0.1367
530.125	0.1352
530.0	0.1352
529.875	0.1367
529.75	0.1367
529.625	0.1367
529.5	0.1367
529.375	0.136
529.25	0.1352
529.125	0.136
529.0	0.1344
528.875	0.136
528.75	0.1367
528.625	0.1367
528.5	0.1336
528.375	0.136
528.25	0.1344
528.125	0.1352
528.0	0.1367
527.875	0.136
527.75	0.1367
527.625	0.136
527.5	0.136
527.375	0.1367
527.25	0.1367
527.125	0.1367
527.0	0.136
526.875	0.1367
526.75	0.136
526.625	0.1367
526.5	0.1367
526.375	0.1352
526.25	0.1367
526.125	0.1367
526.0	0.1367
525.875	0.1367
525.75	0.1375
525.625	0.1367
525.5	0.136
525.375	0.1367
525.25	0.1367
525.125	0.1367
525.0	0.1383
524.875	0.1367
524.75	0.1375
524.625	0.1367
524.5	0.1367
524.375	0.1367
524.25	0.1375
524.125	0.1367
524.0	0.1367
523.875	0.1367
523.75	0.1367
523.625	0.1367
523.5	0.1375
523.375	0.1367
523.25	0.1367
523.125	0.1367
523.0	0.1383
522.875	0.1375
522.75	0.1367
522.625	0.1367
522.5	0.1383
522.375	0.1383
522.25	0.1391
522.125	0.1367
522.0	0.1399
521.875	0.1375
521.75	0.1399
521.625	0.1383
521.5	0.1375
521.375	0.1399
521.25	0.1407
521.125	0.1391
521.0	0.1407
520.875	0.1399
520.75	0.1415
520.625	0.1391
520.5	0.1415
520.375	0.1415
520.25	0.1415
520.125	0.1407
520.0	0.1399
519.875	0.1383
519.75	0.1415
519.625	0.1415
519.5	0.1415
519.375	0.1415
519.25	0.1415
519.125	0.1415
519.0	0.1415
518.875	0.1415
518.75	0.1407
518.625	0.1407
518.5	0.1415
518.375	0.1391
518.25	0.1415
518.125	0.1415
518.0	0.1415
517.875	0.1415
517.75	0.1415
517.625	0.1415
517.5	0.1415
517.375	0.1415
517.25	0.1415
517.125	0.1422
517.0	0.1415
516.875	0.1415
516.75	0.1415
516.625	0.1415
516.5	0.143
516.375	0.1415
516.25	0.1407
516.125	0.1415
516.0	0.1415
515.875	0.1415
515.75	0.1422
515.625	0.1415
515.5	0.1415
515.375	0.1422
515.25	0.1422
515.125	0.1415
515.0	0.1415
514.875	0.1415
514.75	0.1415
514.625	0.1422
514.5	0.1422
514.375	0.1415
514.25	0.1446
514.125	0.1415
514.0	0.1422
513.875	0.1422
513.75	0.1438
513.625	0.1422
513.5	0.1438
513.375	0.1454
513.25	0.143
513.125	0.1415
513.0	0.1446
512.875	0.1415
512.75	0.1422
512.625	0.143
512.5	0.1446
512.375	0.1446
512.25	0.143
512.125	0.1438
512.0	0.1446
511.875	0.1438
511.75	0.1446
511.625	0.1438
511.5	0.1446
511.375	0.1446
511.25	0.1446
511.125	0.1438
511.0	0.1446
510.875	0.1446
510.75	0.143
510.625	0.1462
510.5	0.1438
510.375	0.1454
510.25	0.1462
510.125	0.143
510.0	0.1462
509.875	0.1462
509.75	0.1438
509.625	0.1462
509.5	0.1454
509.375	0.1462
509.25	0.1454
509.125	0.1454
509.0	0.1462
508.875	0.1454
508.75	0.1462
508.625	0.1454
508.5	0.1454
508.375	0.1454
508.25	0.1462
508.125	0.1446
508.0	0.1462
507.875	0.1454
507.75	0.1462
507.625	0.1454
507.5	0.1462
507.375	0.1462
507.25	0.1462
507.125	0.1462
507.0	0.1462
506.875	0.1462
506.75	0.1462
506.625	0.1462
506.5	0.1462
506.375	0.1462
506.25	0.1462
506.125	0.1462
506.0	0.1454
505.875	0.1462
505.75	0.1462
505.625	0.1462
505.5	0.1462
505.375	0.1462
505.25	0.1462
505.125	0.1462
505.0	0.1477
504.875	0.1477
504.75	0.1462
504.625	0.1462
504.5	0.1462
504.375	0.1462
504.25	0.1462
504.125	0.1462
504.0	0.1462
503.875	0.147
503.75	0.1462
503.625	0.1462
503.5	0.1477
503.375	0.1462
503.25	0.1462
503.125	0.1462
503.0	0.1462
502.875	0.1462
502.75	0.1462
502.625	0.1462
502.5	0.1462
502.375	0.1462
502.25	0.1462
502.125	0.147
502.0	0.1462
501.875	0.1462
501.75	0.1462
501.625	0.1462
501.5	0.1454
501.375	0.1462
501.25	0.1462
501.125	0.147
501.0	0.1462
500.875	0.1462
500.75	0.1462
500.625	0.147
500.5	0.1462
500.375	0.1462
500.25	0.1462
500.125	0.1454
500.0	0.1462
499.875	0.1462
499.75	0.1446
499.625	0.1462
499.5	0.1462
499.375	0.1462
499.25	0.1454
499.125	0.1462
499.0	0.1462
498.875	0.1462
498.75	0.1462
498.625	0.1462
498.5	0.1477
498.375	0.1462
498.25	0.1462
498.125	0.1462
498.0	0.1462
497.875	0.1462
497.75	0.1462
497.625	0.1462
497.5	0.1462
497.375	0.1462
497.25	0.1462
497.125	0.1462
497.0	0.1454
496.875	0.1485
496.75	0.1462
496.625	0.1462
496.5	0.1462
496.375	0.1462
496.25	0.147
496.125	0.147
496.0	0.1462
495.875	0.1462
495.75	0.147
495.625	0.147
495.5	0.1462
495.375	0.1462
495.25	0.1462
495.125	0.1462
495.0	0.1462
494.875	0.1462
494.75	0.1462
494.625	0.1477
494.5	0.1462
494.375	0.147
494.25	0.1462
494.125	0.1462
494.0	0.1462
493.875	0.1462
493.75	0.1462
493.625	0.1462
493.5	0.147
493.375	0.1462
493.25	0.147
493.125	0.1462
493.0	0.1462
492.875	0.1462
492.75	0.1462
492.625	0.1462
492.5	0.1462
492.375	0.1462
492.25	0.1462
492.125	0.1462
492.0	0.1462
491.875	0.1462
491.75	0.1462
491.625	0.1462
491.5	0.1462
491.375	0.1454
491.25	0.1462
491.125	0.1462
491.0	0.1446
490.875	0.1462
490.75	0.1462
490.625	0.1454
490.5	0.1446
490.375	0.1438
490.25	0.1454
490.125	0.1462
490.0	0.1438
489.875	0.1446
489.75	0.1446
489.625	0.1446
489.5	0.1422
489.375	0.1462
489.25	0.1422
489.125	0.1446
489.0	0.1438
488.875	0.1438
488.75	0.1438
488.625	0.1415
488.5	0.1415
488.375	0.1415
488.25	0.1422
488.125	0.1415
488.0	0.1415
487.875	0.1415
487.75	0.1422
487.625	0.1415
487.5	0.1415
487.375	0.1407
487.25	0.1407
487.125	0.1375
487.0	0.136
486.875	0.1375
486.75	0.1344
486.625	0.1367
486.5	0.1344
486.375	0.1367
486.25	0.1367
486.125	0.1367
486.0	0.1415
485.875	0.1415
485.75	0.1415
485.625	0.1415
485.5	0.1415
485.375	0.1415
485.25	0.1415
485.125	0.1415
485.0	0.1415
484.875	0.1415
484.75	0.1415
484.625	0.1415
484.5	0.1415
484.375	0.1415
484.25	0.1415
484.125	0.1415
484.0	0.1415
483.875	0.1415
483.75	0.1415
483.625	0.1399
483.5	0.1415
483.375	0.1407
483.25	0.1415
483.125	0.1415
483.0	0.1407
482.875	0.1415
482.75	0.1415
482.625	0.1407
482.5	0.1415
482.375	0.1399
482.25	0.1399
482.125	0.1383
482.0	0.1399
481.875	0.1383
481.75	0.1375
481.625	0.1399
481.5	0.1383
481.375	0.1383
481.25	0.1383
481.125	0.1367
481.0	0.1391
480.875	0.1367
480.75	0.1383
480.625	0.1383
480.5	0.1367
480.375	0.1391
480.25	0.1367
480.125	0.1367
480.0	0.1367
479.875	0.1367
479.75	0.1375
479.625	0.1375
479.5	0.1375
479.375	0.1367
479.25	0.1367
479.125	0.1367
479.0	0.1367
478.875	0.1367
478.75	0.1367
478.625	0.1367
478.5	0.1375
478.375	0.1367
478.25	0.1367
478.125	0.1375
478.0	0.1367
477.875	0.1367
477.75	0.136
477.625	0.1367
477.5	0.1367
477.375	0.136
477.25	0.1367
477.125	0.1344
477.0	0.1367
476.875	0.1367
476.75	0.1344
476.625	0.1352
476.5	0.1352
476.375	0.1367
476.25	0.1352
476.125	0.1336
476.0	0.136
475.875	0.1352
475.75	0.1367
475.625	0.1336
475.5	0.1352
475.375	0.1367
475.25	0.1336
475.125	0.1344
475.0	0.1336
474.875	0.1344
474.75	0.1328
474.625	0.1344
474.5	0.1336
474.375	0.1336
474.25	0.1336
474.125	0.1344
474.0	0.1344
473.875	0.132
473.75	0.1336
473.625	0.1336
473.5	0.1336
473.375	0.1328
473.25	0.1328
473.125	0.1336
473.0	0.1328
472.875	0.1328
472.75	0.1328
472.625	0.132
472.5	0.132
472.375	0.1328
472.25	0.132
472.125	0.132
472.0	0.1328
471.875	0.132
471.75	0.1328
471.625	0.132
471.5	0.132
471.375	0.132
471.25	0.132
471.125	0.132
471.0	0.132
470.875	0.1328
470.75	0.132
470.625	0.132
470.5	0.132
470.375	0.132
470.25	0.132
470.125	0.1328
470.0	0.1312
469.875	0.132
469.75	0.132
469.625	0.132
469.5	0.132
469.375	0.132
469.25	0.132
469.125	0.132
469.0	0.132
468.875	0.132
468.75	0.132
468.625	0.132
468.5	0.132
468.375	0.132
468.25	0.132
468.125	0.132
468.0	0.132
467.875	0.132
467.75	0.132
467.625	0.132
467.5	0.132
467.375	0.132
467.25	0.132
467.125	0.1328
467.0	0.132
466.875	0.132
466.75	0.132
466.625	0.132
466.5	0.132
466.375	0.1312
466.25	0.132
466.125	0.132
466.0	0.132
465.875	0.1344
465.75	0.132
465.625	0.132
465.5	0.132
465.375	0.132
465.25	0.1328
465.125	0.132
465.0	0.132
464.875	0.132
464.75	0.132
464.625	0.132
464.5	0.132
464.375	0.132
464.25	0.1336
464.125	0.1328
464.0	0.132
463.875	0.132
463.75	0.1336
463.625	0.1352
463.5	0.1336
463.375	0.1328
463.25	0.132
463.125	0.1352
463.0	0.1344
462.875	0.1352
462.75	0.136
462.625	0.1344
462.5	0.1336
462.375	0.1344
462.25	0.1367
462.125	0.1352
462.0	0.1367
461.875	0.1375
461.75	0.136
461.625	0.1367
461.5	0.1367
461.375	0.1367
461.25	0.1367
461.125	0.1367
461.0	0.1367
460.875	0.1367
460.75	0.1375
460.625	0.1383
460.5	0.1399
460.375	0.1375
460.25	0.1407
460.125	0.1415
460.0	0.1415
459.875	0.1415
459.75	0.1415
459.625	0.1415
459.5	0.1415
459.375	0.1415
459.25	0.1422
459.125	0.1422
459.0	0.1407
458.875	0.1415
458.75	0.1415
458.625	0.1446
458.5	0.1438
458.375	0.143
458.25	0.1462
458.125	0.1446
458.0	0.1462
457.875	0.1462
457.75	0.1454
457.625	0.1462
457.5	0.147
457.375	0.1462
457.25	0.1462
457.125	0.147
457.0	0.1477
456.875	0.1477
456.75	0.1509
456.625	0.1485
456.5	0.1509
456.375	0.1509
456.25	0.1509
456.125	0.1517
456.0	0.1493
455.875	0.1509
455.75	0.1509
455.625	0.1509
455.5	0.1509
455.375	0.1509
455.25	0.1533
455.125	0.1525
455.0	0.1533
454.875	0.1556
454.75	0.1556
454.625	0.1556
454.5	0.1556
454.375	0.1556
454.25	0.1572
454.125	0.1556
454.0	0.1556
453.875	0.1588
453.75	0.1588
453.625	0.1603
453.5	0.1603
453.375	0.1595
453.25	0.1603
453.125	0.1595
453.0	0.1603
452.875	0.1603
452.75	0.1635
452.625	0.1611
452.5	0.1643
452.375	0.1643
452.25	0.165
452.125	0.165
452.0	0.165
451.875	0.165
451.75	0.1666
451.625	0.1666
451.5	0.1666
451.375	0.1666
451.25	0.1698
451.125	0.1698
451.0	0.1698
450.875	0.1698
450.75	0.1698
450.625	0.1713
450.5	0.1721
450.375	0.1745
450.25	0.1745
450.125	0.1745
450.0	0.1745
449.875	0.1745
449.75	0.1768
449.625	0.1792
449.5	0.1776
449.375	0.1792
449.25	0.1792
449.125	0.1792
449.0	0.1816
448.875	0.18
448.75	0.1823
448.625	0.1823
448.5	0.1839
448.375	0.1839
448.25	0.1855
448.125	0.1863
448.0	0.1878
447.875	0.1886
447.75	0.1894
447.625	0.1886
447.5	0.1918
447.375	0.1918
447.25	0.1933
447.125	0.1933
447.0	0.1957
446.875	0.1973
446.75	0.1965
446.625	0.1996
446.5	0.1981
446.375	0.2012
446.25	0.202
446.125	0.2012
446.0	0.2036
445.875	0.2044
445.75	0.2067
445.625	0.2075
445.5	0.2075
445.375	0.2091
445.25	0.2114
445.125	0.2122
445.0	0.2122
444.875	0.2138
444.75	0.2161
444.625	0.2169
444.5	0.2177
444.375	0.2169
444.25	0.2201
444.125	0.2201
444.0	0.2216
443.875	0.2216
443.75	0.2248
443.625	0.2232
443.5	0.2264
443.375	0.2272
443.25	0.2264
443.125	0.2303
443.0	0.2311
442.875	0.2311
442.75	0.2327
442.625	0.2342
442.5	0.2358
442.375	0.2358
442.25	0.2358
442.125	0.2382
442.0	0.2405
441.875	0.2405
441.75	0.2405
441.625	0.2421
441.5	0.2429
441.375	0.2452
441.25	0.2452
441.125	0.2452
441.0	0.2468
440.875	0.25
440.75	0.25
440.625	0.2492
440.5	0.25
440.375	0.2507
440.25	0.2507
440.125	0.2523
440.0	0.2547
439.875	0.2547
439.75	0.2547
439.625	0.2547
439.5	0.2547
439.375	0.257
439.25	0.2586
439.125	0.2555
439.0	0.2594
438.875	0.2594
438.75	0.2586
438.625	0.2594
438.5	0.2594
438.375	0.2594
438.25	0.2625
438.125	0.2594
438.0	0.2594
437.875	0.2602
437.75	0.2602
437.625	0.2602
437.5	0.2617
437.375	0.2617
437.25	0.261
437.125	0.2617
437.0	0.2625
436.875	0.2641
436.75	0.2633
436.625	0.2633
436.5	0.2617
436.375	0.2625
436.25	0.2641
436.125	0.2641
436.0	0.2594
435.875	0.2617
435.75	0.2617
435.625	0.2594
435.5	0.2617
435.375	0.2594
435.25	0.2602
435.125	0.261
435.0	0.2594
434.875	0.2594
434.75	0.2586
434.625	0.2594
434.5	0.2586
434.375	0.2578
434.25	0.2578
434.125	0.2555
434.0	0.2562
433.875	0.2547
433.75	0.2547
433.625	0.2555
433.5	0.2547
433.375	0.2547
433.25	0.2539
433.125	0.2547
433.0	0.2547
432.875	0.2515
432.75	0.2507
432.625	0.25
432.5	0.25
432.375	0.25
432.25	0.25
432.125	0.2484
432.0	0.2476
431.875	0.2468
431.75	0.2452
431.625	0.2452
431.5	0.2452
431.375	0.2452
431.25	0.2444
431.125	0.2452
431.0	0.2413
430.875	0.2405
430.75	0.2405
430.625	0.2405
430.5	0.2397
430.375	0.2374
430.25	0.2366
430.125	0.2366
430.0	0.2366
429.875	0.2358
429.75	0.2358
429.625	0.2342
429.5	0.235
429.375	0.2334
429.25	0.2311
429.125	0.2311
429.0	0.2295
428.875	0.2264
428.75	0.2264
428.625	0.2264
428.5	0.2272
428.375	0.2232
428.25	0.2216
428.125	0.2216
428.0	0.2201
427.875	0.2201
427.75	0.2193
427.625	0.2169
427.5	0.2169
427.375	0.2177
427.25	0.2177
427.125	0.2169
427.0	0.2146
426.875	0.2138
426.75	0.2122
426.625	0.2122
426.5	0.2122
426.375	0.2083
426.25	0.2099
426.125	0.2075
426.0	0.2075
425.875	0.2075
425.75	0.2051
425.625	0.2036
425.5	0.2036
425.375	0.202
425.25	0.202
425.125	0.1996
425.0	0.1981
424.875	0.1981
424.75	0.1981
424.625	0.1981
424.5	0.1949
424.375	0.1941
424.25	0.1933
424.125	0.1933
424.0	0.1918
423.875	0.1886
423.75	0.1886
423.625	0.1886
423.5	0.1871
423.375	0.1878
423.25	0.1847
423.125	0.1839
423.0	0.1823
422.875	0.1823
422.75	0.1808
422.625	0.1792
422.5	0.1792
422.375	0.1792
422.25	0.1792
422.125	0.1753
422.0	0.1745
421.875	0.1737
421.75	0.1713
421.625	0.1698
421.5	0.1698
421.375	0.1698
421.25	0.1682
421.125	0.1658
421.0	0.165
420.875	0.1643
420.75	0.1635
420.625	0.1603
420.5	0.1603
420.375	0.158
420.25	0.158
420.125	0.1556
420.0	0.1556
419.875	0.1525
419.75	0.1525
419.625	0.1509
419.5	0.1501
419.375	0.1509
419.25	0.147
419.125	0.147
419.0	0.1462
418.875	0.1454
418.75	0.1438
418.625	0.1415
418.5	0.1415
418.375	0.1407
418.25	0.1391
418.125	0.1391
418.0	0.1367
417.875	0.1367
417.75	0.1344
417.625	0.1336
417.5	0.1328
417.375	0.1305
417.25	0.1281
417.125	0.1297
417.0	0.1273
416.875	0.1273
416.75	0.125
416.625	0.1242
416.5	0.1226
416.375	0.1226
416.25	0.121
416.125	0.1187
416.0	0.1179
415.875	0.1179
415.75	0.1179
415.625	0.1147
415.5	0.1132
415.375	0.1132
415.25	0.1132
415.125	0.11
415.0	0.11
414.875	0.1084
414.75	0.1084
414.625	0.1053
414.5	0.1045
414.375	0.1037
414.25	0.1045
414.125	0.1029
414.0	0.1014
413.875	0.1006
413.75	0.099
413.625	0.099
413.5	0.099
413.375	0.0974
413.25	0.0943
413.125	0.0943
413.0	0.0951
412.875	0.0943
412.75	0.0927
412.625	0.0911
412.5	0.0896
412.375	0.0896
412.25	0.0896
412.125	0.0896
412.0	0.0856
411.875	0.0856
411.75	0.0849
411.625	0.0849
411.5	0.0849
411.375	0.0817
411.25	0.0825
411.125	0.0825
411.0	0.0801
410.875	0.0801
410.75	0.0786
410.625	0.077
410.5	0.0762
410.375	0.077
410.25	0.0762
410.125	0.0754
410.0	0.0754
409.875	0.0754
409.75	0.0754
409.625	0.0754
409.5	0.0738
409.375	0.0715
409.25	0.0707
409.125	0.0715
409.0	0.0707
408.875	0.0707
408.75	0.0699
408.625	0.0683
408.5	0.0699
408.375	0.0676
408.25	0.066
408.125	0.066
408.0	0.066
407.875	0.0668
407.75	0.066
407.625	0.0652
407.5	0.066
407.375	0.0652
407.25	0.0644
407.125	0.0652
407.0	0.0628
406.875	0.0636
406.75	0.0613
406.625	0.0613
406.5	0.0613
406.375	0.0613
406.25	0.0613
406.125	0.0613
406.0	0.0605
405.875	0.0613
405.75	0.0597
405.625	0.0613
405.5	0.0566
405.375	0.0566
405.25	0.0566
405.125	0.0566
405.0	0.0573
404.875	0.0566
404.75	0.0558
404.625	0.0566
404.5	0.055
404.375	0.0566
404.25	0.0566
404.125	0.055
404.0	0.0566
403.875	0.0518
403.75	0.055
403.625	0.0526
403.5	0.0526
403.375	0.0534
403.25	0.0518
403.125	0.0518
403.0	0.0518
402.875	0.0518
402.75	0.0518
402.625	0.0518
402.5	0.0518
402.375	0.0511
402.25	0.0511
402.125	0.0511
402.0	0.0495
401.875	0.0503
401.75	0.0487
401.625	0.0503
401.5	0.0495
401.375	0.0487
401.25	0.0479
401.125	0.0479
401.0	0.0503
400.875	0.0495
400.75	0.0471
400.625	0.0471
400.5	0.0471
400.375	0.0471
400.25	0.0471
400.125	0.0471
400.0	0.0471
399.875	0.0471
399.75	0.0471
399.625	0.0471
399.5	0.0471
399.375	0.0471
399.25	0.0471
399.125	0.0471
399.0	0.0471
398.875	0.0471
398.75	0.0471
398.625	0.0455
398.5	0.0455
398.375	0.0455
398.25	0.0471
398.125	0.0471
398.0	0.0463
397.875	0.0448
397.75	0.0448
397.625	0.044
397.5	0.0448
397.375	0.0432
397.25	0.044
397.125	0.0424
397.0	0.0424
396.875	0.0424
396.75	0.0424
396.625	0.0424
396.5	0.0432
396.375	0.0424
396.25	0.0432
396.125	0.0424
396.0	0.0424
395.875	0.0424
395.75	0.0424
395.625	0.0424
395.5	0.0424
395.375	0.0424
395.25	0.0424
395.125	0.0424
395.0	0.0424
394.875	0.0424
394.75	0.0424
394.625	0.0416
394.5	0.0424
394.375	0.0416
394.25	0.0408
394.125	0.0424
394.0	0.04
393.875	0.0424
393.75	0.0424
393.625	0.0408
393.5	0.0424
393.375	0.0424
393.25	0.0416
393.125	0.0416
393.0	0.04
392.875	0.0424
392.75	0.0416
392.625	0.0424
392.5	0.0416
392.375	0.0408
392.25	0.0424
392.125	0.0416
392.0	0.04
391.875	0.04
391.75	0.0393
391.625	0.0408
391.5	0.04
391.375	0.04
391.25	0.04
391.125	0.0416
391.0	0.0408
390.875	0.04
390.75	0.0385
390.625	0.0408
390.5	0.0408
390.375	0.04
390.25	0.0408
390.125	0.04
390.0	0.04
389.875	0.04
389.75	0.04
389.625	0.0393
389.5	0.04
389.375	0.0377
389.25	0.0393
389.125	0.0393
389.0	0.0385
388.875	0.0377
388.75	0.0393
388.625	0.0385
388.5	0.0393
388.375	0.0385
388.25	0.0393
388.125	0.0385
388.0	0.0393
387.875	0.0385
387.75	0.0377
387.625	0.0385
387.5	0.0377
387.375	0.0393
387.25	0.0377
387.125	0.0393
387.0	0.0385
386.875	0.0385
386.75	0.0385
386.625	0.0377
386.5	0.0377
386.375	0.04
386.25	0.0393
386.125	0.0385
386.0	0.0377
385.875	0.0385
385.75	0.0385
385.625	0.0385
385.5	0.0377
385.375	0.0377
385.25	0.0377
385.125	0.0393
385.0	0.0377
384.875	0.0385
384.75	0.0377
384.625	0.0377
384.5	0.0377
384.375	0.0377
384.25	0.0377
384.125	0.0408
384.0	0.0393
383.875	0.0408
383.75	0.0393
383.625	0.0377
383.5	0.0377
383.375	0.0377
383.25	0.0393
383.125	0.0377
383.0	0.04
382.875	0.0377
382.75	0.0377
382.625	0.0377
382.5	0.0377
382.375	0.0377
382.25	0.0377
382.125	0.0377
382.0	0.0385
381.875	0.0385
381.75	0.0377
381.625	0.0385
381.5	0.0393
381.375	0.0377
381.25	0.0377
381.125	0.0393
381.0	0.0393
380.875	0.0377
380.75	0.0385
380.625	0.0377
380.5	0.0393
380.375	0.0377
380.25	0.0377
380.125	0.04
380.0	0.0377
379.875	0.0408
379.75	0.0393
379.625	0.0377
379.5	0.0385
379.375	0.0377
379.25	0.0385
379.125	0.0393
379.0	0.0385
378.875	0.0385
378.75	0.0377
378.625	0.0393
378.5	0.0377
378.375	0.0385
378.25	0.0393
378.125	0.0377
378.0	0.0393
377.875	0.0377
377.75	0.0408
377.625	0.0385
377.5	0.0377
377.375	0.0385
377.25	0.0377
377.125	0.0377
377.0	0.0369
376.875	0.0377
376.75	0.0385
376.625	0.0385
376.5	0.0377
376.375	0.0377
376.25	0.0377
376.125	0.0377
376.0	0.0377
375.875	0.0377
375.75	0.04
375.625	0.0377
375.5	0.0393
375.375	0.0369
375.25	0.0377
375.125	0.0385
375.0	0.0385
374.875	0.0377
374.75	0.0393
374.625	0.0377
374.5	0.0377
374.375	0.0377
374.25	0.0377
374.125	0.0377
374.0	0.0377
373.875	0.0377
373.75	0.0377
373.625	0.0377
373.5	0.0377
373.375	0.0377
373.25	0.0385
373.125	0.04
373.0	0.0377
372.875	0.0377
372.75	0.0377
372.625	0.0385
372.5	0.0377
372.375	0.0377
372.25	0.0377
372.125	0.0377
372.0	0.0385
371.875	0.0377
371.75	0.0377
371.625	0.0385
371.5	0.0377
371.375	0.0377
371.25	0.0377
371.125	0.0377
371.0	0.0377
370.875	0.0369
370.75	0.0385
370.625	0.0385
370.5	0.0377
370.375	0.0377
370.25	0.0377
370.125	0.0377
370.0	0.0377
369.875	0.0377
369.75	0.0377
369.625	0.0377
369.5	0.0377
369.375	0.0369
369.25	0.0353
369.125	0.033
369.0	0.033
368.875	0.0345
368.75	0.033
368.625	0.033
368.5	0.0361
368.375	0.033
368.25	0.0377
368.125	0.0377
368.0	0.0377
367.875	0.0377
367.75	0.0377
367.625	0.0377
367.5	0.0393
367.375	0.0385
367.25	0.0385
367.125	0.0385
367.0	0.0393
366.875	0.0385
366.75	0.0385
366.625	0.0377
366.5	0.0377
366.375	0.0377
366.25	0.0385
366.125	0.0385
366.0	0.0385
365.875	0.0393
365.75	0.0377
365.625	0.0377
365.5	0.0377
365.375	0.0377
365.25	0.0377
365.125	0.0377
365.0	0.0377
364.875	0.0377
364.75	0.04
364.625	0.0393
364.5	0.0377
364.375	0.0377
364.25	0.0377
364.125	0.0377
364.0	0.0377
363.875	0.0377
363.75	0.0377
363.625	0.0377
363.5	0.0393
363.375	0.0377
363.25	0.0393
363.125	0.0377
363.0	0.0377
362.875	0.0377
362.75	0.0377
362.625	0.0393
362.5	0.0377
362.375	0.0377
362.25	0.0377
362.125	0.0377
362.0	0.0377
361.875	0.0377
361.75	0.0393
361.625	0.0377
361.5	0.0377
361.375	0.0393
361.25	0.0377
361.125	0.0377
361.0	0.0377
360.875	0.0377
360.75	0.0377
360.625	0.0385
360.5	0.0385
360.375	0.0377
360.25	0.0377
360.125	0.0377
360.0	0.0377
359.875	0.0393
359.75	0.0377
359.625	0.0377
359.5	0.0393
359.375	0.0385
359.25	0.0385
359.125	0.0377
359.0	0.0377
358.875	0.0377
358.75	0.0377
358.625	0.0377
358.5	0.0377
358.375	0.0377
358.25	0.0369
358.125	0.0377
358.0	0.0377
357.875	0.0393
357.75	0.0377
357.625	0.0377
357.5	0.0385
357.375	0.0377
357.25	0.0377
357.125	0.0385
357.0	0.0377
356.875	0.04
356.75	0.0377
356.625	0.0377
356.5	0.0377
356.375	0.0377
356.25	0.0393
356.125	0.0377
356.0	0.0377
355.875	0.0377
355.75	0.0385
355.625	0.0377
355.5	0.0377
355.375	0.0377
355.25	0.0377
355.125	0.0377
355.0	0.04
354.875	0.0377
354.75	0.0377
354.625	0.0377
354.5	0.0377
354.375	0.0377
354.25	0.0377
354.125	0.0377
354.0	0.0377
353.875	0.0377
353.75	0.0377
353.625	0.0377
353.5	0.0385
353.375	0.0377
353.25	0.0377
353.125	0.0377
353.0	0.0377
352.875	0.0377
352.75	0.0377
352.625	0.0377
352.5	0.0385
352.375	0.0377
352.25	0.0377
352.125	0.0377
352.0	0.0377
351.875	0.0377
351.75	0.0377
351.625	0.0377
351.5	0.0377
351.375	0.0377
351.25	0.0377
351.125	0.0377
351.0	0.0377
350.875	0.0408
350.75	0.0377
350.625	0.0385
350.5	0.0377
350.375	0.0377
350.25	0.0377
350.125	0.0377
350.0	0.0377
349.875	0.0377
349.75	0.0377
349.625	0.0377
349.5	0.0385
349.375	0.0377
349.25	0.0393
349.125	0.0377
349.0	0.0385
348.875	0.0393
348.75	0.0377
348.625	0.0377
348.5	0.0377
348.375	0.0377
348.25	0.0377
348.125	0.0377
348.0	0.0377
347.875	0.0385
347.75	0.0377
347.625	0.0377
347.5	0.0377
347.375	0.0385
347.25	0.0385
347.125	0.0377
347.0	0.0377
346.875	0.0377
346.75	0.0377
346.625	0.0385
346.5	0.0377
346.375	0.0377
346.25	0.0377
346.125	0.0385
346.0	0.0377
345.875	0.0377
345.75	0.0377
345.625	0.0393
345.5	0.0377
345.375	0.0377
345.25	0.0393
345.125	0.0377
345.0	0.0377
344.875	0.0377
344.75	0.0377
344.625	0.0385
344.5	0.0393
344.375	0.0377
344.25	0.0377
344.125	0.0377
344.0	0.0377
343.875	0.0377
343.75	0.0377
343.625	0.0385
343.5	0.0377
343.375	0.0377
343.25	0.0377
343.125	0.0385
343.0	0.0377
342.875	0.0377
342.75	0.0385
342.625	0.0393
342.5	0.0377
342.375	0.0377
342.25	0.0377
342.125	0.0385
342.0	0.0377
341.875	0.0377
341.75	0.0385
341.625	0.0377
341.5	0.0377
341.375	0.0377
341.25	0.0377
341.125	0.0385
341.0	0.0377
340.875	0.0385
340.75	0.0377
340.625	0.0369
340.5	0.0385
340.375	0.0369
340.25	0.0377
340.125	0.0377
340.0	0.0377
339.875	0.0393
339.75	0.0369
339.625	0.0377
339.5	0.0377
339.375	0.0377
339.25	0.0377
339.125	0.0377
339.0	0.0377
338.875	0.0377
338.75	0.0377
338.625	0.0385
338.5	0.0377
338.375	0.0377
338.25	0.0377
338.125	0.0385
338.0	0.0385
337.875	0.0377
337.75	0.0385
337.625	0.0385
337.5	0.0377
337.375	0.0377
337.25	0.0377
337.125	0.0377
337.0	0.0377
336.875	0.0385
336.75	0.0377
336.625	0.0377
336.5	0.0377
336.375	0.0377
336.25	0.0377
336.125	0.0377
336.0	0.0377
335.875	0.0377
335.75	0.0377
335.625	0.0377
335.5	0.0377
335.375	0.0385
335.25	0.0377
335.125	0.0377
335.0	0.0377
334.875	0.0377
334.75	0.0377
334.625	0.0385
334.5	0.0377
334.375	0.0377
334.25	0.0377
334.125	0.0377
334.0	0.0377
333.875	0.0377
333.75	0.0385
333.625	0.0377
333.5	0.0385
333.375	0.0377
333.25	0.0377
333.125	0.0385
333.0	0.0377
332.875	0.0377
332.75	0.0385
332.625	0.0377
332.5	0.0377
332.375	0.0377
332.25	0.0377
332.125	0.0377
332.0	0.0377
331.875	0.0377
331.75	0.0377
331.625	0.0377
331.5	0.0377
331.375	0.0393
331.25	0.0385
331.125	0.0377
331.0	0.0377
330.875	0.0377
330.75	0.0377
330.625	0.0377
330.5	0.0377
330.375	0.0377
330.25	0.0385
330.125	0.0377
330.0	0.0377
329.875	0.0377
329.75	0.0385
329.625	0.0369
329.5	0.0377
329.375	0.0377
329.25	0.0377
329.125	0.0377
329.0	0.0377
328.875	0.0393
328.75	0.0377
328.625	0.0377
328.5	0.0377
328.375	0.0377
328.25	0.0377
328.125	0.0377
328.0	0.0377
327.875	0.0385
327.75	0.0385
327.625	0.0385
327.5	0.0377
327.375	0.0377
327.25	0.0377
327.125	0.0377
327.0	0.0385
326.875	0.0377
326.75	0.0377
326.625	0.0377
326.5	0.0377
326.375	0.0385
326.25	0.0377
326.125	0.0377
326.0	0.0377
325.875	0.0377
325.75	0.0377
325.625	0.0377
325.5	0.0377
325.375	0.0377
325.25	0.0369
325.125	0.0377
325.0	0.0377
324.875	0.0377
324.75	0.0377
324.625	0.0377
324.5	0.0377
324.375	0.0377
324.25	0.0377
324.125	0.0377
324.0	0.0377
323.875	0.0385
323.75	0.0377
323.625	0.0377
323.5	0.0385
323.375	0.0377
323.25	0.0377
323.125	0.0377
323.0	0.0377
322.875	0.0377
322.75	0.0377
322.625	0.0377
322.5	0.0377
322.375	0.0377
322.25	0.0377
322.125	0.0377
322.0	0.0377
321.875	0.0377
321.75	0.0377
321.625	0.0377
321.5	0.0377
321.375	0.0377
321.25	0.0377
321.125	0.0377
321.0	0.0377
320.875	0.0377
320.75	0.0377
320.625	0.0377
320.5	0.0385
320.375	0.0377
320.25	0.0377
320.125	0.0377
320.0	0.0377
319.875	0.0377
319.75	0.0377
319.625	0.0385
319.5	0.0377
319.375	0.0377
319.25	0.0377
319.125	0.0377
319.0	0.0377
318.875	0.0377
318.75	0.0385
318.625	0.0377
318.5	0.0377
318.375	0.0377
318.25	0.0377
318.125	0.0377
318.0	0.0385
317.875	0.0377
317.75	0.0377
317.625	0.0377
317.5	0.0385
317.375	0.0393
317.25	0.0377
317.125	0.0377
317.0	0.0377
316.875	0.0377
316.75	0.0377
316.625	0.0377
316.5	0.0408
316.375	0.0377
316.25	0.0377
316.125	0.0393
316.0	0.0385
315.875	0.0377
315.75	0.0377
315.625	0.0377
315.5	0.0377
315.375	0.0377
315.25	0.0393
315.125	0.0377
315.0	0.0377
314.875	0.0393
314.75	0.0377
314.625	0.0385
314.5	0.0377
314.375	0.0377
314.25	0.0377
314.125	0.0377
314.0	0.0377
313.875	0.0377
313.75	0.0369
313.625	0.0377
313.5	0.0385
313.375	0.0393
313.25	0.0377
313.125	0.0377
313.0	0.0377
312.875	0.0385
312.75	0.0385
312.625	0.0377
312.5	0.0393
312.375	0.0385
312.25	0.0377
312.125	0.0377
312.0	0.0377
311.875	0.0377
311.75	0.0377
311.625	0.0377
311.5	0.0377
311.375	0.0377
311.25	0.0377
311.125	0.0377
311.0	0.0377
310.875	0.0385
310.75	0.0377
310.625	0.0377
310.5	0.0377
310.375	0.0377
310.25	0.0377
310.125	0.0377
310.0	0.0377
309.875	0.0377
309.75	0.0385
309.625	0.04
309.5	0.0385
309.375	0.0377
309.25	0.0377
309.125	0.0377
309.0	0.0377
308.875	0.0385
308.75	0.0377
308.625	0.0377
308.5	0.0377
308.375	0.0377
308.25	0.0377
308.125	0.0377
308.0	0.0377
307.875	0.0377
307.75	0.0377
307.625	0.0377
307.5	0.0369
307.375	0.0377
307.25	0.0377
307.125	0.0377
307.0	0.0377
306.875	0.0377
306.75	0.0385
306.625	0.0377
306.5	0.0377
306.375	0.0377
306.25	0.0369
306.125	0.0377
306.0	0.0369
305.875	0.0377
305.75	0.0377
305.625	0.0377
305.5	0.0377
305.375	0.0377
305.25	0.0377
305.125	0.0377
305.0	0.0385
304.875	0.0377
304.75	0.0377
304.625	0.0377
304.5	0.0377
304.375	0.0377
304.25	0.0377
304.125	0.0377
304.0	0.0377
303.875	0.0377
303.75	0.0377
303.625	0.0377
303.5	0.0377
303.375	0.0385
303.25	0.0377
303.125	0.0377
303.0	0.0385
302.875	0.0377
302.75	0.0385
302.625	0.0377
302.5	0.0377
302.375	0.0377
302.25	0.0377
302.125	0.0377
302.0	0.0377
301.875	0.0377
301.75	0.0369
301.625	0.0377
301.5	0.0377
301.375	0.0377
301.25	0.0377
301.125	0.0377
301.0	0.0369
300.875	0.0377
300.75	0.0385
300.625	0.0377
300.5	0.0377
300.375	0.0377
300.25	0.0377
300.125	0.0385
