300.0	0.0503
300.125	0.0518
300.25	0.0518
300.375	0.0518
300.5	0.0518
300.625	0.0518
300.75	0.0518
300.875	0.0518
301.0	0.0511
301.125	0.0518
301.25	0.0503
301.375	0.0518
301.5	0.0518
301.625	0.0518
301.75	0.0518
301.875	0.0518
302.0	0.0518
302.125	0.0503
302.25	0.0518
302.375	0.0518
302.5	0.0495
302.625	0.0518
302.75	0.0511
302.875	0.0526
303.0	0.0518
303.125	0.0495
303.25	0.0518
303.375	0.0518
303.5	0.0518
303.625	0.0518
303.75	0.0511
303.875	0.0518
304.0	0.0503
304.125	0.0518
304.25	0.0518
304.375	0.0511
304.5	0.0511
304.625	0.0518
304.75	0.0518
304.875	0.0503
305.0	0.0503
305.125	0.0503
305.25	0.0511
305.375	0.0511
305.5	0.0518
305.625	0.0511
305.75	0.0511
305.875	0.0511
306.0	0.0518
306.125	0.0495
306.25	0.0518
306.375	0.0518
306.5	0.0518
306.625	0.0511
306.75	0.0503
306.875	0.0518
307.0	0.0518
307.125	0.0518
307.25	0.0511
307.375	0.0518
307.5	0.0518
307.625	0.0526
307.75	0.0518
307.875	0.0518
308.0	0.0511
308.125	0.0518
308.25	0.0518
308.375	0.0518
308.5	0.0518
308.625	0.0511
308.75	0.0518
308.875	0.0518
309.0	0.0518
309.125	0.0518
309.25	0.0503
309.375	0.0518
309.5	0.0511
309.625	0.0511
309.75	0.0511
309.875	0.0518
310.0	0.0511
310.125	0.0503
310.25	0.0518
310.375	0.0518
310.5	0.0511
310.625	0.0503
310.75	0.0518
310.875	0.0511
311.0	0.0511
311.125	0.0518
311.25	0.0518
311.375	0.0511
311.5	0.0518
311.625	0.0518
311.75	0.0518
311.875	0.0518
312.0	0.0518
312.125	0.0518
312.25	0.0518
312.375	0.0518
312.5	0.0518
312.625	0.0511
312.75	0.0518
312.875	0.0518
313.0	0.0518
313.125	0.0518
313.25	0.0511
313.375	0.0511
313.5	0.0511
313.625	0.0518
313.75	0.0518
313.875	0.0518
314.0	0.0518
314.125	0.0518
314.25	0.0511
314.375	0.0518
314.5	0.0518
314.625	0.0518
314.75	0.0518
314.875	0.0518
315.0	0.0518
315.125	0.0518
315.25	0.0518
315.375	0.0503
315.5	0.0518
315.625	0.0503
315.75	0.0518
315.875	0.0518
316.0	0.0526
316.125	0.0518
316.25	0.0518
316.375	0.0518
316.5	0.0511
316.625	0.0518
316.75	0.0518
316.875	0.0542
317.0	0.0518
317.125	0.0518
317.25	0.0526
317.375	0.0518
317.5	0.0511
317.625	0.0518
317.75	0.0518
317.875	0.0518
318.0	0.0518
318.125	0.0518
318.25	0.0518
318.375	0.0511
318.5	0.0518
318.625	0.0518
318.75	0.0518
318.875	0.0518
319.0	0.0518
319.125	0.0511
319.25	0.0518
319.375	0.0503
319.5	0.0518
319.625	0.0518
319.75	0.0518
319.875	0.0518
320.0	0.0518
320.125	0.0518
320.25	0.0518
320.375	0.0511
320.5	0.0518
320.625	0.0503
320.75	0.0511
320.875	0.0511
321.0	0.0518
321.125	0.0518
321.25	0.0511
321.375	0.0518
321.5	0.0511
321.625	0.0526
321.75	0.0518
321.875	0.0518
322.0	0.0518
322.125	0.0518
322.25	0.0518
322.375	0.0518
322.5	0.0518
322.625	0.0518
322.75	0.0518
322.875	0.0511
323.0	0.0518
323.125	0.0511
323.25	0.0518
323.375	0.0518
323.5	0.0518
323.625	0.0518
323.75	0.0518
323.875	0.0518
324.0	0.0518
324.125	0.0518
324.25	0.0518
324.375	0.0518
324.5	0.0518
324.625	0.0518
324.75	0.0511
324.875	0.0518
325.0	0.0526
325.125	0.0518
325.25	0.0518
325.375	0.0518
325.5	0.0518
325.625	0.0518
325.75	0.0518
325.875	0.0518
326.0	0.0503
326.125	0.0518
326.25	0.0518
326.375	0.0518
326.5	0.0503
326.625	0.0518
326.75	0.0495
326.875	0.0518
327.0	0.0511
327.125	0.0518
327.25	0.0518
327.375	0.0518
327.5	0.0518
327.625	0.0518
327.75	0.0526
327.875	0.0518
328.0	0.0518
328.125	0.0518
328.25	0.0518
328.375	0.0518
328.5	0.0526
328.625	0.0511
328.75	0.0518
328.875	0.0518
329.0	0.0518
329.125	0.0518
329.25	0.0518
329.375	0.0503
329.5	0.0518
329.625	0.0526
329.75	0.0518
329.875	0.0518
330.0	0.0518
330.125	0.0511
330.25	0.0511
330.375	0.0518
330.5	0.0518
330.625	0.0518
330.75	0.0518
330.875	0.0518
331.0	0.0518
331.125	0.0518
331.25	0.0518
331.375	0.0511
331.5	0.0518
331.625	0.0526
331.75	0.0511
331.875	0.0511
332.0	0.0518
332.125	0.0511
332.25	0.0518
332.375	0.0518
332.5	0.0518
332.625	0.0518
332.75	0.0518
332.875	0.0518
333.0	0.0511
333.125	0.0511
333.25	0.0518
333.375	0.0518
333.5	0.0518
333.625	0.0511
333.75	0.0518
333.875	0.0518
334.0	0.0511
334.125	0.0518
334.25	0.0518
334.375	0.0518
334.5	0.0518
334.625	0.0518
334.75	0.0503
334.875	0.0503
335.0	0.0518
335.125	0.0518
335.25	0.0518
335.375	0.0518
335.5	0.0518
335.625	0.0518
335.75	0.0518
335.875	0.0518
336.0	0.0503
336.125	0.0518
336.25	0.0511
336.375	0.0511
336.5	0.0518
336.625	0.0518
336.75	0.0518
336.875	0.0518
337.0	0.0511
337.125	0.0511
337.25	0.0518
337.375	0.0511
337.5	0.0518
337.625	0.0518
337.75	0.0511
337.875	0.0518
338.0	0.0518
338.125	0.0518
338.25	0.0518
338.375	0.0518
338.5	0.0503
338.625	0.0518
338.75	0.0518
338.875	0.0518
339.0	0.0511
339.125	0.0518
339.25	0.0518
339.375	0.0518
339.5	0.0511
339.625	0.0511
339.75	0.0518
339.875	0.0495
340.0	0.0511
340.125	0.0518
340.25	0.0518
340.375	0.0511
340.5	0.0503
340.625	0.0518
340.75	0.0518
340.875	0.0503
341.0	0.0518
341.125	0.0518
341.25	0.0503
341.375	0.0503
341.5	0.0518
341.625	0.0511
341.75	0.0518
341.875	0.0511
342.0	0.0518
342.125	0.0518
342.25	0.0518
342.375	0.0518
342.5	0.0518
342.625	0.0511
342.75	0.0518
342.875	0.0511
343.0	0.0518
343.125	0.0503
343.25	0.0518
343.375	0.0518
343.5	0.0518
343.625	0.0511
343.75	0.0518
343.875	0.0518
344.0	0.0518
344.125	0.0518
344.25	0.0518
344.375	0.0518
344.5	0.0518
344.625	0.0518
344.75	0.0511
344.875	0.0503
345.0	0.0518
345.125	0.0518
345.25	0.0511
345.375	0.0518
345.5	0.0518
345.625	0.0518
345.75	0.0518
345.875	0.0503
346.0	0.0518
346.125	0.0518
346.25	0.0518
346.375	0.0511
346.5	0.0518
346.625	0.0511
346.75	0.0495
346.875	0.0518
347.0	0.0518
347.125	0.0518
347.25	0.0487
347.375	0.0503
347.5	0.0511
347.625	0.0511
347.75	0.0503
347.875	0.0511
348.0	0.0518
348.125	0.0518
348.25	0.0511
348.375	0.0503
348.5	0.0511
348.625	0.0518
348.75	0.0511
348.875	0.0518
349.0	0.0503
349.125	0.0518
349.25	0.0511
349.375	0.0518
349.5	0.0518
349.625	0.0518
349.75	0.0511
349.875	0.0518
350.0	0.0511
350.125	0.0518
350.25	0.0518
350.375	0.0518
350.5	0.0511
350.625	0.0511
350.75	0.0518
350.875	0.0511
351.0	0.0511
351.125	0.0511
351.25	0.0503
351.375	0.0518
351.5	0.0518
351.625	0.0511
351.75	0.0503
351.875	0.0518
352.0	0.0511
352.125	0.0518
352.25	0.0518
352.375	0.0518
352.5	0.0518
352.625	0.0503
352.75	0.0518
352.875	0.0518
353.0	0.0518
353.125	0.0518
353.25	0.0511
353.375	0.0518
353.5	0.0518
353.625	0.0503
353.75	0.0518
353.875	0.0518
354.0	0.0503
354.125	0.0518
354.25	0.0518
354.375	0.0518
354.5	0.0511
354.625	0.0518
354.75	0.0518
354.875	0.0511
355.0	0.0518
355.125	0.0503
355.25	0.0518
355.375	0.0518
355.5	0.0503
355.625	0.0518
355.75	0.0518
355.875	0.0518
356.0	0.0518
356.125	0.0511
356.25	0.0511
356.375	0.0518
356.5	0.0518
356.625	0.0511
356.75	0.0511
356.875	0.0518
357.0	0.0518
357.125	0.0503
357.25	0.0518
357.375	0.0518
357.5	0.0518
357.625	0.0511
357.75	0.0511
357.875	0.0518
358.0	0.0518
358.125	0.0495
358.25	0.0518
358.375	0.0518
358.5	0.0518
358.625	0.0518
358.75	0.0518
358.875	0.0511
359.0	0.0518
359.125	0.0518
359.25	0.0511
359.375	0.0511
359.5	0.0518
359.625	0.0518
359.75	0.0518
359.875	0.0518
360.0	0.0518
360.125	0.0518
360.25	0.0518
360.375	0.0518
360.5	0.0518
360.625	0.0495
360.75	0.0511
360.875	0.0503
361.0	0.0518
361.125	0.0518
361.25	0.0518
361.375	0.0518
361.5	0.0518
361.625	0.0518
361.75	0.0518
361.875	0.0518
362.0	0.0518
362.125	0.0518
362.25	0.0518
362.375	0.0518
362.5	0.0511
362.625	0.0511
362.75	0.0511
362.875	0.0518
363.0	0.0511
363.125	0.0518
363.25	0.0518
363.375	0.0526
363.5	0.0511
363.625	0.0511
363.75	0.0518
363.875	0.0518
364.0	0.0518
364.125	0.0495
364.25	0.0495
364.375	0.0518
364.5	0.0518
364.625	0.0518
364.75	0.0518
364.875	0.0518
365.0	0.0518
365.125	0.0503
365.25	0.0503
365.375	0.0518
365.5	0.0518
365.625	0.0518
365.75	0.0511
365.875	0.0518
366.0	0.0511
366.125	0.0518
366.25	0.0518
366.375	0.0511
366.5	0.0518
366.625	0.0511
366.75	0.0518
366.875	0.0518
367.0	0.0518
367.125	0.0511
367.25	0.0518
367.375	0.0511
367.5	0.0518
367.625	0.0518
367.75	0.0518
367.875	0.0518
368.0	0.0518
368.125	0.0518
368.25	0.0518
368.375	0.0518
368.5	0.0518
368.625	0.0511
368.75	0.0518
368.875	0.0511
369.0	0.0511
369.125	0.0518
369.25	0.0511
369.375	0.0518
369.5	0.0511
369.625	0.0518
369.75	0.0518
369.875	0.0503
370.0	0.0511
370.125	0.0487
370.25	0.0511
370.375	0.0518
370.5	0.0518
370.625	0.0511
370.75	0.0503
370.875	0.0511
371.0	0.0511
371.125	0.0518
371.25	0.0518
371.375	0.0503
371.5	0.0518
371.625	0.0511
371.75	0.0511
371.875	0.0495
372.0	0.0518
372.125	0.0518
372.25	0.0518
372.375	0.0503
372.5	0.0518
372.625	0.0518
372.75	0.0518
372.875	0.0518
373.0	0.0518
373.125	0.0511
373.25	0.0518
373.375	0.0518
373.5	0.0518
373.625	0.0518
373.75	0.0511
373.875	0.0511
374.0	0.0518
374.125	0.0511
374.25	0.0511
374.375	0.0518
374.5	0.0511
374.625	0.0518
374.75	0.0518
374.875	0.0518
375.0	0.0511
375.125	0.0511
375.25	0.0518
375.375	0.0518
375.5	0.0518
375.625	0.0518
375.75	0.0518
375.875	0.0503
376.0	0.0518
376.125	0.0511
376.25	0.0503
376.375	0.0518
376.5	0.0495
376.625	0.0518
376.75	0.0503
376.875	0.0518
377.0	0.0518
377.125	0.0518
377.25	0.0518
377.375	0.0503
377.5	0.0511
377.625	0.0518
377.75	0.0518
377.875	0.0518
378.0	0.0511
378.125	0.0511
378.25	0.0518
378.375	0.0518
378.5	0.0518
378.625	0.0518
378.75	0.0518
378.875	0.0503
379.0	0.0518
379.125	0.0503
379.25	0.0511
379.375	0.0518
379.5	0.0518
379.625	0.0518
379.75	0.0518
379.875	0.0511
380.0	0.0511
380.125	0.0518
380.25	0.0511
380.375	0.0511
380.5	0.0511
380.625	0.0511
380.75	0.0487
380.875	0.0518
381.0	0.0511
381.125	0.0518
381.25	0.0518
381.375	0.0518
381.5	0.0518
381.625	0.0518
381.75	0.0511
381.875	0.0503
382.0	0.0518
382.125	0.0518
382.25	0.0518
382.375	0.0518
382.5	0.0518
382.625	0.0518
382.75	0.0518
382.875	0.0518
383.0	0.0518
383.125	0.0518
383.25	0.0518
383.375	0.0518
383.5	0.0518
383.625	0.0511
383.75	0.0518
383.875	0.0518
384.0	0.0518
384.125	0.0518
384.25	0.0518
384.375	0.0518
384.5	0.0518
384.625	0.0518
384.75	0.0518
384.875	0.0518
385.0	0.0511
385.125	0.0518
385.25	0.0511
385.375	0.0511
385.5	0.0518
385.625	0.0511
385.75	0.0511
385.875	0.0503
386.0	0.0503
386.125	0.0487
386.25	0.0518
386.375	0.0518
386.5	0.0518
386.625	0.0511
386.75	0.0518
386.875	0.0518
387.0	0.0518
387.125	0.0518
387.25	0.0518
387.375	0.0518
387.5	0.0503
387.625	0.0503
387.75	0.0511
387.875	0.0518
388.0	0.0511
388.125	0.0503
388.25	0.0518
388.375	0.0518
388.5	0.0503
388.625	0.0511
388.75	0.0511
388.875	0.0511
389.0	0.0518
389.125	0.0511
389.25	0.0503
389.375	0.0518
389.5	0.0495
389.625	0.0518
389.75	0.0511
389.875	0.0518
390.0	0.0518
390.125	0.0518
390.25	0.0503
390.375	0.0511
390.5	0.0518
390.625	0.0518
390.75	0.0518
390.875	0.0518
391.0	0.0518
391.125	0.0511
391.25	0.0518
391.375	0.0511
391.5	0.0511
391.625	0.0518
391.75	0.0511
391.875	0.0511
392.0	0.0518
392.125	0.0511
392.25	0.0534
392.375	0.0518
392.5	0.0511
392.625	0.0518
392.75	0.0503
392.875	0.0511
393.0	0.0518
393.125	0.0518
393.25	0.0518
393.375	0.0518
393.5	0.0511
393.625	0.0518
393.75	0.0511
393.875	0.0511
394.0	0.0518
394.125	0.0518
394.25	0.0518
394.375	0.0518
394.5	0.0495
394.625	0.0511
394.75	0.0495
394.875	0.0518
395.0	0.0518
395.125	0.0511
395.25	0.0526
395.375	0.0518
395.5	0.0518
395.625	0.0518
395.75	0.0518
395.875	0.0518
396.0	0.0518
396.125	0.0503
396.25	0.0511
396.375	0.0511
396.5	0.0518
396.625	0.0518
396.75	0.0511
396.875	0.0495
397.0	0.0526
397.125	0.0518
397.25	0.0511
397.375	0.0518
397.5	0.0518
397.625	0.0518
397.75	0.0518
397.875	0.0518
398.0	0.0518
398.125	0.0518
398.25	0.0518
398.375	0.0518
398.5	0.0518
398.625	0.0518
398.75	0.0511
398.875	0.0518
399.0	0.0518
399.125	0.0518
399.25	0.0511
399.375	0.0518
399.5	0.0511
399.625	0.0518
399.75	0.0518
399.875	0.0511
400.0	0.0518
400.125	0.0518
400.25	0.0518
400.375	0.0511
400.5	0.0518
400.625	0.0511
400.75	0.0511
400.875	0.0518
401.0	0.0518
401.125	0.0518
401.25	0.0503
401.375	0.0518
401.5	0.0526
401.625	0.0518
401.75	0.0518
401.875	0.0518
402.0	0.0518
402.125	0.0518
402.25	0.0518
402.375	0.0518
402.5	0.0518
402.625	0.0518
402.75	0.0526
402.875	0.0511
403.0	0.0511
403.125	0.0518
403.25	0.0511
403.375	0.0511
403.5	0.0518
403.625	0.0518
403.75	0.0518
403.875	0.0518
404.0	0.0511
404.125	0.0518
404.25	0.0511
404.375	0.0518
404.5	0.0518
404.625	0.0518
404.75	0.0511
404.875	0.0518
405.0	0.0518
405.125	0.0518
405.25	0.0511
405.375	0.0518
405.5	0.0518
405.625	0.0518
405.75	0.0526
405.875	0.0518
406.0	0.0518
406.125	0.0518
406.25	0.0518
406.375	0.0518
406.5	0.0518
406.625	0.0518
406.75	0.0518
406.875	0.0526
407.0	0.0518
407.125	0.0503
407.25	0.0511
407.375	0.0518
407.5	0.0518
407.625	0.0518
407.75	0.0518
407.875	0.0518
408.0	0.0518
408.125	0.0518
408.25	0.0518
408.375	0.0518
408.5	0.0518
408.625	0.0511
408.75	0.0518
408.875	0.0518
409.0	0.0518
409.125	0.0518
409.25	0.0526
409.375	0.0518
409.5	0.0518
409.625	0.0518
409.75	0.0518
409.875	0.0518
410.0	0.0518
410.125	0.0518
410.25	0.0518
410.375	0.0518
410.5	0.0518
410.625	0.0518
410.75	0.0526
410.875	0.0518
411.0	0.0518
411.125	0.0518
411.25	0.0518
411.375	0.0518
411.5	0.0518
411.625	0.0518
411.75	0.0518
411.875	0.0518
412.0	0.0518
412.125	0.0518
412.25	0.0518
412.375	0.0511
412.5	0.0518
412.625	0.0518
412.75	0.0511
412.875	0.0518
413.0	0.0518
413.125	0.0518
413.25	0.0534
413.375	0.0518
413.5	0.0518
413.625	0.0518
413.75	0.0518
413.875	0.0503
414.0	0.0518
414.125	0.0518
414.25	0.0518
414.375	0.0518
414.5	0.0518
414.625	0.0518
414.75	0.0518
414.875	0.0518
415.0	0.0518
415.125	0.0518
415.25	0.0518
415.375	0.0518
415.5	0.0526
415.625	0.0518
415.75	0.0518
415.875	0.0526
416.0	0.0518
416.125	0.0518
416.25	0.0518
416.375	0.0518
416.5	0.0526
416.625	0.0518
416.75	0.0518
416.875	0.0518
417.0	0.0518
417.125	0.0518
417.25	0.0526
417.375	0.0526
417.5	0.0518
417.625	0.0518
417.75	0.0518
417.875	0.0518
418.0	0.0518
418.125	0.0526
418.25	0.0526
418.375	0.0518
418.5	0.0518
418.625	0.0518
418.75	0.0518
418.875	0.0518
419.0	0.0526
419.125	0.0518
419.25	0.0518
419.375	0.0518
419.5	0.0518
419.625	0.0518
419.75	0.0534
419.875	0.0526
420.0	0.0534
420.125	0.0534
420.25	0.055
420.375	0.0526
420.5	0.0534
420.625	0.0518
420.75	0.0526
420.875	0.0526
421.0	0.055
421.125	0.0542
421.25	0.0542
421.375	0.0542
421.5	0.0542
421.625	0.0558
421.75	0.0566
421.875	0.0542
422.0	0.055
422.125	0.0566
422.25	0.0558
422.375	0.0566
422.5	0.0566
422.625	0.0566
422.75	0.0566
422.875	0.0566
423.0	0.0566
423.125	0.0566
423.25	0.0566
423.375	0.0566
423.5	0.0566
423.625	0.0566
423.75	0.0573
423.875	0.0573
424.0	0.0589
424.125	0.0566
424.25	0.0573
424.375	0.0581
424.5	0.0581
424.625	0.0573
424.75	0.0605
424.875	0.0581
425.0	0.0605
425.125	0.0613
425.25	0.0613
425.375	0.0597
425.5	0.0613
425.625	0.0613
425.75	0.0613
425.875	0.0613
426.0	0.0621
426.125	0.0621
426.25	0.0644
426.375	0.0644
426.5	0.0636
426.625	0.0652
426.75	0.0644
426.875	0.066
427.0	0.066
427.125	0.066
427.25	0.0652
427.375	0.066
427.5	0.066
427.625	0.0668
427.75	0.0668
427.875	0.066
428.0	0.0707
428.125	0.0691
428.25	0.0707
428.375	0.0676
428.5	0.0707
428.625	0.0707
428.75	0.0715
428.875	0.0707
429.0	0.0707
429.125	0.0707
429.25	0.0746
429.375	0.0738
429.5	0.0731
429.625	0.0754
429.75	0.0754
429.875	0.0754
430.0	0.0754
430.125	0.0754
430.25	0.0762
430.375	0.0778
430.5	0.077
430.625	0.0794
430.75	0.0801
430.875	0.0778
431.0	0.0786
431.125	0.0801
431.25	0.0801
431.375	0.0809
431.5	0.0817
431.625	0.0817
431.75	0.0817
431.875	0.0825
432.0	0.0849
432.125	0.0841
432.25	0.0849
432.375	0.0841
432.5	0.0849
432.625	0.0849
432.75	0.0849
432.875	0.0849
433.0	0.0849
433.125	0.0864
433.25	0.0856
433.375	0.0872
433.5	0.0864
433.625	0.0872
433.75	0.0872
433.875	0.0888
434.0	0.0888
434.125	0.0896
434.25	0.0896
434.375	0.0896
434.5	0.0896
434.625	0.0896
434.75	0.0896
434.875	0.0896
435.0	0.088
435.125	0.0896
435.25	0.0896
435.375	0.0896
435.5	0.0896
435.625	0.0896
435.75	0.0896
435.875	0.0896
436.0	0.0896
436.125	0.0896
436.25	0.0896
436.375	0.0896
436.5	0.0888
436.625	0.0911
436.75	0.0896
436.875	0.0896
437.0	0.0896
437.125	0.0896
437.25	0.0896
437.375	0.0896
437.5	0.088
437.625	0.0896
437.75	0.0888
437.875	0.0888
438.0	0.0888
438.125	0.0896
438.25	0.088
438.375	0.0864
438.5	0.0864
438.625	0.0856
438.75	0.088
438.875	0.0864
439.0	0.0864
439.125	0.0856
439.25	0.0849
439.375	0.0849
439.5	0.0864
439.625	0.0864
439.75	0.0849
439.875	0.0849
440.0	0.0841
440.125	0.0849
440.25	0.0849
440.375	0.0849
440.5	0.0849
440.625	0.0817
440.75	0.0801
440.875	0.0817
441.0	0.0801
441.125	0.0801
441.25	0.0801
441.375	0.0801
441.5	0.0801
441.625	0.0786
441.75	0.0762
441.875	0.0794
442.0	0.0778
442.125	0.0762
442.25	0.0762
442.375	0.0762
442.5	0.0778
442.625	0.0754
442.75	0.0754
442.875	0.0754
443.0	0.0754
443.125	0.0754
443.25	0.0754
443.375	0.0754
443.5	0.0738
443.625	0.0738
443.75	0.0738
443.875	0.0754
444.0	0.0715
444.125	0.0731
444.25	0.0715
444.375	0.0707
444.5	0.0707
444.625	0.0707
444.75	0.0707
444.875	0.0707
445.0	0.0707
445.125	0.0707
445.25	0.0707
445.375	0.0676
445.5	0.0699
445.625	0.0668
445.75	0.0668
445.875	0.0668
446.0	0.066
446.125	0.066
446.25	0.0668
446.375	0.066
446.5	0.066
446.625	0.066
446.75	0.066
446.875	0.066
447.0	0.066
447.125	0.066
447.25	0.066
447.375	0.066
447.5	0.066
447.625	0.066
447.75	0.066
447.875	0.066
448.0	0.066
448.125	0.0636
448.25	0.0628
448.375	0.0652
448.5	0.0644
448.625	0.0636
448.75	0.0636
448.875	0.0613
449.0	0.0613
449.125	0.0613
449.25	0.0613
449.375	0.0613
449.5	0.0613
449.625	0.0613
449.75	0.0613
449.875	0.0613
450.0	0.0613
450.125	0.0621
450.25	0.0613
450.375	0.0613
450.5	0.0613
450.625	0.0613
450.75	0.0605
450.875	0.0605
451.0	0.0597
451.125	0.0605
451.25	0.0597
451.375	0.0613
451.5	0.0589
451.625	0.0597
451.75	0.0566
451.875	0.0589
452.0	0.0613
452.125	0.0581
452.25	0.0589
452.375	0.0581
452.5	0.0589
452.625	0.0581
452.75	0.0597
452.875	0.0581
453.0	0.0573
453.125	0.0589
453.25	0.0573
453.375	0.0573
453.5	0.0581
453.625	0.0605
453.75	0.0573
453.875	0.0589
454.0	0.0573
454.125	0.0566
454.25	0.0566
454.375	0.0573
454.5	0.0589
454.625	0.0566
454.75	0.0566
454.875	0.0573
455.0	0.0566
455.125	0.0566
455.25	0.0573
455.375	0.0566
455.5	0.0566
455.625	0.0558
455.75	0.0566
455.875	0.0566
456.0	0.055
456.125	0.0566
456.25	0.0566
456.375	0.0566
456.5	0.055
456.625	0.0566
456.75	0.055
456.875	0.0566
457.0	0.0558
457.125	0.0566
457.25	0.0566
457.375	0.0566
457.5	0.0573
457.625	0.0566
457.75	0.0566
457.875	0.0566
458.0	0.0566
458.125	0.0566
458.25	0.0566
458.375	0.0566
458.5	0.0558
458.625	0.0566
458.75	0.0566
458.875	0.0566
459.0	0.0558
459.125	0.0566
459.25	0.0558
459.375	0.0542
459.5	0.0558
459.625	0.0542
459.75	0.055
459.875	0.0558
460.0	0.0566
460.125	0.0566
460.25	0.0566
460.375	0.0526
460.5	0.055
460.625	0.0558
460.75	0.0542
460.875	0.0566
461.0	0.0542
461.125	0.0558
461.25	0.055
461.375	0.0558
461.5	0.0566
461.625	0.0566
461.75	0.055
461.875	0.0558
462.0	0.0558
462.125	0.0566
462.25	0.0566
462.375	0.055
462.5	0.0558
462.625	0.0558
462.75	0.055
462.875	0.0558
463.0	0.055
463.125	0.0558
463.25	0.055
463.375	0.0558
463.5	0.0542
463.625	0.0566
463.75	0.0526
463.875	0.055
464.0	0.0542
464.125	0.0566
464.25	0.0566
464.375	0.0566
464.5	0.0558
464.625	0.0542
464.75	0.0558
464.875	0.0558
465.0	0.055
465.125	0.055
465.25	0.0566
465.375	0.055
465.5	0.0566
465.625	0.055
465.75	0.0558
465.875	0.0542
466.0	0.0534
466.125	0.0558
466.25	0.0558
466.375	0.055
466.5	0.055
466.625	0.0566
466.75	0.055
466.875	0.055
467.0	0.0542
467.125	0.0542
467.25	0.055
467.375	0.0566
467.5	0.0542
467.625	0.0558
467.75	0.0542
467.875	0.0566
468.0	0.0566
468.125	0.055
468.25	0.0534
468.375	0.055
468.5	0.0558
468.625	0.0566
468.75	0.0566
468.875	0.055
469.0	0.0566
469.125	0.055
469.25	0.0534
469.375	0.055
469.5	0.0558
469.625	0.0566
469.75	0.0566
469.875	0.055
470.0	0.0566
470.125	0.0558
470.25	0.055
470.375	0.055
470.5	0.055
470.625	0.055
470.75	0.055
470.875	0.055
471.0	0.055
471.125	0.0558
471.25	0.0566
471.375	0.0566
471.5	0.0542
471.625	0.0558
471.75	0.0558
471.875	0.0558
472.0	0.055
472.125	0.0566
472.25	0.055
472.375	0.0566
472.5	0.0566
472.625	0.0566
472.75	0.0566
472.875	0.0566
473.0	0.0558
473.125	0.0558
473.25	0.0566
473.375	0.0558
473.5	0.0558
473.625	0.0558
473.75	0.0566
473.875	0.0566
474.0	0.0558
474.125	0.0566
474.25	0.0566
474.375	0.0566
474.5	0.0566
474.625	0.055
474.75	0.0558
474.875	0.055
475.0	0.0566
475.125	0.0566
475.25	0.0566
475.375	0.0566
475.5	0.0566
475.625	0.0566
475.75	0.0566
475.875	0.0566
476.0	0.0566
476.125	0.0566
476.25	0.0566
476.375	0.0566
476.5	0.0566
476.625	0.0566
476.75	0.0558
476.875	0.0558
477.0	0.0566
477.125	0.0566
477.25	0.0566
477.375	0.0566
477.5	0.0566
477.625	0.055
477.75	0.0566
477.875	0.0566
478.0	0.0566
478.125	0.0573
478.25	0.0566
478.375	0.0566
478.5	0.0566
478.625	0.0566
478.75	0.0566
478.875	0.0566
479.0	0.0573
479.125	0.0566
479.25	0.0566
479.375	0.0566
479.5	0.0566
479.625	0.0581
479.75	0.0589
479.875	0.0566
480.0	0.0566
480.125	0.0573
480.25	0.0581
480.375	0.0581
480.5	0.0573
480.625	0.0605
480.75	0.0581
480.875	0.0605
481.0	0.0589
481.125	0.0581
481.25	0.0589
481.375	0.0581
481.5	0.0597
481.625	0.0573
481.75	0.0597
481.875	0.0589
482.0	0.0589
482.125	0.0589
482.25	0.0605
482.375	0.0605
482.5	0.0613
482.625	0.0613
482.75	0.0613
482.875	0.0613
483.0	0.0613
483.125	0.0597
483.25	0.0613
483.375	0.0613
483.5	0.0613
483.625	0.0613
483.75	0.0613
483.875	0.0613
484.0	0.0613
484.125	0.0613
484.25	0.0613
484.375	0.0628
484.5	0.0636
484.625	0.0613
484.75	0.0621
484.875	0.0613
485.0	0.0652
485.125	0.0613
485.25	0.0621
485.375	0.0613
485.5	0.0644
485.625	0.0644
485.75	0.0644
485.875	0.0652
486.0	0.0652
486.125	0.0644
486.25	0.066
486.375	0.066
486.5	0.0644
486.625	0.066
486.75	0.0644
486.875	0.066
487.0	0.066
487.125	0.066
487.25	0.066
487.375	0.0676
487.5	0.0676
487.625	0.066
487.75	0.066
487.875	0.0683
488.0	0.066
488.125	0.0683
488.25	0.0676
488.375	0.0691
488.5	0.0691
488.625	0.0691
488.75	0.0699
488.875	0.0707
489.0	0.0707
489.125	0.0707
489.25	0.0707
489.375	0.0707
489.5	0.0707
489.625	0.0707
489.75	0.0707
489.875	0.0715
490.0	0.0707
490.125	0.0715
490.25	0.0723
490.375	0.0738
490.5	0.0723
490.625	0.0754
490.75	0.0754
490.875	0.0754
491.0	0.0754
491.125	0.0754
491.25	0.0754
491.375	0.0754
491.5	0.0754
491.625	0.0754
491.75	0.0754
491.875	0.0754
492.0	0.0754
492.125	0.0754
492.25	0.0762
492.375	0.0778
492.5	0.0786
492.625	0.0794
492.75	0.0778
492.875	0.0801
493.0	0.0786
493.125	0.0801
493.25	0.0786
493.375	0.0801
493.5	0.0801
493.625	0.0825
493.75	0.0833
493.875	0.0825
494.0	0.0833
494.125	0.0849
494.25	0.0833
494.375	0.0849
494.5	0.0849
494.625	0.0849
494.75	0.0849
494.875	0.0849
495.0	0.0849
495.125	0.0849
495.25	0.0856
495.375	0.0849
495.5	0.0872
495.625	0.088
495.75	0.0888
495.875	0.0896
496.0	0.0896
496.125	0.0896
496.25	0.0911
496.375	0.0896
496.5	0.0896
496.625	0.0911
496.75	0.0911
496.875	0.0919
497.0	0.0919
497.125	0.0927
497.25	0.0943
497.375	0.0935
497.5	0.0943
497.625	0.0943
497.75	0.0943
497.875	0.0919
498.0	0.0943
498.125	0.0943
498.25	0.0951
498.375	0.0951
498.5	0.0959
498.625	0.0959
498.75	0.0951
498.875	0.0982
499.0	0.099
499.125	0.099
499.25	0.0974
499.375	0.099
499.5	0.099
499.625	0.099
499.75	0.0982
499.875	0.1014
500.0	0.099
500.125	0.1014
500.25	0.1006
500.375	0.1014
500.5	0.1037
500.625	0.1037
500.75	0.1037
500.875	0.1037
501.0	0.1022
501.125	0.1037
501.25	0.1029
501.375	0.1045
501.5	0.1037
501.625	0.1045
501.75	0.1053
501.875	0.1037
502.0	0.1077
502.125	0.1069
502.25	0.1077
502.375	0.1069
502.5	0.1077
502.625	0.1077
502.75	0.1092
502.875	0.1077
503.0	0.1092
503.125	0.1084
503.25	0.1084
503.375	0.1084
503.5	0.1084
503.625	0.1084
503.75	0.1084
503.875	0.1092
504.0	0.11
504.125	0.1116
504.25	0.11
504.375	0.1116
504.5	0.1124
504.625	0.11
504.75	0.1108
504.875	0.1132
505.0	0.1116
505.125	0.1132
505.25	0.1116
505.375	0.1108
505.5	0.1132
505.625	0.1132
505.75	0.1132
505.875	0.1132
506.0	0.1132
506.125	0.1132
506.25	0.1132
506.375	0.1132
506.5	0.1132
506.625	0.1132
506.75	0.1139
506.875	0.1132
507.0	0.1132
507.125	0.1132
507.25	0.1132
507.375	0.1139
507.5	0.1132
507.625	0.1132
507.75	0.1139
507.875	0.1132
508.0	0.1139
508.125	0.1132
508.25	0.1139
508.375	0.1132
508.5	0.1132
508.625	0.1139
508.75	0.1132
508.875	0.1139
509.0	0.1147
509.125	0.1139
509.25	0.1139
509.375	0.1132
509.5	0.1132
509.625	0.1132
509.75	0.1132
509.875	0.1132
510.0	0.1132
510.125	0.1132
510.25	0.1132
510.375	0.1132
510.5	0.1116
510.625	0.1116
510.75	0.1132
510.875	0.1108
511.0	0.1132
511.125	0.1132
511.25	0.1116
511.375	0.1092
511.5	0.11
511.625	0.11
511.75	0.1084
511.875	0.1116
512.0	0.1084
512.125	0.1084
512.25	0.1092
512.375	0.11
512.5	0.1084
512.625	0.1092
512.75	0.11
512.875	0.1084
513.0	0.1084
513.125	0.1084
513.25	0.1084
513.375	0.1084
513.5	0.1069
513.625	0.1061
513.75	0.1061
513.875	0.1061
514.0	0.1069
514.125	0.1045
514.25	0.1053
514.375	0.1045
514.5	0.1037
514.625	0.1037
514.75	0.1037
514.875	0.1037
515.0	0.1037
515.125	0.1037
515.25	0.1037
515.375	0.1037
515.5	0.1037
515.625	0.1029
515.75	0.1029
515.875	0.1022
516.0	0.1014
516.125	0.0998
516.25	0.1014
516.375	0.0998
516.5	0.099
516.625	0.099
516.75	0.099
516.875	0.0998
517.0	0.099
517.125	0.099
517.25	0.099
517.375	0.099
517.5	0.099
517.625	0.0982
517.75	0.0982
517.875	0.0966
518.0	0.0966
518.125	0.0943
518.25	0.0951
518.375	0.0943
518.5	0.0943
518.625	0.0943
518.75	0.0943
518.875	0.0943
519.0	0.0935
519.125	0.0943
519.25	0.0935
519.375	0.0911
519.5	0.0911
519.625	0.0896
519.75	0.0896
519.875	0.0896
520.0	0.0896
520.125	0.0888
520.25	0.0888
520.375	0.0856
520.5	0.0856
520.625	0.0864
520.75	0.0872
520.875	0.0849
521.0	0.0849
521.125	0.0849
521.25	0.0841
521.375	0.0841
521.5	0.0801
521.625	0.0794
521.75	0.0754
521.875	0.0762
522.0	0.0762
522.125	0.0754
522.25	0.0754
522.375	0.0754
522.5	0.0754
522.625	0.0754
522.75	0.0754
522.875	0.0754
523.0	0.0762
523.125	0.0754
523.25	0.0754
523.375	0.0762
523.5	0.0754
523.625	0.0778
523.75	0.077
523.875	0.0762
524.0	0.0754
524.125	0.0762
524.25	0.077
524.375	0.0778
524.5	0.077
524.625	0.0794
524.75	0.0778
524.875	0.0801
525.0	0.0801
525.125	0.0801
525.25	0.0801
525.375	0.0801
525.5	0.0801
525.625	0.0801
525.75	0.0794
525.875	0.0794
526.0	0.0794
526.125	0.0794
526.25	0.0778
526.375	0.0754
526.5	0.077
526.625	0.077
526.75	0.0778
526.875	0.0794
527.0	0.0754
527.125	0.0754
527.25	0.0754
527.375	0.0754
527.5	0.0754
527.625	0.0754
527.75	0.0746
527.875	0.0754
528.0	0.0754
528.125	0.077
528.25	0.0754
528.375	0.0754
528.5	0.0754
528.625	0.0746
528.75	0.0746
528.875	0.0754
529.0	0.0754
529.125	0.0754
529.25	0.0754
529.375	0.0738
529.5	0.0754
529.625	0.0754
529.75	0.0754
529.875	0.0746
530.0	0.0754
530.125	0.0746
530.25	0.0746
530.375	0.0754
530.5	0.0754
530.625	0.0738
530.75	0.0746
530.875	0.0738
531.0	0.0754
531.125	0.0723
531.25	0.0715
531.375	0.0707
531.5	0.0707
531.625	0.0707
531.75	0.0723
531.875	0.0707
532.0	0.0707
532.125	0.0707
532.25	0.0707
532.375	0.0707
532.5	0.0707
532.625	0.0707
532.75	0.0707
532.875	0.0707
533.0	0.0707
533.125	0.0676
533.25	0.0699
533.375	0.0707
533.5	0.0699
533.625	0.0691
533.75	0.0691
533.875	0.0676
534.0	0.0691
534.125	0.0683
534.25	0.0699
534.375	0.0683
534.5	0.0691
534.625	0.0676
534.75	0.0676
534.875	0.0668
535.0	0.0683
535.125	0.0691
535.25	0.0676
535.375	0.0683
535.5	0.0683
535.625	0.0683
535.75	0.0676
535.875	0.0676
536.0	0.0668
536.125	0.0668
536.25	0.0676
536.375	0.066
536.5	0.066
536.625	0.066
536.75	0.066
536.875	0.066
537.0	0.066
537.125	0.0676
537.25	0.066
537.375	0.066
537.5	0.066
537.625	0.0668
537.75	0.066
537.875	0.066
538.0	0.066
538.125	0.066
538.25	0.0652
538.375	0.066
538.5	0.066
538.625	0.066
538.75	0.066
538.875	0.066
539.0	0.066
539.125	0.0652
539.25	0.0652
539.375	0.0652
539.5	0.0644
539.625	0.066
539.75	0.0628
539.875	0.0644
540.0	0.0644
540.125	0.0644
540.25	0.066
540.375	0.0636
540.5	0.0613
540.625	0.0652
540.75	0.0644
540.875	0.0636
541.0	0.0644
541.125	0.0613
541.25	0.0613
541.375	0.0636
541.5	0.0613
541.625	0.0613
541.75	0.0621
541.875	0.0613
542.0	0.0613
542.125	0.0613
542.25	0.0613
542.375	0.0613
542.5	0.0621
542.625	0.0613
542.75	0.0621
542.875	0.0621
543.0	0.0621
543.125	0.0613
543.25	0.0613
543.375	0.0613
543.5	0.0613
543.625	0.0613
543.75	0.0621
543.875	0.0613
544.0	0.0613
544.125	0.0613
544.25	0.0613
544.375	0.0613
544.5	0.0613
544.625	0.0613
544.75	0.0613
544.875	0.0621
545.0	0.0613
545.125	0.0605
545.25	0.0613
545.375	0.0613
545.5	0.0605
545.625	0.0613
545.75	0.0605
545.875	0.0613
546.0	0.0613
546.125	0.0597
546.25	0.0613
546.375	0.0613
546.5	0.0589
546.625	0.0597
546.75	0.0589
546.875	0.0597
547.0	0.0589
547.125	0.0597
547.25	0.0597
547.375	0.0597
547.5	0.0605
547.625	0.0597
547.75	0.0589
547.875	0.0589
548.0	0.0589
548.125	0.0597
548.25	0.0581
548.375	0.0566
548.5	0.0573
548.625	0.0573
548.75	0.0573
548.875	0.0573
549.0	0.0589
549.125	0.0573
549.25	0.0566
549.375	0.0589
549.5	0.0581
549.625	0.0581
549.75	0.0581
549.875	0.0566
550.0	0.0573
550.125	0.0581
550.25	0.0581
550.375	0.0581
550.5	0.0589
550.625	0.0566
550.75	0.0566
550.875	0.0566
551.0	0.0581
551.125	0.0573
551.25	0.0566
551.375	0.0566
551.5	0.0566
551.625	0.0589
551.75	0.0566
551.875	0.0573
552.0	0.0566
552.125	0.0566
552.25	0.0566
552.375	0.0566
552.5	0.0589
552.625	0.0566
552.75	0.0566
552.875	0.0566
553.0	0.0566
553.125	0.0566
553.25	0.0566
553.375	0.0566
553.5	0.0566
553.625	0.0589
553.75	0.0566
553.875	0.0566
554.0	0.0566
554.125	0.0573
554.25	0.0566
554.375	0.0558
554.5	0.0566
554.625	0.0566
554.75	0.0558
554.875	0.0566
555.0	0.0566
555.125	0.0566
555.25	0.0566
555.375	0.055
555.5	0.0566
555.625	0.0566
555.75	0.0566
555.875	0.0566
556.0	0.0566
556.125	0.0566
556.25	0.055
556.375	0.0558
556.5	0.0566
556.625	0.0566
556.75	0.0566
556.875	0.0558
557.0	0.0566
557.125	0.0558
557.25	0.0558
557.375	0.0558
557.5	0.0558
557.625	0.0566
557.75	0.0566
557.875	0.0566
558.0	0.0566
558.125	0.0566
558.25	0.0558
558.375	0.0566
558.5	0.0558
558.625	0.0566
558.75	0.055
558.875	0.055
559.0	0.0566
559.125	0.0542
559.25	0.0558
559.375	0.0558
559.5	0.055
559.625	0.055
559.75	0.055
559.875	0.055
560.0	0.0566
560.125	0.055
560.25	0.0534
560.375	0.0542
560.5	0.0558
560.625	0.0534
560.75	0.055
560.875	0.0542
561.0	0.055
561.125	0.0534
561.25	0.0542
561.375	0.0558
561.5	0.0558
561.625	0.0558
561.75	0.055
561.875	0.055
562.0	0.055
562.125	0.055
562.25	0.055
562.375	0.0542
562.5	0.0558
562.625	0.0542
562.75	0.0526
562.875	0.0542
563.0	0.0542
563.125	0.0566
563.25	0.0534
563.375	0.0534
563.5	0.0558
563.625	0.055
563.75	0.0518
563.875	0.0518
564.0	0.0534
564.125	0.0534
564.25	0.0542
564.375	0.0534
564.5	0.055
564.625	0.055
564.75	0.055
564.875	0.055
565.0	0.0566
565.125	0.0542
565.25	0.0542
565.375	0.0542
565.5	0.0534
565.625	0.0566
565.75	0.055
565.875	0.0558
566.0	0.0542
566.125	0.0558
566.25	0.055
566.375	0.0542
566.5	0.0558
566.625	0.0558
566.75	0.0542
566.875	0.0534
567.0	0.0542
567.125	0.0526
567.25	0.0526
567.375	0.055
567.5	0.0542
567.625	0.0534
567.75	0.0566
567.875	0.0542
568.0	0.055
568.125	0.0566
568.25	0.055
568.375	0.0542
568.5	0.0558
568.625	0.0542
568.75	0.0566
568.875	0.0558
569.0	0.055
569.125	0.0566
569.25	0.0566
569.375	0.0558
569.5	0.0542
569.625	0.0542
569.75	0.0558
569.875	0.0558
570.0	0.0566
570.125	0.0558
570.25	0.0558
570.375	0.055
570.5	0.0566
570.625	0.0526
570.75	0.0558
570.875	0.055
571.0	0.0558
571.125	0.0566
571.25	0.055
571.375	0.0566
571.5	0.0542
571.625	0.0542
571.75	0.0566
571.875	0.0566
572.0	0.0558
572.125	0.0542
572.25	0.0558
572.375	0.0566
572.5	0.0566
572.625	0.0566
572.75	0.0566
572.875	0.0566
573.0	0.0566
573.125	0.0566
573.25	0.0566
573.375	0.0558
573.5	0.0566
573.625	0.0558
573.75	0.0558
573.875	0.0566
574.0	0.0566
574.125	0.0566
574.25	0.0566
574.375	0.0558
574.5	0.0566
574.625	0.0566
574.75	0.0566
574.875	0.0566
575.0	0.0566
575.125	0.0573
575.25	0.0558
575.375	0.0573
575.5	0.0566
575.625	0.0566
575.75	0.0566
575.875	0.0573
576.0	0.0573
576.125	0.0566
576.25	0.0566
576.375	0.0566
576.5	0.0573
576.625	0.0566
576.75	0.0581
576.875	0.0573
577.0	0.0589
577.125	0.0566
577.25	0.0613
577.375	0.0581
577.5	0.0589
577.625	0.0581
577.75	0.0613
577.875	0.0605
578.0	0.0597
578.125	0.0605
578.25	0.0597
578.375	0.0613
578.5	0.0605
578.625	0.0597
578.75	0.0613
578.875	0.0613
579.0	0.0605
579.125	0.0605
579.25	0.0613
579.375	0.0613
579.5	0.0613
579.625	0.0613
579.75	0.0621
579.875	0.0613
580.0	0.0621
580.125	0.0636
580.25	0.0621
580.375	0.0628
580.5	0.0628
580.625	0.0652
580.75	0.0636
580.875	0.0644
581.0	0.066
581.125	0.066
581.25	0.066
581.375	0.0644
581.5	0.066
581.625	0.066
581.75	0.066
581.875	0.066
582.0	0.066
582.125	0.066
582.25	0.0668
582.375	0.0668
582.5	0.0676
582.625	0.0676
582.75	0.0668
582.875	0.0683
583.0	0.0699
583.125	0.0707
583.25	0.0707
583.375	0.0707
583.5	0.0707
583.625	0.0707
583.75	0.0707
583.875	0.0707
584.0	0.0707
584.125	0.0715
584.25	0.0723
584.375	0.0723
584.5	0.0746
584.625	0.0754
584.75	0.0746
584.875	0.0754
585.0	0.0738
585.125	0.0754
585.25	0.0754
585.375	0.0762
585.5	0.0762
585.625	0.077
585.75	0.077
585.875	0.0794
586.0	0.0754
586.125	0.0786
586.25	0.0794
586.375	0.0801
586.5	0.0794
586.625	0.0801
586.75	0.0801
586.875	0.0801
587.0	0.0817
587.125	0.0833
587.25	0.0833
587.375	0.0833
587.5	0.0849
587.625	0.0849
587.75	0.0849
587.875	0.0849
588.0	0.0817
588.125	0.0801
588.25	0.0801
588.375	0.0809
588.5	0.0794
588.625	0.0794
588.75	0.0801
588.875	0.0786
589.0	0.0778
589.125	0.0762
589.25	0.077
589.375	0.077
589.5	0.0762
589.625	0.0786
589.75	0.0801
589.875	0.0801
590.0	0.0849
590.125	0.0849
590.25	0.0888
590.375	0.0896
590.5	0.0911
590.625	0.0935
590.75	0.0943
590.875	0.0943
591.0	0.099
591.125	0.099
591.25	0.099
591.375	0.1022
591.5	0.1029
591.625	0.1037
591.75	0.1029
591.875	0.1014
592.0	0.1037
592.125	0.1037
592.25	0.1037
592.375	0.1029
592.5	0.1045
592.625	0.1037
592.75	0.1061
592.875	0.1037
593.0	0.1053
593.125	0.1045
593.25	0.1069
593.375	0.1069
593.5	0.1061
593.625	0.1084
593.75	0.1084
593.875	0.1084
594.0	0.1084
594.125	0.1084
594.25	0.1092
594.375	0.11
594.5	0.1116
594.625	0.1116
594.75	0.1132
594.875	0.1132
595.0	0.1132
595.125	0.1132
595.25	0.1132
595.375	0.1132
595.5	0.1147
595.625	0.1132
595.75	0.1155
595.875	0.1147
596.0	0.1132
596.125	0.1155
596.25	0.1155
596.375	0.1171
596.5	0.1179
596.625	0.1163
596.75	0.1179
596.875	0.1179
597.0	0.1179
597.125	0.1179
597.25	0.1179
597.375	0.1179
597.5	0.1179
597.625	0.1179
597.75	0.1171
597.875	0.1179
598.0	0.1202
598.125	0.1179
598.25	0.1179
598.375	0.1179
598.5	0.1187
598.625	0.1194
598.75	0.1179
598.875	0.1179
599.0	0.1179
599.125	0.1187
599.25	0.1194
599.375	0.1194
599.5	0.1194
599.625	0.1187
599.75	0.1202
599.875	0.1179
600.0	0.1187
600.125	0.1187
600.25	0.1179
600.375	0.1187
600.5	0.1187
600.625	0.1187
600.75	0.1179
600.875	0.1202
601.0	0.1187
601.125	0.1179
601.25	0.1187
601.375	0.1179
601.5	0.1179
601.625	0.1187
601.75	0.1179
601.875	0.1179
602.0	0.1179
602.125	0.1179
602.25	0.1179
602.375	0.1179
602.5	0.1179
602.625	0.1179
602.75	0.1179
602.875	0.1179
603.0	0.1179
603.125	0.1179
603.25	0.1179
603.375	0.1179
603.5	0.1171
603.625	0.1179
603.75	0.1171
603.875	0.1171
604.0	0.1147
604.125	0.1139
604.25	0.1163
604.375	0.1132
604.5	0.1139
604.625	0.1132
604.75	0.1132
604.875	0.1139
605.0	0.1132
605.125	0.1132
605.25	0.1132
605.375	0.1147
605.5	0.1132
605.625	0.1132
605.75	0.1124
605.875	0.1116
606.0	0.1116
606.125	0.1116
606.25	0.11
606.375	0.1124
606.5	0.1084
606.625	0.1084
606.75	0.1092
606.875	0.1092
607.0	0.1084
607.125	0.1084
607.25	0.1077
607.375	0.1084
607.5	0.1061
607.625	0.1077
607.75	0.1069
607.875	0.1061
608.0	0.1053
608.125	0.1037
608.25	0.1045
608.375	0.1061
608.5	0.1037
608.625	0.1037
608.75	0.1037
608.875	0.1037
609.0	0.1029
609.125	0.1037
609.25	0.1037
609.375	0.1029
609.5	0.1022
609.625	0.0998
609.75	0.0998
609.875	0.0998
610.0	0.099
610.125	0.099
610.25	0.099
610.375	0.099
610.5	0.0998
610.625	0.0998
610.75	0.0998
610.875	0.099
611.0	0.0982
611.125	0.099
611.25	0.0974
611.375	0.0959
611.5	0.0943
611.625	0.0943
611.75	0.0943
611.875	0.0943
612.0	0.0943
612.125	0.0943
612.25	0.0919
612.375	0.0935
612.5	0.0911
612.625	0.0927
612.75	0.0911
612.875	0.0911
613.0	0.0896
613.125	0.0904
613.25	0.0896
613.375	0.0896
613.5	0.0896
613.625	0.088
613.75	0.088
613.875	0.0896
614.0	0.0888
614.125	0.0872
614.25	0.0864
614.375	0.0856
614.5	0.0849
614.625	0.0849
614.75	0.0856
614.875	0.0849
615.0	0.0849
615.125	0.0849
615.25	0.0849
615.375	0.0833
615.5	0.0809
615.625	0.0801
615.75	0.077
615.875	0.077
616.0	0.0754
616.125	0.0731
616.25	0.0707
616.375	0.0707
616.5	0.0707
616.625	0.0707
616.75	0.0707
616.875	0.0715
617.0	0.0731
617.125	0.0738
617.25	0.0754
617.375	0.0754
617.5	0.0746
617.625	0.0746
617.75	0.0738
617.875	0.0746
618.0	0.0746
618.125	0.0746
618.25	0.0746
618.375	0.0754
618.5	0.0754
618.625	0.0754
618.75	0.0754
618.875	0.0754
619.0	0.0754
619.125	0.0746
619.25	0.0754
619.375	0.0746
619.5	0.0754
619.625	0.0754
619.75	0.0754
619.875	0.0738
620.0	0.0754
620.125	0.0731
620.25	0.0738
620.375	0.0723
620.5	0.0723
620.625	0.0754
620.75	0.0754
620.875	0.0731
621.0	0.0715
621.125	0.0707
621.25	0.0707
621.375	0.0715
621.5	0.0707
621.625	0.0707
621.75	0.0699
621.875	0.0707
622.0	0.0691
622.125	0.0707
622.25	0.0699
622.375	0.0707
622.5	0.0699
622.625	0.0699
622.75	0.0683
622.875	0.0707
623.0	0.0691
623.125	0.0707
623.25	0.0676
623.375	0.0676
623.5	0.0683
623.625	0.0676
623.75	0.0683
623.875	0.0676
624.0	0.0699
624.125	0.0676
624.25	0.066
624.375	0.066
624.5	0.066
624.625	0.0668
624.75	0.0668
624.875	0.066
625.0	0.066
625.125	0.0668
625.25	0.066
625.375	0.066
625.5	0.0668
625.625	0.066
625.75	0.066
625.875	0.0676
626.0	0.066
626.125	0.066
626.25	0.066
626.375	0.066
626.5	0.066
626.625	0.0652
626.75	0.066
626.875	0.066
627.0	0.066
627.125	0.0652
627.25	0.066
627.375	0.066
627.5	0.0628
627.625	0.0636
627.75	0.0628
627.875	0.0636
628.0	0.0628
628.125	0.0636
628.25	0.0621
628.375	0.0613
628.5	0.0636
628.625	0.0628
628.75	0.0628
628.875	0.0636
629.0	0.0613
629.125	0.0636
629.25	0.0621
629.375	0.0621
629.5	0.0621
629.625	0.0613
629.75	0.0621
629.875	0.0613
630.0	0.0613
630.125	0.0613
630.25	0.0613
630.375	0.0613
630.5	0.0613
630.625	0.0613
630.75	0.0613
630.875	0.0605
631.0	0.0613
631.125	0.0605
631.25	0.0613
631.375	0.0613
631.5	0.0605
631.625	0.0613
631.75	0.0605
631.875	0.0581
632.0	0.0613
632.125	0.0613
632.25	0.0613
632.375	0.0605
632.5	0.0597
632.625	0.0597
632.75	0.0597
632.875	0.0605
633.0	0.0605
633.125	0.0597
633.25	0.0597
633.375	0.0613
633.5	0.0589
633.625	0.0597
633.75	0.0605
633.875	0.0597
634.0	0.0589
634.125	0.0573
634.25	0.0597
634.375	0.0597
634.5	0.0597
634.625	0.0589
634.75	0.0589
634.875	0.0589
635.0	0.0589
635.125	0.0566
635.25	0.0581
635.375	0.0581
635.5	0.0581
635.625	0.0566
635.75	0.0566
635.875	0.0589
636.0	0.0581
636.125	0.0597
636.25	0.0573
636.375	0.0566
636.5	0.0581
636.625	0.0589
636.75	0.0566
636.875	0.0573
637.0	0.0566
637.125	0.0581
637.25	0.0573
637.375	0.0573
637.5	0.0573
637.625	0.0566
637.75	0.0581
637.875	0.0566
638.0	0.0573
638.125	0.0566
638.25	0.0566
638.375	0.0566
638.5	0.0573
638.625	0.0566
638.75	0.0566
638.875	0.0589
639.0	0.0566
639.125	0.0566
639.25	0.0566
639.375	0.0566
639.5	0.0566
639.625	0.0589
639.75	0.0581
639.875	0.0566
640.0	0.0573
640.125	0.0566
640.25	0.0566
640.375	0.0566
640.5	0.0566
640.625	0.0566
640.75	0.0566
640.875	0.0558
641.0	0.0566
641.125	0.0566
641.25	0.0566
641.375	0.0566
641.5	0.0566
641.625	0.0558
641.75	0.0566
641.875	0.0566
642.0	0.0558
642.125	0.0558
642.25	0.0566
642.375	0.0566
642.5	0.0573
642.625	0.0558
642.75	0.055
642.875	0.0566
643.0	0.0566
643.125	0.0566
643.25	0.0566
643.375	0.055
643.5	0.0566
643.625	0.0566
643.75	0.0566
643.875	0.0558
644.0	0.0566
644.125	0.055
644.25	0.0542
644.375	0.0558
644.5	0.0566
644.625	0.0566
644.75	0.0566
644.875	0.0566
645.0	0.0566
645.125	0.0566
645.25	0.0566
645.375	0.055
645.5	0.0566
645.625	0.0566
645.75	0.0566
645.875	0.0566
646.0	0.0566
646.125	0.055
646.25	0.0558
646.375	0.0566
646.5	0.0558
646.625	0.0558
646.75	0.055
646.875	0.0566
647.0	0.0566
647.125	0.0566
647.25	0.0566
647.375	0.0566
647.5	0.0566
647.625	0.0566
647.75	0.0558
647.875	0.0558
648.0	0.0566
648.125	0.0558
648.25	0.0558
648.375	0.0566
648.5	0.0558
648.625	0.0566
648.75	0.0566
648.875	0.0542
649.0	0.055
649.125	0.0566
649.25	0.0566
649.375	0.0558
649.5	0.0566
649.625	0.0542
649.75	0.0558
649.875	0.055
650.0	0.0558
650.125	0.055
650.25	0.055
650.375	0.0542
650.5	0.055
650.625	0.055
650.75	0.0534
650.875	0.0558
651.0	0.0558
651.125	0.0542
651.25	0.0542
651.375	0.0542
651.5	0.055
651.625	0.0566
651.75	0.0542
651.875	0.0566
652.0	0.0566
652.125	0.055
652.25	0.0534
652.375	0.0542
652.5	0.0558
652.625	0.0542
652.75	0.0558
652.875	0.055
653.0	0.0566
653.125	0.055
653.25	0.0542
653.375	0.0542
653.5	0.0542
653.625	0.0542
653.75	0.0534
653.875	0.0542
654.0	0.0542
654.125	0.055
654.25	0.0526
654.375	0.0534
654.5	0.0558
654.625	0.0534
654.75	0.0526
654.875	0.0558
655.0	0.0558
655.125	0.0542
655.25	0.0526
655.375	0.0534
655.5	0.0534
655.625	0.0542
655.75	0.0518
655.875	0.055
656.0	0.0542
656.125	0.0542
656.25	0.0526
656.375	0.0526
656.5	0.055
656.625	0.0542
656.75	0.055
656.875	0.0542
657.0	0.055
657.125	0.0518
657.25	0.0526
657.375	0.0526
657.5	0.0542
657.625	0.0526
657.75	0.0542
657.875	0.0542
658.0	0.0526
658.125	0.0526
658.25	0.0542
658.375	0.0526
658.5	0.0534
658.625	0.0518
658.75	0.0526
658.875	0.0558
659.0	0.055
659.125	0.0526
659.25	0.0534
659.375	0.0542
659.5	0.0534
659.625	0.0518
659.75	0.0526
659.875	0.0542
660.0	0.0534
660.125	0.0518
660.25	0.0526
660.375	0.0534
660.5	0.0526
660.625	0.0534
660.75	0.0534
660.875	0.0526
661.0	0.0534
661.125	0.0518
661.25	0.0526
661.375	0.0526
661.5	0.0518
661.625	0.0526
661.75	0.0518
661.875	0.0518
662.0	0.0518
662.125	0.0518
662.25	0.0518
662.375	0.0518
662.5	0.0518
662.625	0.0518
662.75	0.0526
662.875	0.0518
663.0	0.0518
663.125	0.0518
663.25	0.0518
663.375	0.0526
663.5	0.0518
663.625	0.0518
663.75	0.0518
663.875	0.0518
664.0	0.0526
664.125	0.0518
664.25	0.0518
664.375	0.0518
664.5	0.0518
664.625	0.0534
664.75	0.0526
664.875	0.0518
665.0	0.0526
665.125	0.0534
665.25	0.0518
665.375	0.0518
665.5	0.0518
665.625	0.0518
665.75	0.0518
665.875	0.0526
666.0	0.0526
666.125	0.0518
666.25	0.0518
666.375	0.0518
666.5	0.0518
666.625	0.0518
666.75	0.0526
666.875	0.0518
667.0	0.0518
667.125	0.0526
667.25	0.0518
667.375	0.0526
667.5	0.0518
667.625	0.0518
667.75	0.0518
667.875	0.0518
668.0	0.0518
668.125	0.0518
668.25	0.0518
668.375	0.0518
668.5	0.0518
668.625	0.0518
668.75	0.0518
668.875	0.0518
669.0	0.0518
669.125	0.0511
669.25	0.0518
669.375	0.0518
669.5	0.0518
669.625	0.0518
669.75	0.0518
669.875	0.0518
670.0	0.0518
670.125	0.0518
670.25	0.0518
670.375	0.0526
670.5	0.0511
670.625	0.0526
670.75	0.0534
670.875	0.0518
671.0	0.0518
671.125	0.0518
671.25	0.0518
671.375	0.0518
671.5	0.0518
671.625	0.0503
671.75	0.0518
671.875	0.0518
672.0	0.0518
672.125	0.0518
672.25	0.0518
672.375	0.0518
672.5	0.0518
672.625	0.0511
672.75	0.0518
672.875	0.0518
673.0	0.0518
673.125	0.0511
673.25	0.0518
673.375	0.0518
673.5	0.0511
673.625	0.0518
673.75	0.0518
673.875	0.0518
674.0	0.0518
674.125	0.0518
674.25	0.0518
674.375	0.0518
674.5	0.0518
674.625	0.0518
674.75	0.0518
674.875	0.0511
675.0	0.0518
675.125	0.0518
675.25	0.0518
675.375	0.0511
675.5	0.0518
675.625	0.0518
675.75	0.0518
675.875	0.0518
676.0	0.0518
676.125	0.0518
676.25	0.0526
676.375	0.0518
676.5	0.0518
676.625	0.0518
676.75	0.0518
676.875	0.0518
677.0	0.0518
677.125	0.0518
677.25	0.0518
677.375	0.0518
677.5	0.0518
677.625	0.0518
677.75	0.0518
677.875	0.0518
678.0	0.0518
678.125	0.0518
678.25	0.0518
678.375	0.0518
678.5	0.0518
678.625	0.0511
678.75	0.0511
678.875	0.0518
679.0	0.0518
679.125	0.0511
679.25	0.0503
679.375	0.0511
679.5	0.0511
679.625	0.0518
679.75	0.0518
679.875	0.0526
680.0	0.0518
680.125	0.0518
680.25	0.0518
680.375	0.0518
680.5	0.0511
680.625	0.0518
680.75	0.0518
680.875	0.0518
681.0	0.0511
681.125	0.0518
681.25	0.0518
681.375	0.0511
681.5	0.0503
681.625	0.0503
681.75	0.0518
681.875	0.0518
682.0	0.0518
682.125	0.0518
682.25	0.0503
682.375	0.0518
682.5	0.0518
682.625	0.0518
682.75	0.0518
682.875	0.0518
683.0	0.0518
683.125	0.0518
683.25	0.0511
683.375	0.0518
683.5	0.0511
683.625	0.0518
683.75	0.0518
683.875	0.0518
684.0	0.0511
684.125	0.0518
684.25	0.0518
684.375	0.0518
684.5	0.0518
684.625	0.0518
684.75	0.0518
684.875	0.0511
685.0	0.0518
685.125	0.0518
685.25	0.0518
685.375	0.0518
685.5	0.0518
685.625	0.0518
685.75	0.0518
685.875	0.0511
686.0	0.0518
686.125	0.0518
686.25	0.0518
686.375	0.0518
686.5	0.0518
686.625	0.0518
686.75	0.0518
686.875	0.0518
687.0	0.0518
687.125	0.0518
687.25	0.0503
687.375	0.0518
687.5	0.0518
687.625	0.0511
687.75	0.0518
687.875	0.0518
688.0	0.0518
688.125	0.0511
688.25	0.0518
688.375	0.0518
688.5	0.0511
688.625	0.0518
688.75	0.0518
688.875	0.0511
689.0	0.0518
689.125	0.0503
689.25	0.0518
689.375	0.0518
689.5	0.0518
689.625	0.0518
689.75	0.0518
689.875	0.0518
690.0	0.0518
690.125	0.0503
690.25	0.0503
690.375	0.0518
690.5	0.0518
690.625	0.0503
690.75	0.0518
690.875	0.0511
691.0	0.0511
691.125	0.0526
691.25	0.0526
691.375	0.0518
691.5	0.0511
691.625	0.0518
691.75	0.0518
691.875	0.0503
692.0	0.0503
692.125	0.0511
692.25	0.0518
692.375	0.0503
692.5	0.0511
692.625	0.0503
692.75	0.0511
692.875	0.0518
693.0	0.0518
693.125	0.0518
693.25	0.0511
693.375	0.0518
693.5	0.0518
693.625	0.0511
693.75	0.0518
693.875	0.0518
694.0	0.0511
694.125	0.0511
694.25	0.0518
694.375	0.0511
694.5	0.0503
694.625	0.0518
694.75	0.0503
694.875	0.0518
695.0	0.0518
695.125	0.0518
695.25	0.0511
695.375	0.0518
695.5	0.0495
695.625	0.0503
695.75	0.0503
695.875	0.0495
696.0	0.0511
696.125	0.0518
696.25	0.0511
696.375	0.0518
696.5	0.0495
696.625	0.0526
696.75	0.0518
696.875	0.0511
697.0	0.0495
697.125	0.0503
697.25	0.0511
697.375	0.0518
697.5	0.0511
697.625	0.0518
697.75	0.0518
697.875	0.0511
698.0	0.0518
698.125	0.0518
698.25	0.0526
698.375	0.0518
698.5	0.0511
698.625	0.0511
698.75	0.0518
698.875	0.0518
699.0	0.0518
699.125	0.0518
699.25	0.0518
699.375	0.0518
699.5	0.0518
699.625	0.0518
699.75	0.0511
699.875	0.0503
700.0	0.0518
700.125	0.0495
700.25	0.0503
700.375	0.0503
700.5	0.0495
700.625	0.0518
700.75	0.0503
700.875	0.0518
701.0	0.0518
701.125	0.0518
701.25	0.0518
701.375	0.0487
701.5	0.0511
701.625	0.0518
701.75	0.0518
701.875	0.0518
702.0	0.0518
702.125	0.0503
702.25	0.0511
702.375	0.0511
702.5	0.0495
702.625	0.0518
702.75	0.0495
702.875	0.0503
703.0	0.0503
703.125	0.0487
703.25	0.0511
703.375	0.0518
703.5	0.0495
703.625	0.0503
703.75	0.0503
703.875	0.0511
704.0	0.0518
704.125	0.0511
704.25	0.0511
704.375	0.0518
704.5	0.0518
704.625	0.0518
704.75	0.0511
704.875	0.0518
705.0	0.0503
705.125	0.0495
705.25	0.0503
705.375	0.0511
705.5	0.0511
705.625	0.0511
705.75	0.0518
705.875	0.0495
706.0	0.0503
706.125	0.0518
706.25	0.0503
706.375	0.0495
706.5	0.0495
706.625	0.0511
706.75	0.0503
706.875	0.0511
707.0	0.0495
707.125	0.0511
707.25	0.0518
707.375	0.0511
707.5	0.0518
707.625	0.0503
707.75	0.0518
707.875	0.0495
708.0	0.0518
708.125	0.0495
708.25	0.0503
708.375	0.0495
708.5	0.0503
708.625	0.0495
708.75	0.0487
708.875	0.0495
709.0	0.0511
709.125	0.0503
709.25	0.0518
709.375	0.0503
709.5	0.0518
709.625	0.0511
709.75	0.0503
709.875	0.0511
710.0	0.0487
710.125	0.0503
710.25	0.0518
710.375	0.0518
710.5	0.0487
710.625	0.0518
710.75	0.0518
710.875	0.0511
711.0	0.0518
711.125	0.0518
711.25	0.0511
711.375	0.0518
711.5	0.0518
711.625	0.0511
711.75	0.0518
711.875	0.0511
712.0	0.0503
712.125	0.0511
712.25	0.0503
712.375	0.0518
712.5	0.0487
712.625	0.0503
712.75	0.0518
712.875	0.0511
713.0	0.0518
713.125	0.0511
713.25	0.0518
713.375	0.0511
713.5	0.0518
713.625	0.0518
713.75	0.0503
713.875	0.0518
714.0	0.0503
714.125	0.0503
714.25	0.0503
714.375	0.0503
714.5	0.0503
714.625	0.0511
714.75	0.0518
714.875	0.0518
715.0	0.0503
715.125	0.0518
715.25	0.0503
715.375	0.0518
715.5	0.0518
715.625	0.0511
715.75	0.0511
715.875	0.0503
716.0	0.0511
716.125	0.0511
716.25	0.0518
716.375	0.0511
716.5	0.0503
716.625	0.0503
716.75	0.0518
716.875	0.0511
717.0	0.0518
717.125	0.0511
717.25	0.0503
717.375	0.0511
717.5	0.0511
717.625	0.0495
717.75	0.0503
717.875	0.0503
718.0	0.0511
718.125	0.0518
718.25	0.0503
718.375	0.0511
718.5	0.0511
718.625	0.0487
718.75	0.0518
718.875	0.0518
719.0	0.0487
719.125	0.0511
719.25	0.0511
719.375	0.0503
719.5	0.0518
719.625	0.0503
719.75	0.0495
719.875	0.0511
720.0	0.0487
720.125	0.0511
720.25	0.0511
720.375	0.0503
720.5	0.0511
720.625	0.0503
720.75	0.0503
720.875	0.0511
721.0	0.0511
721.125	0.0479
721.25	0.0511
721.375	0.0511
721.5	0.0511
721.625	0.0511
721.75	0.0479
721.875	0.0518
722.0	0.0511
722.125	0.0518
722.25	0.0503
722.375	0.0511
722.5	0.0495
722.625	0.0511
722.75	0.0487
722.875	0.0518
723.0	0.0503
723.125	0.0511
723.25	0.0503
723.375	0.0511
723.5	0.0518
723.625	0.0503
723.75	0.0518
723.875	0.0511
724.0	0.0511
724.125	0.0495
724.25	0.0487
724.375	0.0518
724.5	0.0518
724.625	0.0518
724.75	0.0511
724.875	0.0503
725.0	0.0503
725.125	0.0511
725.25	0.0503
725.375	0.0495
725.5	0.0518
725.625	0.0511
725.75	0.0495
725.875	0.0495
726.0	0.0487
726.125	0.0503
726.25	0.0511
726.375	0.0511
726.5	0.0495
726.625	0.0511
726.75	0.0511
726.875	0.0518
727.0	0.0518
727.125	0.0518
727.25	0.0518
727.375	0.0518
727.5	0.0503
727.625	0.0511
727.75	0.0518
727.875	0.0518
728.0	0.0511
728.125	0.0518
728.25	0.0518
728.375	0.0518
728.5	0.0503
728.625	0.0518
728.75	0.0518
728.875	0.0518
729.0	0.0511
729.125	0.0518
729.25	0.0511
729.375	0.0518
729.5	0.0511
729.625	0.0503
729.75	0.0518
729.875	0.0518
730.0	0.0518
730.125	0.0511
730.25	0.0518
730.375	0.0526
730.5	0.0518
730.625	0.0511
730.75	0.0518
730.875	0.0518
731.0	0.0511
731.125	0.0511
731.25	0.0518
731.375	0.0503
731.5	0.0511
731.625	0.0518
731.75	0.0518
731.875	0.0518
732.0	0.0503
732.125	0.0518
732.25	0.0518
732.375	0.0518
732.5	0.0511
732.625	0.0503
732.75	0.0518
732.875	0.0518
733.0	0.0511
733.125	0.0503
733.25	0.0518
733.375	0.0518
733.5	0.0518
733.625	0.0518
733.75	0.0518
733.875	0.0511
734.0	0.0511
734.125	0.0518
734.25	0.0503
734.375	0.0518
734.5	0.0518
734.625	0.0511
734.75	0.0518
734.875	0.0518
735.0	0.0518
735.125	0.0518
735.25	0.0518
735.375	0.0518
735.5	0.0503
735.625	0.0518
735.75	0.0503
735.875	0.0518
736.0	0.0534
736.125	0.0518
736.25	0.0518
736.375	0.0526
736.5	0.0518
736.625	0.0518
736.75	0.0518
736.875	0.0518
737.0	0.0518
737.125	0.0518
737.25	0.0518
737.375	0.0518
737.5	0.0518
737.625	0.0518
737.75	0.0526
737.875	0.0511
738.0	0.0518
738.125	0.0518
738.25	0.0518
738.375	0.0518
738.5	0.0518
738.625	0.0503
738.75	0.0511
738.875	0.0511
739.0	0.0518
739.125	0.0518
739.25	0.0518
739.375	0.0518
739.5	0.0518
739.625	0.0518
739.75	0.0518
739.875	0.0518
740.0	0.0511
740.125	0.0526
740.25	0.0526
740.375	0.0511
740.5	0.0518
740.625	0.0518
740.75	0.0518
740.875	0.0518
741.0	0.0518
741.125	0.0518
741.25	0.0511
741.375	0.0511
741.5	0.0518
741.625	0.0511
741.75	0.0518
741.875	0.0511
742.0	0.0518
742.125	0.0518
742.25	0.0511
742.375	0.0518
742.5	0.0511
742.625	0.0518
742.75	0.0518
742.875	0.0518
743.0	0.0518
743.125	0.0518
743.25	0.0511
743.375	0.0518
743.5	0.0518
743.625	0.0518
743.75	0.0518
743.875	0.0518
744.0	0.0518
744.125	0.0518
744.25	0.0518
744.375	0.0518
744.5	0.0518
744.625	0.0518
744.75	0.0518
744.875	0.0518
745.0	0.0518
745.125	0.0503
745.25	0.0511
745.375	0.0518
745.5	0.0518
745.625	0.0511
745.75	0.0518
745.875	0.0518
746.0	0.0511
746.125	0.0503
746.25	0.0511
746.375	0.0511
746.5	0.0518
746.625	0.0518
746.75	0.0518
746.875	0.0518
747.0	0.0518
747.125	0.0518
747.25	0.0518
747.375	0.0511
747.5	0.0495
747.625	0.0518
747.75	0.0511
747.875	0.0518
748.0	0.0526
748.125	0.0518
748.25	0.0518
748.375	0.0511
748.5	0.0518
748.625	0.0518
748.75	0.0518
748.875	0.0518
749.0	0.0511
749.125	0.0518
749.25	0.0518
749.375	0.0518
749.5	0.0518
749.625	0.0526
749.75	0.0518
749.875	0.0518
750.0	0.0518
750.125	0.0518
750.25	0.0518
750.375	0.0503
750.5	0.0518
750.625	0.0518
750.75	0.0518
750.875	0.0526
751.0	0.0518
751.125	0.0503
751.25	0.0511
751.375	0.0518
751.5	0.0511
751.625	0.0518
751.75	0.0511
751.875	0.0518
752.0	0.0518
752.125	0.0518
752.25	0.0518
752.375	0.0518
752.5	0.0511
752.625	0.0518
752.75	0.0518
752.875	0.0511
753.0	0.0518
753.125	0.0518
753.25	0.0518
753.375	0.0518
753.5	0.0518
753.625	0.0518
753.75	0.0511
753.875	0.0518
754.0	0.0518
754.125	0.0518
754.25	0.0511
754.375	0.0518
754.5	0.0518
754.625	0.0511
754.75	0.0518
754.875	0.0518
755.0	0.0518
755.125	0.0518
755.25	0.0511
755.375	0.0518
755.5	0.0518
755.625	0.0518
755.75	0.0518
755.875	0.0518
756.0	0.0518
756.125	0.0511
756.25	0.0511
756.375	0.0518
756.5	0.0511
756.625	0.0518
756.75	0.0518
756.875	0.0503
757.0	0.0511
757.125	0.0511
757.25	0.0511
757.375	0.0518
757.5	0.0518
757.625	0.0518
757.75	0.0503
757.875	0.0518
758.0	0.0511
758.125	0.0518
758.25	0.0518
758.375	0.0518
758.5	0.0518
758.625	0.0518
758.75	0.0518
758.875	0.0511
759.0	0.0511
759.125	0.0511
759.25	0.0518
759.375	0.0518
759.5	0.0518
759.625	0.0518
759.75	0.0518
759.875	0.0518
760.0	0.0518
760.125	0.0518
760.25	0.0518
760.375	0.0518
760.5	0.0511
760.625	0.0503
760.75	0.0511
760.875	0.0518
761.0	0.0518
761.125	0.0518
761.25	0.0511
761.375	0.0503
761.5	0.0518
761.625	0.0518
761.75	0.0526
761.875	0.0518
762.0	0.0503
762.125	0.0518
762.25	0.0503
762.375	0.0511
762.5	0.0503
762.625	0.0495
762.75	0.0511
762.875	0.0518
763.0	0.0503
763.125	0.0518
763.25	0.0518
763.375	0.0503
763.5	0.0511
763.625	0.0503
763.75	0.0518
763.875	0.0518
764.0	0.0518
764.125	0.0518
764.25	0.0526
764.375	0.0511
764.5	0.0511
764.625	0.0518
764.75	0.0518
764.875	0.0503
765.0	0.0511
765.125	0.0518
765.25	0.0518
765.375	0.0518
765.5	0.0518
765.625	0.0518
765.75	0.0518
765.875	0.0511
766.0	0.0511
766.125	0.0518
766.25	0.0518
766.375	0.0511
766.5	0.0518
766.625	0.0526
766.75	0.0518
766.875	0.0503
767.0	0.0518
767.125	0.0511
767.25	0.0511
767.375	0.0518
767.5	0.0518
767.625	0.0518
767.75	0.0518
767.875	0.0511
768.0	0.0518
768.125	0.0526
768.25	0.0518
768.375	0.0518
768.5	0.0518
768.625	0.0518
768.75	0.0518
768.875	0.0518
769.0	0.0518
769.125	0.0511
769.25	0.0495
769.375	0.0518
769.5	0.0511
769.625	0.0511
769.75	0.0518
769.875	0.0518
770.0	0.0518
770.125	0.0518
770.25	0.0518
770.375	0.0511
770.5	0.0518
770.625	0.0518
770.75	0.0518
770.875	0.0511
771.0	0.0518
771.125	0.0511
771.25	0.0518
771.375	0.0511
771.5	0.0503
771.625	0.0518
771.75	0.0526
771.875	0.0511
772.0	0.0518
772.125	0.0518
772.25	0.0503
772.375	0.0518
772.5	0.0518
772.625	0.0518
772.75	0.0518
772.875	0.0518
773.0	0.0518
773.125	0.0518
773.25	0.0511
773.375	0.0518
773.5	0.0511
773.625	0.0518
773.75	0.0518
773.875	0.0518
774.0	0.0518
774.125	0.0518
774.25	0.0518
774.375	0.0503
774.5	0.0518
774.625	0.0503
774.75	0.0511
774.875	0.0518
775.0	0.0518
775.125	0.0518
775.25	0.0518
775.375	0.0511
775.5	0.0518
775.625	0.0518
775.75	0.0511
775.875	0.0518
776.0	0.0511
776.125	0.0511
776.25	0.0503
776.375	0.0518
776.5	0.0503
776.625	0.0518
776.75	0.0518
776.875	0.0518
777.0	0.0518
777.125	0.0518
777.25	0.0518
777.375	0.0511
777.5	0.0518
777.625	0.0518
777.75	0.0518
777.875	0.0518
778.0	0.0518
778.125	0.0518
778.25	0.0518
778.375	0.0511
778.5	0.0518
778.625	0.0511
778.75	0.0518
778.875	0.0511
779.0	0.0518
779.125	0.0511
779.25	0.0518
779.375	0.0503
779.5	0.0518
779.625	0.0518
779.75	0.0518
779.875	0.0518
780.0	0.0518
780.125	0.0511
780.25	0.0518
780.375	0.0511
780.5	0.0511
780.625	0.0518
780.75	0.0511
780.875	0.0518
781.0	0.0511
781.125	0.0518
781.25	0.0511
781.375	0.0518
781.5	0.0518
781.625	0.0518
781.75	0.0518
781.875	0.0518
782.0	0.0518
782.125	0.0518
782.25	0.0511
782.375	0.0518
782.5	0.0518
782.625	0.0518
782.75	0.0518
782.875	0.0511
783.0	0.0518
783.125	0.0518
783.25	0.0518
783.375	0.0511
783.5	0.0511
783.625	0.0518
783.75	0.0518
783.875	0.0518
784.0	0.0518
784.125	0.0518
784.25	0.0518
784.375	0.0518
784.5	0.0518
784.625	0.0511
784.75	0.0518
784.875	0.0518
785.0	0.0518
785.125	0.0518
785.25	0.0518
785.375	0.0518
785.5	0.0511
785.625	0.0518
785.75	0.0511
785.875	0.0518
786.0	0.0511
786.125	0.0518
786.25	0.0518
786.375	0.0518
786.5	0.0518
786.625	0.0518
786.75	0.0518
786.875	0.0518
787.0	0.0511
787.125	0.0503
787.25	0.0511
787.375	0.0518
787.5	0.0518
787.625	0.0518
787.75	0.0518
787.875	0.0518
788.0	0.0518
788.125	0.0518
788.25	0.0518
788.375	0.0511
788.5	0.0518
788.625	0.0518
788.75	0.0518
788.875	0.0511
789.0	0.0518
789.125	0.0518
789.25	0.0503
789.375	0.0518
789.5	0.0511
789.625	0.0518
789.75	0.0518
789.875	0.0518
790.0	0.0518
790.125	0.0518
790.25	0.0511
790.375	0.0511
790.5	0.0511
790.625	0.0518
790.75	0.0518
790.875	0.0526
791.0	0.0518
791.125	0.0518
791.25	0.0518
791.375	0.0518
791.5	0.0518
791.625	0.0511
791.75	0.0518
791.875	0.0518
792.0	0.0518
792.125	0.0503
792.25	0.0503
792.375	0.0511
792.5	0.0518
792.625	0.0518
792.75	0.0503
792.875	0.0518
793.0	0.0511
793.125	0.0511
793.25	0.0518
793.375	0.0518
793.5	0.0511
793.625	0.0518
793.75	0.0511
793.875	0.0518
794.0	0.0518
794.125	0.0518
794.25	0.0511
794.375	0.0518
794.5	0.0511
794.625	0.0518
794.75	0.0518
794.875	0.0518
795.0	0.0518
795.125	0.0518
795.25	0.0518
795.375	0.0511
795.5	0.0518
795.625	0.0518
795.75	0.0518
795.875	0.0518
796.0	0.0518
796.125	0.0518
796.25	0.0495
796.375	0.0503
796.5	0.0518
796.625	0.0511
796.75	0.0503
796.875	0.0518
797.0	0.0518
797.125	0.0518
797.25	0.0518
797.375	0.0518
797.5	0.0518
797.625	0.0503
797.75	0.0511
797.875	0.0518
798.0	0.0511
798.125	0.0503
798.25	0.0518
798.375	0.0518
798.5	0.0518
798.625	0.0518
798.75	0.0518
798.875	0.0518
799.0	0.0518
799.125	0.0503
799.25	0.0518
799.375	0.0518
799.5	0.0518
799.625	0.0518
799.75	0.0518
799.875	0.0503
800.0	0.0518
800.125	0.0518
800.25	0.0518
800.375	0.0518
800.5	0.0518
800.625	0.0518
800.75	0.0518
800.875	0.0526
801.0	0.0518
801.125	0.0518
801.25	0.0518
801.375	0.0526
801.5	0.0518
801.625	0.0518
801.75	0.0518
801.875	0.0518
802.0	0.0518
802.125	0.0518
802.25	0.0518
802.375	0.0518
802.5	0.0518
802.625	0.0526
802.75	0.0503
802.875	0.0518
803.0	0.0518
803.125	0.0511
803.25	0.0518
803.375	0.0518
803.5	0.0518
803.625	0.0518
803.75	0.0518
803.875	0.0518
804.0	0.0518
804.125	0.0518
804.25	0.0518
804.375	0.0518
804.5	0.0518
804.625	0.0518
804.75	0.0518
804.875	0.0518
805.0	0.0534
805.125	0.0511
805.25	0.0511
805.375	0.0518
805.5	0.0518
805.625	0.0518
805.75	0.0511
805.875	0.0518
806.0	0.0511
806.125	0.0518
806.25	0.0518
806.375	0.0518
806.5	0.0518
806.625	0.0518
806.75	0.0511
806.875	0.0518
807.0	0.0511
807.125	0.0511
807.25	0.0518
807.375	0.0518
807.5	0.0518
807.625	0.0518
807.75	0.0518
807.875	0.0518
808.0	0.0518
808.125	0.0518
808.25	0.0503
808.375	0.0518
808.5	0.0503
808.625	0.0518
808.75	0.0518
808.875	0.0518
809.0	0.0518
809.125	0.0503
809.25	0.0518
809.375	0.0518
809.5	0.0511
809.625	0.0518
809.75	0.0518
809.875	0.0518
810.0	0.0511
810.125	0.0526
810.25	0.0518
810.375	0.0518
810.5	0.0495
810.625	0.0518
810.75	0.0518
810.875	0.0518
811.0	0.0518
811.125	0.0518
811.25	0.0518
811.375	0.0518
811.5	0.0518
811.625	0.0503
811.75	0.0518
811.875	0.0518
812.0	0.0526
812.125	0.0518
812.25	0.0511
812.375	0.0518
812.5	0.0518
812.625	0.0518
812.75	0.0518
812.875	0.0518
813.0	0.0518
813.125	0.0518
813.25	0.0518
813.375	0.0518
813.5	0.0518
813.625	0.0511
813.75	0.0503
813.875	0.0518
814.0	0.0518
814.125	0.0518
814.25	0.0511
814.375	0.0511
814.5	0.0511
814.625	0.0518
814.75	0.0526
814.875	0.0518
815.0	0.0518
815.125	0.0518
815.25	0.0518
815.375	0.0518
815.5	0.0518
815.625	0.0511
815.75	0.0518
815.875	0.0518
816.0	0.0518
816.125	0.0518
816.25	0.0518
816.375	0.0518
816.5	0.0518
816.625	0.0518
816.75	0.0518
816.875	0.0518
817.0	0.0511
817.125	0.0511
817.25	0.0518
817.375	0.0518
817.5	0.0518
817.625	0.0518
817.75	0.0526
817.875	0.0518
818.0	0.0518
818.125	0.0495
818.25	0.0518
818.375	0.0518
818.5	0.0518
818.625	0.0518
818.75	0.0518
818.875	0.0518
819.0	0.0518
819.125	0.0518
819.25	0.0518
819.375	0.0511
819.5	0.0511
819.625	0.0518
819.75	0.0518
819.875	0.0518
820.0	0.0518
820.125	0.0518
820.25	0.0518
820.375	0.0518
820.5	0.0518
820.625	0.0518
820.75	0.0503
820.875	0.0518
821.0	0.0518
821.125	0.0518
821.25	0.0518
821.375	0.0518
821.5	0.0518
821.625	0.0503
821.75	0.0518
821.875	0.0518
822.0	0.0518
822.125	0.0503
822.25	0.0511
822.375	0.0518
822.5	0.0518
822.625	0.0511
822.75	0.0511
822.875	0.0518
823.0	0.0518
823.125	0.0518
823.25	0.0518
823.375	0.0518
823.5	0.0526
823.625	0.0518
823.75	0.0518
823.875	0.0518
824.0	0.0518
824.125	0.0518
824.25	0.0526
824.375	0.0511
824.5	0.0518
824.625	0.0511
824.75	0.0518
824.875	0.0518
825.0	0.0503
825.125	0.0518
825.25	0.0518
825.375	0.0511
825.5	0.0511
825.625	0.0518
825.75	0.0518
825.875	0.0518
826.0	0.0518
826.125	0.0503
826.25	0.0511
826.375	0.0511
826.5	0.0518
826.625	0.0503
826.75	0.0495
826.875	0.0511
827.0	0.0518
827.125	0.0518
827.25	0.0518
827.375	0.0511
827.5	0.0511
827.625	0.0518
827.75	0.0495
827.875	0.0518
828.0	0.0518
828.125	0.0518
828.25	0.0518
828.375	0.0495
828.5	0.0518
828.625	0.0511
828.75	0.0511
828.875	0.0511
829.0	0.0518
829.125	0.0511
829.25	0.0518
829.375	0.0503
829.5	0.0518
829.625	0.0495
829.75	0.0511
829.875	0.0518
830.0	0.0518
830.125	0.0518
830.25	0.0503
830.375	0.0518
830.5	0.0518
830.625	0.0511
830.75	0.0511
830.875	0.0511
831.0	0.0518
831.125	0.0518
831.25	0.0518
831.375	0.0518
831.5	0.0503
831.625	0.0503
831.75	0.0518
831.875	0.0518
832.0	0.0518
832.125	0.0518
832.25	0.0518
832.375	0.0518
832.5	0.0518
832.625	0.0518
832.75	0.0518
832.875	0.0518
833.0	0.0518
833.125	0.0518
833.25	0.0511
833.375	0.0518
833.5	0.0503
833.625	0.0503
833.75	0.0518
833.875	0.0511
834.0	0.0518
834.125	0.0495
834.25	0.0511
834.375	0.0518
834.5	0.0518
834.625	0.0518
834.75	0.0518
834.875	0.0518
835.0	0.0518
835.125	0.0518
835.25	0.0518
835.375	0.0518
835.5	0.0518
835.625	0.0518
835.75	0.0518
835.875	0.0503
836.0	0.0511
836.125	0.0518
836.25	0.0518
836.375	0.0511
836.5	0.0518
836.625	0.0518
836.75	0.0511
836.875	0.0518
837.0	0.0518
837.125	0.0503
837.25	0.0518
837.375	0.0503
837.5	0.0503
837.625	0.0518
837.75	0.0518
837.875	0.0518
838.0	0.0518
838.125	0.0503
838.25	0.0518
838.375	0.0534
838.5	0.0542
838.625	0.0526
838.75	0.0526
838.875	0.0534
839.0	0.0511
839.125	0.0518
839.25	0.0503
839.375	0.0518
839.5	0.0503
839.625	0.0518
839.75	0.0518
839.875	0.0511
840.0	0.0511
840.125	0.0518
840.25	0.0518
840.375	0.0503
840.5	0.0511
840.625	0.0518
840.75	0.0503
840.875	0.0511
841.0	0.0518
841.125	0.0518
841.25	0.0503
841.375	0.0518
841.5	0.0518
841.625	0.0495
841.75	0.0511
841.875	0.0518
842.0	0.0518
842.125	0.0511
842.25	0.0503
842.375	0.0503
842.5	0.0518
842.625	0.0511
842.75	0.0518
842.875	0.0518
843.0	0.0518
843.125	0.0511
843.25	0.0503
843.375	0.0518
843.5	0.0511
843.625	0.0503
843.75	0.0511
843.875	0.0518
844.0	0.0518
844.125	0.0511
844.25	0.0503
844.375	0.0518
844.5	0.0495
844.625	0.0518
844.75	0.0518
844.875	0.0518
845.0	0.0518
845.125	0.0511
845.25	0.0518
845.375	0.0518
845.5	0.0518
845.625	0.0518
845.75	0.0518
845.875	0.0518
846.0	0.0518
846.125	0.0511
846.25	0.0495
846.375	0.0518
846.5	0.0518
846.625	0.0518
846.75	0.0503
846.875	0.0518
847.0	0.0518
847.125	0.0518
847.25	0.0511
847.375	0.0518
847.5	0.0518
847.625	0.0503
847.75	0.0518
847.875	0.0518
848.0	0.0518
848.125	0.0518
848.25	0.0518
848.375	0.0518
848.5	0.0518
848.625	0.0511
848.75	0.0518
848.875	0.0511
849.0	0.0518
849.125	0.0526
849.25	0.0518
849.375	0.0511
849.5	0.0518
849.625	0.0518
849.75	0.0518
849.875	0.0518
850.0	0.0503
850.125	0.0503
850.25	0.0503
850.375	0.0518
850.5	0.0518
850.625	0.0518
850.75	0.0511
850.875	0.0511
851.0	0.0518
851.125	0.0518
851.25	0.0526
851.375	0.0511
851.5	0.0518
851.625	0.0518
851.75	0.0511
851.875	0.0518
852.0	0.0511
852.125	0.0511
852.25	0.0503
852.375	0.0518
852.5	0.0503
852.625	0.0518
852.75	0.0503
852.875	0.0518
853.0	0.0518
853.125	0.0503
853.25	0.0503
853.375	0.0518
853.5	0.0503
853.625	0.0518
853.75	0.0511
853.875	0.0518
854.0	0.0503
854.125	0.0518
854.25	0.0511
854.375	0.0511
854.5	0.0534
854.625	0.0511
854.75	0.0518
854.875	0.0518
855.0	0.0503
855.125	0.0503
855.25	0.0518
855.375	0.0511
855.5	0.0511
855.625	0.0518
855.75	0.0518
855.875	0.0518
856.0	0.0503
856.125	0.0518
856.25	0.0518
856.375	0.0518
856.5	0.0518
856.625	0.0518
856.75	0.0511
856.875	0.0518
857.0	0.0518
857.125	0.0518
857.25	0.0518
857.375	0.0518
857.5	0.0518
857.625	0.0518
857.75	0.0511
857.875	0.0511
858.0	0.0518
858.125	0.0518
858.25	0.0511
858.375	0.0518
858.5	0.0518
858.625	0.0518
858.75	0.0518
858.875	0.0518
859.0	0.0518
859.125	0.0518
859.25	0.0511
859.375	0.0518
859.5	0.0518
859.625	0.0518
859.75	0.0518
859.875	0.0511
860.0	0.0518
860.125	0.0518
860.25	0.0511
860.375	0.0518
860.5	0.0518
860.625	0.0518
860.75	0.0518
860.875	0.0518
861.0	0.0518
861.125	0.0518
861.25	0.0511
861.375	0.0518
861.5	0.0495
861.625	0.0503
861.75	0.0518
861.875	0.0518
862.0	0.0518
862.125	0.0518
862.25	0.0518
862.375	0.0518
862.5	0.0511
862.625	0.0518
862.75	0.0518
862.875	0.0511
863.0	0.0511
863.125	0.0518
863.25	0.0518
863.375	0.0518
863.5	0.0518
863.625	0.0511
863.75	0.0518
863.875	0.0518
864.0	0.0518
864.125	0.0518
864.25	0.0511
864.375	0.0518
864.5	0.0518
864.625	0.0518
864.75	0.0518
864.875	0.0511
865.0	0.0518
865.125	0.0518
865.25	0.0518
865.375	0.0511
865.5	0.0526
865.625	0.0518
865.75	0.0518
865.875	0.0518
866.0	0.0518
866.125	0.0518
866.25	0.0503
866.375	0.0518
866.5	0.0518
866.625	0.0518
866.75	0.0518
866.875	0.0518
867.0	0.0511
867.125	0.0518
867.25	0.0518
867.375	0.0518
867.5	0.0518
867.625	0.0511
867.75	0.0518
867.875	0.0526
868.0	0.0518
868.125	0.0518
868.25	0.0518
868.375	0.0518
868.5	0.0511
868.625	0.0518
868.75	0.0503
868.875	0.0518
869.0	0.0518
869.125	0.0518
869.25	0.0518
869.375	0.0518
869.5	0.0511
869.625	0.0518
869.75	0.0518
869.875	0.0518
870.0	0.0518
870.125	0.0518
870.25	0.0511
870.375	0.0503
870.5	0.0518
870.625	0.0518
870.75	0.0518
870.875	0.0518
871.0	0.0503
871.125	0.0518
871.25	0.0518
871.375	0.0518
871.5	0.0518
871.625	0.0518
871.75	0.0518
871.875	0.0518
872.0	0.0518
872.125	0.0518
872.25	0.0518
872.375	0.0518
872.5	0.0518
872.625	0.0518
872.75	0.0511
872.875	0.0518
873.0	0.0518
873.125	0.0518
873.25	0.0518
873.375	0.0518
873.5	0.0518
873.625	0.0511
873.75	0.0518
873.875	0.0518
874.0	0.0518
874.125	0.0518
874.25	0.0518
874.375	0.0503
874.5	0.0518
874.625	0.0518
874.75	0.0518
874.875	0.0518
875.0	0.0511
875.125	0.0518
875.25	0.0518
875.375	0.0503
875.5	0.0518
875.625	0.0518
875.75	0.0518
875.875	0.0511
876.0	0.0518
876.125	0.0518
876.25	0.0518
876.375	0.0518
876.5	0.0518
876.625	0.0518
876.75	0.0518
876.875	0.0518
877.0	0.0518
877.125	0.0518
877.25	0.0518
877.375	0.0511
877.5	0.0518
877.625	0.0518
877.75	0.0518
877.875	0.0518
878.0	0.0518
878.125	0.0518
878.25	0.0526
878.375	0.0518
878.5	0.0518
878.625	0.0526
878.75	0.0518
878.875	0.0518
879.0	0.0518
879.125	0.0518
879.25	0.0518
879.375	0.0518
879.5	0.0526
879.625	0.0518
879.75	0.0518
879.875	0.0518
880.0	0.0518
880.125	0.0518
880.25	0.0518
880.375	0.0518
880.5	0.0526
880.625	0.0518
880.75	0.0518
880.875	0.0518
881.0	0.0518
881.125	0.0518
881.25	0.0526
881.375	0.0518
881.5	0.0518
881.625	0.0518
881.75	0.0518
881.875	0.0518
882.0	0.0526
882.125	0.0542
882.25	0.0518
882.375	0.0518
882.5	0.0518
882.625	0.0518
882.75	0.0518
882.875	0.0518
883.0	0.0518
883.125	0.0518
883.25	0.0518
883.375	0.0518
883.5	0.0518
883.625	0.0511
883.75	0.0526
883.875	0.0526
884.0	0.0534
884.125	0.0518
884.25	0.0518
884.375	0.0518
884.5	0.0518
884.625	0.0526
884.75	0.0518
884.875	0.0526
885.0	0.0526
885.125	0.0526
885.25	0.0518
885.375	0.0534
885.5	0.0518
885.625	0.0518
885.75	0.0518
885.875	0.0526
886.0	0.0534
886.125	0.0518
886.25	0.0518
886.375	0.0518
886.5	0.0518
886.625	0.0518
886.75	0.0518
886.875	0.0518
887.0	0.0518
887.125	0.0518
887.25	0.0518
887.375	0.0518
887.5	0.0518
887.625	0.0518
887.75	0.0526
887.875	0.0534
888.0	0.0518
888.125	0.0526
888.25	0.0542
888.375	0.0518
888.5	0.0526
888.625	0.0526
888.75	0.0526
888.875	0.0526
889.0	0.0518
889.125	0.0534
889.25	0.0518
889.375	0.0518
889.5	0.0518
889.625	0.0526
889.75	0.0518
889.875	0.0518
890.0	0.0518
890.125	0.0518
890.25	0.0526
890.375	0.0518
890.5	0.0534
890.625	0.0518
890.75	0.0518
890.875	0.0526
891.0	0.0526
891.125	0.0526
891.25	0.0526
891.375	0.0518
891.5	0.0526
891.625	0.0518
891.75	0.0518
891.875	0.0518
892.0	0.0518
892.125	0.0518
892.25	0.0518
892.375	0.0518
892.5	0.0518
892.625	0.0518
892.75	0.0518
892.875	0.0534
893.0	0.0542
893.125	0.0518
893.25	0.0518
893.375	0.0518
893.5	0.0518
893.625	0.0526
893.75	0.0542
893.875	0.0518
894.0	0.0518
894.125	0.0526
894.25	0.0518
894.375	0.0542
894.5	0.0518
894.625	0.0518
894.75	0.0526
894.875	0.0518
895.0	0.0518
895.125	0.0534
895.25	0.0526
895.375	0.0526
895.5	0.0526
895.625	0.0526
895.75	0.0526
895.875	0.0526
896.0	0.0534
896.125	0.0526
896.25	0.0534
896.375	0.0526
896.5	0.0542
896.625	0.0526
896.75	0.0534
896.875	0.0534
897.0	0.0526
897.125	0.0518
897.25	0.0526
897.375	0.0526
897.5	0.0526
897.625	0.055
897.75	0.0518
897.875	0.0534
898.0	0.0534
898.125	0.0518
898.25	0.0518
898.375	0.0518
898.5	0.0518
898.625	0.0518
898.75	0.0518
898.875	0.0526
899.0	0.0526
899.125	0.0518
899.25	0.0518
899.375	0.0526
899.5	0.0518
899.625	0.0526
899.75	0.0518
899.875	0.0526
