300.0	0.1894
300.125	0.191
300.25	0.1902
300.375	0.1894
300.5	0.1926
300.625	0.1894
300.75	0.1918
300.875	0.191
301.0	0.1902
301.125	0.1918
301.25	0.191
301.375	0.1894
301.5	0.1902
301.625	0.1918
301.75	0.1918
301.875	0.1918
302.0	0.1933
302.125	0.1933
302.25	0.1926
302.375	0.1933
302.5	0.191
302.625	0.1933
302.75	0.191
302.875	0.1926
303.0	0.1933
303.125	0.1933
303.25	0.1902
303.375	0.1918
303.5	0.191
303.625	0.1933
303.75	0.1926
303.875	0.1926
304.0	0.191
304.125	0.1926
304.25	0.1933
304.375	0.1918
304.5	0.1933
304.625	0.1933
304.75	0.1933
304.875	0.1926
305.0	0.1926
305.125	0.1926
305.25	0.1933
305.375	0.1926
305.5	0.1926
305.625	0.1918
305.75	0.1926
305.875	0.1918
306.0	0.1933
306.125	0.1933
306.25	0.1933
306.375	0.1933
306.5	0.1933
306.625	0.1933
306.75	0.1933
306.875	0.1933
307.0	0.1933
307.125	0.1933
307.25	0.1933
307.375	0.1933
307.5	0.1933
307.625	0.1933
307.75	0.1933
307.875	0.1918
308.0	0.1933
308.125	0.1933
308.25	0.1926
308.375	0.1926
308.5	0.1926
308.625	0.1933
308.75	0.1933
308.875	0.1918
309.0	0.1933
309.125	0.1933
309.25	0.1933
309.375	0.1933
309.5	0.1918
309.625	0.1918
309.75	0.1933
309.875	0.1933
310.0	0.1933
310.125	0.1902
310.25	0.1926
310.375	0.1918
310.5	0.1933
310.625	0.1918
310.75	0.1902
310.875	0.1926
311.0	0.1933
311.125	0.1933
311.25	0.1926
311.375	0.1933
311.5	0.1926
311.625	0.1933
311.75	0.1933
311.875	0.1926
312.0	0.1933
312.125	0.1933
312.25	0.1933
312.375	0.1933
312.5	0.1933
312.625	0.1926
312.75	0.1933
312.875	0.1933
313.0	0.1933
313.125	0.1933
313.25	0.1933
313.375	0.1926
313.5	0.1918
313.625	0.1933
313.75	0.1933
313.875	0.1918
314.0	0.1933
314.125	0.1926
314.25	0.1933
314.375	0.1926
314.5	0.1933
314.625	0.1933
314.75	0.1926
314.875	0.1933
315.0	0.1926
315.125	0.1918
315.25	0.191
315.375	0.1933
315.5	0.1926
315.625	0.1926
315.75	0.1933
315.875	0.1933
316.0	0.1933
316.125	0.1941
316.25	0.1926
316.375	0.1933
316.5	0.1926
316.625	0.1933
316.75	0.1933
316.875	0.1933
317.0	0.1933
317.125	0.1933
317.25	0.1941
317.375	0.1933
317.5	0.1933
317.625	0.1926
317.75	0.1941
317.875	0.1933
318.0	0.1933
318.125	0.1926
318.25	0.1933
318.375	0.1933
318.5	0.1926
318.625	0.1933
318.75	0.1933
318.875	0.1933
319.0	0.1933
319.125	0.1933
319.25	0.1933
319.375	0.1933
319.5	0.1933
319.625	0.1933
319.75	0.1926
319.875	0.1933
320.0	0.1933
320.125	0.1918
320.25	0.1933
320.375	0.1933
320.5	0.1933
320.625	0.1933
320.75	0.1933
320.875	0.1941
321.0	0.1933
321.125	0.1933
321.25	0.1933
321.375	0.1933
321.5	0.1933
321.625	0.1933
321.75	0.1933
321.875	0.1933
322.0	0.1933
322.125	0.1933
322.25	0.1933
322.375	0.1933
322.5	0.1926
322.625	0.1933
322.75	0.1933
322.875	0.1933
323.0	0.1933
323.125	0.1933
323.25	0.1933
323.375	0.1933
323.5	0.1933
323.625	0.1933
323.75	0.1933
323.875	0.1933
324.0	0.1918
324.125	0.1933
324.25	0.1933
324.375	0.1933
324.5	0.1933
324.625	0.1933
324.75	0.1926
324.875	0.1933
325.0	0.1926
325.125	0.1933
325.25	0.1933
325.375	0.1949
325.5	0.1933
325.625	0.1918
325.75	0.1941
325.875	0.1933
326.0	0.1933
326.125	0.1933
326.25	0.1933
326.375	0.1926
326.5	0.1933
326.625	0.1933
326.75	0.1933
326.875	0.1933
327.0	0.1933
327.125	0.1933
327.25	0.1933
327.375	0.1933
327.5	0.1933
327.625	0.1941
327.75	0.1933
327.875	0.1926
328.0	0.1933
328.125	0.1933
328.25	0.1949
328.375	0.1933
328.5	0.1933
328.625	0.1933
328.75	0.1933
328.875	0.1933
329.0	0.1949
329.125	0.1941
329.25	0.1933
329.375	0.1933
329.5	0.1933
329.625	0.1933
329.75	0.1949
329.875	0.1949
330.0	0.1949
330.125	0.1941
330.25	0.1933
330.375	0.1933
330.5	0.1941
330.625	0.1957
330.75	0.1933
330.875	0.1941
331.0	0.1933
331.125	0.1949
331.25	0.1933
331.375	0.1949
331.5	0.1933
331.625	0.1941
331.75	0.1933
331.875	0.1933
332.0	0.1957
332.125	0.1933
332.25	0.1933
332.375	0.1933
332.5	0.1933
332.625	0.1933
332.75	0.1933
332.875	0.1933
333.0	0.1949
333.125	0.1949
333.25	0.1957
333.375	0.1941
333.5	0.1941
333.625	0.1933
333.75	0.1933
333.875	0.1949
334.0	0.1965
334.125	0.1941
334.25	0.1941
334.375	0.1933
334.5	0.1933
334.625	0.1933
334.75	0.1933
334.875	0.1933
335.0	0.1933
335.125	0.1933
335.25	0.1933
335.375	0.1933
335.5	0.1933
335.625	0.1933
335.75	0.1933
335.875	0.1933
336.0	0.1933
336.125	0.1933
336.25	0.1933
336.375	0.1933
336.5	0.1933
336.625	0.1926
336.75	0.191
336.875	0.1933
337.0	0.1933
337.125	0.1933
337.25	0.191
337.375	0.1918
337.5	0.1933
337.625	0.1926
337.75	0.1894
337.875	0.191
338.0	0.191
338.125	0.1902
338.25	0.1926
338.375	0.1933
338.5	0.1933
338.625	0.1933
338.75	0.1926
338.875	0.1933
339.0	0.1933
339.125	0.1933
339.25	0.1933
339.375	0.1933
339.5	0.1933
339.625	0.1933
339.75	0.1933
339.875	0.1933
340.0	0.1933
340.125	0.1933
340.25	0.1926
340.375	0.1933
340.5	0.1926
340.625	0.1918
340.75	0.1918
340.875	0.1933
341.0	0.1933
341.125	0.1933
341.25	0.1933
341.375	0.1926
341.5	0.1933
341.625	0.1933
341.75	0.1926
341.875	0.1933
342.0	0.1926
342.125	0.1933
342.25	0.1933
342.375	0.1894
342.5	0.1902
342.625	0.1918
342.75	0.1918
342.875	0.1933
343.0	0.1894
343.125	0.1886
343.25	0.1918
343.375	0.1926
343.5	0.1902
343.625	0.1918
343.75	0.1886
343.875	0.1918
344.0	0.1902
344.125	0.1926
344.25	0.1902
344.375	0.1902
344.5	0.191
344.625	0.1902
344.75	0.1886
344.875	0.1894
345.0	0.1886
345.125	0.1902
345.25	0.191
345.375	0.1902
345.5	0.1894
345.625	0.1886
345.75	0.1894
345.875	0.1894
346.0	0.1894
346.125	0.1894
346.25	0.1894
346.375	0.1886
346.5	0.191
346.625	0.1894
346.75	0.1886
346.875	0.1894
347.0	0.1902
347.125	0.1902
347.25	0.1894
347.375	0.1886
347.5	0.1886
347.625	0.1926
347.75	0.1918
347.875	0.1902
348.0	0.1918
348.125	0.1902
348.25	0.1894
348.375	0.191
348.5	0.1926
348.625	0.1933
348.75	0.1902
348.875	0.191
349.0	0.1933
349.125	0.1933
349.25	0.1902
349.375	0.1894
349.5	0.1918
349.625	0.1894
349.75	0.1918
349.875	0.1902
350.0	0.1886
350.125	0.1894
350.25	0.1886
350.375	0.1886
350.5	0.1902
350.625	0.1894
350.75	0.1886
350.875	0.1886
351.0	0.1886
351.125	0.1894
351.25	0.1894
351.375	0.1894
351.5	0.1886
351.625	0.1886
351.75	0.1886
351.875	0.1886
352.0	0.1902
352.125	0.1886
352.25	0.1886
352.375	0.1886
352.5	0.1894
352.625	0.1886
352.75	0.1886
352.875	0.1894
353.0	0.1886
353.125	0.1894
353.25	0.1886
353.375	0.1886
353.5	0.1886
353.625	0.1886
353.75	0.1894
353.875	0.1902
354.0	0.1886
354.125	0.1886
354.25	0.1886
354.375	0.1886
354.5	0.1886
354.625	0.1886
354.75	0.1886
354.875	0.1886
355.0	0.1886
355.125	0.1886
355.25	0.1902
355.375	0.1894
355.5	0.1886
355.625	0.1894
355.75	0.1886
355.875	0.1886
356.0	0.1894
356.125	0.1902
356.25	0.1918
356.375	0.1933
356.5	0.1933
356.625	0.1933
356.75	0.1933
356.875	0.1933
357.0	0.1981
357.125	0.1981
357.25	0.1988
357.375	0.1981
357.5	0.2012
357.625	0.2028
357.75	0.202
357.875	0.2028
358.0	0.2051
358.125	0.2051
358.25	0.2067
358.375	0.2067
358.5	0.2067
358.625	0.2083
358.75	0.2122
358.875	0.2114
359.0	0.213
359.125	0.2138
359.25	0.2154
359.375	0.2161
359.5	0.2161
359.625	0.2161
359.75	0.2177
359.875	0.2169
360.0	0.2169
360.125	0.2177
360.25	0.2169
360.375	0.2193
360.5	0.2201
360.625	0.2185
360.75	0.2169
360.875	0.2169
361.0	0.2169
361.125	0.2169
361.25	0.2169
361.375	0.2169
361.5	0.2154
361.625	0.2154
361.75	0.2161
361.875	0.2138
362.0	0.2169
362.125	0.213
362.25	0.2138
362.375	0.2122
362.5	0.2122
362.625	0.2106
362.75	0.2099
362.875	0.2099
363.0	0.2091
363.125	0.2083
363.25	0.2075
363.375	0.2075
363.5	0.2075
363.625	0.2075
363.75	0.2075
363.875	0.2075
364.0	0.2075
364.125	0.2075
364.25	0.2067
364.375	0.2067
364.5	0.2075
364.625	0.2075
364.75	0.2075
364.875	0.2075
365.0	0.2091
365.125	0.2154
365.25	0.2272
365.375	0.2492
365.5	0.2916
365.625	0.3498
365.75	0.4135
365.875	0.4787
366.0	0.5353
366.125	0.5825
366.25	0.6124
366.375	0.6391
366.5	0.6588
366.625	0.6745
366.75	0.6839
366.875	0.6871
367.0	0.68
367.125	0.6666
367.25	0.6344
367.375	0.5919
367.5	0.5314
367.625	0.463
367.75	0.3946
367.875	0.3372
368.0	0.2924
368.125	0.2641
368.25	0.2437
368.375	0.2264
368.5	0.2169
368.625	0.2122
368.75	0.2091
368.875	0.2083
369.0	0.2106
369.125	0.2099
369.25	0.2106
369.375	0.2114
369.5	0.2122
369.625	0.2122
369.75	0.2114
369.875	0.2122
370.0	0.2114
370.125	0.2122
370.25	0.2114
370.375	0.2122
370.5	0.213
370.625	0.2122
370.75	0.2122
370.875	0.2122
371.0	0.2122
371.125	0.2114
371.25	0.2114
371.375	0.2122
371.5	0.2122
371.625	0.2138
371.75	0.2122
371.875	0.2122
372.0	0.2122
372.125	0.2122
372.25	0.2122
372.375	0.2122
372.5	0.2122
372.625	0.2122
372.75	0.213
372.875	0.213
373.0	0.2146
373.125	0.2169
373.25	0.2169
373.375	0.2201
373.5	0.2201
373.625	0.2216
373.75	0.2216
373.875	0.2256
374.0	0.2224
374.125	0.2232
374.25	0.2232
374.375	0.2256
374.5	0.2248
374.625	0.2232
374.75	0.2216
374.875	0.2216
375.0	0.2209
375.125	0.2185
375.25	0.2169
375.375	0.2169
375.5	0.2138
375.625	0.2122
375.75	0.2122
375.875	0.2114
376.0	0.2122
376.125	0.2122
376.25	0.2106
376.375	0.2114
376.5	0.2106
376.625	0.2114
376.75	0.2122
376.875	0.2114
377.0	0.2114
377.125	0.2106
377.25	0.2122
377.375	0.2122
377.5	0.2122
377.625	0.2114
377.75	0.2122
377.875	0.2099
378.0	0.2099
378.125	0.2106
378.25	0.2114
378.375	0.2122
378.5	0.2114
378.625	0.2114
378.75	0.2122
378.875	0.2122
379.0	0.213
379.125	0.2138
379.25	0.2169
379.375	0.2209
379.5	0.2248
379.625	0.2264
379.75	0.2303
379.875	0.2327
380.0	0.2358
380.125	0.2358
380.25	0.2382
380.375	0.2389
380.5	0.2405
380.625	0.2405
380.75	0.2389
380.875	0.2397
381.0	0.2389
381.125	0.2327
381.25	0.2303
381.375	0.2264
381.5	0.224
381.625	0.2177
381.75	0.2169
381.875	0.2154
382.0	0.2122
382.125	0.213
382.25	0.2122
382.375	0.2114
382.5	0.2122
382.625	0.2114
382.75	0.2122
382.875	0.2122
383.0	0.2122
383.125	0.2122
383.25	0.2122
383.375	0.2114
383.5	0.2114
383.625	0.2114
383.75	0.2114
383.875	0.2106
384.0	0.2122
384.125	0.2122
384.25	0.2122
384.375	0.2122
384.5	0.2122
384.625	0.2122
384.75	0.2122
384.875	0.2122
385.0	0.2122
385.125	0.2122
385.25	0.2122
385.375	0.2122
385.5	0.2122
385.625	0.2122
385.75	0.2122
385.875	0.2122
386.0	0.2122
386.125	0.2122
386.25	0.2122
386.375	0.2122
386.5	0.213
386.625	0.2122
386.75	0.2114
386.875	0.2122
387.0	0.2122
387.125	0.2122
387.25	0.2122
387.375	0.2106
387.5	0.2122
387.625	0.2122
387.75	0.2122
387.875	0.2122
388.0	0.213
388.125	0.2122
388.25	0.2114
388.375	0.213
388.5	0.2122
388.625	0.2146
388.75	0.2138
388.875	0.2154
389.0	0.2161
389.125	0.2161
389.25	0.2185
389.375	0.2193
389.5	0.2177
389.625	0.2193
389.75	0.2201
389.875	0.2177
390.0	0.2169
390.125	0.2177
390.25	0.2185
390.375	0.2177
390.5	0.2169
390.625	0.2169
390.75	0.2169
390.875	0.2161
391.0	0.2161
391.125	0.2154
391.25	0.2146
391.375	0.2154
391.5	0.2138
391.625	0.2122
391.75	0.2122
391.875	0.2122
392.0	0.2138
392.125	0.213
392.25	0.2122
392.375	0.2122
392.5	0.2122
392.625	0.2122
392.75	0.2122
392.875	0.2122
393.0	0.2122
393.125	0.2122
393.25	0.2122
393.375	0.2122
393.5	0.2106
393.625	0.2099
393.75	0.2106
393.875	0.2122
394.0	0.2114
394.125	0.2122
394.25	0.2106
394.375	0.2114
394.5	0.2099
394.625	0.2083
394.75	0.2099
394.875	0.2114
395.0	0.2106
395.125	0.2099
395.25	0.2114
395.375	0.2099
395.5	0.2083
395.625	0.2075
395.75	0.2106
395.875	0.2091
396.0	0.2091
396.125	0.2091
396.25	0.2091
396.375	0.2091
396.5	0.2099
396.625	0.2083
396.75	0.2075
396.875	0.2083
397.0	0.2091
397.125	0.2083
397.25	0.2099
397.375	0.2083
397.5	0.2099
397.625	0.2075
397.75	0.2091
397.875	0.2083
398.0	0.2075
398.125	0.2083
398.25	0.2083
398.375	0.2075
398.5	0.2075
398.625	0.2075
398.75	0.2091
398.875	0.2075
399.0	0.2075
399.125	0.2075
399.25	0.2067
399.375	0.2075
399.5	0.2075
399.625	0.2075
399.75	0.2075
399.875	0.2075
400.0	0.2075
400.125	0.2075
400.25	0.2067
400.375	0.2067
400.5	0.2067
400.625	0.2044
400.75	0.2075
400.875	0.2075
401.0	0.2075
401.125	0.2067
401.25	0.2059
401.375	0.2075
401.5	0.2059
401.625	0.2059
401.75	0.2059
401.875	0.2044
402.0	0.2044
402.125	0.2051
402.25	0.2044
402.375	0.2075
402.5	0.2059
402.625	0.2051
402.75	0.2059
402.875	0.2059
403.0	0.2067
403.125	0.2059
403.25	0.2044
403.375	0.2051
403.5	0.2051
403.625	0.2044
403.75	0.2044
403.875	0.2051
404.0	0.2051
404.125	0.2051
404.25	0.2067
404.375	0.2044
404.5	0.2059
404.625	0.2044
404.75	0.2044
404.875	0.2067
405.0	0.2059
405.125	0.2051
405.25	0.2051
405.375	0.2059
405.5	0.2067
405.625	0.2036
405.75	0.2067
405.875	0.2067
406.0	0.2028
406.125	0.2059
406.25	0.2075
406.375	0.2051
406.5	0.2059
406.625	0.2067
406.75	0.2036
406.875	0.2051
407.0	0.2059
407.125	0.2051
407.25	0.2067
407.375	0.2059
407.5	0.2075
407.625	0.2075
407.75	0.2067
407.875	0.2075
408.0	0.2075
408.125	0.2051
408.25	0.2075
408.375	0.2059
408.5	0.2051
408.625	0.2051
408.75	0.2051
408.875	0.2051
409.0	0.2051
409.125	0.2059
409.25	0.2059
409.375	0.2051
409.5	0.2059
409.625	0.2067
409.75	0.2067
409.875	0.2067
410.0	0.2075
410.125	0.2059
410.25	0.2044
410.375	0.2075
410.5	0.2075
410.625	0.2075
410.75	0.2067
410.875	0.2059
411.0	0.2075
411.125	0.2067
411.25	0.2067
411.375	0.2075
411.5	0.2075
411.625	0.2075
411.75	0.2075
411.875	0.2075
412.0	0.2075
412.125	0.2075
412.25	0.2075
412.375	0.2075
412.5	0.2075
412.625	0.2075
412.75	0.2075
412.875	0.2075
413.0	0.2075
413.125	0.2075
413.25	0.2075
413.375	0.2075
413.5	0.2075
413.625	0.2091
413.75	0.2091
413.875	0.2106
414.0	0.2122
414.125	0.2106
414.25	0.2122
414.375	0.2091
414.5	0.2114
414.625	0.2106
414.75	0.2122
414.875	0.2122
415.0	0.2106
415.125	0.2122
415.25	0.2106
415.375	0.2122
415.5	0.2122
415.625	0.2122
415.75	0.2138
415.875	0.2161
416.0	0.2138
416.125	0.2154
416.25	0.2169
416.375	0.2169
416.5	0.2169
416.625	0.2169
416.75	0.2161
416.875	0.2169
417.0	0.2154
417.125	0.2122
417.25	0.2138
417.375	0.2122
417.5	0.2122
417.625	0.2106
417.75	0.2091
417.875	0.2099
418.0	0.2106
418.125	0.2099
418.25	0.2075
418.375	0.2099
418.5	0.2091
418.625	0.2083
418.75	0.2091
418.875	0.2075
419.0	0.2075
419.125	0.2106
419.25	0.2091
419.375	0.2099
419.5	0.2099
419.625	0.2091
419.75	0.2083
419.875	0.2083
420.0	0.2091
420.125	0.2099
420.25	0.2099
420.375	0.2122
420.5	0.2122
420.625	0.2114
420.75	0.2114
420.875	0.2106
421.0	0.2122
421.125	0.2122
421.25	0.2122
421.375	0.2122
421.5	0.2122
421.625	0.2122
421.75	0.2122
421.875	0.2106
422.0	0.2106
422.125	0.2122
422.25	0.2099
422.375	0.2122
422.5	0.2091
422.625	0.2114
422.75	0.2106
422.875	0.2099
423.0	0.2122
423.125	0.2122
423.25	0.2177
423.375	0.2272
423.5	0.2389
423.625	0.257
423.75	0.279
423.875	0.3003
424.0	0.3168
424.125	0.3333
424.25	0.3396
424.375	0.349
424.5	0.3545
424.625	0.36
424.75	0.3632
424.875	0.3632
425.0	0.3624
425.125	0.3584
425.25	0.3498
425.375	0.3388
425.5	0.3168
425.625	0.2963
425.75	0.2751
425.875	0.2562
426.0	0.2429
426.125	0.2319
426.25	0.2248
426.375	0.2201
426.5	0.2169
426.625	0.2146
426.75	0.2122
426.875	0.2106
427.0	0.2106
427.125	0.2122
427.25	0.2122
427.375	0.2114
427.5	0.2122
427.625	0.2122
427.75	0.2106
427.875	0.2106
428.0	0.2114
428.125	0.2122
428.25	0.2122
428.375	0.2114
428.5	0.2114
428.625	0.2114
428.75	0.2106
428.875	0.2122
429.0	0.2122
429.125	0.2091
429.25	0.2114
429.375	0.2114
429.5	0.2122
429.625	0.2122
429.75	0.2106
429.875	0.2122
430.0	0.2122
430.125	0.2122
430.25	0.2122
430.375	0.2122
430.5	0.2114
430.625	0.2114
430.75	0.2106
430.875	0.2122
431.0	0.2114
431.125	0.2106
431.25	0.2122
431.375	0.2122
431.5	0.2114
431.625	0.2122
431.75	0.2114
431.875	0.2122
432.0	0.2122
432.125	0.2114
432.25	0.2106
432.375	0.2106
432.5	0.2114
432.625	0.2122
432.75	0.2122
432.875	0.2106
433.0	0.2106
433.125	0.2114
433.25	0.2099
433.375	0.2114
433.5	0.2106
433.625	0.2099
433.75	0.2106
433.875	0.2099
434.0	0.2106
434.125	0.2091
434.25	0.2083
434.375	0.2099
434.5	0.2099
434.625	0.2099
434.75	0.2106
434.875	0.2083
435.0	0.2091
435.125	0.2083
435.25	0.2083
435.375	0.2091
435.5	0.2091
435.625	0.2075
435.75	0.2083
435.875	0.2083
436.0	0.2075
436.125	0.2091
436.25	0.2075
436.375	0.2091
436.5	0.2075
436.625	0.2091
436.75	0.2083
436.875	0.2099
437.0	0.2091
437.125	0.2075
437.25	0.2083
437.375	0.2083
437.5	0.2091
437.625	0.2075
437.75	0.2099
437.875	0.2075
438.0	0.2075
438.125	0.2075
438.25	0.2083
438.375	0.2083
438.5	0.2075
438.625	0.2075
438.75	0.2083
438.875	0.2083
439.0	0.2083
439.125	0.2091
439.25	0.2075
439.375	0.2075
439.5	0.2075
439.625	0.2083
439.75	0.2075
439.875	0.2075
440.0	0.2075
440.125	0.2083
440.25	0.2083
440.375	0.2083
440.5	0.2075
440.625	0.2075
440.75	0.2075
440.875	0.2075
441.0	0.2091
441.125	0.2099
441.25	0.2083
441.375	0.2099
441.5	0.2099
441.625	0.2075
441.75	0.2083
441.875	0.2075
442.0	0.2083
442.125	0.2075
442.25	0.2075
442.375	0.2091
442.5	0.2075
442.625	0.2075
442.75	0.2083
442.875	0.2075
443.0	0.2075
443.125	0.2075
443.25	0.2083
443.375	0.2075
443.5	0.2091
443.625	0.2075
443.75	0.2091
443.875	0.2075
444.0	0.2075
444.125	0.2075
444.25	0.2075
444.375	0.2075
444.5	0.2075
444.625	0.2075
444.75	0.2075
444.875	0.2075
445.0	0.2083
445.125	0.2075
445.25	0.2075
445.375	0.2075
445.5	0.2075
445.625	0.2083
445.75	0.2083
445.875	0.2075
446.0	0.2083
446.125	0.2075
446.25	0.2075
446.375	0.2083
446.5	0.2075
446.625	0.2083
446.75	0.2075
446.875	0.2075
447.0	0.2091
447.125	0.2075
447.25	0.2083
447.375	0.2122
447.5	0.2122
447.625	0.2169
447.75	0.2216
447.875	0.2264
448.0	0.2295
448.125	0.2342
448.25	0.2358
448.375	0.2389
448.5	0.2405
448.625	0.2405
448.75	0.2405
448.875	0.2405
449.0	0.2413
449.125	0.2405
449.25	0.2405
449.375	0.2389
449.5	0.2358
449.625	0.2303
449.75	0.2264
449.875	0.2201
450.0	0.2169
450.125	0.2146
450.25	0.2114
450.375	0.2122
450.5	0.2099
450.625	0.2075
450.75	0.2091
450.875	0.2083
451.0	0.2075
451.125	0.2083
451.25	0.2075
451.375	0.2083
451.5	0.2075
451.625	0.2075
451.75	0.2083
451.875	0.2083
452.0	0.2075
452.125	0.2075
452.25	0.2083
452.375	0.2075
452.5	0.2075
452.625	0.2083
452.75	0.2083
452.875	0.2083
453.0	0.2075
453.125	0.2075
453.25	0.2075
453.375	0.2083
453.5	0.2075
453.625	0.2083
453.75	0.2106
453.875	0.2083
454.0	0.2106
454.125	0.2106
454.25	0.2091
454.375	0.2099
454.5	0.2106
454.625	0.2091
454.75	0.2083
454.875	0.2091
455.0	0.2106
455.125	0.2091
455.25	0.2091
455.375	0.2083
455.5	0.2114
455.625	0.2075
455.75	0.2091
455.875	0.2075
456.0	0.2075
456.125	0.2091
456.25	0.2075
456.375	0.2083
456.5	0.2075
456.625	0.2083
456.75	0.2075
456.875	0.2075
457.0	0.2075
457.125	0.2083
457.25	0.2075
457.375	0.2075
457.5	0.2075
457.625	0.2075
457.75	0.2075
457.875	0.2075
458.0	0.2083
458.125	0.2083
458.25	0.2075
458.375	0.2075
458.5	0.2067
458.625	0.2099
458.75	0.2075
458.875	0.2075
459.0	0.2075
459.125	0.2075
459.25	0.2075
459.375	0.2075
459.5	0.2075
459.625	0.2075
459.75	0.2075
459.875	0.2075
460.0	0.2075
460.125	0.2075
460.25	0.2075
460.375	0.2075
460.5	0.2075
460.625	0.2075
460.75	0.2075
460.875	0.2075
461.0	0.2075
461.125	0.2075
461.25	0.2075
461.375	0.2059
461.5	0.2075
461.625	0.2075
461.75	0.2075
461.875	0.2067
462.0	0.2067
462.125	0.2075
462.25	0.2059
462.375	0.2075
462.5	0.2067
462.625	0.2067
462.75	0.2067
462.875	0.2075
463.0	0.2075
463.125	0.2075
463.25	0.2075
463.375	0.2067
463.5	0.2059
463.625	0.2036
463.75	0.2075
463.875	0.2059
464.0	0.2067
464.125	0.2067
464.25	0.2075
464.375	0.2044
464.5	0.2044
464.625	0.2075
464.75	0.2044
464.875	0.2051
465.0	0.2051
465.125	0.2051
465.25	0.2059
465.375	0.2091
465.5	0.2059
465.625	0.2067
465.75	0.2051
465.875	0.2067
466.0	0.2067
466.125	0.2075
466.25	0.2075
466.375	0.2059
466.5	0.2059
466.625	0.2075
466.75	0.2075
466.875	0.2075
467.0	0.2067
467.125	0.2075
467.25	0.2075
467.375	0.2075
467.5	0.2075
467.625	0.2075
467.75	0.2075
467.875	0.2067
468.0	0.2075
468.125	0.2083
468.25	0.2106
468.375	0.213
468.5	0.2169
468.625	0.2216
468.75	0.2272
468.875	0.2303
469.0	0.2319
469.125	0.2358
469.25	0.2358
469.375	0.2366
469.5	0.2358
469.625	0.2389
469.75	0.2374
469.875	0.2366
470.0	0.2366
470.125	0.2342
470.25	0.2319
470.375	0.2264
470.5	0.2216
470.625	0.2169
470.75	0.2154
470.875	0.2122
471.0	0.2091
471.125	0.2075
471.25	0.2075
471.375	0.2075
471.5	0.2051
471.625	0.2059
471.75	0.2059
471.875	0.2051
472.0	0.2067
472.125	0.2051
472.25	0.2059
472.375	0.2036
472.5	0.2059
472.625	0.2075
472.75	0.2075
472.875	0.2075
473.0	0.2067
473.125	0.2059
473.25	0.2067
473.375	0.2067
473.5	0.2075
473.625	0.2067
473.75	0.2083
473.875	0.2075
474.0	0.2075
474.125	0.2075
474.25	0.2075
474.375	0.2075
474.5	0.2075
474.625	0.2083
474.75	0.2075
474.875	0.2075
475.0	0.2075
475.125	0.2075
475.25	0.2075
475.375	0.2099
475.5	0.2075
475.625	0.2075
475.75	0.2091
475.875	0.2083
476.0	0.2075
476.125	0.2099
476.25	0.2075
476.375	0.2083
476.5	0.2083
476.625	0.2099
476.75	0.2099
476.875	0.2091
477.0	0.2114
477.125	0.2075
477.25	0.2106
477.375	0.2114
477.5	0.2146
477.625	0.2185
477.75	0.2295
477.875	0.2413
478.0	0.2547
478.125	0.2704
478.25	0.283
478.375	0.2924
478.5	0.3018
478.625	0.305
478.75	0.3113
478.875	0.3152
479.0	0.316
479.125	0.316
479.25	0.3176
479.375	0.3128
479.5	0.3089
479.625	0.3003
479.75	0.2861
479.875	0.2727
480.0	0.2578
480.125	0.2437
480.25	0.2319
480.375	0.2248
480.5	0.2201
480.625	0.2169
480.75	0.2154
480.875	0.2138
481.0	0.2122
481.125	0.2122
481.25	0.2122
481.375	0.2154
481.5	0.2169
481.625	0.2169
481.75	0.2169
481.875	0.2169
482.0	0.2185
482.125	0.2201
482.25	0.2169
482.375	0.2177
482.5	0.2185
482.625	0.2185
482.75	0.2169
482.875	0.2169
483.0	0.2161
483.125	0.2138
483.25	0.2122
483.375	0.2122
483.5	0.2114
483.625	0.2091
483.75	0.2075
483.875	0.2075
484.0	0.2075
484.125	0.2075
484.25	0.2083
484.375	0.2091
484.5	0.2083
484.625	0.2106
484.75	0.2075
484.875	0.2075
485.0	0.2106
485.125	0.2075
485.25	0.2075
485.375	0.2091
485.5	0.2075
485.625	0.2075
485.75	0.2083
485.875	0.2091
486.0	0.2075
486.125	0.2091
486.25	0.2083
486.375	0.2091
486.5	0.2091
486.625	0.2099
486.75	0.2099
486.875	0.2106
487.0	0.2122
487.125	0.2083
487.25	0.2114
487.375	0.2122
487.5	0.2083
487.625	0.2083
487.75	0.2075
487.875	0.2067
488.0	0.2059
488.125	0.2059
488.25	0.202
488.375	0.1988
488.5	0.1981
488.625	0.1957
488.75	0.1933
488.875	0.1918
489.0	0.1902
489.125	0.1871
489.25	0.1839
489.375	0.1792
489.5	0.1784
489.625	0.1745
489.75	0.1721
489.875	0.1698
490.0	0.1682
490.125	0.1643
490.25	0.1619
490.375	0.1619
490.5	0.1603
490.625	0.1603
490.75	0.1603
490.875	0.1595
491.0	0.1595
491.125	0.1603
491.25	0.1588
491.375	0.1572
491.5	0.1603
491.625	0.158
491.75	0.1556
491.875	0.1572
492.0	0.1556
492.125	0.1556
492.25	0.158
492.375	0.1556
492.5	0.1556
492.625	0.1556
492.75	0.1556
492.875	0.1564
493.0	0.1572
493.125	0.158
493.25	0.1572
493.375	0.1556
493.5	0.1572
493.625	0.1572
493.75	0.1556
493.875	0.1572
494.0	0.158
494.125	0.1588
494.25	0.1588
494.375	0.158
494.5	0.1588
494.625	0.1556
494.75	0.1556
494.875	0.1603
495.0	0.1603
495.125	0.158
495.25	0.1572
495.375	0.1564
495.5	0.1564
495.625	0.1564
495.75	0.1556
495.875	0.1556
496.0	0.1556
496.125	0.1556
496.25	0.1556
496.375	0.1556
496.5	0.1548
496.625	0.1556
496.75	0.1548
496.875	0.1556
497.0	0.1564
497.125	0.1564
497.25	0.1572
497.375	0.1603
497.5	0.1619
497.625	0.1603
497.75	0.1643
497.875	0.1666
498.0	0.1698
498.125	0.1698
498.25	0.1737
498.375	0.1745
498.5	0.1768
498.625	0.1792
498.75	0.1831
498.875	0.1855
499.0	0.1871
499.125	0.1886
499.25	0.1926
499.375	0.1933
499.5	0.1965
499.625	0.1981
499.75	0.1988
499.875	0.2012
500.0	0.2028
500.125	0.2044
500.25	0.2075
500.375	0.2075
500.5	0.2091
500.625	0.2083
500.75	0.2106
500.875	0.2106
501.0	0.2099
501.125	0.2122
501.25	0.2122
501.375	0.2106
501.5	0.2091
501.625	0.213
501.75	0.2122
501.875	0.2122
502.0	0.2122
502.125	0.2122
502.25	0.2122
502.375	0.2114
502.5	0.2114
502.625	0.2114
502.75	0.2114
502.875	0.2106
503.0	0.2114
503.125	0.2122
503.25	0.2099
503.375	0.2099
503.5	0.2091
503.625	0.2114
503.75	0.2091
503.875	0.2099
504.0	0.2091
504.125	0.2091
504.25	0.2075
504.375	0.2075
504.5	0.2106
504.625	0.2099
504.75	0.2099
504.875	0.2083
505.0	0.2075
505.125	0.2083
505.25	0.2075
505.375	0.2099
505.5	0.2075
505.625	0.2083
505.75	0.2075
505.875	0.2075
506.0	0.2075
506.125	0.2075
506.25	0.2075
506.375	0.2067
506.5	0.2075
506.625	0.2083
506.75	0.2083
506.875	0.2083
507.0	0.2075
507.125	0.2075
507.25	0.2075
507.375	0.2075
507.5	0.2075
507.625	0.2075
507.75	0.2083
507.875	0.2075
508.0	0.2083
508.125	0.2083
508.25	0.2099
508.375	0.2075
508.5	0.2099
508.625	0.2106
508.75	0.2099
508.875	0.2083
509.0	0.2114
509.125	0.2122
509.25	0.2122
509.375	0.2122
509.5	0.2122
509.625	0.2122
509.75	0.2122
509.875	0.2122
510.0	0.2122
510.125	0.2122
510.25	0.2122
510.375	0.2122
510.5	0.213
510.625	0.2122
510.75	0.2122
510.875	0.2122
511.0	0.213
511.125	0.2122
511.25	0.2122
511.375	0.2114
511.5	0.2122
511.625	0.2122
511.75	0.2122
511.875	0.2122
512.0	0.2114
512.125	0.2122
512.25	0.2106
512.375	0.2122
512.5	0.2122
512.625	0.2122
512.75	0.2099
512.875	0.2122
513.0	0.2106
513.125	0.2122
513.25	0.2122
513.375	0.2122
513.5	0.2122
513.625	0.2114
513.75	0.2122
513.875	0.2114
514.0	0.2122
514.125	0.2106
514.25	0.2099
514.375	0.2122
514.5	0.2099
514.625	0.2114
514.75	0.2099
514.875	0.2122
515.0	0.2122
515.125	0.2106
515.25	0.2114
515.375	0.2122
515.5	0.2122
515.625	0.2114
515.75	0.2122
515.875	0.2114
516.0	0.2122
516.125	0.2106
516.25	0.2114
516.375	0.2106
516.5	0.2106
516.625	0.2122
516.75	0.2114
516.875	0.2114
517.0	0.2106
517.125	0.2114
517.25	0.2122
517.375	0.2099
517.5	0.2122
517.625	0.2114
517.75	0.2114
517.875	0.2099
518.0	0.2122
518.125	0.2106
518.25	0.2114
518.375	0.2075
518.5	0.2099
518.625	0.2106
518.75	0.2083
518.875	0.2099
519.0	0.2114
519.125	0.2091
519.25	0.2099
519.375	0.2099
519.5	0.2083
519.625	0.2099
519.75	0.2114
519.875	0.2083
520.0	0.2083
520.125	0.2099
520.25	0.2075
520.375	0.2099
520.5	0.2114
520.625	0.2091
520.75	0.2114
520.875	0.2099
521.0	0.2106
521.125	0.2099
521.25	0.2083
521.375	0.2091
521.5	0.2099
521.625	0.2099
521.75	0.2114
521.875	0.2099
522.0	0.2091
522.125	0.2075
522.25	0.2106
522.375	0.2122
522.5	0.2114
522.625	0.2122
522.75	0.2114
522.875	0.2106
523.0	0.2106
523.125	0.2114
523.25	0.2075
523.375	0.2106
523.5	0.2099
523.625	0.2099
523.75	0.2114
523.875	0.2106
524.0	0.2083
524.125	0.2122
524.25	0.2106
524.375	0.2099
524.5	0.2083
524.625	0.2106
524.75	0.2083
524.875	0.2106
525.0	0.2114
525.125	0.2122
525.25	0.2083
525.375	0.2099
525.5	0.2106
525.625	0.2114
525.75	0.2099
525.875	0.2091
526.0	0.2083
526.125	0.2083
526.25	0.2083
526.375	0.2099
526.5	0.2099
526.625	0.2106
526.75	0.2099
526.875	0.2106
527.0	0.2083
527.125	0.2122
527.25	0.2114
527.375	0.2106
527.5	0.2106
527.625	0.2122
527.75	0.2122
527.875	0.2122
528.0	0.2106
528.125	0.2122
528.25	0.2122
528.375	0.2114
528.5	0.2099
528.625	0.2099
528.75	0.2114
528.875	0.2091
529.0	0.2099
529.125	0.2083
529.25	0.2099
529.375	0.2099
529.5	0.2083
529.625	0.2083
529.75	0.2091
529.875	0.2099
530.0	0.2091
530.125	0.2091
530.25	0.2075
530.375	0.2075
530.5	0.2075
530.625	0.2091
530.75	0.2075
530.875	0.2075
531.0	0.2075
531.125	0.2075
531.25	0.2083
531.375	0.2083
531.5	0.2075
531.625	0.2075
531.75	0.2075
531.875	0.2075
532.0	0.2083
532.125	0.2083
532.25	0.2075
532.375	0.2075
532.5	0.2091
532.625	0.2075
532.75	0.2075
532.875	0.2091
533.0	0.2075
533.125	0.2075
533.25	0.2075
533.375	0.2075
533.5	0.2075
533.625	0.2075
533.75	0.2075
533.875	0.2083
534.0	0.2075
534.125	0.2075
534.25	0.2067
534.375	0.2075
534.5	0.2075
534.625	0.2083
534.75	0.2083
534.875	0.2083
535.0	0.2067
535.125	0.2075
535.25	0.2075
535.375	0.2075
535.5	0.2083
535.625	0.2075
535.75	0.2075
535.875	0.2083
536.0	0.2067
536.125	0.2083
536.25	0.2075
536.375	0.2099
536.5	0.2075
536.625	0.2075
536.75	0.2075
536.875	0.2075
537.0	0.2075
537.125	0.2075
537.25	0.2067
537.375	0.2075
537.5	0.2059
537.625	0.2075
537.75	0.2059
537.875	0.2075
538.0	0.2051
538.125	0.2075
538.25	0.2075
538.375	0.2067
538.5	0.2083
538.625	0.2075
538.75	0.2075
538.875	0.2075
539.0	0.2083
539.125	0.2083
539.25	0.2075
539.375	0.2075
539.5	0.2067
539.625	0.2075
539.75	0.2083
539.875	0.2075
540.0	0.2075
540.125	0.2075
540.25	0.2075
540.375	0.2067
540.5	0.2067
540.625	0.2051
540.75	0.2075
540.875	0.2075
541.0	0.2051
541.125	0.2059
541.25	0.2075
541.375	0.2059
541.5	0.2067
541.625	0.2067
541.75	0.2075
541.875	0.2075
542.0	0.2067
542.125	0.2051
542.25	0.2067
542.375	0.2051
542.5	0.2059
542.625	0.2059
542.75	0.2059
542.875	0.2051
543.0	0.2067
543.125	0.2059
543.25	0.2059
543.375	0.2028
543.5	0.2059
543.625	0.2059
543.75	0.2067
543.875	0.2075
544.0	0.2059
544.125	0.2067
544.25	0.2067
544.375	0.2051
544.5	0.2059
544.625	0.2067
544.75	0.2059
544.875	0.2075
545.0	0.2059
545.125	0.2075
545.25	0.2059
545.375	0.2067
545.5	0.2067
545.625	0.2059
545.75	0.2067
545.875	0.2067
546.0	0.2059
546.125	0.2059
546.25	0.2051
546.375	0.2044
546.5	0.2067
546.625	0.2075
546.75	0.2051
546.875	0.2075
547.0	0.2059
547.125	0.2075
547.25	0.2059
547.375	0.2067
547.5	0.2059
547.625	0.2059
547.75	0.2067
547.875	0.2059
548.0	0.2075
548.125	0.2067
548.25	0.2067
548.375	0.2075
548.5	0.2059
548.625	0.2075
548.75	0.2075
548.875	0.2067
549.0	0.2036
549.125	0.2051
549.25	0.2059
549.375	0.2059
549.5	0.2059
549.625	0.2051
549.75	0.2059
549.875	0.2051
550.0	0.2051
550.125	0.2036
550.25	0.2036
550.375	0.2044
550.5	0.2044
550.625	0.2028
550.75	0.2059
550.875	0.2059
551.0	0.2059
551.125	0.2028
551.25	0.2028
551.375	0.2036
551.5	0.2028
551.625	0.2036
551.75	0.2036
551.875	0.2028
552.0	0.2044
552.125	0.2036
552.25	0.2044
552.375	0.2028
552.5	0.2028
552.625	0.2044
552.75	0.2036
552.875	0.2028
553.0	0.2044
553.125	0.2028
553.25	0.2028
553.375	0.2028
553.5	0.2036
553.625	0.2028
553.75	0.2044
553.875	0.2051
554.0	0.2051
554.125	0.2067
554.25	0.2059
554.375	0.2059
554.5	0.2067
554.625	0.2059
554.75	0.2067
554.875	0.2075
555.0	0.2075
555.125	0.2067
555.25	0.2067
555.375	0.2075
555.5	0.2083
555.625	0.2083
555.75	0.2083
555.875	0.2075
556.0	0.2075
556.125	0.2075
556.25	0.2075
556.375	0.2075
556.5	0.2083
556.625	0.2075
556.75	0.2083
556.875	0.2091
557.0	0.2075
557.125	0.2075
557.25	0.2083
557.375	0.2083
557.5	0.2075
557.625	0.2075
557.75	0.2083
557.875	0.2083
558.0	0.2091
558.125	0.2083
558.25	0.2075
558.375	0.2075
558.5	0.2075
558.625	0.2075
558.75	0.2083
558.875	0.2083
559.0	0.2091
559.125	0.2083
559.25	0.2099
559.375	0.2075
559.5	0.2083
559.625	0.2083
559.75	0.2083
559.875	0.2099
560.0	0.2075
560.125	0.2099
560.25	0.2091
560.375	0.2075
560.5	0.2075
560.625	0.2075
560.75	0.2075
560.875	0.2075
561.0	0.2075
561.125	0.2083
561.25	0.2075
561.375	0.2091
561.5	0.2083
561.625	0.2075
561.75	0.2075
561.875	0.2091
562.0	0.2106
562.125	0.2075
562.25	0.2075
562.375	0.2075
562.5	0.2083
562.625	0.2083
562.75	0.2099
562.875	0.2091
563.0	0.2122
563.125	0.2146
563.25	0.2256
563.375	0.2444
563.5	0.2767
563.625	0.3254
563.75	0.3812
563.875	0.4402
564.0	0.4889
564.125	0.5251
564.25	0.5542
564.375	0.5723
564.5	0.5904
564.625	0.6029
564.75	0.6139
564.875	0.621
565.0	0.6171
565.125	0.6053
565.25	0.5809
565.375	0.5424
565.5	0.4897
565.625	0.43
565.75	0.3726
565.875	0.3199
566.0	0.2822
566.125	0.257
566.25	0.2413
566.375	0.2272
566.5	0.2185
566.625	0.213
566.75	0.2106
566.875	0.2075
567.0	0.2075
567.125	0.2075
567.25	0.2075
567.375	0.2067
567.5	0.2067
567.625	0.2083
567.75	0.2075
567.875	0.2075
568.0	0.2083
568.125	0.2067
568.25	0.2075
568.375	0.2083
568.5	0.2067
568.625	0.2075
568.75	0.2075
568.875	0.2059
569.0	0.2075
569.125	0.2075
569.25	0.2075
569.375	0.2075
569.5	0.2075
569.625	0.2075
569.75	0.2067
569.875	0.2075
570.0	0.2075
570.125	0.2067
570.25	0.2075
570.375	0.2075
570.5	0.2075
570.625	0.2075
570.75	0.2067
570.875	0.2075
571.0	0.2059
571.125	0.2067
571.25	0.2075
571.375	0.2059
571.5	0.2067
571.625	0.2075
571.75	0.2075
571.875	0.2059
572.0	0.2075
572.125	0.2059
572.25	0.2059
572.375	0.2075
572.5	0.2059
572.625	0.2075
572.75	0.2067
572.875	0.2075
573.0	0.2059
573.125	0.2067
573.25	0.2059
573.375	0.2075
573.5	0.2075
573.625	0.2075
573.75	0.2075
573.875	0.2059
574.0	0.2075
574.125	0.2067
574.25	0.2075
574.375	0.2075
574.5	0.2075
574.625	0.2075
574.75	0.2051
574.875	0.2075
575.0	0.2075
575.125	0.2075
575.25	0.2075
575.375	0.2059
575.5	0.2075
575.625	0.2075
575.75	0.2075
575.875	0.2067
576.0	0.2075
576.125	0.2067
576.25	0.2075
576.375	0.2075
576.5	0.2075
576.625	0.2075
576.75	0.2075
576.875	0.2075
577.0	0.2075
577.125	0.2075
577.25	0.2075
577.375	0.2075
577.5	0.2075
577.625	0.2075
577.75	0.2075
577.875	0.2075
578.0	0.2075
578.125	0.2075
578.25	0.2067
578.375	0.2075
578.5	0.2075
578.625	0.2075
578.75	0.2075
578.875	0.2059
579.0	0.2075
579.125	0.2075
579.25	0.2067
579.375	0.2075
579.5	0.2067
579.625	0.2075
579.75	0.2075
579.875	0.2075
580.0	0.2075
580.125	0.2067
580.25	0.2075
580.375	0.2059
580.5	0.2067
580.625	0.2075
580.75	0.2075
580.875	0.2075
581.0	0.2075
581.125	0.2075
581.25	0.2075
581.375	0.2075
581.5	0.2083
581.625	0.2075
581.75	0.2075
581.875	0.2075
582.0	0.2075
582.125	0.2083
582.25	0.2075
582.375	0.2075
582.5	0.2075
582.625	0.2075
582.75	0.2075
582.875	0.2075
583.0	0.2075
583.125	0.2075
583.25	0.2075
583.375	0.2075
583.5	0.2083
583.625	0.2075
583.75	0.2075
583.875	0.2075
584.0	0.2075
584.125	0.2083
584.25	0.2075
584.375	0.2083
584.5	0.2075
584.625	0.2075
584.75	0.2075
584.875	0.2075
585.0	0.2075
585.125	0.2075
585.25	0.2075
585.375	0.2075
585.5	0.2075
585.625	0.2075
585.75	0.2083
585.875	0.2067
586.0	0.2083
586.125	0.2075
586.25	0.2075
586.375	0.2075
586.5	0.2075
586.625	0.2075
586.75	0.2075
586.875	0.2075
587.0	0.2075
587.125	0.2067
587.25	0.2067
587.375	0.2067
587.5	0.2075
587.625	0.2075
587.75	0.2083
587.875	0.2059
588.0	0.2067
588.125	0.2067
588.25	0.2075
588.375	0.2075
588.5	0.2059
588.625	0.2067
588.75	0.2059
588.875	0.2028
589.0	0.2044
589.125	0.2051
589.25	0.2044
589.375	0.2028
589.5	0.2051
589.625	0.2051
589.75	0.2051
589.875	0.2044
590.0	0.2036
590.125	0.2059
590.25	0.2051
590.375	0.2044
590.5	0.2059
590.625	0.2051
590.75	0.2059
590.875	0.2051
591.0	0.2028
591.125	0.2059
591.25	0.2036
591.375	0.2059
591.5	0.2044
591.625	0.2067
591.75	0.2044
591.875	0.2051
592.0	0.2051
592.125	0.2067
592.25	0.2067
592.375	0.2075
592.5	0.2083
592.625	0.2075
592.75	0.2051
592.875	0.2075
593.0	0.2067
593.125	0.2059
593.25	0.2051
593.375	0.2044
593.5	0.2059
593.625	0.2051
593.75	0.2028
593.875	0.2028
594.0	0.2028
594.125	0.2028
594.25	0.2028
594.375	0.2028
594.5	0.2036
594.625	0.2028
594.75	0.2028
594.875	0.2028
595.0	0.2004
595.125	0.2028
595.25	0.2012
595.375	0.2012
595.5	0.2012
595.625	0.2004
595.75	0.1996
595.875	0.2004
596.0	0.2012
596.125	0.2028
596.25	0.202
596.375	0.1996
596.5	0.2012
596.625	0.202
596.75	0.2004
596.875	0.2004
597.0	0.2028
597.125	0.2028
597.25	0.202
597.375	0.2004
597.5	0.2004
597.625	0.1996
597.75	0.2004
597.875	0.1996
598.0	0.2012
598.125	0.1996
598.25	0.2004
598.375	0.1996
598.5	0.202
598.625	0.2004
598.75	0.2012
598.875	0.2012
599.0	0.2012
599.125	0.1996
599.25	0.2012
599.375	0.2028
599.5	0.2012
599.625	0.2028
599.75	0.2028
599.875	0.2028
600.0	0.2004
600.125	0.2028
600.25	0.202
600.375	0.2004
600.5	0.2004
600.625	0.1996
600.75	0.1981
600.875	0.1981
601.0	0.2012
601.125	0.1996
601.25	0.1988
601.375	0.1981
601.5	0.1981
601.625	0.2004
601.75	0.1981
601.875	0.1988
602.0	0.1981
602.125	0.2012
602.25	0.1996
602.375	0.1981
602.5	0.1988
602.625	0.1981
602.75	0.1981
602.875	0.1981
603.0	0.1981
603.125	0.1981
603.25	0.1981
603.375	0.1996
603.5	0.1981
603.625	0.1981
603.75	0.1981
603.875	0.1996
604.0	0.1996
604.125	0.1981
604.25	0.1981
604.375	0.1981
604.5	0.1981
604.625	0.1988
604.75	0.1981
604.875	0.1981
605.0	0.1981
605.125	0.1981
605.25	0.1981
605.375	0.1981
605.5	0.1965
605.625	0.1981
605.75	0.1981
605.875	0.1973
606.0	0.1981
606.125	0.1981
606.25	0.1981
606.375	0.1981
606.5	0.1981
606.625	0.1981
606.75	0.1981
606.875	0.1981
607.0	0.1981
607.125	0.1981
607.25	0.1988
607.375	0.1981
607.5	0.1981
607.625	0.1981
607.75	0.1981
607.875	0.1981
608.0	0.1981
608.125	0.1981
608.25	0.1981
608.375	0.1981
608.5	0.1981
608.625	0.1981
608.75	0.1981
608.875	0.1981
609.0	0.1981
609.125	0.1981
609.25	0.1988
609.375	0.1988
609.5	0.1973
609.625	0.1981
609.75	0.1996
609.875	0.1981
610.0	0.1981
610.125	0.1981
610.25	0.1981
610.375	0.1996
610.5	0.1988
610.625	0.1988
610.75	0.1981
610.875	0.1996
611.0	0.1981
611.125	0.1981
611.25	0.1988
611.375	0.1996
611.5	0.1981
611.625	0.1996
611.75	0.1981
611.875	0.1996
612.0	0.1988
612.125	0.1981
612.25	0.1988
612.375	0.1981
612.5	0.1981
612.625	0.2004
612.75	0.1996
612.875	0.2004
613.0	0.2012
613.125	0.1996
613.25	0.1981
613.375	0.202
613.5	0.202
613.625	0.2044
613.75	0.2059
613.875	0.2075
614.0	0.2075
614.125	0.2075
614.25	0.2075
614.375	0.2099
614.5	0.2114
614.625	0.2106
614.75	0.2106
614.875	0.2122
615.0	0.2106
615.125	0.2106
615.25	0.2091
615.375	0.2091
615.5	0.2075
615.625	0.2075
615.75	0.2044
615.875	0.2028
616.0	0.2028
616.125	0.2028
616.25	0.2028
616.375	0.2028
616.5	0.2028
616.625	0.202
616.75	0.2028
616.875	0.2028
617.0	0.2012
617.125	0.2028
617.25	0.2028
617.375	0.202
617.5	0.2028
617.625	0.2028
617.75	0.2036
617.875	0.2028
618.0	0.202
618.125	0.2028
618.25	0.2036
618.375	0.2028
618.5	0.2028
618.625	0.2028
618.75	0.2028
618.875	0.2028
619.0	0.2028
619.125	0.2028
619.25	0.2036
619.375	0.2028
619.5	0.2028
619.625	0.2059
619.75	0.2028
619.875	0.2044
620.0	0.2028
620.125	0.2036
620.25	0.2036
620.375	0.2044
620.5	0.2028
620.625	0.2028
620.75	0.2044
620.875	0.2051
621.0	0.2051
621.125	0.2044
621.25	0.2051
621.375	0.2067
621.5	0.2067
621.625	0.2075
621.75	0.2075
621.875	0.2059
622.0	0.2051
622.125	0.2075
622.25	0.2075
622.375	0.2059
622.5	0.2075
622.625	0.2075
622.75	0.2075
622.875	0.2075
623.0	0.2075
623.125	0.2075
623.25	0.2067
623.375	0.2075
623.5	0.2051
623.625	0.2067
623.75	0.2075
623.875	0.2075
624.0	0.2075
624.125	0.2067
624.25	0.2075
624.375	0.2067
624.5	0.2075
624.625	0.2067
624.75	0.2067
624.875	0.2067
625.0	0.2075
625.125	0.2067
625.25	0.2067
625.375	0.2075
625.5	0.2075
625.625	0.2075
625.75	0.2059
625.875	0.2059
626.0	0.2067
626.125	0.2059
626.25	0.2075
626.375	0.2075
626.5	0.2075
626.625	0.2067
626.75	0.2075
626.875	0.2075
627.0	0.2075
627.125	0.2067
627.25	0.2075
627.375	0.2067
627.5	0.2075
627.625	0.2075
627.75	0.2059
627.875	0.2067
628.0	0.2075
628.125	0.2075
628.25	0.2059
628.375	0.2075
628.5	0.2075
628.625	0.2075
628.75	0.2075
628.875	0.2075
629.0	0.2075
629.125	0.2075
629.25	0.2075
629.375	0.2075
629.5	0.2075
629.625	0.2075
629.75	0.2059
629.875	0.2067
630.0	0.2075
630.125	0.2075
630.25	0.2075
630.375	0.2075
630.5	0.2075
630.625	0.2067
630.75	0.2075
630.875	0.2075
631.0	0.2075
631.125	0.2075
631.25	0.2075
631.375	0.2051
631.5	0.2075
631.625	0.2067
631.75	0.2075
631.875	0.2075
632.0	0.2067
632.125	0.2067
632.25	0.2051
632.375	0.2083
632.5	0.2059
632.625	0.2067
632.75	0.2067
632.875	0.2059
633.0	0.2067
633.125	0.2067
633.25	0.2059
633.375	0.2067
633.5	0.2075
633.625	0.2067
633.75	0.2059
633.875	0.2075
634.0	0.2067
634.125	0.2059
634.25	0.2028
634.375	0.2075
634.5	0.2067
634.625	0.2067
634.75	0.2036
634.875	0.2059
635.0	0.2059
635.125	0.2075
635.25	0.2059
635.375	0.2067
635.5	0.2044
635.625	0.2059
635.75	0.2051
635.875	0.2036
636.0	0.2044
636.125	0.2044
636.25	0.2044
636.375	0.2028
636.5	0.2028
636.625	0.2051
636.75	0.2051
636.875	0.2044
637.0	0.2059
637.125	0.2051
637.25	0.2044
637.375	0.2044
637.5	0.2051
637.625	0.2051
637.75	0.2051
637.875	0.2028
638.0	0.2036
638.125	0.2036
638.25	0.2044
638.375	0.2051
638.5	0.2059
638.625	0.2044
638.75	0.2036
638.875	0.2044
639.0	0.2059
639.125	0.2059
639.25	0.2059
639.375	0.2059
639.5	0.2051
639.625	0.2028
639.75	0.2028
639.875	0.2051
640.0	0.2059
640.125	0.2028
640.25	0.2059
640.375	0.2036
640.5	0.2051
640.625	0.2051
640.75	0.2051
640.875	0.2051
641.0	0.2051
641.125	0.2067
641.25	0.2059
641.375	0.2044
641.5	0.2051
641.625	0.2067
641.75	0.2044
641.875	0.2044
642.0	0.2044
642.125	0.2051
642.25	0.2075
642.375	0.2036
642.5	0.2044
642.625	0.2067
642.75	0.2059
642.875	0.2036
643.0	0.2044
643.125	0.2059
643.25	0.2075
643.375	0.2075
643.5	0.2122
643.625	0.2209
643.75	0.2295
643.875	0.2468
644.0	0.2633
644.125	0.279
644.25	0.2924
644.375	0.3018
644.5	0.3081
644.625	0.3128
644.75	0.3183
644.875	0.3238
645.0	0.3254
645.125	0.3246
645.25	0.3223
645.375	0.3168
645.5	0.3097
645.625	0.2955
645.75	0.2775
645.875	0.2602
646.0	0.2444
646.125	0.2334
646.25	0.2264
646.375	0.2201
646.5	0.2138
646.625	0.2122
646.75	0.2083
646.875	0.2075
647.0	0.2059
647.125	0.2051
647.25	0.2059
647.375	0.2067
647.5	0.2067
647.625	0.2059
647.75	0.2059
647.875	0.2051
648.0	0.2051
648.125	0.2051
648.25	0.2067
648.375	0.2051
648.5	0.2044
648.625	0.2044
648.75	0.2044
648.875	0.2028
649.0	0.2036
649.125	0.2036
649.25	0.2036
649.375	0.2028
649.5	0.202
649.625	0.2028
649.75	0.2028
649.875	0.2028
650.0	0.2028
650.125	0.202
650.25	0.2028
650.375	0.2028
650.5	0.2028
650.625	0.2036
650.75	0.2036
650.875	0.2028
651.0	0.2028
651.125	0.2028
651.25	0.202
651.375	0.202
651.5	0.2028
651.625	0.2028
651.75	0.2028
651.875	0.202
652.0	0.2028
652.125	0.2028
652.25	0.2028
652.375	0.2028
652.5	0.2028
652.625	0.2028
652.75	0.2028
652.875	0.2028
653.0	0.2028
653.125	0.2036
653.25	0.2028
653.375	0.2028
653.5	0.202
653.625	0.202
653.75	0.2028
653.875	0.2028
654.0	0.2028
654.125	0.202
654.25	0.2028
654.375	0.2028
654.5	0.2028
654.625	0.2028
654.75	0.2028
654.875	0.2028
655.0	0.2028
655.125	0.2028
655.25	0.2028
655.375	0.2028
655.5	0.2028
655.625	0.2028
655.75	0.2036
655.875	0.2028
656.0	0.2028
656.125	0.2028
656.25	0.2028
656.375	0.2028
656.5	0.2051
656.625	0.2044
656.75	0.2044
656.875	0.2028
657.0	0.2028
657.125	0.2028
657.25	0.2036
657.375	0.2028
657.5	0.2044
657.625	0.2028
657.75	0.2028
657.875	0.2028
658.0	0.2028
658.125	0.2028
658.25	0.2044
658.375	0.2028
658.5	0.2028
658.625	0.2028
658.75	0.2028
658.875	0.2028
659.0	0.2028
659.125	0.2051
659.25	0.2028
659.375	0.2051
659.5	0.2051
659.625	0.2044
659.75	0.2036
659.875	0.2044
660.0	0.2051
660.125	0.2044
660.25	0.2044
660.375	0.2028
660.5	0.2028
660.625	0.2036
660.75	0.2051
660.875	0.2044
661.0	0.2059
661.125	0.2067
661.25	0.2059
661.375	0.2059
661.5	0.2059
661.625	0.2067
661.75	0.2067
661.875	0.2075
662.0	0.2067
662.125	0.2075
662.25	0.2075
662.375	0.2075
662.5	0.2075
662.625	0.2075
662.75	0.2075
662.875	0.2075
663.0	0.2059
663.125	0.2075
663.25	0.2075
663.375	0.2067
663.5	0.2051
663.625	0.2067
663.75	0.2051
663.875	0.2067
664.0	0.2075
664.125	0.2075
664.25	0.2075
664.375	0.2067
664.5	0.2051
664.625	0.2075
664.75	0.2051
664.875	0.2044
665.0	0.2059
665.125	0.2075
665.25	0.2075
665.375	0.2075
665.5	0.2067
665.625	0.2067
665.75	0.2051
665.875	0.2051
666.0	0.2075
666.125	0.2067
666.25	0.2067
666.375	0.2059
666.5	0.2051
666.625	0.2067
666.75	0.2051
666.875	0.2075
667.0	0.2051
667.125	0.2067
667.25	0.2051
667.375	0.2051
667.5	0.2028
667.625	0.2059
667.75	0.2051
667.875	0.2044
668.0	0.2051
668.125	0.2044
668.25	0.2036
668.375	0.2051
668.5	0.2044
668.625	0.2067
668.75	0.2051
668.875	0.2044
669.0	0.2075
669.125	0.2044
669.25	0.2036
669.375	0.2036
669.5	0.2036
669.625	0.2044
669.75	0.2028
669.875	0.2036
670.0	0.2051
670.125	0.2051
670.25	0.2028
670.375	0.2036
670.5	0.2028
670.625	0.2044
670.75	0.2051
670.875	0.2036
671.0	0.2059
671.125	0.2036
671.25	0.2059
671.375	0.2051
671.5	0.2028
671.625	0.2051
671.75	0.2051
671.875	0.2044
672.0	0.2036
672.125	0.2044
672.25	0.2036
672.375	0.2028
672.5	0.2044
672.625	0.2028
672.75	0.2036
672.875	0.2044
673.0	0.2059
673.125	0.2044
673.25	0.2036
673.375	0.2044
673.5	0.2028
673.625	0.2036
673.75	0.2044
673.875	0.2036
674.0	0.2028
674.125	0.2044
674.25	0.2051
674.375	0.2028
674.5	0.2044
674.625	0.2036
674.75	0.2028
674.875	0.2044
675.0	0.2036
675.125	0.2028
675.25	0.2028
675.375	0.2036
675.5	0.2044
675.625	0.2036
675.75	0.2028
675.875	0.2036
676.0	0.2028
676.125	0.2028
676.25	0.2044
676.375	0.2036
676.5	0.2036
676.625	0.2044
676.75	0.2051
676.875	0.2036
677.0	0.2044
677.125	0.2075
677.25	0.2075
677.375	0.2044
677.5	0.2044
677.625	0.2044
677.75	0.2044
677.875	0.2067
678.0	0.2059
678.125	0.2067
678.25	0.2067
678.375	0.2075
678.5	0.2067
678.625	0.2075
678.75	0.2075
678.875	0.2075
679.0	0.2059
679.125	0.2067
679.25	0.2075
679.375	0.2075
679.5	0.2075
679.625	0.2075
679.75	0.2075
679.875	0.2075
680.0	0.2059
680.125	0.2067
680.25	0.2075
680.375	0.2075
680.5	0.2075
680.625	0.2075
680.75	0.2075
680.875	0.2075
681.0	0.2075
681.125	0.2075
681.25	0.2075
681.375	0.2075
681.5	0.2075
681.625	0.2075
681.75	0.2075
681.875	0.2083
682.0	0.2075
682.125	0.2075
682.25	0.2122
682.375	0.213
682.5	0.2209
682.625	0.2295
682.75	0.2444
682.875	0.2633
683.0	0.2759
683.125	0.2893
683.25	0.2979
683.375	0.3066
683.5	0.3121
683.625	0.3176
683.75	0.3215
683.875	0.3246
684.0	0.3254
684.125	0.3231
684.25	0.3168
684.375	0.3089
684.5	0.2971
684.625	0.2798
684.75	0.2617
684.875	0.2476
685.0	0.235
685.125	0.2248
685.25	0.2185
685.375	0.2146
685.5	0.2114
685.625	0.2099
685.75	0.2083
685.875	0.2075
686.0	0.2075
686.125	0.2075
686.25	0.2075
686.375	0.2075
686.5	0.2083
686.625	0.2083
686.75	0.2075
686.875	0.2059
687.0	0.2075
687.125	0.2075
687.25	0.2067
687.375	0.2075
687.5	0.2075
687.625	0.2075
687.75	0.2083
687.875	0.2075
688.0	0.2075
688.125	0.2075
688.25	0.2075
688.375	0.2091
688.5	0.2075
688.625	0.2075
688.75	0.2075
688.875	0.2075
689.0	0.2075
689.125	0.2059
689.25	0.2075
689.375	0.2059
689.5	0.2059
689.625	0.2059
689.75	0.2044
689.875	0.2067
690.0	0.2067
690.125	0.2059
690.25	0.2036
690.375	0.2028
690.5	0.2051
690.625	0.2036
690.75	0.2028
690.875	0.2067
691.0	0.2036
691.125	0.2028
691.25	0.2028
691.375	0.2028
691.5	0.2028
691.625	0.2044
691.75	0.2028
691.875	0.2028
692.0	0.2028
692.125	0.2028
692.25	0.202
692.375	0.2028
692.5	0.2028
692.625	0.2028
692.75	0.2028
692.875	0.2012
693.0	0.2028
693.125	0.1996
693.25	0.202
693.375	0.1996
693.5	0.1981
693.625	0.1981
693.75	0.2012
693.875	0.1981
694.0	0.2012
694.125	0.2004
694.25	0.2004
694.375	0.1996
694.5	0.1988
694.625	0.1981
694.75	0.1988
694.875	0.2012
695.0	0.1988
695.125	0.202
695.25	0.2004
695.375	0.1988
695.5	0.1988
695.625	0.202
695.75	0.2004
695.875	0.1981
696.0	0.2028
696.125	0.202
696.25	0.2028
696.375	0.202
696.5	0.2028
696.625	0.202
696.75	0.2012
696.875	0.2012
697.0	0.2004
697.125	0.2028
697.25	0.2028
697.375	0.202
697.5	0.2028
697.625	0.202
697.75	0.2028
697.875	0.2028
698.0	0.2004
698.125	0.2028
698.25	0.2012
698.375	0.2028
698.5	0.2028
698.625	0.2028
698.75	0.2028
698.875	0.2028
699.0	0.2036
699.125	0.2028
699.25	0.2036
699.375	0.2028
699.5	0.2028
699.625	0.2036
699.75	0.2036
699.875	0.2028
700.0	0.2028
700.125	0.2028
700.25	0.2036
700.375	0.2036
700.5	0.2028
700.625	0.2036
700.75	0.2028
700.875	0.2028
701.0	0.2036
701.125	0.2028
701.25	0.2028
701.375	0.2036
701.5	0.2028
701.625	0.2028
701.75	0.2028
701.875	0.2028
702.0	0.2036
702.125	0.2028
702.25	0.2028
702.375	0.2028
702.5	0.2028
702.625	0.2012
702.75	0.202
702.875	0.2028
703.0	0.2004
703.125	0.2028
703.25	0.2028
703.375	0.2012
703.5	0.2028
703.625	0.202
703.75	0.2012
703.875	0.2028
704.0	0.2028
704.125	0.2028
704.25	0.2051
704.375	0.2075
704.5	0.2122
704.625	0.2146
704.75	0.2169
704.875	0.2177
705.0	0.2216
705.125	0.2216
705.25	0.2248
705.375	0.224
705.5	0.2232
705.625	0.2232
705.75	0.224
705.875	0.2216
706.0	0.2216
706.125	0.2185
706.25	0.2169
706.375	0.2122
706.5	0.2099
706.625	0.2075
706.75	0.2067
706.875	0.2028
707.0	0.2004
707.125	0.2028
707.25	0.202
707.375	0.2012
707.5	0.1981
707.625	0.1996
707.75	0.1988
707.875	0.1988
708.0	0.2004
708.125	0.1981
708.25	0.1988
708.375	0.1981
708.5	0.1981
708.625	0.1981
708.75	0.1988
708.875	0.1981
709.0	0.1981
709.125	0.1996
709.25	0.2004
709.375	0.1981
709.5	0.1988
709.625	0.1981
709.75	0.1981
709.875	0.1981
710.0	0.1981
710.125	0.1981
710.25	0.1981
710.375	0.1988
710.5	0.1981
710.625	0.1981
710.75	0.1981
710.875	0.1996
711.0	0.1996
711.125	0.1981
711.25	0.1981
711.375	0.1981
711.5	0.1988
711.625	0.1981
711.75	0.2004
711.875	0.1988
712.0	0.2004
712.125	0.1981
712.25	0.1996
712.375	0.1988
712.5	0.1988
712.625	0.1981
712.75	0.1981
712.875	0.1981
713.0	0.1988
713.125	0.1981
713.25	0.1981
713.375	0.1981
713.5	0.1981
713.625	0.1981
713.75	0.1981
713.875	0.1981
714.0	0.1981
714.125	0.1981
714.25	0.1981
714.375	0.1981
714.5	0.1973
714.625	0.1981
714.75	0.1981
714.875	0.1973
715.0	0.1981
715.125	0.1981
715.25	0.1981
715.375	0.1981
715.5	0.1981
715.625	0.1981
715.75	0.1965
715.875	0.1981
716.0	0.1981
716.125	0.1981
716.25	0.1957
716.375	0.1949
716.5	0.1973
716.625	0.1949
716.75	0.1957
716.875	0.1957
717.0	0.1949
717.125	0.1949
717.25	0.1965
717.375	0.1981
717.5	0.1973
717.625	0.1965
717.75	0.1965
717.875	0.1949
718.0	0.1973
718.125	0.1965
718.25	0.1981
718.375	0.1965
718.5	0.1965
718.625	0.1933
718.75	0.1957
718.875	0.1933
719.0	0.1941
719.125	0.1933
719.25	0.1933
719.375	0.1926
719.5	0.1933
719.625	0.1949
719.75	0.1926
719.875	0.1941
720.0	0.1933
720.125	0.1933
720.25	0.1933
720.375	0.1933
720.5	0.1918
720.625	0.1933
720.75	0.1933
720.875	0.1933
721.0	0.1933
721.125	0.1933
721.25	0.1933
721.375	0.1933
721.5	0.1933
721.625	0.1933
721.75	0.1949
721.875	0.1949
722.0	0.1949
722.125	0.1981
722.25	0.1957
722.375	0.1957
722.5	0.1973
722.625	0.1981
722.75	0.1981
722.875	0.1988
723.0	0.2004
723.125	0.1981
723.25	0.1981
723.375	0.2028
723.5	0.2028
723.625	0.2028
723.75	0.2067
723.875	0.2075
724.0	0.2075
724.125	0.2075
724.25	0.2091
724.375	0.2106
724.5	0.2114
724.625	0.2106
724.75	0.2122
724.875	0.2122
725.0	0.213
725.125	0.2146
725.25	0.2154
725.375	0.2169
725.5	0.2154
725.625	0.2169
725.75	0.2169
725.875	0.2169
726.0	0.2193
726.125	0.2169
726.25	0.2177
726.375	0.2209
726.5	0.2193
726.625	0.2177
726.75	0.2185
726.875	0.2193
727.0	0.2209
727.125	0.2216
727.25	0.2216
727.375	0.2216
727.5	0.2216
727.625	0.2216
727.75	0.2216
727.875	0.2216
728.0	0.2216
728.125	0.2232
728.25	0.2216
728.375	0.2224
728.5	0.2224
728.625	0.2232
728.75	0.2216
728.875	0.2216
729.0	0.2216
729.125	0.2232
729.25	0.2232
729.375	0.2216
729.5	0.2232
729.625	0.2216
729.75	0.2224
729.875	0.2224
730.0	0.224
730.125	0.2232
730.25	0.2232
730.375	0.224
730.5	0.2232
730.625	0.224
730.75	0.2264
730.875	0.2232
731.0	0.2216
731.125	0.2232
731.25	0.2264
731.375	0.2256
731.5	0.2256
731.625	0.224
731.75	0.224
731.875	0.2248
732.0	0.2264
732.125	0.2248
732.25	0.2248
732.375	0.2264
732.5	0.2264
732.625	0.2264
732.75	0.2264
732.875	0.2256
733.0	0.2264
733.125	0.2256
733.25	0.2248
733.375	0.2256
733.5	0.2264
733.625	0.2264
733.75	0.2264
733.875	0.2248
734.0	0.2256
734.125	0.2264
734.25	0.2264
734.375	0.2256
734.5	0.2264
734.625	0.2256
734.75	0.2264
734.875	0.2264
735.0	0.2264
735.125	0.2264
735.25	0.2256
735.375	0.2264
735.5	0.2264
735.625	0.2256
735.75	0.2264
735.875	0.2264
736.0	0.2264
736.125	0.2264
736.25	0.2248
736.375	0.2248
736.5	0.2264
736.625	0.2264
736.75	0.2256
736.875	0.2264
737.0	0.2256
737.125	0.2248
737.25	0.2264
737.375	0.2264
737.5	0.2256
737.625	0.2248
737.75	0.2264
737.875	0.2264
738.0	0.2232
738.125	0.2256
738.25	0.2264
738.375	0.2264
738.5	0.2256
738.625	0.2264
738.75	0.2264
738.875	0.2264
739.0	0.2264
739.125	0.2256
739.25	0.2232
739.375	0.2256
739.5	0.2264
739.625	0.2264
739.75	0.2256
739.875	0.2256
740.0	0.2264
740.125	0.2264
740.25	0.2264
740.375	0.2264
740.5	0.2264
740.625	0.2272
740.75	0.2264
740.875	0.2264
741.0	0.2272
741.125	0.2287
741.25	0.2272
741.375	0.2264
741.5	0.2264
741.625	0.2264
741.75	0.2272
741.875	0.2264
742.0	0.2272
742.125	0.2264
742.25	0.2264
742.375	0.2264
742.5	0.2264
742.625	0.2264
742.75	0.2264
742.875	0.2264
743.0	0.2264
743.125	0.2264
743.25	0.2264
743.375	0.2264
743.5	0.2256
743.625	0.2256
743.75	0.2264
743.875	0.2264
744.0	0.2264
744.125	0.2264
744.25	0.2256
744.375	0.2264
744.5	0.2264
744.625	0.2264
744.75	0.2256
744.875	0.2256
745.0	0.2264
745.125	0.2264
745.25	0.2248
745.375	0.2264
745.5	0.2256
745.625	0.2264
745.75	0.2264
745.875	0.2264
746.0	0.2264
746.125	0.2264
746.25	0.2272
746.375	0.2272
746.5	0.2264
746.625	0.2279
746.75	0.2311
746.875	0.2279
747.0	0.2287
747.125	0.2311
747.25	0.2264
747.375	0.2279
747.5	0.2311
747.625	0.2311
747.75	0.2287
747.875	0.2311
748.0	0.2311
748.125	0.2279
748.25	0.2303
748.375	0.2311
748.5	0.2303
748.625	0.2311
748.75	0.2311
748.875	0.2311
749.0	0.2311
749.125	0.2303
749.25	0.2295
749.375	0.2311
749.5	0.2303
749.625	0.2287
749.75	0.2311
749.875	0.2303
750.0	0.2311
750.125	0.2311
750.25	0.2311
750.375	0.2303
750.5	0.2311
750.625	0.2295
750.75	0.2311
750.875	0.2311
751.0	0.2311
751.125	0.2303
751.25	0.2311
751.375	0.2295
751.5	0.2311
751.625	0.2311
751.75	0.2311
751.875	0.2311
752.0	0.2303
752.125	0.2303
752.25	0.2303
752.375	0.2311
752.5	0.2311
752.625	0.2311
752.75	0.2311
752.875	0.2295
753.0	0.2311
753.125	0.2311
753.25	0.2311
753.375	0.2311
753.5	0.2311
753.625	0.2342
753.75	0.2358
753.875	0.2437
754.0	0.2539
754.125	0.268
754.25	0.2893
754.375	0.3121
754.5	0.3309
754.625	0.3482
754.75	0.3592
754.875	0.3679
755.0	0.375
755.125	0.3812
755.25	0.382
755.375	0.3867
755.5	0.3867
755.625	0.382
755.75	0.3726
755.875	0.3584
756.0	0.3411
756.125	0.3191
756.25	0.2955
756.375	0.2759
756.5	0.261
756.625	0.2507
756.75	0.2452
756.875	0.2405
757.0	0.2358
757.125	0.2334
757.25	0.2311
757.375	0.2327
757.5	0.2311
757.625	0.2295
757.75	0.2295
757.875	0.2303
758.0	0.2311
758.125	0.2303
758.25	0.2311
758.375	0.2303
758.5	0.2311
758.625	0.2295
758.75	0.2311
758.875	0.2287
759.0	0.2272
759.125	0.2287
759.25	0.2264
759.375	0.2264
759.5	0.2264
759.625	0.2272
759.75	0.2256
759.875	0.2264
760.0	0.2256
760.125	0.2256
760.25	0.2248
760.375	0.2232
760.5	0.2232
760.625	0.2216
760.75	0.2216
760.875	0.2216
761.0	0.2201
761.125	0.2169
761.25	0.2177
761.375	0.2169
761.5	0.2161
761.625	0.2169
761.75	0.2169
761.875	0.2161
762.0	0.2122
762.125	0.2122
762.25	0.2114
762.375	0.2114
762.5	0.2083
762.625	0.2075
762.75	0.2083
762.875	0.2075
763.0	0.2067
763.125	0.2044
763.25	0.2059
763.375	0.2059
763.5	0.2044
763.625	0.2028
763.75	0.2036
763.875	0.2044
764.0	0.2028
764.125	0.2028
764.25	0.2012
764.375	0.2028
764.5	0.202
764.625	0.202
764.75	0.2028
764.875	0.202
765.0	0.2028
765.125	0.202
765.25	0.2028
765.375	0.2028
765.5	0.2028
765.625	0.2012
765.75	0.2028
765.875	0.2028
766.0	0.2028
766.125	0.2036
766.25	0.2028
766.375	0.2028
766.5	0.202
766.625	0.2012
766.75	0.2028
766.875	0.2036
767.0	0.2028
767.125	0.2028
767.25	0.2028
767.375	0.2036
767.5	0.2028
767.625	0.2028
767.75	0.2028
767.875	0.2028
768.0	0.2036
768.125	0.2036
768.25	0.2028
768.375	0.2028
768.5	0.2028
768.625	0.2028
768.75	0.2059
768.875	0.2044
769.0	0.2059
769.125	0.2075
769.25	0.2067
769.375	0.2075
769.5	0.2075
769.625	0.2075
769.75	0.2099
769.875	0.2106
770.0	0.2122
770.125	0.2122
770.25	0.2146
770.375	0.2146
770.5	0.2161
770.625	0.2169
770.75	0.2169
770.875	0.2169
771.0	0.2177
771.125	0.2177
771.25	0.2185
771.375	0.2201
771.5	0.2193
771.625	0.2216
771.75	0.2216
771.875	0.2216
772.0	0.2224
772.125	0.2224
772.25	0.2264
772.375	0.2256
772.5	0.2264
772.625	0.2264
772.75	0.2264
772.875	0.2264
773.0	0.2264
773.125	0.2279
773.25	0.2264
773.375	0.2279
773.5	0.2279
773.625	0.2279
773.75	0.2303
773.875	0.2287
774.0	0.2279
774.125	0.2303
774.25	0.2295
774.375	0.2295
774.5	0.2279
774.625	0.2295
774.75	0.2303
774.875	0.2295
775.0	0.2295
775.125	0.2311
775.25	0.2303
775.375	0.2311
775.5	0.2311
775.625	0.2311
775.75	0.2311
775.875	0.2311
776.0	0.2303
776.125	0.2311
776.25	0.2295
776.375	0.2303
776.5	0.2311
776.625	0.2311
776.75	0.2287
776.875	0.2311
777.0	0.2311
777.125	0.2311
777.25	0.2303
777.375	0.2311
777.5	0.2303
777.625	0.2303
777.75	0.2311
777.875	0.2311
778.0	0.2311
778.125	0.2311
778.25	0.2311
778.375	0.2311
778.5	0.2303
778.625	0.2303
778.75	0.2311
778.875	0.2303
779.0	0.2303
779.125	0.2311
779.25	0.2311
779.375	0.2319
779.5	0.2311
779.625	0.2311
779.75	0.2319
779.875	0.2311
780.0	0.2311
780.125	0.2311
780.25	0.2311
780.375	0.2311
780.5	0.2311
780.625	0.2311
780.75	0.2311
780.875	0.2311
781.0	0.2311
781.125	0.2303
781.25	0.2303
781.375	0.2311
781.5	0.2319
781.625	0.2311
781.75	0.2319
781.875	0.2311
782.0	0.2327
782.125	0.2358
782.25	0.2358
782.375	0.2358
782.5	0.2358
782.625	0.2358
782.75	0.2358
782.875	0.2374
783.0	0.2366
783.125	0.2397
783.25	0.2389
783.375	0.2374
783.5	0.2366
783.625	0.2358
783.75	0.2358
783.875	0.2334
784.0	0.2334
784.125	0.2311
784.25	0.2311
784.375	0.2311
784.5	0.2303
784.625	0.2311
784.75	0.2303
784.875	0.2311
785.0	0.2303
785.125	0.2311
785.25	0.2303
785.375	0.2303
785.5	0.2295
785.625	0.2311
785.75	0.2295
785.875	0.2295
786.0	0.2311
786.125	0.2295
786.25	0.2311
786.375	0.2295
786.5	0.2287
786.625	0.2311
786.75	0.2311
786.875	0.2295
787.0	0.2287
787.125	0.2279
787.25	0.2272
787.375	0.2311
787.5	0.2303
787.625	0.2287
787.75	0.2279
787.875	0.2279
788.0	0.2303
788.125	0.2295
788.25	0.2287
788.375	0.2303
788.5	0.2303
788.625	0.2287
788.75	0.2295
788.875	0.2303
789.0	0.2279
789.125	0.2311
789.25	0.2311
789.375	0.2295
789.5	0.2311
789.625	0.2311
789.75	0.2279
789.875	0.2295
790.0	0.2303
790.125	0.2303
790.25	0.2303
790.375	0.2311
790.5	0.2272
790.625	0.2311
790.75	0.2295
790.875	0.2311
791.0	0.2295
791.125	0.2295
791.25	0.2295
791.375	0.2272
791.5	0.2287
791.625	0.2303
791.75	0.2303
791.875	0.2311
792.0	0.2287
792.125	0.2287
792.25	0.2287
792.375	0.2303
792.5	0.2264
792.625	0.2303
792.75	0.2303
792.875	0.2303
793.0	0.2287
793.125	0.2303
793.25	0.2295
793.375	0.2303
793.5	0.2303
793.625	0.2287
793.75	0.2303
793.875	0.2311
794.0	0.2303
794.125	0.2295
794.25	0.2303
794.375	0.2295
794.5	0.2287
794.625	0.2272
794.75	0.2279
794.875	0.2264
795.0	0.2279
795.125	0.2303
795.25	0.2303
795.375	0.2303
795.5	0.2272
795.625	0.2272
795.75	0.2287
795.875	0.2287
796.0	0.2272
796.125	0.2279
796.25	0.2264
796.375	0.2287
796.5	0.2264
796.625	0.2264
796.75	0.2279
796.875	0.2264
797.0	0.2264
797.125	0.2264
797.25	0.2264
797.375	0.224
797.5	0.2256
797.625	0.2264
797.75	0.224
797.875	0.2224
798.0	0.2216
798.125	0.2224
798.25	0.2216
798.375	0.2216
798.5	0.2209
798.625	0.2209
798.75	0.2209
798.875	0.2201
799.0	0.2216
799.125	0.2201
799.25	0.2177
799.375	0.2185
799.5	0.2169
799.625	0.2177
799.75	0.2169
799.875	0.2169
800.0	0.2154
800.125	0.2161
800.25	0.2169
800.375	0.2169
800.5	0.2138
800.625	0.2154
800.75	0.213
800.875	0.2122
801.0	0.2122
801.125	0.2114
801.25	0.2122
801.375	0.2122
801.5	0.2122
801.625	0.2122
801.75	0.2122
801.875	0.2122
802.0	0.2114
802.125	0.2122
802.25	0.2122
802.375	0.2091
802.5	0.2106
802.625	0.2106
802.75	0.2114
802.875	0.2106
803.0	0.2091
803.125	0.2106
803.25	0.2122
803.375	0.2114
803.5	0.2114
803.625	0.2091
803.75	0.2122
803.875	0.2122
804.0	0.2122
804.125	0.2122
804.25	0.2122
804.375	0.2122
804.5	0.2122
804.625	0.2122
804.75	0.213
804.875	0.2122
805.0	0.213
805.125	0.2122
805.25	0.2122
805.375	0.2122
805.5	0.2122
805.625	0.2122
805.75	0.2122
805.875	0.2122
806.0	0.213
806.125	0.213
806.25	0.2122
806.375	0.2122
806.5	0.2122
806.625	0.2138
806.75	0.2146
806.875	0.2122
807.0	0.213
807.125	0.2138
807.25	0.2146
807.375	0.2146
807.5	0.2138
807.625	0.213
807.75	0.213
807.875	0.2146
808.0	0.2154
808.125	0.2138
808.25	0.2146
808.375	0.2138
808.5	0.2146
808.625	0.2138
808.75	0.2154
808.875	0.2138
809.0	0.2122
809.125	0.2154
809.25	0.2154
809.375	0.2161
809.5	0.2161
809.625	0.213
809.75	0.2154
809.875	0.2154
810.0	0.2138
810.125	0.2169
810.25	0.2169
810.375	0.2169
810.5	0.2154
810.625	0.2169
810.75	0.2146
810.875	0.2138
811.0	0.2146
811.125	0.2138
811.25	0.2169
811.375	0.2161
811.5	0.2169
811.625	0.2169
811.75	0.2154
811.875	0.2169
812.0	0.2154
812.125	0.2169
812.25	0.2169
812.375	0.2169
812.5	0.2169
812.625	0.2169
812.75	0.2169
812.875	0.2169
813.0	0.2169
813.125	0.2161
813.25	0.2154
813.375	0.2169
813.5	0.2161
813.625	0.2161
813.75	0.2138
813.875	0.2169
814.0	0.2161
814.125	0.2146
814.25	0.2154
814.375	0.2154
814.5	0.2122
814.625	0.2122
814.75	0.2122
814.875	0.2122
815.0	0.2122
815.125	0.2122
815.25	0.2122
815.375	0.2122
815.5	0.2122
815.625	0.2122
815.75	0.2106
815.875	0.2083
816.0	0.2122
816.125	0.2099
816.25	0.2099
816.375	0.2122
816.5	0.2106
816.625	0.2091
816.75	0.2114
816.875	0.2106
817.0	0.2106
817.125	0.2114
817.25	0.2099
817.375	0.2122
817.5	0.2114
817.625	0.2122
817.75	0.2114
817.875	0.2114
818.0	0.2122
818.125	0.2122
818.25	0.2122
818.375	0.2122
818.5	0.2122
818.625	0.2106
818.75	0.2114
818.875	0.2114
819.0	0.2114
819.125	0.213
819.25	0.213
819.375	0.2099
819.5	0.2122
819.625	0.2122
819.75	0.2106
819.875	0.2122
820.0	0.2122
820.125	0.2122
820.25	0.2122
820.375	0.2114
820.5	0.2114
820.625	0.2122
820.75	0.2122
820.875	0.2122
821.0	0.2106
821.125	0.2114
821.25	0.2114
821.375	0.2122
821.5	0.2122
821.625	0.2122
821.75	0.2122
821.875	0.2114
822.0	0.2122
822.125	0.2122
822.25	0.2106
822.375	0.2122
822.5	0.2099
822.625	0.2114
822.75	0.2114
822.875	0.2114
823.0	0.2122
823.125	0.2106
823.25	0.2122
823.375	0.2114
823.5	0.2114
823.625	0.2122
823.75	0.2122
823.875	0.2122
824.0	0.2122
824.125	0.2122
824.25	0.2122
824.375	0.2122
824.5	0.2122
824.625	0.2138
824.75	0.213
824.875	0.2138
825.0	0.2154
825.125	0.2138
825.25	0.2138
825.375	0.2161
825.5	0.2154
825.625	0.2154
825.75	0.2146
825.875	0.2154
826.0	0.2138
826.125	0.2146
826.25	0.2146
826.375	0.2146
826.5	0.2169
826.625	0.2169
826.75	0.2161
826.875	0.2161
827.0	0.2169
827.125	0.2169
827.25	0.2169
827.375	0.2161
827.5	0.2154
827.625	0.2161
827.75	0.2169
827.875	0.2161
828.0	0.2161
828.125	0.2169
828.25	0.2161
828.375	0.2169
828.5	0.2169
828.625	0.2169
828.75	0.2177
828.875	0.2169
829.0	0.2169
829.125	0.2169
829.25	0.2169
829.375	0.2177
829.5	0.2169
829.625	0.2169
829.75	0.2169
829.875	0.2169
830.0	0.2169
830.125	0.2169
830.25	0.2169
830.375	0.2185
830.5	0.2169
830.625	0.2193
830.75	0.2169
830.875	0.2185
831.0	0.2169
831.125	0.2169
831.25	0.2177
831.375	0.2177
831.5	0.2177
831.625	0.2193
831.75	0.2185
831.875	0.2177
832.0	0.2201
832.125	0.2169
832.25	0.2193
832.375	0.2193
832.5	0.2193
832.625	0.2193
832.75	0.2193
832.875	0.2201
833.0	0.2185
833.125	0.2216
833.25	0.2185
833.375	0.2216
833.5	0.2193
833.625	0.2209
833.75	0.2216
833.875	0.2201
834.0	0.2209
834.125	0.2201
834.25	0.2201
834.375	0.2209
834.5	0.2209
834.625	0.2185
834.75	0.2216
834.875	0.2209
835.0	0.2209
835.125	0.2185
835.25	0.2201
835.375	0.2209
835.5	0.2193
835.625	0.2209
835.75	0.2193
835.875	0.2193
836.0	0.2193
836.125	0.2193
836.25	0.2185
836.375	0.2201
836.5	0.2193
836.625	0.2185
836.75	0.2185
836.875	0.2169
837.0	0.2169
837.125	0.2169
837.25	0.2169
837.375	0.2169
837.5	0.2161
837.625	0.2161
837.75	0.2161
837.875	0.2169
838.0	0.2161
838.125	0.2154
838.25	0.2169
838.375	0.2161
838.5	0.2169
838.625	0.2161
838.75	0.2146
838.875	0.2154
839.0	0.2138
839.125	0.2169
839.25	0.2138
839.375	0.2138
839.5	0.2154
839.625	0.2146
839.75	0.2146
839.875	0.2154
840.0	0.2146
840.125	0.2146
840.25	0.2138
840.375	0.2154
840.5	0.2146
840.625	0.2138
840.75	0.2154
840.875	0.2169
841.0	0.2138
841.125	0.2138
841.25	0.2146
841.375	0.2154
841.5	0.2138
841.625	0.213
841.75	0.213
841.875	0.2122
842.0	0.2138
842.125	0.2146
842.25	0.213
842.375	0.2154
842.5	0.2138
842.625	0.2138
842.75	0.213
842.875	0.213
843.0	0.213
843.125	0.2122
843.25	0.2138
843.375	0.2138
843.5	0.213
843.625	0.2146
843.75	0.213
843.875	0.213
844.0	0.2122
844.125	0.213
844.25	0.2122
844.375	0.2138
844.5	0.213
844.625	0.2154
844.75	0.213
844.875	0.213
845.0	0.2146
845.125	0.2138
845.25	0.2122
845.375	0.2146
845.5	0.2154
845.625	0.2146
845.75	0.2154
845.875	0.2154
846.0	0.2161
846.125	0.2154
846.25	0.2146
846.375	0.2154
846.5	0.2161
846.625	0.2169
846.75	0.2169
846.875	0.2161
847.0	0.2169
847.125	0.2169
847.25	0.2169
847.375	0.2169
847.5	0.2161
847.625	0.2154
847.75	0.2161
847.875	0.2161
848.0	0.2169
848.125	0.2169
848.25	0.2169
848.375	0.2169
848.5	0.2169
848.625	0.2161
848.75	0.2169
848.875	0.2169
849.0	0.2177
849.125	0.2169
849.25	0.2169
849.375	0.2169
849.5	0.2169
849.625	0.2169
849.75	0.2169
849.875	0.2169
850.0	0.2177
850.125	0.2169
850.25	0.2169
850.375	0.2169
850.5	0.2161
850.625	0.2169
850.75	0.2169
850.875	0.2169
851.0	0.2169
851.125	0.2169
851.25	0.2169
851.375	0.2169
851.5	0.2169
851.625	0.2169
851.75	0.2169
851.875	0.2169
852.0	0.2169
852.125	0.2169
852.25	0.2177
852.375	0.2169
852.5	0.2154
852.625	0.2169
852.75	0.2169
852.875	0.2169
853.0	0.2161
853.125	0.2169
853.25	0.2161
853.375	0.2161
853.5	0.2161
853.625	0.2161
853.75	0.2169
853.875	0.2161
854.0	0.2169
854.125	0.2161
854.25	0.2161
854.375	0.2169
854.5	0.2169
854.625	0.2169
854.75	0.2161
854.875	0.2169
855.0	0.2169
855.125	0.2161
855.25	0.2169
855.375	0.2169
855.5	0.2161
855.625	0.2169
855.75	0.2169
855.875	0.2154
856.0	0.2161
856.125	0.2169
856.25	0.2169
856.375	0.2169
856.5	0.2169
856.625	0.2169
856.75	0.2169
856.875	0.2169
857.0	0.2169
857.125	0.2169
857.25	0.2154
857.375	0.2169
857.5	0.2154
857.625	0.2161
857.75	0.2154
857.875	0.2169
858.0	0.2154
858.125	0.213
858.25	0.2154
858.375	0.2169
858.5	0.2138
858.625	0.2169
858.75	0.2161
858.875	0.2169
859.0	0.2161
859.125	0.2154
859.25	0.2161
859.375	0.2154
859.5	0.2146
859.625	0.2154
859.75	0.2146
859.875	0.2161
860.0	0.2161
860.125	0.2146
860.25	0.2154
860.375	0.2138
860.5	0.213
860.625	0.2161
860.75	0.213
860.875	0.2161
861.0	0.2146
861.125	0.213
861.25	0.213
861.375	0.213
861.5	0.213
861.625	0.2122
861.75	0.2138
861.875	0.2138
862.0	0.2122
862.125	0.2122
862.25	0.2138
862.375	0.213
862.5	0.2122
862.625	0.2122
862.75	0.2122
862.875	0.213
863.0	0.2146
863.125	0.213
863.25	0.2138
863.375	0.2146
863.5	0.2154
863.625	0.2146
863.75	0.2169
863.875	0.2161
864.0	0.2146
864.125	0.2138
864.25	0.2169
864.375	0.2169
864.5	0.2169
864.625	0.2169
864.75	0.2161
864.875	0.2161
865.0	0.2169
865.125	0.2161
865.25	0.2169
865.375	0.2169
865.5	0.2169
865.625	0.2169
865.75	0.2169
865.875	0.2169
866.0	0.2169
866.125	0.2169
866.25	0.2169
866.375	0.2169
866.5	0.2169
866.625	0.2161
866.75	0.213
866.875	0.2138
867.0	0.2146
867.125	0.213
867.25	0.213
867.375	0.2122
867.5	0.213
867.625	0.2122
867.75	0.2122
867.875	0.2122
868.0	0.213
868.125	0.2122
868.25	0.2122
868.375	0.2122
868.5	0.2122
868.625	0.2106
868.75	0.2114
868.875	0.2099
869.0	0.2106
869.125	0.2106
869.25	0.2122
869.375	0.2091
869.5	0.2099
869.625	0.2083
869.75	0.2083
869.875	0.2083
870.0	0.2075
870.125	0.2075
870.25	0.2075
870.375	0.2075
870.5	0.2083
870.625	0.2075
870.75	0.2075
870.875	0.2083
871.0	0.2091
871.125	0.2122
871.25	0.2161
871.375	0.2169
871.5	0.2216
871.625	0.2232
871.75	0.224
871.875	0.2264
872.0	0.2264
872.125	0.2264
872.25	0.2279
872.375	0.2264
872.5	0.2264
872.625	0.2264
872.75	0.2264
872.875	0.2264
873.0	0.2216
873.125	0.2201
873.25	0.2185
873.375	0.2169
873.5	0.2154
873.625	0.2146
873.75	0.2122
873.875	0.2122
874.0	0.2122
874.125	0.2122
874.25	0.2122
874.375	0.2106
874.5	0.2099
874.625	0.2099
874.75	0.2106
874.875	0.2083
875.0	0.2122
875.125	0.2122
875.25	0.2106
875.375	0.2083
875.5	0.2114
875.625	0.2106
875.75	0.2091
875.875	0.2099
876.0	0.2106
876.125	0.2114
876.25	0.2083
876.375	0.2122
876.5	0.2122
876.625	0.2106
876.75	0.2114
876.875	0.2106
877.0	0.2122
877.125	0.2122
877.25	0.2122
877.375	0.2122
877.5	0.2146
877.625	0.2122
877.75	0.2122
877.875	0.2122
878.0	0.2122
878.125	0.2146
878.25	0.2122
878.375	0.213
878.5	0.2122
878.625	0.2122
878.75	0.2122
878.875	0.2122
879.0	0.2138
879.125	0.2122
879.25	0.2122
879.375	0.2138
879.5	0.2114
879.625	0.2114
879.75	0.2114
879.875	0.2106
880.0	0.2091
880.125	0.2122
880.25	0.2122
880.375	0.2122
880.5	0.2106
880.625	0.2114
880.75	0.2114
880.875	0.2122
881.0	0.2122
881.125	0.2099
881.25	0.2122
881.375	0.2122
881.5	0.2114
881.625	0.2106
881.75	0.2122
881.875	0.2122
882.0	0.2122
882.125	0.2122
882.25	0.2122
882.375	0.2122
882.5	0.2106
882.625	0.2138
882.75	0.213
882.875	0.2122
883.0	0.2122
883.125	0.213
883.25	0.213
883.375	0.2122
883.5	0.2122
883.625	0.213
883.75	0.2146
883.875	0.2138
884.0	0.2138
884.125	0.2122
884.25	0.2138
884.375	0.2154
884.5	0.2154
884.625	0.2138
884.75	0.2154
884.875	0.2146
885.0	0.2154
885.125	0.2146
885.25	0.2154
885.375	0.2154
885.5	0.2161
885.625	0.2169
885.75	0.213
885.875	0.2154
886.0	0.2161
886.125	0.2146
886.25	0.2146
886.375	0.2146
886.5	0.2146
886.625	0.2169
886.75	0.2122
886.875	0.2169
887.0	0.2146
887.125	0.2169
887.25	0.2169
887.375	0.2161
887.5	0.2169
887.625	0.2169
887.75	0.2154
887.875	0.2161
888.0	0.2154
888.125	0.2169
888.25	0.2169
888.375	0.2161
888.5	0.2169
888.625	0.2161
888.75	0.2169
888.875	0.2169
889.0	0.2169
889.125	0.2169
889.25	0.2169
889.375	0.2169
889.5	0.2161
889.625	0.2169
889.75	0.2169
889.875	0.2169
890.0	0.2177
890.125	0.2169
890.25	0.2169
890.375	0.2169
890.5	0.2161
890.625	0.2169
890.75	0.2169
890.875	0.2169
891.0	0.2177
891.125	0.2177
891.25	0.2169
891.375	0.2169
891.5	0.2169
891.625	0.2169
891.75	0.2169
891.875	0.2169
892.0	0.2169
892.125	0.2169
892.25	0.2169
892.375	0.2185
892.5	0.2169
892.625	0.2169
892.75	0.2169
892.875	0.2169
893.0	0.2169
893.125	0.2169
893.25	0.2169
893.375	0.2161
893.5	0.2161
893.625	0.2161
893.75	0.2169
893.875	0.2154
894.0	0.2154
894.125	0.2146
894.25	0.2146
894.375	0.2146
894.5	0.2169
894.625	0.2169
894.75	0.2138
894.875	0.2169
895.0	0.2146
895.125	0.2146
895.25	0.2146
895.375	0.2146
895.5	0.2138
895.625	0.2146
895.75	0.2138
895.875	0.2146
896.0	0.2138
896.125	0.2138
896.25	0.213
896.375	0.2146
896.5	0.213
896.625	0.2146
896.75	0.2138
896.875	0.2138
897.0	0.2146
897.125	0.213
897.25	0.213
897.375	0.2138
897.5	0.2138
897.625	0.2154
897.75	0.2146
897.875	0.213
898.0	0.2146
898.125	0.2122
898.25	0.2154
898.375	0.2146
898.5	0.2138
898.625	0.213
898.75	0.2138
898.875	0.2154
899.0	0.2122
899.125	0.2146
899.25	0.213
899.375	0.2146
899.5	0.2161
899.625	0.213
899.75	0.2146
899.875	0.2169
