350.0	0.2413
350.125	0.2437
350.25	0.2444
350.375	0.2429
350.5	0.2429
350.625	0.2444
350.75	0.2413
350.875	0.2421
351.0	0.2437
351.125	0.2437
351.25	0.2413
351.375	0.2405
351.5	0.2389
351.625	0.2366
351.75	0.235
351.875	0.2358
352.0	0.2382
352.125	0.2382
352.25	0.2358
352.375	0.2358
352.5	0.2358
352.625	0.2327
352.75	0.2311
352.875	0.2303
353.0	0.2287
353.125	0.2311
353.25	0.2295
353.375	0.2303
353.5	0.2287
353.625	0.2279
353.75	0.2272
353.875	0.2264
354.0	0.2272
354.125	0.2272
354.25	0.2272
354.375	0.2264
354.5	0.2279
354.625	0.2279
354.75	0.2287
354.875	0.2287
355.0	0.2311
355.125	0.2303
355.25	0.2295
355.375	0.2287
355.5	0.2311
355.625	0.2287
355.75	0.2264
355.875	0.2264
356.0	0.2264
356.125	0.2264
356.25	0.2264
356.375	0.2256
356.5	0.2264
356.625	0.2264
356.75	0.2264
356.875	0.2272
357.0	0.2264
357.125	0.2264
357.25	0.2264
357.375	0.2264
357.5	0.2264
357.625	0.2264
357.75	0.2264
357.875	0.2256
358.0	0.2264
358.125	0.2264
358.25	0.2264
358.375	0.2264
358.5	0.2264
358.625	0.2264
358.75	0.2287
358.875	0.2295
359.0	0.2311
359.125	0.2327
359.25	0.2303
359.375	0.2311
359.5	0.2319
359.625	0.2334
359.75	0.2327
359.875	0.2358
360.0	0.2358
360.125	0.235
360.25	0.2334
360.375	0.235
360.5	0.2319
360.625	0.2303
360.75	0.2311
360.875	0.2295
361.0	0.2272
361.125	0.2264
361.25	0.2264
361.375	0.2256
361.5	0.2264
361.625	0.2264
361.75	0.2264
361.875	0.2264
362.0	0.2264
362.125	0.2264
362.25	0.2264
362.375	0.2256
362.5	0.2264
362.625	0.2264
362.75	0.2264
362.875	0.2264
363.0	0.2264
363.125	0.2264
363.25	0.2264
363.375	0.2264
363.5	0.2264
363.625	0.2272
363.75	0.2279
363.875	0.2264
364.0	0.2279
364.125	0.2279
364.25	0.2311
364.375	0.2303
364.5	0.2303
364.625	0.2303
364.75	0.2342
364.875	0.2374
365.0	0.2444
365.125	0.2586
365.25	0.2861
365.375	0.3333
365.5	0.4001
365.625	0.4811
365.75	0.5613
365.875	0.6336
366.0	0.6894
366.125	0.7287
366.25	0.7594
366.375	0.783
366.5	0.8042
366.625	0.8183
366.75	0.8215
366.875	0.816
367.0	0.7971
367.125	0.7602
367.25	0.7091
367.375	0.6289
367.5	0.5424
367.625	0.4575
367.75	0.3828
367.875	0.3325
368.0	0.2987
368.125	0.2735
368.25	0.2547
368.375	0.2413
368.5	0.2358
368.625	0.2327
368.75	0.2319
368.875	0.2311
369.0	0.2311
369.125	0.2311
369.25	0.2311
369.375	0.2295
369.5	0.2311
369.625	0.2319
369.75	0.2311
369.875	0.2311
370.0	0.2311
370.125	0.2303
370.25	0.2311
370.375	0.2311
370.5	0.2303
370.625	0.2303
370.75	0.2311
370.875	0.2311
371.0	0.2311
371.125	0.2311
371.25	0.2311
371.375	0.2295
371.5	0.2311
371.625	0.2303
371.75	0.2287
371.875	0.2311
372.0	0.2303
372.125	0.2311
372.25	0.2295
372.375	0.2311
372.5	0.2303
372.625	0.2287
372.75	0.2303
372.875	0.2303
373.0	0.2311
373.125	0.2342
373.25	0.2374
373.375	0.2374
373.5	0.2405
373.625	0.2429
373.75	0.2444
373.875	0.2452
374.0	0.2452
374.125	0.2452
374.25	0.2452
374.375	0.2444
374.5	0.2444
374.625	0.2429
374.75	0.2444
374.875	0.2405
375.0	0.2397
375.125	0.2358
375.25	0.2358
375.375	0.2334
375.5	0.2311
375.625	0.2311
375.75	0.2311
375.875	0.2279
376.0	0.2295
376.125	0.2311
376.25	0.2287
376.375	0.2264
376.5	0.2311
376.625	0.2303
376.75	0.2279
376.875	0.2287
377.0	0.2287
377.125	0.2295
377.25	0.2311
377.375	0.2303
377.5	0.2311
377.625	0.2303
377.75	0.2311
377.875	0.2311
378.0	0.2311
378.125	0.2311
378.25	0.2303
378.375	0.2311
378.5	0.2311
378.625	0.2311
378.75	0.2319
378.875	0.2311
379.0	0.2327
379.125	0.2366
379.25	0.2405
379.375	0.2452
379.5	0.25
379.625	0.2547
379.75	0.2594
379.875	0.2594
380.0	0.2633
380.125	0.2641
380.25	0.2641
380.375	0.2657
380.5	0.2657
380.625	0.2641
380.75	0.2641
380.875	0.2633
381.0	0.2594
381.125	0.2578
381.25	0.25
381.375	0.2452
381.5	0.2397
381.625	0.2358
381.75	0.2358
381.875	0.2319
382.0	0.2311
382.125	0.2311
382.25	0.2303
382.375	0.2287
382.5	0.2295
382.625	0.2311
382.75	0.2311
382.875	0.2319
383.0	0.2303
383.125	0.2311
383.25	0.2311
383.375	0.2311
383.5	0.2303
383.625	0.2311
383.75	0.2303
383.875	0.2287
384.0	0.2287
384.125	0.2264
384.25	0.2264
384.375	0.2279
384.5	0.2272
384.625	0.2272
384.75	0.2272
384.875	0.2264
385.0	0.2279
385.125	0.2264
385.25	0.2272
385.375	0.2272
385.5	0.2272
385.625	0.2264
385.75	0.2279
385.875	0.2287
386.0	0.2272
386.125	0.2272
386.25	0.2295
386.375	0.2295
386.5	0.2295
386.625	0.2295
386.75	0.2287
386.875	0.2287
387.0	0.2272
387.125	0.2295
387.25	0.2279
387.375	0.2279
387.5	0.2279
387.625	0.2303
387.75	0.2279
387.875	0.2272
388.0	0.2287
388.125	0.2279
388.25	0.2295
388.375	0.2311
388.5	0.2303
388.625	0.2311
388.75	0.2311
388.875	0.2327
389.0	0.2358
389.125	0.2358
389.25	0.2366
389.375	0.2366
389.5	0.2358
389.625	0.2374
389.75	0.2382
389.875	0.2405
390.0	0.2382
390.125	0.2397
390.25	0.2397
390.375	0.2366
390.5	0.2358
390.625	0.2342
390.75	0.235
390.875	0.2358
391.0	0.2342
391.125	0.2358
391.25	0.2342
391.375	0.2334
391.5	0.2342
391.625	0.2334
391.75	0.2334
391.875	0.2358
392.0	0.235
392.125	0.2358
392.25	0.2358
392.375	0.2358
392.5	0.235
392.625	0.235
392.75	0.2342
392.875	0.2327
393.0	0.2319
393.125	0.235
393.25	0.2327
393.375	0.2327
393.5	0.2327
393.625	0.2311
393.75	0.2311
393.875	0.2311
394.0	0.2366
394.125	0.2358
394.25	0.2311
394.375	0.2279
394.5	0.2216
394.625	0.2224
394.75	0.2295
394.875	0.2358
395.0	0.2358
395.125	0.2358
395.25	0.2358
395.375	0.235
395.5	0.2311
395.625	0.2311
395.75	0.2311
395.875	0.2311
396.0	0.2334
396.125	0.2319
396.25	0.2311
396.375	0.2311
396.5	0.2311
396.625	0.2311
396.75	0.2342
396.875	0.2319
397.0	0.2327
397.125	0.2311
397.25	0.2334
397.375	0.2327
397.5	0.2311
397.625	0.2327
397.75	0.2303
397.875	0.2311
398.0	0.2311
398.125	0.2311
398.25	0.2311
398.375	0.2319
398.5	0.2334
398.625	0.2311
398.75	0.2334
398.875	0.2311
399.0	0.2311
399.125	0.2303
399.25	0.2311
399.375	0.2295
399.5	0.2311
399.625	0.2311
399.75	0.2311
399.875	0.2311
