900.0	0.0322
899.875	0.033
899.75	0.033
899.625	0.033
899.5	0.0338
899.375	0.0322
899.25	0.033
899.125	0.033
899.0	0.033
898.875	0.033
898.75	0.033
898.625	0.0338
898.5	0.033
898.375	0.033
898.25	0.0322
898.125	0.0345
898.0	0.033
897.875	0.033
897.75	0.033
897.625	0.033
897.5	0.0338
897.375	0.033
897.25	0.033
897.125	0.033
897.0	0.0322
896.875	0.033
896.75	0.033
896.625	0.033
896.5	0.033
896.375	0.033
896.25	0.033
896.125	0.0314
896.0	0.033
895.875	0.033
895.75	0.033
895.625	0.033
895.5	0.033
895.375	0.033
895.25	0.033
895.125	0.033
895.0	0.033
894.875	0.0322
894.75	0.033
894.625	0.033
894.5	0.033
894.375	0.033
894.25	0.033
894.125	0.0338
894.0	0.033
893.875	0.0322
893.75	0.033
893.625	0.0338
893.5	0.033
893.375	0.033
893.25	0.033
893.125	0.033
893.0	0.0322
892.875	0.033
892.75	0.033
892.625	0.033
892.5	0.0322
892.375	0.033
892.25	0.033
892.125	0.033
892.0	0.033
891.875	0.033
891.75	0.0314
891.625	0.033
891.5	0.0306
891.375	0.033
891.25	0.033
891.125	0.0322
891.0	0.0322
890.875	0.033
890.75	0.033
890.625	0.033
890.5	0.033
890.375	0.0306
890.25	0.033
890.125	0.0322
890.0	0.033
889.875	0.0322
889.75	0.033
889.625	0.0322
889.5	0.0322
889.375	0.0322
889.25	0.033
889.125	0.0322
889.0	0.0322
888.875	0.0322
888.75	0.033
888.625	0.0314
888.5	0.033
888.375	0.033
888.25	0.033
888.125	0.033
888.0	0.033
887.875	0.0306
887.75	0.0314
887.625	0.033
887.5	0.033
887.375	0.0322
887.25	0.0322
887.125	0.033
887.0	0.0322
886.875	0.033
886.75	0.033
886.625	0.033
886.5	0.0314
886.375	0.0322
886.25	0.0322
886.125	0.0322
886.0	0.033
885.875	0.0306
885.75	0.0322
885.625	0.0314
885.5	0.033
885.375	0.033
885.25	0.0322
885.125	0.0322
885.0	0.0322
884.875	0.0314
884.75	0.033
884.625	0.033
884.5	0.033
884.375	0.033
884.25	0.0322
884.125	0.033
884.0	0.0298
883.875	0.033
883.75	0.0322
883.625	0.033
883.5	0.0322
883.375	0.0314
883.25	0.033
883.125	0.033
883.0	0.0314
882.875	0.033
882.75	0.033
882.625	0.0322
882.5	0.033
882.375	0.033
882.25	0.033
882.125	0.0322
882.0	0.033
881.875	0.033
881.75	0.033
881.625	0.0322
881.5	0.033
881.375	0.033
881.25	0.033
881.125	0.033
881.0	0.033
880.875	0.033
880.75	0.033
880.625	0.033
880.5	0.033
880.375	0.0322
880.25	0.033
880.125	0.0322
880.0	0.0322
879.875	0.033
879.75	0.033
879.625	0.033
879.5	0.0322
879.375	0.0314
879.25	0.0314
879.125	0.033
879.0	0.033
878.875	0.033
878.75	0.033
878.625	0.033
878.5	0.0322
878.375	0.0314
878.25	0.0314
878.125	0.033
878.0	0.0306
877.875	0.0314
877.75	0.0314
877.625	0.033
877.5	0.033
877.375	0.033
877.25	0.0322
877.125	0.0306
877.0	0.033
876.875	0.033
876.75	0.0322
876.625	0.033
876.5	0.0322
876.375	0.033
876.25	0.033
876.125	0.0314
876.0	0.033
875.875	0.033
875.75	0.033
875.625	0.033
875.5	0.033
875.375	0.033
875.25	0.033
875.125	0.033
875.0	0.033
874.875	0.033
874.75	0.033
874.625	0.0322
874.5	0.033
874.375	0.033
874.25	0.033
874.125	0.0314
874.0	0.0314
873.875	0.033
873.75	0.033
873.625	0.0306
873.5	0.033
873.375	0.033
873.25	0.033
873.125	0.0314
873.0	0.033
872.875	0.033
872.75	0.0322
872.625	0.033
872.5	0.0322
872.375	0.033
872.25	0.0338
872.125	0.0322
872.0	0.033
871.875	0.033
871.75	0.0314
871.625	0.0322
871.5	0.0322
871.375	0.0322
871.25	0.0322
871.125	0.0314
871.0	0.033
870.875	0.0322
870.75	0.0338
870.625	0.033
870.5	0.033
870.375	0.033
870.25	0.0338
870.125	0.0338
870.0	0.033
869.875	0.0322
869.75	0.0322
869.625	0.033
869.5	0.033
869.375	0.033
869.25	0.033
869.125	0.033
869.0	0.033
868.875	0.033
868.75	0.033
868.625	0.033
868.5	0.033
868.375	0.033
868.25	0.0345
868.125	0.033
868.0	0.033
867.875	0.033
867.75	0.033
867.625	0.0338
867.5	0.0338
867.375	0.033
867.25	0.0338
867.125	0.0322
867.0	0.033
866.875	0.0322
866.75	0.0322
866.625	0.033
866.5	0.033
866.375	0.0314
866.25	0.0314
866.125	0.033
866.0	0.0314
865.875	0.033
865.75	0.0338
865.625	0.033
865.5	0.033
865.375	0.033
865.25	0.033
865.125	0.033
865.0	0.033
864.875	0.033
864.75	0.033
864.625	0.0338
864.5	0.033
864.375	0.033
864.25	0.0338
864.125	0.033
864.0	0.033
863.875	0.0314
863.75	0.0338
863.625	0.033
863.5	0.033
863.375	0.033
863.25	0.0322
863.125	0.0322
863.0	0.033
862.875	0.033
862.75	0.0338
862.625	0.033
862.5	0.033
862.375	0.0338
862.25	0.0322
862.125	0.033
862.0	0.033
861.875	0.033
861.75	0.033
861.625	0.033
861.5	0.033
861.375	0.033
861.25	0.033
861.125	0.0322
861.0	0.0322
860.875	0.033
860.75	0.0322
860.625	0.033
860.5	0.033
860.375	0.0322
860.25	0.033
860.125	0.033
860.0	0.033
859.875	0.0314
859.75	0.033
859.625	0.033
859.5	0.033
859.375	0.0322
859.25	0.033
859.125	0.0314
859.0	0.0322
858.875	0.033
858.75	0.033
858.625	0.033
858.5	0.0338
858.375	0.033
858.25	0.0338
858.125	0.033
858.0	0.033
857.875	0.0338
857.75	0.033
857.625	0.033
857.5	0.033
857.375	0.033
857.25	0.033
857.125	0.0345
857.0	0.033
856.875	0.033
856.75	0.0338
856.625	0.033
856.5	0.0338
856.375	0.033
856.25	0.033
856.125	0.033
856.0	0.0338
855.875	0.0338
855.75	0.033
855.625	0.033
855.5	0.0322
855.375	0.0322
855.25	0.033
855.125	0.033
855.0	0.033
854.875	0.033
854.75	0.033
854.625	0.033
854.5	0.033
854.375	0.033
854.25	0.033
854.125	0.0322
854.0	0.033
853.875	0.0338
853.75	0.033
853.625	0.033
853.5	0.033
853.375	0.0338
853.25	0.033
853.125	0.033
853.0	0.0338
852.875	0.033
852.75	0.033
852.625	0.0322
852.5	0.0322
852.375	0.033
852.25	0.033
852.125	0.0322
852.0	0.0338
851.875	0.033
851.75	0.0322
851.625	0.033
851.5	0.033
851.375	0.0322
851.25	0.033
851.125	0.033
851.0	0.033
850.875	0.0322
850.75	0.0298
850.625	0.033
850.5	0.0322
850.375	0.033
850.25	0.033
850.125	0.033
850.0	0.033
849.875	0.033
849.75	0.0322
849.625	0.0314
849.5	0.033
849.375	0.033
849.25	0.0322
849.125	0.0322
849.0	0.0322
848.875	0.033
848.75	0.0322
848.625	0.0322
848.5	0.0338
848.375	0.033
848.25	0.033
848.125	0.033
848.0	0.0338
847.875	0.033
847.75	0.0338
847.625	0.033
847.5	0.033
847.375	0.033
847.25	0.0322
847.125	0.033
847.0	0.033
846.875	0.033
846.75	0.033
846.625	0.0345
846.5	0.033
846.375	0.0345
846.25	0.033
846.125	0.033
846.0	0.033
845.875	0.0338
845.75	0.0338
845.625	0.033
845.5	0.033
845.375	0.0353
845.25	0.033
845.125	0.0338
845.0	0.0338
844.875	0.0338
844.75	0.033
844.625	0.0338
844.5	0.033
844.375	0.0338
844.25	0.033
844.125	0.033
844.0	0.033
843.875	0.0353
843.75	0.0338
843.625	0.0338
843.5	0.033
843.375	0.0361
843.25	0.033
843.125	0.033
843.0	0.033
842.875	0.0353
842.75	0.033
842.625	0.033
842.5	0.033
842.375	0.033
842.25	0.0338
842.125	0.033
842.0	0.0345
841.875	0.033
841.75	0.033
841.625	0.033
841.5	0.0338
841.375	0.033
841.25	0.0322
841.125	0.033
841.0	0.033
840.875	0.033
840.75	0.033
840.625	0.033
840.5	0.033
840.375	0.033
840.25	0.0322
840.125	0.033
840.0	0.033
839.875	0.033
839.75	0.033
839.625	0.033
839.5	0.0353
839.375	0.033
839.25	0.033
839.125	0.0338
839.0	0.033
838.875	0.0338
838.75	0.0345
838.625	0.033
838.5	0.0353
838.375	0.0345
838.25	0.033
838.125	0.033
838.0	0.0353
837.875	0.0353
837.75	0.0338
837.625	0.0345
837.5	0.0338
837.375	0.0361
837.25	0.033
837.125	0.0338
837.0	0.033
836.875	0.0361
836.75	0.0353
836.625	0.0345
836.5	0.0345
836.375	0.0338
836.25	0.0338
836.125	0.033
836.0	0.0353
835.875	0.0345
835.75	0.0345
835.625	0.0345
835.5	0.0338
835.375	0.033
835.25	0.0353
835.125	0.033
835.0	0.033
834.875	0.0345
834.75	0.033
834.625	0.0361
834.5	0.0338
834.375	0.0338
834.25	0.033
834.125	0.033
834.0	0.033
833.875	0.033
833.75	0.0338
833.625	0.0322
833.5	0.033
833.375	0.0338
833.25	0.033
833.125	0.033
833.0	0.0322
832.875	0.033
832.75	0.033
832.625	0.033
832.5	0.033
832.375	0.033
832.25	0.0338
832.125	0.033
832.0	0.033
831.875	0.033
831.75	0.033
831.625	0.033
831.5	0.033
831.375	0.033
831.25	0.0322
831.125	0.0338
831.0	0.033
830.875	0.033
830.75	0.0353
830.625	0.0353
830.5	0.0361
830.375	0.033
830.25	0.0345
830.125	0.033
830.0	0.0338
829.875	0.0345
829.75	0.0338
829.625	0.0338
829.5	0.0345
829.375	0.033
829.25	0.0322
829.125	0.0338
829.0	0.033
828.875	0.033
828.75	0.033
828.625	0.033
828.5	0.033
828.375	0.033
828.25	0.033
828.125	0.033
828.0	0.033
827.875	0.0338
827.75	0.033
827.625	0.033
827.5	0.033
827.375	0.0338
827.25	0.033
827.125	0.033
827.0	0.0345
826.875	0.033
826.75	0.0338
826.625	0.033
826.5	0.033
826.375	0.033
826.25	0.033
826.125	0.033
826.0	0.0322
825.875	0.033
825.75	0.033
825.625	0.033
825.5	0.033
825.375	0.033
825.25	0.033
825.125	0.033
825.0	0.033
824.875	0.033
824.75	0.033
824.625	0.033
824.5	0.033
824.375	0.033
824.25	0.033
824.125	0.033
824.0	0.033
823.875	0.0345
823.75	0.033
823.625	0.033
823.5	0.0345
823.375	0.0322
823.25	0.033
823.125	0.0338
823.0	0.0338
822.875	0.033
822.75	0.033
822.625	0.033
822.5	0.0338
822.375	0.033
822.25	0.033
822.125	0.033
822.0	0.0338
821.875	0.033
821.75	0.033
821.625	0.0338
821.5	0.033
821.375	0.033
821.25	0.0338
821.125	0.033
821.0	0.0338
820.875	0.033
820.75	0.033
820.625	0.0338
820.5	0.0345
820.375	0.033
820.25	0.0353
820.125	0.033
820.0	0.033
819.875	0.033
819.75	0.033
819.625	0.033
819.5	0.033
819.375	0.033
819.25	0.033
819.125	0.033
819.0	0.033
818.875	0.0322
818.75	0.033
818.625	0.0338
818.5	0.033
818.375	0.033
818.25	0.033
818.125	0.0345
818.0	0.033
817.875	0.033
817.75	0.033
817.625	0.033
817.5	0.033
817.375	0.033
817.25	0.0338
817.125	0.033
817.0	0.033
816.875	0.0345
816.75	0.033
816.625	0.033
816.5	0.033
816.375	0.0322
816.25	0.033
816.125	0.0338
816.0	0.0353
815.875	0.033
815.75	0.033
815.625	0.033
815.5	0.0338
815.375	0.033
815.25	0.033
815.125	0.033
815.0	0.033
814.875	0.0322
814.75	0.033
814.625	0.033
814.5	0.033
814.375	0.033
814.25	0.0338
814.125	0.033
814.0	0.0322
813.875	0.0322
813.75	0.0338
813.625	0.033
813.5	0.0322
813.375	0.0322
813.25	0.0345
813.125	0.033
813.0	0.0322
812.875	0.033
812.75	0.033
812.625	0.033
812.5	0.033
812.375	0.0322
812.25	0.033
812.125	0.0322
812.0	0.033
811.875	0.0322
811.75	0.0322
811.625	0.033
811.5	0.0314
811.375	0.033
811.25	0.0345
811.125	0.033
811.0	0.033
810.875	0.033
810.75	0.033
810.625	0.0338
810.5	0.033
810.375	0.033
810.25	0.033
810.125	0.033
810.0	0.033
809.875	0.0298
809.75	0.033
809.625	0.0322
809.5	0.0322
809.375	0.0314
809.25	0.0314
809.125	0.033
809.0	0.033
808.875	0.0314
808.75	0.033
808.625	0.0306
808.5	0.033
808.375	0.033
808.25	0.033
808.125	0.033
808.0	0.033
807.875	0.033
807.75	0.033
807.625	0.033
807.5	0.033
807.375	0.033
807.25	0.033
807.125	0.033
807.0	0.0314
806.875	0.0314
806.75	0.0322
806.625	0.033
806.5	0.033
806.375	0.0338
806.25	0.0322
806.125	0.0322
806.0	0.0322
805.875	0.033
805.75	0.0338
805.625	0.033
805.5	0.0322
805.375	0.033
805.25	0.0322
805.125	0.033
805.0	0.0345
804.875	0.033
804.75	0.033
804.625	0.033
804.5	0.033
804.375	0.033
804.25	0.0314
804.125	0.033
804.0	0.033
803.875	0.0338
803.75	0.0314
803.625	0.0338
803.5	0.033
803.375	0.033
803.25	0.0322
803.125	0.033
803.0	0.033
802.875	0.0338
802.75	0.033
802.625	0.033
802.5	0.033
802.375	0.033
802.25	0.033
802.125	0.033
802.0	0.0306
801.875	0.033
801.75	0.033
801.625	0.033
801.5	0.033
801.375	0.033
801.25	0.033
801.125	0.033
801.0	0.033
800.875	0.0338
800.75	0.0322
800.625	0.033
800.5	0.033
800.375	0.0338
800.25	0.033
800.125	0.033
800.0	0.033
799.875	0.033
799.75	0.033
799.625	0.033
799.5	0.033
799.375	0.0322
799.25	0.033
799.125	0.033
799.0	0.033
798.875	0.0338
798.75	0.0322
798.625	0.033
798.5	0.033
798.375	0.033
798.25	0.033
798.125	0.033
798.0	0.033
797.875	0.033
797.75	0.033
797.625	0.033
797.5	0.033
797.375	0.033
797.25	0.033
797.125	0.033
797.0	0.033
796.875	0.0345
796.75	0.033
796.625	0.033
796.5	0.033
796.375	0.033
796.25	0.033
796.125	0.033
796.0	0.0338
795.875	0.033
795.75	0.033
795.625	0.033
795.5	0.033
795.375	0.0338
795.25	0.033
795.125	0.033
795.0	0.033
794.875	0.033
794.75	0.033
794.625	0.033
794.5	0.0338
794.375	0.033
794.25	0.033
794.125	0.033
794.0	0.0345
793.875	0.033
793.75	0.0338
793.625	0.033
793.5	0.033
793.375	0.033
793.25	0.033
793.125	0.033
793.0	0.033
792.875	0.033
792.75	0.0338
792.625	0.033
792.5	0.033
792.375	0.0338
792.25	0.033
792.125	0.033
792.0	0.0353
791.875	0.0338
791.75	0.033
791.625	0.0345
791.5	0.033
791.375	0.0338
791.25	0.033
791.125	0.033
791.0	0.033
790.875	0.0338
790.75	0.033
790.625	0.0322
790.5	0.033
790.375	0.033
790.25	0.033
790.125	0.033
790.0	0.0338
789.875	0.0338
789.75	0.0361
789.625	0.0369
789.5	0.0338
789.375	0.0345
789.25	0.033
789.125	0.0345
789.0	0.0353
788.875	0.0369
788.75	0.0369
788.625	0.0338
788.5	0.033
788.375	0.0361
788.25	0.0345
788.125	0.033
788.0	0.0345
787.875	0.0353
787.75	0.0353
787.625	0.0338
787.5	0.033
787.375	0.0345
787.25	0.033
787.125	0.0338
787.0	0.033
786.875	0.0338
786.75	0.0338
786.625	0.0345
786.5	0.033
786.375	0.033
786.25	0.033
786.125	0.033
786.0	0.033
785.875	0.033
785.75	0.033
785.625	0.0322
785.5	0.0338
785.375	0.0338
785.25	0.033
785.125	0.033
785.0	0.033
784.875	0.033
784.75	0.033
784.625	0.033
784.5	0.033
784.375	0.033
784.25	0.033
784.125	0.033
784.0	0.033
783.875	0.033
783.75	0.0345
783.625	0.033
783.5	0.033
783.375	0.033
783.25	0.0338
783.125	0.033
783.0	0.033
782.875	0.033
782.75	0.0338
782.625	0.033
782.5	0.033
782.375	0.0345
782.25	0.0353
782.125	0.033
782.0	0.0338
781.875	0.033
781.75	0.0345
781.625	0.033
781.5	0.033
781.375	0.0338
781.25	0.0338
781.125	0.0338
781.0	0.0345
780.875	0.033
780.75	0.033
780.625	0.0338
780.5	0.0338
780.375	0.033
780.25	0.033
780.125	0.033
780.0	0.0345
779.875	0.033
779.75	0.033
779.625	0.033
779.5	0.033
779.375	0.0322
779.25	0.0314
779.125	0.033
779.0	0.033
778.875	0.033
778.75	0.033
778.625	0.033
778.5	0.033
778.375	0.033
778.25	0.0338
778.125	0.033
778.0	0.033
777.875	0.033
777.75	0.033
777.625	0.033
777.5	0.0338
777.375	0.033
777.25	0.033
777.125	0.0338
777.0	0.033
776.875	0.033
776.75	0.033
776.625	0.0314
776.5	0.0322
776.375	0.033
776.25	0.0322
776.125	0.033
776.0	0.033
775.875	0.033
775.75	0.033
775.625	0.0338
775.5	0.033
775.375	0.033
775.25	0.033
775.125	0.033
775.0	0.033
774.875	0.033
774.75	0.033
774.625	0.033
774.5	0.033
774.375	0.033
774.25	0.033
774.125	0.033
774.0	0.0338
773.875	0.033
773.75	0.033
773.625	0.0322
773.5	0.033
773.375	0.033
773.25	0.033
773.125	0.033
773.0	0.033
772.875	0.033
772.75	0.033
772.625	0.0322
772.5	0.033
772.375	0.0338
772.25	0.0338
772.125	0.033
772.0	0.0338
771.875	0.033
771.75	0.0345
771.625	0.033
771.5	0.033
771.375	0.0322
771.25	0.033
771.125	0.033
771.0	0.033
770.875	0.033
770.75	0.033
770.625	0.033
770.5	0.033
770.375	0.033
770.25	0.0322
770.125	0.033
770.0	0.033
769.875	0.033
769.75	0.033
769.625	0.0322
769.5	0.033
769.375	0.033
769.25	0.033
769.125	0.033
769.0	0.033
768.875	0.0322
768.75	0.0314
768.625	0.0314
768.5	0.0322
768.375	0.033
768.25	0.0306
768.125	0.033
768.0	0.033
767.875	0.0314
767.75	0.0314
767.625	0.033
767.5	0.033
767.375	0.0314
767.25	0.033
767.125	0.033
767.0	0.0322
766.875	0.033
766.75	0.033
766.625	0.0322
766.5	0.033
766.375	0.033
766.25	0.033
766.125	0.033
766.0	0.0338
765.875	0.033
765.75	0.033
765.625	0.0322
765.5	0.033
765.375	0.033
765.25	0.033
765.125	0.0322
765.0	0.033
764.875	0.033
764.75	0.033
764.625	0.033
764.5	0.033
764.375	0.0322
764.25	0.033
764.125	0.033
764.0	0.0322
763.875	0.033
763.75	0.0322
763.625	0.0322
763.5	0.033
763.375	0.033
763.25	0.033
763.125	0.0338
763.0	0.033
762.875	0.0322
762.75	0.033
762.625	0.033
762.5	0.033
762.375	0.033
762.25	0.033
762.125	0.033
762.0	0.0322
761.875	0.0322
761.75	0.033
761.625	0.033
761.5	0.033
761.375	0.033
761.25	0.033
761.125	0.0322
761.0	0.033
760.875	0.033
760.75	0.033
760.625	0.033
760.5	0.033
760.375	0.033
760.25	0.033
760.125	0.0314
760.0	0.033
759.875	0.033
759.75	0.033
759.625	0.033
759.5	0.033
759.375	0.033
759.25	0.033
759.125	0.033
759.0	0.033
758.875	0.0338
758.75	0.033
758.625	0.033
758.5	0.0338
758.375	0.0338
758.25	0.0338
758.125	0.0338
758.0	0.0338
757.875	0.033
757.75	0.0338
757.625	0.033
757.5	0.033
757.375	0.033
757.25	0.0338
757.125	0.0338
757.0	0.033
756.875	0.0338
756.75	0.0338
756.625	0.033
756.5	0.0338
756.375	0.033
756.25	0.033
756.125	0.033
756.0	0.033
755.875	0.033
755.75	0.0345
755.625	0.033
755.5	0.0322
755.375	0.0345
755.25	0.0338
755.125	0.033
755.0	0.033
754.875	0.033
754.75	0.033
754.625	0.0322
754.5	0.033
754.375	0.0338
754.25	0.0345
754.125	0.0338
754.0	0.033
753.875	0.033
753.75	0.033
753.625	0.033
753.5	0.033
753.375	0.033
753.25	0.033
753.125	0.0338
753.0	0.033
752.875	0.033
752.75	0.033
752.625	0.033
752.5	0.033
752.375	0.033
752.25	0.033
752.125	0.0322
752.0	0.0338
751.875	0.033
751.75	0.0322
751.625	0.033
751.5	0.033
751.375	0.033
751.25	0.033
751.125	0.033
751.0	0.033
750.875	0.033
750.75	0.033
750.625	0.033
750.5	0.0338
750.375	0.033
750.25	0.033
750.125	0.033
750.0	0.033
749.875	0.033
749.75	0.0338
749.625	0.033
749.5	0.033
749.375	0.033
749.25	0.033
749.125	0.0338
749.0	0.033
748.875	0.033
748.75	0.033
748.625	0.033
748.5	0.0338
748.375	0.0338
748.25	0.033
748.125	0.0338
748.0	0.033
747.875	0.033
747.75	0.033
747.625	0.0345
747.5	0.033
747.375	0.033
747.25	0.033
747.125	0.0314
747.0	0.033
746.875	0.033
746.75	0.033
746.625	0.033
746.5	0.033
746.375	0.033
746.25	0.033
746.125	0.0338
746.0	0.0322
745.875	0.033
745.75	0.033
745.625	0.033
745.5	0.033
745.375	0.0322
745.25	0.033
745.125	0.033
745.0	0.033
744.875	0.033
744.75	0.0322
744.625	0.033
744.5	0.033
744.375	0.033
744.25	0.033
744.125	0.033
744.0	0.033
743.875	0.0322
743.75	0.033
743.625	0.033
743.5	0.033
743.375	0.0322
743.25	0.033
743.125	0.033
743.0	0.033
742.875	0.033
742.75	0.033
742.625	0.0322
742.5	0.0314
742.375	0.0338
742.25	0.033
742.125	0.033
742.0	0.0314
741.875	0.033
741.75	0.033
741.625	0.0322
741.5	0.0338
741.375	0.0322
741.25	0.0338
741.125	0.033
741.0	0.033
740.875	0.033
740.75	0.033
740.625	0.0338
740.5	0.033
740.375	0.033
740.25	0.033
740.125	0.0345
740.0	0.033
739.875	0.0345
739.75	0.033
739.625	0.0338
739.5	0.0338
739.375	0.033
739.25	0.033
739.125	0.033
739.0	0.033
738.875	0.033
738.75	0.033
738.625	0.033
738.5	0.033
738.375	0.033
738.25	0.0322
738.125	0.033
738.0	0.033
737.875	0.0353
737.75	0.0345
737.625	0.033
737.5	0.0345
737.375	0.033
737.25	0.0345
737.125	0.0338
737.0	0.0338
736.875	0.033
736.75	0.0345
736.625	0.033
736.5	0.0345
736.375	0.0345
736.25	0.033
736.125	0.0345
736.0	0.033
735.875	0.0345
735.75	0.0338
735.625	0.0345
735.5	0.0361
735.375	0.0338
735.25	0.0353
735.125	0.033
735.0	0.0338
734.875	0.0338
734.75	0.0361
734.625	0.0338
734.5	0.033
734.375	0.0338
734.25	0.0338
734.125	0.0345
734.0	0.033
733.875	0.0338
733.75	0.033
733.625	0.0353
733.5	0.033
733.375	0.033
733.25	0.0345
733.125	0.0338
733.0	0.0345
732.875	0.0345
732.75	0.0345
732.625	0.0369
732.5	0.0353
732.375	0.0353
732.25	0.0353
732.125	0.0345
732.0	0.033
731.875	0.0338
731.75	0.0353
731.625	0.0353
731.5	0.033
731.375	0.033
731.25	0.0345
731.125	0.0345
731.0	0.033
730.875	0.0353
730.75	0.0345
730.625	0.033
730.5	0.0345
730.375	0.033
730.25	0.0345
730.125	0.0338
730.0	0.0361
729.875	0.033
729.75	0.033
729.625	0.033
729.5	0.0338
729.375	0.0338
729.25	0.0353
729.125	0.033
729.0	0.0353
728.875	0.033
728.75	0.033
728.625	0.0338
728.5	0.033
728.375	0.0345
728.25	0.0361
728.125	0.033
728.0	0.033
727.875	0.0345
727.75	0.0345
727.625	0.033
727.5	0.0345
727.375	0.0338
727.25	0.0345
727.125	0.033
727.0	0.033
726.875	0.0345
726.75	0.0345
726.625	0.033
726.5	0.033
726.375	0.033
726.25	0.0338
726.125	0.033
726.0	0.033
725.875	0.033
725.75	0.033
725.625	0.033
725.5	0.033
725.375	0.0353
725.25	0.0338
725.125	0.0338
725.0	0.0361
724.875	0.0338
724.75	0.0345
724.625	0.0338
724.5	0.0361
724.375	0.0353
724.25	0.0353
724.125	0.0338
724.0	0.0338
723.875	0.0345
723.75	0.0353
723.625	0.0338
723.5	0.0338
723.375	0.0338
723.25	0.0338
723.125	0.033
723.0	0.0338
722.875	0.0345
722.75	0.033
722.625	0.0353
722.5	0.0353
722.375	0.033
722.25	0.0361
722.125	0.0338
722.0	0.0345
721.875	0.0353
721.75	0.0353
721.625	0.033
721.5	0.033
721.375	0.0353
721.25	0.0361
721.125	0.0345
721.0	0.0345
720.875	0.0338
720.75	0.0345
720.625	0.0377
720.5	0.0353
720.375	0.0338
720.25	0.0361
720.125	0.0353
720.0	0.0361
719.875	0.0361
719.75	0.0361
719.625	0.0369
719.5	0.0369
719.375	0.0377
719.25	0.0353
719.125	0.0345
719.0	0.0377
718.875	0.0369
718.75	0.0361
718.625	0.0369
718.5	0.0361
718.375	0.0361
718.25	0.0345
718.125	0.0369
718.0	0.0353
717.875	0.0369
717.75	0.0361
717.625	0.0369
717.5	0.0345
717.375	0.0377
717.25	0.0361
717.125	0.0377
717.0	0.0353
716.875	0.0353
716.75	0.0377
716.625	0.0369
716.5	0.0369
716.375	0.0377
716.25	0.0345
716.125	0.0361
716.0	0.0377
715.875	0.0361
715.75	0.0385
715.625	0.0377
715.5	0.0377
715.375	0.0377
715.25	0.0369
715.125	0.0377
715.0	0.0385
714.875	0.0377
714.75	0.0377
714.625	0.0377
714.5	0.0377
714.375	0.0377
714.25	0.0385
714.125	0.0377
714.0	0.0369
713.875	0.0377
713.75	0.0377
713.625	0.0377
713.5	0.0377
713.375	0.0377
713.25	0.0377
713.125	0.0385
713.0	0.0345
712.875	0.0369
712.75	0.0361
712.625	0.033
712.5	0.0361
712.375	0.0361
712.25	0.0361
712.125	0.0353
712.0	0.0377
711.875	0.033
711.75	0.0338
711.625	0.0361
711.5	0.0353
711.375	0.0338
711.25	0.0345
711.125	0.0353
711.0	0.0369
710.875	0.0345
710.75	0.033
710.625	0.0345
710.5	0.0345
710.375	0.0338
710.25	0.0361
710.125	0.033
710.0	0.0353
709.875	0.0361
709.75	0.0369
709.625	0.0353
709.5	0.0338
709.375	0.0369
709.25	0.0345
709.125	0.0353
709.0	0.0361
708.875	0.0369
708.75	0.0353
708.625	0.0353
708.5	0.0345
708.375	0.0338
708.25	0.0353
708.125	0.0338
708.0	0.0361
707.875	0.0361
707.75	0.0353
707.625	0.0353
707.5	0.0338
707.375	0.033
707.25	0.0353
707.125	0.0345
707.0	0.0353
706.875	0.0338
706.75	0.033
706.625	0.0338
706.5	0.0338
706.375	0.033
706.25	0.0345
706.125	0.033
706.0	0.033
705.875	0.0345
705.75	0.0338
705.625	0.0338
705.5	0.0338
705.375	0.0345
705.25	0.0338
705.125	0.033
705.0	0.0353
704.875	0.0338
704.75	0.0345
704.625	0.0353
704.5	0.0338
704.375	0.0338
704.25	0.0338
704.125	0.0345
704.0	0.0353
703.875	0.0353
703.75	0.033
703.625	0.0353
703.5	0.033
703.375	0.033
703.25	0.033
703.125	0.0369
703.0	0.0353
702.875	0.033
702.75	0.0345
702.625	0.0353
702.5	0.033
702.375	0.0338
702.25	0.0345
702.125	0.033
702.0	0.0369
701.875	0.0338
701.75	0.0338
701.625	0.0338
701.5	0.033
701.375	0.033
701.25	0.0338
701.125	0.033
701.0	0.0338
700.875	0.0338
700.75	0.033
700.625	0.033
700.5	0.0345
700.375	0.0338
700.25	0.033
700.125	0.033
700.0	0.0338
699.875	0.033
699.75	0.0353
699.625	0.033
699.5	0.0361
699.375	0.0338
699.25	0.0353
699.125	0.0353
699.0	0.0353
698.875	0.0345
698.75	0.0345
698.625	0.033
698.5	0.0338
698.375	0.033
698.25	0.0353
698.125	0.0345
698.0	0.0353
697.875	0.033
697.75	0.0345
697.625	0.0353
697.5	0.0345
697.375	0.0345
697.25	0.033
697.125	0.033
697.0	0.0345
696.875	0.0338
696.75	0.0361
696.625	0.033
696.5	0.033
696.375	0.0345
696.25	0.0345
696.125	0.0353
696.0	0.0353
695.875	0.0338
695.75	0.0338
695.625	0.0345
695.5	0.033
695.375	0.033
695.25	0.0353
695.125	0.0345
695.0	0.0353
694.875	0.033
694.75	0.0353
694.625	0.0353
694.5	0.033
694.375	0.033
694.25	0.0345
694.125	0.0345
694.0	0.033
693.875	0.0353
693.75	0.0338
693.625	0.0345
693.5	0.0353
693.375	0.0345
693.25	0.0353
693.125	0.0345
693.0	0.033
692.875	0.0338
692.75	0.0361
692.625	0.0338
692.5	0.0338
692.375	0.0338
692.25	0.0345
692.125	0.0338
692.0	0.033
691.875	0.0338
691.75	0.0345
691.625	0.0338
691.5	0.0338
691.375	0.0345
691.25	0.033
691.125	0.033
691.0	0.033
690.875	0.033
690.75	0.033
690.625	0.033
690.5	0.033
690.375	0.0345
690.25	0.033
690.125	0.0353
690.0	0.0345
689.875	0.0338
689.75	0.033
689.625	0.033
689.5	0.0338
689.375	0.0345
689.25	0.033
689.125	0.033
689.0	0.033
688.875	0.033
688.75	0.033
688.625	0.0338
688.5	0.033
688.375	0.0345
688.25	0.0338
688.125	0.0338
688.0	0.0353
687.875	0.033
687.75	0.033
687.625	0.0338
687.5	0.0338
687.375	0.0338
687.25	0.0345
687.125	0.033
687.0	0.033
686.875	0.0345
686.75	0.0338
686.625	0.0338
686.5	0.0361
686.375	0.0361
686.25	0.0361
686.125	0.0369
686.0	0.0353
685.875	0.0345
685.75	0.033
685.625	0.0338
685.5	0.0338
685.375	0.033
685.25	0.0338
685.125	0.0361
685.0	0.0353
684.875	0.0345
684.75	0.033
684.625	0.0361
684.5	0.0345
684.375	0.0345
684.25	0.0338
684.125	0.0338
684.0	0.033
683.875	0.0345
683.75	0.0345
683.625	0.033
683.5	0.0353
683.375	0.0361
683.25	0.0338
683.125	0.0345
683.0	0.0338
682.875	0.033
682.75	0.0353
682.625	0.0338
682.5	0.0345
682.375	0.0345
682.25	0.033
682.125	0.0338
682.0	0.0353
681.875	0.0338
681.75	0.0345
681.625	0.0361
681.5	0.0353
681.375	0.033
681.25	0.0345
681.125	0.0353
681.0	0.0345
680.875	0.0353
680.75	0.0369
680.625	0.0353
680.5	0.033
680.375	0.0345
680.25	0.033
680.125	0.033
680.0	0.0361
679.875	0.0369
679.75	0.0353
679.625	0.0361
679.5	0.0353
679.375	0.0361
679.25	0.0369
679.125	0.0377
679.0	0.0377
678.875	0.0377
678.75	0.0369
678.625	0.0377
678.5	0.0345
678.375	0.0353
678.25	0.0361
678.125	0.0361
678.0	0.0369
677.875	0.033
677.75	0.0361
677.625	0.0353
677.5	0.033
677.375	0.0353
677.25	0.0353
677.125	0.0345
677.0	0.0361
676.875	0.0353
676.75	0.0377
676.625	0.0345
676.5	0.0361
676.375	0.0345
676.25	0.0361
676.125	0.0361
676.0	0.0338
675.875	0.0338
675.75	0.0345
675.625	0.033
675.5	0.0345
675.375	0.0345
675.25	0.0353
675.125	0.0369
675.0	0.0361
674.875	0.0361
674.75	0.0361
674.625	0.0345
674.5	0.0353
674.375	0.0369
674.25	0.0353
674.125	0.0353
674.0	0.0369
673.875	0.0361
673.75	0.0377
673.625	0.0361
673.5	0.0369
673.375	0.0353
673.25	0.0377
673.125	0.0345
673.0	0.0369
672.875	0.0353
672.75	0.0338
672.625	0.0338
672.5	0.0338
672.375	0.0338
672.25	0.0338
672.125	0.0345
672.0	0.0353
671.875	0.0369
671.75	0.0353
671.625	0.0345
671.5	0.0353
671.375	0.0353
671.25	0.0353
671.125	0.033
671.0	0.0369
670.875	0.0353
670.75	0.0361
670.625	0.0369
670.5	0.0353
670.375	0.0369
670.25	0.0353
670.125	0.0369
670.0	0.0338
669.875	0.0338
669.75	0.0345
669.625	0.0369
669.5	0.0369
669.375	0.0361
669.25	0.0338
669.125	0.0345
669.0	0.0345
668.875	0.0353
668.75	0.0361
668.625	0.0353
668.5	0.0345
668.375	0.033
668.25	0.0338
668.125	0.0345
668.0	0.0345
667.875	0.0353
667.75	0.0353
667.625	0.0345
667.5	0.0345
667.375	0.0361
667.25	0.0345
667.125	0.0338
667.0	0.0353
666.875	0.0353
666.75	0.0338
666.625	0.0345
666.5	0.0345
666.375	0.0353
666.25	0.0361
666.125	0.0345
666.0	0.0338
665.875	0.0369
665.75	0.0345
665.625	0.033
665.5	0.0369
665.375	0.0338
665.25	0.033
665.125	0.0353
665.0	0.0369
664.875	0.0345
664.75	0.033
664.625	0.0369
664.5	0.0369
664.375	0.0361
664.25	0.033
664.125	0.0353
664.0	0.0361
663.875	0.0369
663.75	0.0369
663.625	0.0338
663.5	0.0369
663.375	0.0345
663.25	0.0361
663.125	0.0353
663.0	0.0345
662.875	0.0345
662.75	0.0353
662.625	0.0361
662.5	0.0361
662.375	0.0353
662.25	0.0338
662.125	0.0338
662.0	0.0345
661.875	0.0345
661.75	0.0353
661.625	0.0338
661.5	0.0353
661.375	0.0353
661.25	0.0353
661.125	0.0361
661.0	0.0353
660.875	0.0353
660.75	0.0345
660.625	0.0345
660.5	0.0353
660.375	0.0345
660.25	0.0369
660.125	0.0369
660.0	0.0338
659.875	0.0377
659.75	0.0345
659.625	0.0361
659.5	0.0361
659.375	0.0353
659.25	0.0353
659.125	0.0345
659.0	0.0361
658.875	0.0353
658.75	0.0377
658.625	0.0353
658.5	0.0353
658.375	0.0338
658.25	0.0345
658.125	0.033
658.0	0.0345
657.875	0.0345
657.75	0.0353
657.625	0.0353
657.5	0.0345
657.375	0.033
657.25	0.0353
657.125	0.0345
657.0	0.033
656.875	0.0345
656.75	0.0338
656.625	0.0338
656.5	0.0353
656.375	0.0345
656.25	0.0361
656.125	0.0353
656.0	0.033
655.875	0.0345
655.75	0.0361
655.625	0.0338
655.5	0.0345
655.375	0.0353
655.25	0.0353
655.125	0.0338
655.0	0.0338
654.875	0.0353
654.75	0.0361
654.625	0.0338
654.5	0.0345
654.375	0.0361
654.25	0.033
654.125	0.0361
654.0	0.0345
653.875	0.0369
653.75	0.0338
653.625	0.0345
653.5	0.0361
653.375	0.0369
653.25	0.0369
653.125	0.0377
653.0	0.0377
652.875	0.0345
652.75	0.0377
652.625	0.0361
652.5	0.0361
652.375	0.0361
652.25	0.0353
652.125	0.0338
652.0	0.0338
651.875	0.0353
651.75	0.0338
651.625	0.033
651.5	0.0369
651.375	0.0353
651.25	0.0353
651.125	0.0338
651.0	0.0345
650.875	0.0353
650.75	0.0361
650.625	0.0345
650.5	0.0338
650.375	0.0353
650.25	0.0345
650.125	0.033
650.0	0.033
649.875	0.033
649.75	0.033
649.625	0.033
649.5	0.0361
649.375	0.0338
649.25	0.0361
649.125	0.0338
649.0	0.0338
648.875	0.0345
648.75	0.0345
648.625	0.0353
648.5	0.0345
648.375	0.0345
648.25	0.0338
648.125	0.0345
648.0	0.0377
647.875	0.0345
647.75	0.0361
647.625	0.0361
647.5	0.0377
647.375	0.0361
647.25	0.0369
647.125	0.0369
647.0	0.0361
646.875	0.0377
646.75	0.0377
646.625	0.0377
646.5	0.0369
646.375	0.0369
646.25	0.0377
646.125	0.0377
646.0	0.0369
645.875	0.0369
645.75	0.0377
645.625	0.0463
645.5	0.0581
645.375	0.0605
645.25	0.0377
645.125	0.0361
645.0	0.0369
644.875	0.0353
644.75	0.0353
644.625	0.033
644.5	0.0345
644.375	0.0369
644.25	0.0377
644.125	0.0361
644.0	0.0369
643.875	0.0369
643.75	0.0361
643.625	0.0361
643.5	0.0353
643.375	0.033
643.25	0.033
643.125	0.033
643.0	0.0338
642.875	0.033
642.75	0.033
642.625	0.0338
642.5	0.0338
642.375	0.0361
642.25	0.0353
642.125	0.0369
642.0	0.0353
641.875	0.0345
641.75	0.0338
641.625	0.0361
641.5	0.0361
641.375	0.0369
641.25	0.0361
641.125	0.0377
641.0	0.0361
640.875	0.0377
640.75	0.0345
640.625	0.0369
640.5	0.0361
640.375	0.0377
640.25	0.0377
640.125	0.0369
640.0	0.0377
639.875	0.0377
639.75	0.0361
639.625	0.0377
639.5	0.0377
639.375	0.0369
639.25	0.0369
639.125	0.0377
639.0	0.0377
638.875	0.0377
638.75	0.0377
638.625	0.0377
638.5	0.0377
638.375	0.0385
638.25	0.0377
638.125	0.0369
638.0	0.0377
637.875	0.0377
637.75	0.0377
637.625	0.0377
637.5	0.0377
637.375	0.0377
637.25	0.0377
637.125	0.0377
637.0	0.0393
636.875	0.0377
636.75	0.0377
636.625	0.0385
636.5	0.0377
636.375	0.0377
636.25	0.0377
636.125	0.0377
636.0	0.0377
635.875	0.0377
635.75	0.0393
635.625	0.0385
635.5	0.0377
635.375	0.0385
635.25	0.04
635.125	0.0432
635.0	0.0479
634.875	0.0566
634.75	0.0723
634.625	0.0943
634.5	0.1226
634.375	0.1564
634.25	0.1926
634.125	0.2319
634.0	0.2641
633.875	0.2924
633.75	0.3113
633.625	0.3207
633.5	0.3254
633.375	0.3254
633.25	0.3183
633.125	0.3073
633.0	0.2908
632.875	0.2696
632.75	0.2437
632.625	0.2185
632.5	0.1902
632.375	0.1588
632.25	0.1265
632.125	0.0951
632.0	0.0731
631.875	0.055
631.75	0.044
631.625	0.0385
631.5	0.0377
631.375	0.0377
631.25	0.0377
631.125	0.0377
631.0	0.0377
630.875	0.0377
630.75	0.0361
630.625	0.0369
630.5	0.0369
630.375	0.0369
630.25	0.0345
630.125	0.0361
630.0	0.0377
629.875	0.0369
629.75	0.0361
629.625	0.0377
629.5	0.0369
629.375	0.0377
629.25	0.0377
629.125	0.0345
629.0	0.0377
628.875	0.0361
628.75	0.0377
628.625	0.0377
628.5	0.0377
628.375	0.0377
628.25	0.0377
628.125	0.0369
628.0	0.0377
627.875	0.0369
627.75	0.0377
627.625	0.0369
627.5	0.0377
627.375	0.0377
627.25	0.0369
627.125	0.0377
627.0	0.0361
626.875	0.0369
626.75	0.0345
626.625	0.0385
626.5	0.0369
626.375	0.0353
626.25	0.0377
626.125	0.0377
626.0	0.0361
625.875	0.0377
625.75	0.0369
625.625	0.0369
625.5	0.0377
625.375	0.0361
625.25	0.0377
625.125	0.0377
625.0	0.0377
624.875	0.0385
624.75	0.0393
624.625	0.0377
624.5	0.0377
624.375	0.0385
624.25	0.0385
624.125	0.0377
624.0	0.0377
623.875	0.0385
623.75	0.04
623.625	0.0393
623.5	0.04
623.375	0.0385
623.25	0.0385
623.125	0.0393
623.0	0.0377
622.875	0.0393
622.75	0.0377
622.625	0.0385
622.5	0.0393
622.375	0.0377
622.25	0.04
622.125	0.0393
622.0	0.0377
621.875	0.0377
621.75	0.0377
621.625	0.0377
621.5	0.0385
621.375	0.0369
621.25	0.0369
621.125	0.0353
621.0	0.0369
620.875	0.0369
620.75	0.0345
620.625	0.0353
620.5	0.0369
620.375	0.0338
620.25	0.0338
620.125	0.0361
620.0	0.033
619.875	0.0338
619.75	0.0322
619.625	0.0338
619.5	0.033
619.375	0.0322
619.25	0.0338
619.125	0.0322
619.0	0.0314
618.875	0.0314
618.75	0.0283
618.625	0.029
618.5	0.0283
618.375	0.029
618.25	0.0283
618.125	0.029
618.0	0.029
617.875	0.0306
617.75	0.0283
617.625	0.0306
617.5	0.0298
617.375	0.033
617.25	0.033
617.125	0.033
617.0	0.0322
616.875	0.0314
616.75	0.033
616.625	0.033
616.5	0.033
616.375	0.033
616.25	0.033
616.125	0.0338
616.0	0.0345
615.875	0.0345
615.75	0.0338
615.625	0.033
615.5	0.0353
615.375	0.0338
615.25	0.0369
615.125	0.0353
615.0	0.0377
614.875	0.0377
614.75	0.0377
614.625	0.0361
614.5	0.0377
614.375	0.0377
614.25	0.0369
614.125	0.0377
614.0	0.0353
613.875	0.0353
613.75	0.0369
613.625	0.0377
613.5	0.0361
613.375	0.0377
613.25	0.0377
613.125	0.0377
613.0	0.0377
612.875	0.0377
612.75	0.0377
612.625	0.0377
612.5	0.0377
612.375	0.0377
612.25	0.0369
612.125	0.0377
612.0	0.0377
611.875	0.0369
611.75	0.0377
611.625	0.0369
611.5	0.0361
611.375	0.0377
611.25	0.0377
611.125	0.0377
611.0	0.0377
610.875	0.0377
610.75	0.0377
610.625	0.0385
610.5	0.0361
610.375	0.0369
610.25	0.0369
610.125	0.0377
610.0	0.0377
609.875	0.0377
609.75	0.0361
609.625	0.0377
609.5	0.0377
609.375	0.0377
609.25	0.0377
609.125	0.0377
609.0	0.0369
608.875	0.0377
608.75	0.0385
608.625	0.0377
608.5	0.0377
608.375	0.0377
608.25	0.0377
608.125	0.0377
608.0	0.0377
607.875	0.0377
607.75	0.0377
607.625	0.0385
607.5	0.0377
607.375	0.0377
607.25	0.0377
607.125	0.0385
607.0	0.0385
606.875	0.0377
606.75	0.0377
606.625	0.0377
606.5	0.0377
606.375	0.0377
606.25	0.0377
606.125	0.0377
606.0	0.0377
605.875	0.0385
605.75	0.0377
605.625	0.0377
605.5	0.0377
605.375	0.0377
605.25	0.0385
605.125	0.0385
605.0	0.0377
604.875	0.0385
604.75	0.0377
604.625	0.0393
604.5	0.0377
604.375	0.0377
604.25	0.0393
604.125	0.04
604.0	0.0385
603.875	0.0377
603.75	0.0385
603.625	0.04
603.5	0.0377
603.375	0.0385
603.25	0.04
603.125	0.0385
603.0	0.0393
602.875	0.04
602.75	0.0408
602.625	0.0385
602.5	0.04
602.375	0.0408
602.25	0.0377
602.125	0.0416
602.0	0.0393
601.875	0.0416
601.75	0.0416
601.625	0.0393
601.5	0.04
601.375	0.0408
601.25	0.04
601.125	0.0385
601.0	0.0393
600.875	0.04
600.75	0.0377
600.625	0.0393
600.5	0.0393
600.375	0.0385
600.25	0.04
600.125	0.04
600.0	0.0408
599.875	0.0408
599.75	0.0385
599.625	0.0393
599.5	0.04
599.375	0.04
599.25	0.0385
599.125	0.0377
599.0	0.0385
598.875	0.0393
598.75	0.0385
598.625	0.0393
598.5	0.04
598.375	0.0385
598.25	0.0393
598.125	0.0393
598.0	0.0385
597.875	0.0393
597.75	0.0377
597.625	0.0377
597.5	0.0393
597.375	0.0393
597.25	0.0408
597.125	0.0385
597.0	0.0377
596.875	0.0377
596.75	0.0385
596.625	0.0385
596.5	0.0393
596.375	0.0385
596.25	0.0416
596.125	0.04
596.0	0.0408
595.875	0.0385
595.75	0.0408
595.625	0.0385
595.5	0.0377
595.375	0.0416
595.25	0.04
595.125	0.0393
595.0	0.0408
594.875	0.0408
594.75	0.0416
594.625	0.0416
594.5	0.0385
594.375	0.0377
594.25	0.0377
594.125	0.04
594.0	0.0393
593.875	0.0393
593.75	0.0393
593.625	0.0393
593.5	0.0385
593.375	0.0393
593.25	0.0408
593.125	0.04
593.0	0.0393
592.875	0.0393
592.75	0.0377
592.625	0.0377
592.5	0.0377
592.375	0.0393
592.25	0.0385
592.125	0.0385
592.0	0.0393
591.875	0.0377
591.75	0.0377
591.625	0.0369
591.5	0.0393
591.375	0.0377
591.25	0.0385
591.125	0.0408
591.0	0.04
590.875	0.0377
590.75	0.0377
590.625	0.0385
590.5	0.0408
590.375	0.0377
590.25	0.0393
590.125	0.0393
590.0	0.04
589.875	0.0393
589.75	0.0377
589.625	0.0408
589.5	0.0377
589.375	0.0385
589.25	0.0393
589.125	0.0377
589.0	0.0377
588.875	0.0377
588.75	0.0385
588.625	0.0385
588.5	0.0377
588.375	0.0377
588.25	0.0369
588.125	0.0377
588.0	0.0377
587.875	0.0377
587.75	0.0393
587.625	0.0377
587.5	0.0369
587.375	0.0377
587.25	0.0385
587.125	0.0377
587.0	0.0369
586.875	0.0377
586.75	0.0377
586.625	0.0385
586.5	0.0377
586.375	0.0385
586.25	0.0377
586.125	0.0385
586.0	0.0369
585.875	0.0385
585.75	0.0377
585.625	0.0377
585.5	0.0377
585.375	0.0377
585.25	0.0385
585.125	0.0385
585.0	0.0377
584.875	0.0377
584.75	0.0377
584.625	0.0377
584.5	0.0377
584.375	0.0377
584.25	0.0393
584.125	0.0369
584.0	0.0377
583.875	0.0385
583.75	0.0377
583.625	0.0377
583.5	0.0385
583.375	0.0377
583.25	0.0377
583.125	0.0393
583.0	0.0385
582.875	0.0377
582.75	0.0377
582.625	0.0377
582.5	0.0385
582.375	0.0385
582.25	0.0377
582.125	0.0377
582.0	0.0377
581.875	0.0385
581.75	0.0377
581.625	0.0377
581.5	0.0377
581.375	0.0377
581.25	0.0377
581.125	0.0369
581.0	0.0377
580.875	0.0369
580.75	0.0377
580.625	0.0377
580.5	0.0377
580.375	0.0377
580.25	0.0377
580.125	0.0385
580.0	0.0393
579.875	0.0393
579.75	0.0377
579.625	0.0377
579.5	0.0385
579.375	0.0385
579.25	0.0385
579.125	0.0408
579.0	0.0377
578.875	0.0393
578.75	0.0377
578.625	0.0377
578.5	0.0393
578.375	0.0385
578.25	0.04
578.125	0.0385
578.0	0.0385
577.875	0.0393
577.75	0.0377
577.625	0.0377
577.5	0.0377
577.375	0.0385
577.25	0.0393
577.125	0.0377
577.0	0.0385
576.875	0.0393
576.75	0.0377
576.625	0.0385
576.5	0.0377
576.375	0.0385
576.25	0.0377
576.125	0.0377
576.0	0.0377
575.875	0.0385
575.75	0.0393
575.625	0.0377
575.5	0.0377
575.375	0.0377
575.25	0.0385
575.125	0.0377
575.0	0.0377
574.875	0.0385
574.75	0.0385
574.625	0.0393
574.5	0.0393
574.375	0.0377
574.25	0.0377
574.125	0.0377
574.0	0.0377
573.875	0.0385
573.75	0.0385
573.625	0.0385
573.5	0.0385
573.375	0.0377
573.25	0.0369
573.125	0.0377
573.0	0.0377
572.875	0.0377
572.75	0.04
572.625	0.0377
572.5	0.0377
572.375	0.0377
572.25	0.0385
572.125	0.0377
572.0	0.0377
571.875	0.0377
571.75	0.0377
571.625	0.0377
571.5	0.0385
571.375	0.0377
571.25	0.0385
571.125	0.0377
571.0	0.04
570.875	0.0377
570.75	0.0377
570.625	0.0377
570.5	0.0377
570.375	0.0377
570.25	0.0377
570.125	0.0393
570.0	0.0393
569.875	0.0385
569.75	0.0377
569.625	0.0377
569.5	0.0377
569.375	0.0377
569.25	0.0377
569.125	0.0369
569.0	0.0377
568.875	0.0377
568.75	0.0377
568.625	0.0377
568.5	0.0377
568.375	0.0369
568.25	0.0377
568.125	0.0377
568.0	0.0369
567.875	0.0377
567.75	0.0377
567.625	0.0377
567.5	0.0377
567.375	0.0377
567.25	0.0377
567.125	0.0385
567.0	0.0377
566.875	0.0377
566.75	0.0377
566.625	0.0377
566.5	0.0385
566.375	0.0377
566.25	0.0385
566.125	0.0377
566.0	0.0377
565.875	0.0377
565.75	0.0377
565.625	0.0377
565.5	0.0377
565.375	0.0377
565.25	0.0377
565.125	0.0377
565.0	0.0377
564.875	0.0377
564.75	0.0369
564.625	0.0353
564.5	0.0361
564.375	0.0377
564.25	0.0377
564.125	0.0377
564.0	0.0369
563.875	0.0369
563.75	0.0369
563.625	0.0369
563.5	0.0377
563.375	0.0361
563.25	0.0377
563.125	0.0345
563.0	0.0377
562.875	0.0369
562.75	0.0361
562.625	0.0369
562.5	0.0361
562.375	0.0377
562.25	0.0369
562.125	0.0353
562.0	0.0377
561.875	0.0385
561.75	0.0377
561.625	0.0377
561.5	0.0377
561.375	0.0361
561.25	0.0345
561.125	0.0377
561.0	0.0361
560.875	0.0361
560.75	0.0353
560.625	0.0377
560.5	0.0377
560.375	0.0377
560.25	0.0377
560.125	0.0377
560.0	0.0377
559.875	0.0369
559.75	0.0377
559.625	0.0377
559.5	0.0369
559.375	0.0369
559.25	0.0377
559.125	0.0377
559.0	0.0377
558.875	0.0377
558.75	0.0385
558.625	0.0377
558.5	0.0377
558.375	0.0377
558.25	0.0377
558.125	0.0377
558.0	0.0377
557.875	0.0377
557.75	0.0377
557.625	0.0377
557.5	0.0385
557.375	0.0377
557.25	0.0377
557.125	0.0377
557.0	0.0377
556.875	0.0377
556.75	0.0377
556.625	0.0369
556.5	0.0369
556.375	0.0369
556.25	0.0369
556.125	0.0377
556.0	0.0369
555.875	0.0377
555.75	0.0377
555.625	0.0377
555.5	0.0377
555.375	0.0377
555.25	0.0385
555.125	0.0377
555.0	0.0361
554.875	0.0377
554.75	0.0353
554.625	0.0361
554.5	0.0393
554.375	0.0377
554.25	0.0369
554.125	0.0377
554.0	0.0361
553.875	0.0377
553.75	0.0377
553.625	0.0377
553.5	0.0385
553.375	0.0369
553.25	0.0377
553.125	0.0369
553.0	0.0369
552.875	0.0369
552.75	0.0369
552.625	0.0377
552.5	0.0377
552.375	0.0369
552.25	0.0353
552.125	0.0369
552.0	0.0369
551.875	0.0369
551.75	0.0377
551.625	0.0377
551.5	0.0361
551.375	0.0377
551.25	0.0377
551.125	0.0369
551.0	0.0377
550.875	0.0361
550.75	0.0369
550.625	0.0369
550.5	0.0377
550.375	0.0377
550.25	0.0377
550.125	0.0385
550.0	0.0385
549.875	0.0369
549.75	0.0377
549.625	0.0369
549.5	0.0353
549.375	0.0377
549.25	0.0377
549.125	0.0369
549.0	0.0369
548.875	0.0361
548.75	0.0361
548.625	0.0369
548.5	0.0377
548.375	0.0377
548.25	0.0369
548.125	0.0377
548.0	0.0361
547.875	0.0377
547.75	0.0377
547.625	0.0377
547.5	0.0377
547.375	0.0377
547.25	0.0377
547.125	0.0377
547.0	0.0377
546.875	0.0377
546.75	0.0369
546.625	0.0377
546.5	0.0361
546.375	0.0369
546.25	0.0369
546.125	0.0377
546.0	0.0369
545.875	0.0377
545.75	0.0377
545.625	0.0393
545.5	0.0361
545.375	0.0377
545.25	0.0377
545.125	0.0377
545.0	0.0377
544.875	0.0377
544.75	0.0377
544.625	0.0361
544.5	0.0369
544.375	0.0377
544.25	0.0377
544.125	0.0377
544.0	0.0377
543.875	0.0361
543.75	0.0377
543.625	0.0361
543.5	0.0361
543.375	0.0369
543.25	0.0377
543.125	0.0377
543.0	0.0377
542.875	0.0377
542.75	0.0377
542.625	0.0369
542.5	0.0369
542.375	0.0377
542.25	0.0377
542.125	0.0361
542.0	0.0361
541.875	0.0369
541.75	0.0377
541.625	0.0377
541.5	0.0385
541.375	0.0377
541.25	0.0377
541.125	0.0361
541.0	0.0377
540.875	0.0377
540.75	0.0377
540.625	0.0377
540.5	0.0377
540.375	0.0361
540.25	0.0377
540.125	0.0353
540.0	0.0353
539.875	0.0361
539.75	0.0377
539.625	0.0377
539.5	0.0369
539.375	0.0369
539.25	0.0369
539.125	0.0377
539.0	0.0377
538.875	0.0377
538.75	0.0369
538.625	0.0377
538.5	0.0377
538.375	0.0377
538.25	0.0385
538.125	0.0377
538.0	0.0385
537.875	0.0377
537.75	0.0377
537.625	0.0377
537.5	0.0377
537.375	0.0377
537.25	0.0385
537.125	0.0377
537.0	0.0377
536.875	0.0385
536.75	0.0377
536.625	0.0393
536.5	0.0377
536.375	0.0377
536.25	0.0385
536.125	0.0377
536.0	0.0377
535.875	0.0377
535.75	0.0377
535.625	0.0377
535.5	0.0377
535.375	0.0377
535.25	0.0377
535.125	0.0377
535.0	0.0393
534.875	0.0377
534.75	0.0377
534.625	0.0369
534.5	0.0369
534.375	0.0377
534.25	0.0377
534.125	0.0377
534.0	0.0377
533.875	0.0377
533.75	0.0377
533.625	0.0377
533.5	0.0377
533.375	0.0377
533.25	0.0377
533.125	0.0377
533.0	0.0353
532.875	0.0377
532.75	0.0377
532.625	0.0377
532.5	0.0369
532.375	0.0377
532.25	0.0369
532.125	0.0377
532.0	0.0377
531.875	0.0361
531.75	0.0377
531.625	0.0369
531.5	0.0377
531.375	0.0369
531.25	0.0369
531.125	0.0377
531.0	0.0377
530.875	0.0369
530.75	0.0369
530.625	0.0377
530.5	0.0377
530.375	0.0377
530.25	0.0369
530.125	0.0377
530.0	0.0377
529.875	0.0377
529.75	0.0369
529.625	0.0377
529.5	0.0353
529.375	0.0377
529.25	0.0361
529.125	0.0377
529.0	0.0377
528.875	0.0361
528.75	0.0377
528.625	0.0377
528.5	0.0361
528.375	0.0361
528.25	0.0377
528.125	0.0369
528.0	0.0353
527.875	0.0369
527.75	0.0377
527.625	0.0385
527.5	0.0361
527.375	0.0377
527.25	0.0369
527.125	0.0369
527.0	0.0377
526.875	0.0377
526.75	0.0369
526.625	0.0369
526.5	0.0377
526.375	0.0369
526.25	0.0377
526.125	0.0369
526.0	0.0353
525.875	0.0369
525.75	0.0377
525.625	0.0377
525.5	0.0377
525.375	0.0369
525.25	0.0377
525.125	0.0377
525.0	0.0377
524.875	0.0377
524.75	0.0377
524.625	0.0377
524.5	0.0369
524.375	0.0377
524.25	0.0377
524.125	0.0377
524.0	0.0377
523.875	0.0369
523.75	0.0377
523.625	0.0369
523.5	0.0377
523.375	0.0377
523.25	0.0369
523.125	0.0377
523.0	0.0377
522.875	0.0377
522.75	0.0377
522.625	0.0377
522.5	0.0377
522.375	0.0377
522.25	0.0377
522.125	0.0377
522.0	0.0361
521.875	0.0377
521.75	0.0377
521.625	0.0369
521.5	0.0377
521.375	0.0377
521.25	0.0377
521.125	0.0377
521.0	0.0377
520.875	0.0377
520.75	0.0377
520.625	0.0377
520.5	0.0377
520.375	0.0377
520.25	0.0377
520.125	0.0377
520.0	0.0361
519.875	0.0377
519.75	0.0377
519.625	0.0377
519.5	0.0377
519.375	0.0377
519.25	0.0369
519.125	0.0377
519.0	0.0377
518.875	0.0377
518.75	0.0377
518.625	0.0377
518.5	0.0369
518.375	0.0369
518.25	0.0369
518.125	0.0369
518.0	0.0377
517.875	0.0369
517.75	0.0361
517.625	0.0377
517.5	0.0377
517.375	0.0369
517.25	0.0361
517.125	0.0377
517.0	0.0369
516.875	0.0377
516.75	0.0377
516.625	0.0377
516.5	0.0361
516.375	0.0377
516.25	0.0377
516.125	0.0369
516.0	0.0361
515.875	0.0361
515.75	0.0377
515.625	0.0377
515.5	0.0361
515.375	0.0377
515.25	0.0377
515.125	0.0377
515.0	0.0377
514.875	0.0377
514.75	0.0361
514.625	0.0377
514.5	0.0377
514.375	0.0353
514.25	0.0377
514.125	0.0369
514.0	0.0369
513.875	0.0377
513.75	0.0377
513.625	0.0377
513.5	0.0369
513.375	0.0377
513.25	0.0377
513.125	0.0369
513.0	0.0377
512.875	0.0345
512.75	0.0377
512.625	0.0377
512.5	0.0377
512.375	0.0377
512.25	0.0377
512.125	0.0369
512.0	0.0361
511.875	0.0377
511.75	0.0377
511.625	0.0369
511.5	0.0377
511.375	0.0369
511.25	0.0361
511.125	0.0377
511.0	0.0377
510.875	0.0377
510.75	0.0377
510.625	0.0377
510.5	0.0377
510.375	0.0377
510.25	0.0377
510.125	0.0369
510.0	0.0377
509.875	0.0377
509.75	0.0377
509.625	0.0385
509.5	0.0377
509.375	0.0361
509.25	0.0377
509.125	0.0377
509.0	0.0377
508.875	0.0377
508.75	0.0361
508.625	0.0377
508.5	0.0377
508.375	0.0377
508.25	0.0369
508.125	0.0377
508.0	0.0369
507.875	0.0377
507.75	0.0369
507.625	0.0377
507.5	0.0361
507.375	0.0369
507.25	0.0369
507.125	0.0369
507.0	0.0369
506.875	0.0377
506.75	0.0377
506.625	0.0361
506.5	0.0369
506.375	0.0377
506.25	0.0377
506.125	0.0361
506.0	0.0377
505.875	0.0377
505.75	0.0361
505.625	0.0377
505.5	0.0369
505.375	0.0377
505.25	0.0369
505.125	0.0369
505.0	0.0377
504.875	0.0361
504.75	0.0377
504.625	0.0377
504.5	0.0377
504.375	0.0361
504.25	0.0377
504.125	0.0377
504.0	0.0377
503.875	0.0377
503.75	0.0377
503.625	0.0377
503.5	0.0369
503.375	0.0369
503.25	0.0377
503.125	0.0377
503.0	0.0377
502.875	0.0377
502.75	0.0393
502.625	0.0369
502.5	0.0369
502.375	0.0361
502.25	0.0361
502.125	0.0369
502.0	0.0361
501.875	0.0377
501.75	0.0377
501.625	0.0361
501.5	0.0369
501.375	0.0377
501.25	0.0377
501.125	0.0361
501.0	0.0385
500.875	0.0353
500.75	0.0361
500.625	0.0377
500.5	0.0353
500.375	0.0377
500.25	0.0369
500.125	0.0377
500.0	0.0377
499.875	0.0361
499.75	0.0361
499.625	0.0353
499.5	0.0369
499.375	0.0361
499.25	0.0369
499.125	0.0361
499.0	0.0345
498.875	0.0353
498.75	0.0369
498.625	0.033
498.5	0.0377
498.375	0.0377
498.25	0.0361
498.125	0.0353
498.0	0.0377
497.875	0.0369
497.75	0.0377
497.625	0.0385
497.5	0.04
497.375	0.0393
497.25	0.0377
497.125	0.0377
497.0	0.0385
496.875	0.0385
496.75	0.0416
496.625	0.0424
496.5	0.0424
496.375	0.0408
496.25	0.0408
496.125	0.0408
496.0	0.0416
495.875	0.0408
495.75	0.0408
495.625	0.0393
495.5	0.0393
495.375	0.0408
495.25	0.04
495.125	0.0377
495.0	0.0385
494.875	0.0377
494.75	0.0377
494.625	0.0385
494.5	0.0377
494.375	0.0385
494.25	0.0377
494.125	0.0377
494.0	0.0361
493.875	0.0377
493.75	0.0377
493.625	0.0377
493.5	0.0377
493.375	0.0377
493.25	0.0385
493.125	0.0377
493.0	0.0393
492.875	0.0377
492.75	0.0377
492.625	0.0377
492.5	0.0377
492.375	0.0369
492.25	0.0377
492.125	0.0377
492.0	0.0377
491.875	0.0377
491.75	0.0377
491.625	0.0377
491.5	0.0377
491.375	0.0377
491.25	0.0377
491.125	0.0377
491.0	0.0377
490.875	0.0377
490.75	0.0377
490.625	0.0377
490.5	0.0377
490.375	0.0377
490.25	0.0361
490.125	0.0369
490.0	0.0377
489.875	0.0369
489.75	0.0377
489.625	0.0377
489.5	0.0377
489.375	0.0361
489.25	0.0377
489.125	0.0369
489.0	0.0369
488.875	0.0377
488.75	0.0377
488.625	0.0377
488.5	0.0377
488.375	0.0377
488.25	0.0385
488.125	0.0377
488.0	0.0353
487.875	0.0369
487.75	0.0353
487.625	0.0377
487.5	0.0369
487.375	0.0369
487.25	0.0377
487.125	0.0369
487.0	0.0377
486.875	0.0369
486.75	0.0377
486.625	0.0377
486.5	0.0377
486.375	0.0377
486.25	0.0377
486.125	0.0369
486.0	0.0377
485.875	0.0377
485.75	0.0377
485.625	0.0377
485.5	0.0377
485.375	0.0377
485.25	0.0377
485.125	0.0377
485.0	0.0377
484.875	0.0393
484.75	0.0393
484.625	0.0377
484.5	0.0377
484.375	0.0393
484.25	0.0377
484.125	0.0369
484.0	0.0385
483.875	0.0377
483.75	0.0377
483.625	0.0377
483.5	0.0377
483.375	0.0377
483.25	0.0377
483.125	0.0377
483.0	0.0377
482.875	0.0377
482.75	0.0377
482.625	0.0377
482.5	0.0369
482.375	0.0377
482.25	0.0377
482.125	0.0377
482.0	0.0377
481.875	0.0377
481.75	0.0377
481.625	0.0369
481.5	0.0377
481.375	0.0385
481.25	0.0377
481.125	0.0377
481.0	0.0377
480.875	0.0377
480.75	0.0377
480.625	0.0377
480.5	0.0377
480.375	0.0377
480.25	0.0369
480.125	0.0377
480.0	0.0369
479.875	0.0377
479.75	0.0377
479.625	0.0385
479.5	0.0393
479.375	0.0377
479.25	0.0377
479.125	0.0377
479.0	0.0385
478.875	0.0385
478.75	0.0377
478.625	0.0377
478.5	0.0385
478.375	0.0377
478.25	0.0377
478.125	0.0377
478.0	0.0393
477.875	0.0377
477.75	0.0377
477.625	0.0377
477.5	0.0385
477.375	0.0377
477.25	0.0377
477.125	0.0385
477.0	0.0377
476.875	0.0377
476.75	0.0377
476.625	0.0385
476.5	0.0377
476.375	0.0393
476.25	0.0377
476.125	0.0377
476.0	0.0377
475.875	0.0377
475.75	0.0393
475.625	0.0385
475.5	0.0393
475.375	0.0377
475.25	0.0377
475.125	0.0377
475.0	0.0377
474.875	0.0377
474.75	0.0377
474.625	0.0377
474.5	0.0385
474.375	0.0377
474.25	0.0377
474.125	0.0377
474.0	0.0377
473.875	0.0385
473.75	0.0377
473.625	0.0377
473.5	0.0377
473.375	0.0369
473.25	0.0377
473.125	0.0369
473.0	0.0361
472.875	0.0377
472.75	0.0377
472.625	0.0377
472.5	0.0377
472.375	0.0369
472.25	0.0385
472.125	0.0377
472.0	0.0377
471.875	0.0377
471.75	0.0377
471.625	0.0377
471.5	0.0361
471.375	0.0377
471.25	0.0369
471.125	0.0377
471.0	0.0369
470.875	0.0345
470.75	0.0377
470.625	0.0369
470.5	0.033
470.375	0.0345
470.25	0.0369
470.125	0.0338
470.0	0.0345
469.875	0.033
469.75	0.0353
469.625	0.0338
469.5	0.033
469.375	0.033
469.25	0.033
469.125	0.033
469.0	0.033
468.875	0.033
468.75	0.0338
468.625	0.0345
468.5	0.0353
468.375	0.033
468.25	0.0338
468.125	0.033
468.0	0.033
467.875	0.0322
467.75	0.033
467.625	0.033
467.5	0.0338
467.375	0.033
467.25	0.033
467.125	0.0338
467.0	0.033
466.875	0.0338
466.75	0.033
466.625	0.033
466.5	0.0345
466.375	0.0353
466.25	0.0353
466.125	0.0338
466.0	0.0369
465.875	0.0361
465.75	0.0377
465.625	0.0377
465.5	0.0361
465.375	0.0377
465.25	0.04
465.125	0.0424
465.0	0.0495
464.875	0.0581
464.75	0.0738
464.625	0.0943
464.5	0.1187
464.375	0.1422
464.25	0.1698
464.125	0.1957
464.0	0.2154
463.875	0.2264
463.75	0.235
463.625	0.2382
463.5	0.2405
463.375	0.2366
463.25	0.2295
463.125	0.2169
463.0	0.202
462.875	0.1863
462.75	0.1674
462.625	0.1485
462.5	0.1257
462.375	0.1014
462.25	0.0817
462.125	0.0644
462.0	0.0487
461.875	0.0424
461.75	0.0408
461.625	0.0385
461.5	0.04
461.375	0.0424
461.25	0.0424
461.125	0.04
461.0	0.0416
460.875	0.0424
460.75	0.044
460.625	0.044
460.5	0.0424
460.375	0.0424
460.25	0.044
460.125	0.0432
460.0	0.0432
459.875	0.044
459.75	0.0424
459.625	0.0424
459.5	0.0416
459.375	0.0424
459.25	0.0424
459.125	0.0424
459.0	0.0424
458.875	0.0416
458.75	0.0424
458.625	0.0416
458.5	0.0416
458.375	0.04
458.25	0.0416
458.125	0.04
458.0	0.0393
457.875	0.0385
457.75	0.04
457.625	0.0393
457.5	0.0393
457.375	0.0385
457.25	0.04
457.125	0.04
457.0	0.0393
456.875	0.0385
456.75	0.0377
456.625	0.0377
456.5	0.0385
456.375	0.0377
456.25	0.0385
456.125	0.0377
456.0	0.0377
455.875	0.0377
455.75	0.0377
455.625	0.0377
455.5	0.04
455.375	0.0377
455.25	0.0385
455.125	0.0377
455.0	0.0377
454.875	0.0377
454.75	0.04
454.625	0.0377
454.5	0.0377
454.375	0.0377
454.25	0.0377
454.125	0.0369
454.0	0.0393
453.875	0.04
453.75	0.0377
453.625	0.04
453.5	0.0385
453.375	0.0377
453.25	0.0377
453.125	0.0385
453.0	0.0393
452.875	0.0385
452.75	0.0416
452.625	0.0377
452.5	0.0377
452.375	0.0385
452.25	0.0393
452.125	0.0393
452.0	0.0385
451.875	0.0393
451.75	0.0377
451.625	0.0385
451.5	0.0408
451.375	0.0385
451.25	0.0377
451.125	0.0393
451.0	0.0377
450.875	0.04
450.75	0.0393
450.625	0.0377
450.5	0.04
450.375	0.0377
450.25	0.0377
450.125	0.0393
450.0	0.0385
449.875	0.0393
449.75	0.0393
449.625	0.0385
449.5	0.0385
449.375	0.0377
449.25	0.0385
449.125	0.0385
449.0	0.04
448.875	0.0393
448.75	0.0393
448.625	0.04
448.5	0.0393
448.375	0.0385
448.25	0.04
448.125	0.0393
448.0	0.0377
447.875	0.0408
447.75	0.0385
447.625	0.0377
447.5	0.0385
447.375	0.0393
447.25	0.0416
447.125	0.0385
447.0	0.0385
446.875	0.04
446.75	0.0416
446.625	0.04
446.5	0.0393
446.375	0.04
446.25	0.04
446.125	0.0393
446.0	0.0416
445.875	0.04
445.75	0.0416
445.625	0.0424
445.5	0.0424
445.375	0.04
445.25	0.04
445.125	0.0408
445.0	0.0408
444.875	0.0416
444.75	0.0408
444.625	0.0393
444.5	0.0416
444.375	0.0416
444.25	0.0416
444.125	0.0408
444.0	0.0416
443.875	0.04
443.75	0.04
443.625	0.0408
443.5	0.0424
443.375	0.04
443.25	0.0416
443.125	0.0416
443.0	0.04
442.875	0.0408
442.75	0.04
442.625	0.0393
442.5	0.04
442.375	0.0408
442.25	0.0385
442.125	0.0393
442.0	0.0385
441.875	0.0416
441.75	0.0385
441.625	0.0408
441.5	0.04
441.375	0.0408
441.25	0.0424
441.125	0.0424
441.0	0.0424
440.875	0.0408
440.75	0.0424
440.625	0.0424
440.5	0.04
440.375	0.0424
440.25	0.0416
440.125	0.0424
440.0	0.0424
439.875	0.0424
439.75	0.0424
439.625	0.04
439.5	0.0424
439.375	0.0416
439.25	0.0416
439.125	0.0416
439.0	0.0408
438.875	0.0424
438.75	0.0408
438.625	0.0416
438.5	0.0416
438.375	0.0408
438.25	0.0424
438.125	0.0408
438.0	0.0393
437.875	0.04
437.75	0.0408
437.625	0.0393
437.5	0.0416
437.375	0.0416
437.25	0.0408
437.125	0.0416
437.0	0.04
436.875	0.0416
436.75	0.0408
436.625	0.04
436.5	0.0416
436.375	0.0424
436.25	0.0416
436.125	0.0424
436.0	0.0424
435.875	0.0408
435.75	0.0393
435.625	0.0424
435.5	0.0424
435.375	0.0408
435.25	0.0408
435.125	0.0424
435.0	0.0424
434.875	0.0416
434.75	0.0424
434.625	0.0424
434.5	0.0424
434.375	0.0424
434.25	0.04
434.125	0.0424
434.0	0.0424
433.875	0.0416
433.75	0.0424
433.625	0.0424
433.5	0.0424
433.375	0.0416
433.25	0.04
433.125	0.0424
433.0	0.0424
432.875	0.0424
432.75	0.0424
432.625	0.0424
432.5	0.0416
432.375	0.0408
432.25	0.0416
432.125	0.0393
432.0	0.0416
431.875	0.0416
431.75	0.0424
431.625	0.04
431.5	0.0393
431.375	0.04
431.25	0.0424
431.125	0.0424
431.0	0.0416
430.875	0.0424
430.75	0.0416
430.625	0.0408
430.5	0.0424
430.375	0.0424
430.25	0.0424
430.125	0.0408
430.0	0.0424
429.875	0.0416
429.75	0.0424
429.625	0.0416
429.5	0.0424
429.375	0.0432
429.25	0.0424
429.125	0.0424
429.0	0.044
428.875	0.044
428.75	0.0455
428.625	0.0455
428.5	0.0463
428.375	0.0471
428.25	0.0471
428.125	0.0471
428.0	0.0471
427.875	0.0471
427.75	0.0471
427.625	0.0479
427.5	0.0471
427.375	0.0463
427.25	0.0463
427.125	0.0463
427.0	0.0455
426.875	0.044
426.75	0.0424
426.625	0.0432
426.5	0.0424
426.375	0.044
426.25	0.0424
426.125	0.0424
426.0	0.0424
425.875	0.0416
425.75	0.0424
425.625	0.0424
425.5	0.0424
425.375	0.0424
425.25	0.0408
425.125	0.0424
425.0	0.0408
424.875	0.04
424.75	0.0393
424.625	0.04
424.5	0.0416
424.375	0.0416
424.25	0.0424
424.125	0.0424
424.0	0.0408
423.875	0.0424
423.75	0.0424
423.625	0.0416
423.5	0.0416
423.375	0.0424
423.25	0.0416
423.125	0.0424
423.0	0.0408
422.875	0.0424
422.75	0.0416
422.625	0.0424
422.5	0.0424
422.375	0.0408
422.25	0.0408
422.125	0.0416
422.0	0.0416
421.875	0.0408
421.75	0.0424
421.625	0.0424
421.5	0.0416
421.375	0.0424
421.25	0.04
421.125	0.04
421.0	0.0393
420.875	0.0393
420.75	0.0408
420.625	0.0416
420.5	0.0424
420.375	0.0424
420.25	0.0408
420.125	0.0416
420.0	0.0432
419.875	0.0416
419.75	0.0416
419.625	0.0424
419.5	0.0408
419.375	0.0424
419.25	0.0424
419.125	0.0416
419.0	0.0432
418.875	0.0424
418.75	0.0424
418.625	0.0424
418.5	0.0424
418.375	0.0424
418.25	0.0424
418.125	0.0424
418.0	0.0424
417.875	0.0424
417.75	0.0416
417.625	0.0424
417.5	0.0424
417.375	0.0424
417.25	0.0424
417.125	0.0424
417.0	0.044
416.875	0.0432
416.75	0.0432
416.625	0.044
416.5	0.0432
416.375	0.044
416.25	0.0448
416.125	0.0448
416.0	0.044
415.875	0.0448
415.75	0.0471
415.625	0.0455
415.5	0.0463
415.375	0.0463
415.25	0.0455
415.125	0.0471
415.0	0.0448
414.875	0.0463
414.75	0.0463
414.625	0.0463
414.5	0.0448
414.375	0.0471
414.25	0.0455
414.125	0.0471
414.0	0.0448
413.875	0.0448
413.75	0.0432
413.625	0.044
413.5	0.0424
413.375	0.044
413.25	0.0455
413.125	0.0471
413.0	0.0503
412.875	0.0518
412.75	0.0597
412.625	0.0676
412.5	0.0723
412.375	0.0833
412.25	0.0888
412.125	0.0943
412.0	0.0982
411.875	0.099
411.75	0.0998
411.625	0.0998
411.5	0.099
411.375	0.0974
411.25	0.0943
411.125	0.0904
411.0	0.0849
410.875	0.0786
410.75	0.0738
410.625	0.066
410.5	0.0613
410.375	0.055
410.25	0.0511
410.125	0.0471
410.0	0.0432
409.875	0.044
409.75	0.0424
409.625	0.0432
409.5	0.044
409.375	0.044
409.25	0.0424
409.125	0.0424
409.0	0.0424
408.875	0.0424
408.75	0.0416
408.625	0.0424
408.5	0.0424
408.375	0.0424
408.25	0.0424
408.125	0.0424
408.0	0.0448
407.875	0.0424
407.75	0.0424
407.625	0.0424
407.5	0.0424
407.375	0.0424
407.25	0.0424
407.125	0.0416
407.0	0.0424
406.875	0.0424
406.75	0.0416
406.625	0.0424
406.5	0.0424
406.375	0.0424
406.25	0.0424
406.125	0.0424
406.0	0.0416
405.875	0.0424
405.75	0.0424
405.625	0.0424
405.5	0.0424
405.375	0.0424
405.25	0.0424
405.125	0.0424
405.0	0.0424
404.875	0.0424
404.75	0.0424
404.625	0.0432
404.5	0.0424
404.375	0.0432
404.25	0.0424
404.125	0.0424
404.0	0.0424
403.875	0.0424
403.75	0.0424
403.625	0.0424
403.5	0.0424
403.375	0.0424
403.25	0.0424
403.125	0.0424
403.0	0.0424
402.875	0.0424
402.75	0.0424
402.625	0.0424
402.5	0.0424
402.375	0.0424
402.25	0.0424
402.125	0.0424
402.0	0.0408
401.875	0.0424
401.75	0.0424
401.625	0.0424
401.5	0.0424
401.375	0.0424
401.25	0.0424
401.125	0.0424
401.0	0.0424
400.875	0.0424
400.75	0.0432
400.625	0.0416
400.5	0.0432
400.375	0.0424
400.25	0.0424
400.125	0.0424
400.0	0.0424
399.875	0.0424
399.75	0.0424
399.625	0.0424
399.5	0.0424
399.375	0.0416
399.25	0.0408
399.125	0.0424
399.0	0.0424
398.875	0.0416
398.75	0.0424
398.625	0.0424
398.5	0.0416
398.375	0.0448
398.25	0.0424
398.125	0.0424
398.0	0.0432
397.875	0.0432
397.75	0.044
397.625	0.0432
397.5	0.0448
397.375	0.0424
397.25	0.0432
397.125	0.0448
397.0	0.0424
396.875	0.0432
396.75	0.044
396.625	0.044
396.5	0.044
396.375	0.0448
396.25	0.044
396.125	0.0432
396.0	0.044
395.875	0.044
395.75	0.0424
395.625	0.0424
395.5	0.0424
395.375	0.0424
395.25	0.0424
395.125	0.0424
395.0	0.0424
394.875	0.0424
394.75	0.0377
394.625	0.0393
394.5	0.0377
394.375	0.0393
394.25	0.0377
394.125	0.0377
394.0	0.0377
393.875	0.0377
393.75	0.0377
393.625	0.0377
393.5	0.0369
393.375	0.0353
393.25	0.0377
393.125	0.0353
393.0	0.0369
392.875	0.0361
392.75	0.0361
392.625	0.0353
392.5	0.0377
392.375	0.0353
392.25	0.0377
392.125	0.0361
392.0	0.0377
391.875	0.0377
391.75	0.0377
391.625	0.0377
391.5	0.0385
391.375	0.0385
391.25	0.0377
391.125	0.0377
391.0	0.0377
390.875	0.0385
390.75	0.0377
390.625	0.0393
390.5	0.0416
390.375	0.0424
390.25	0.0424
390.125	0.0424
390.0	0.0424
389.875	0.0432
389.75	0.044
389.625	0.0424
389.5	0.044
389.375	0.0455
389.25	0.0471
389.125	0.0471
389.0	0.0479
388.875	0.0495
388.75	0.0518
388.625	0.0526
388.5	0.0566
388.375	0.0526
388.25	0.0566
388.125	0.0566
388.0	0.0573
387.875	0.0573
387.75	0.0573
387.625	0.0558
387.5	0.055
387.375	0.0518
387.25	0.055
387.125	0.0503
387.0	0.0479
386.875	0.0487
386.75	0.0455
386.625	0.044
386.5	0.0424
386.375	0.0424
386.25	0.0424
386.125	0.0393
386.0	0.0424
385.875	0.0408
385.75	0.0408
385.625	0.0416
385.5	0.0416
385.375	0.04
385.25	0.04
385.125	0.0408
385.0	0.04
384.875	0.0416
384.75	0.0408
384.625	0.0385
384.5	0.0377
384.375	0.0393
384.25	0.04
384.125	0.0385
384.0	0.0416
383.875	0.0393
383.75	0.0393
383.625	0.0385
383.5	0.0385
383.375	0.0393
383.25	0.0377
383.125	0.04
383.0	0.0377
382.875	0.0377
382.75	0.0377
382.625	0.0385
382.5	0.0393
382.375	0.0377
382.25	0.0393
382.125	0.0377
382.0	0.0377
381.875	0.0377
381.75	0.0393
381.625	0.0385
381.5	0.0377
381.375	0.0377
381.25	0.0393
381.125	0.0377
381.0	0.0385
380.875	0.0377
380.75	0.0393
380.625	0.0377
380.5	0.0377
380.375	0.0377
380.25	0.0377
380.125	0.0377
380.0	0.0377
379.875	0.0377
379.75	0.0369
379.625	0.0377
379.5	0.0377
379.375	0.0377
379.25	0.0377
379.125	0.0377
379.0	0.0369
378.875	0.0377
378.75	0.0377
378.625	0.0377
378.5	0.0377
378.375	0.0377
378.25	0.0377
378.125	0.0361
378.0	0.0369
377.875	0.0369
377.75	0.0377
377.625	0.0369
377.5	0.0377
377.375	0.0377
377.25	0.0369
377.125	0.0361
377.0	0.0377
376.875	0.0377
376.75	0.0377
376.625	0.0377
376.5	0.0377
376.375	0.0377
376.25	0.0369
376.125	0.0377
376.0	0.0369
375.875	0.0377
375.75	0.0385
375.625	0.0393
375.5	0.04
375.375	0.0408
375.25	0.04
375.125	0.0408
375.0	0.0416
374.875	0.0424
374.75	0.0424
374.625	0.0424
374.5	0.0424
374.375	0.0424
374.25	0.0424
374.125	0.0416
374.0	0.04
373.875	0.0393
373.75	0.0393
373.625	0.0377
373.5	0.0416
373.375	0.0377
373.25	0.0377
373.125	0.0377
373.0	0.0377
372.875	0.0393
372.75	0.0385
372.625	0.04
372.5	0.04
372.375	0.0377
372.25	0.0377
372.125	0.0377
372.0	0.0377
371.875	0.0377
371.75	0.0377
371.625	0.0369
371.5	0.0377
371.375	0.0377
371.25	0.0377
371.125	0.0377
371.0	0.0377
370.875	0.0377
370.75	0.0377
370.625	0.0377
370.5	0.0377
370.375	0.0361
370.25	0.0369
370.125	0.0377
370.0	0.0377
369.875	0.0377
369.75	0.0377
369.625	0.0377
369.5	0.0369
369.375	0.0377
369.25	0.0377
369.125	0.0377
369.0	0.0377
368.875	0.0377
368.75	0.0377
368.625	0.0377
368.5	0.0377
368.375	0.0377
368.25	0.0377
368.125	0.0369
368.0	0.0377
367.875	0.0393
367.75	0.0377
367.625	0.04
367.5	0.04
367.375	0.0377
367.25	0.04
367.125	0.0408
367.0	0.04
366.875	0.0424
366.75	0.0416
366.625	0.0408
366.5	0.0424
366.375	0.04
366.25	0.0424
366.125	0.0393
366.0	0.0408
365.875	0.0408
365.75	0.0385
365.625	0.0393
365.5	0.04
365.375	0.0377
365.25	0.0385
365.125	0.0377
365.0	0.0385
364.875	0.0377
364.75	0.0408
364.625	0.0393
364.5	0.0377
364.375	0.0385
364.25	0.0377
364.125	0.04
364.0	0.0377
363.875	0.0377
363.75	0.0377
363.625	0.0385
363.5	0.0377
363.375	0.0385
363.25	0.0377
363.125	0.0377
363.0	0.0377
362.875	0.04
362.75	0.0377
362.625	0.0377
362.5	0.0377
362.375	0.0377
362.25	0.0377
362.125	0.0385
362.0	0.0377
361.875	0.0393
361.75	0.0377
361.625	0.0393
361.5	0.0377
361.375	0.0385
361.25	0.0393
361.125	0.0377
361.0	0.04
360.875	0.0393
360.75	0.04
360.625	0.0385
360.5	0.0385
360.375	0.0385
360.25	0.0377
360.125	0.04
360.0	0.0393
359.875	0.04
359.75	0.0385
359.625	0.0377
359.5	0.04
359.375	0.0408
359.25	0.0385
359.125	0.0385
359.0	0.0377
358.875	0.0385
358.75	0.0377
358.625	0.0385
358.5	0.0393
358.375	0.0377
358.25	0.0385
358.125	0.0393
358.0	0.0393
357.875	0.04
357.75	0.04
357.625	0.0377
357.5	0.0393
357.375	0.0393
357.25	0.0377
357.125	0.0377
357.0	0.0377
356.875	0.0393
356.75	0.0377
356.625	0.0385
356.5	0.0377
356.375	0.0377
356.25	0.0377
356.125	0.0377
356.0	0.0385
355.875	0.0377
355.75	0.0377
355.625	0.0385
355.5	0.0377
355.375	0.0377
355.25	0.0377
355.125	0.0369
355.0	0.0377
354.875	0.0385
354.75	0.0377
354.625	0.0377
354.5	0.0369
354.375	0.0377
354.25	0.0377
354.125	0.0377
354.0	0.0377
353.875	0.0377
353.75	0.0377
353.625	0.0377
353.5	0.0377
353.375	0.0377
353.25	0.0377
353.125	0.0377
353.0	0.0377
352.875	0.0377
352.75	0.0369
352.625	0.0369
352.5	0.0377
352.375	0.0377
352.25	0.0377
352.125	0.0377
352.0	0.0377
351.875	0.0377
351.75	0.0369
351.625	0.0377
351.5	0.0377
351.375	0.0377
351.25	0.0377
351.125	0.0377
351.0	0.0377
350.875	0.0385
350.75	0.0377
350.625	0.0377
350.5	0.0377
350.375	0.0377
350.25	0.0377
350.125	0.0369
350.0	0.0377
349.875	0.0385
349.75	0.0377
349.625	0.0377
349.5	0.04
349.375	0.0377
349.25	0.0377
349.125	0.04
349.0	0.04
348.875	0.0385
348.75	0.0393
348.625	0.0393
348.5	0.0385
348.375	0.0385
348.25	0.0377
348.125	0.0393
348.0	0.04
347.875	0.0385
347.75	0.04
347.625	0.0393
347.5	0.0393
347.375	0.0393
347.25	0.0408
347.125	0.0416
347.0	0.0416
346.875	0.04
346.75	0.0416
346.625	0.0416
346.5	0.0424
346.375	0.0416
346.25	0.0393
346.125	0.0385
346.0	0.0416
345.875	0.0408
345.75	0.0385
345.625	0.0393
345.5	0.0408
345.375	0.0377
345.25	0.0377
345.125	0.0385
345.0	0.0385
344.875	0.0385
344.75	0.0385
344.625	0.0385
344.5	0.0377
344.375	0.0377
344.25	0.0377
344.125	0.0385
344.0	0.0393
343.875	0.0377
343.75	0.0377
343.625	0.0377
343.5	0.0369
343.375	0.0377
343.25	0.0377
343.125	0.0377
343.0	0.0369
342.875	0.0369
342.75	0.0377
342.625	0.0377
342.5	0.0377
342.375	0.0385
342.25	0.0369
342.125	0.0377
342.0	0.0377
341.875	0.0377
341.75	0.0377
341.625	0.0377
341.5	0.0377
341.375	0.0377
341.25	0.0369
341.125	0.0385
341.0	0.0361
340.875	0.0377
340.75	0.0377
340.625	0.0377
340.5	0.0385
340.375	0.0361
340.25	0.0377
340.125	0.0369
340.0	0.0385
339.875	0.0377
339.75	0.0377
339.625	0.0377
339.5	0.0377
339.375	0.0385
339.25	0.0377
339.125	0.0393
339.0	0.04
338.875	0.0385
338.75	0.0393
338.625	0.0377
338.5	0.04
338.375	0.0377
338.25	0.0385
338.125	0.04
338.0	0.0385
337.875	0.0377
337.75	0.0377
337.625	0.0377
337.5	0.0385
337.375	0.0377
337.25	0.0369
337.125	0.0369
337.0	0.0377
336.875	0.0377
336.75	0.0369
336.625	0.0369
336.5	0.0377
336.375	0.0345
336.25	0.0338
336.125	0.0345
336.0	0.033
335.875	0.033
335.75	0.033
335.625	0.033
335.5	0.0322
335.375	0.033
335.25	0.033
335.125	0.033
335.0	0.033
334.875	0.033
334.75	0.033
334.625	0.033
334.5	0.0345
334.375	0.033
334.25	0.033
334.125	0.0345
334.0	0.033
333.875	0.0338
333.75	0.0338
333.625	0.033
333.5	0.0345
333.375	0.0345
333.25	0.033
333.125	0.033
333.0	0.0345
332.875	0.0345
332.75	0.0338
332.625	0.0369
332.5	0.0353
332.375	0.0369
332.25	0.0361
332.125	0.0369
332.0	0.0377
331.875	0.0369
331.75	0.0377
331.625	0.0377
331.5	0.0369
331.375	0.0377
331.25	0.0377
331.125	0.0377
331.0	0.0377
330.875	0.0361
330.75	0.0377
330.625	0.0377
330.5	0.0369
330.375	0.0377
330.25	0.0377
330.125	0.0377
330.0	0.0377
329.875	0.0369
329.75	0.0353
329.625	0.0377
329.5	0.0361
329.375	0.0377
329.25	0.0361
329.125	0.0377
329.0	0.0385
328.875	0.0345
328.75	0.0377
328.625	0.0377
328.5	0.0377
328.375	0.0369
328.25	0.0361
328.125	0.0377
328.0	0.0361
327.875	0.0385
327.75	0.0377
327.625	0.0377
327.5	0.0377
327.375	0.0385
327.25	0.0377
327.125	0.0377
327.0	0.0393
326.875	0.0377
326.75	0.0377
326.625	0.0377
326.5	0.0377
326.375	0.0393
326.25	0.0393
326.125	0.0408
326.0	0.0385
325.875	0.0377
325.75	0.0385
325.625	0.0377
325.5	0.0385
325.375	0.0377
325.25	0.0377
325.125	0.0377
325.0	0.0377
324.875	0.0369
324.75	0.0369
324.625	0.0377
324.5	0.0377
324.375	0.0369
324.25	0.0361
324.125	0.0361
324.0	0.0353
323.875	0.0353
323.75	0.0377
323.625	0.0353
323.5	0.0361
323.375	0.0369
323.25	0.033
323.125	0.0369
323.0	0.0361
322.875	0.0345
322.75	0.0369
322.625	0.0361
322.5	0.0361
322.375	0.0369
322.25	0.0353
322.125	0.0369
322.0	0.0353
321.875	0.0361
321.75	0.0361
321.625	0.0361
321.5	0.0377
321.375	0.0353
321.25	0.0369
321.125	0.0369
321.0	0.0353
320.875	0.0369
320.75	0.0361
320.625	0.0377
320.5	0.0369
320.375	0.0353
320.25	0.0377
320.125	0.0369
320.0	0.0377
319.875	0.0369
319.75	0.0377
319.625	0.0377
319.5	0.0377
319.375	0.0377
319.25	0.0377
319.125	0.0377
319.0	0.0377
318.875	0.0377
318.75	0.0377
318.625	0.0377
318.5	0.0377
318.375	0.0377
318.25	0.0377
318.125	0.0377
318.0	0.0353
317.875	0.0385
317.75	0.0369
317.625	0.0377
317.5	0.0377
317.375	0.0377
317.25	0.0369
317.125	0.0377
317.0	0.0377
316.875	0.0377
316.75	0.0377
316.625	0.0377
316.5	0.0353
316.375	0.0377
316.25	0.0377
316.125	0.0377
316.0	0.0377
315.875	0.0369
315.75	0.0369
315.625	0.0353
315.5	0.0377
315.375	0.033
315.25	0.0361
315.125	0.0345
315.0	0.0345
314.875	0.0377
314.75	0.0345
314.625	0.0345
314.5	0.0338
314.375	0.0338
314.25	0.033
314.125	0.0345
314.0	0.033
313.875	0.033
313.75	0.033
313.625	0.033
313.5	0.033
313.375	0.033
313.25	0.0322
313.125	0.033
313.0	0.033
312.875	0.033
312.75	0.033
312.625	0.0322
312.5	0.0314
312.375	0.0322
312.25	0.0322
312.125	0.033
312.0	0.0306
311.875	0.033
311.75	0.0298
311.625	0.033
311.5	0.033
311.375	0.033
311.25	0.033
311.125	0.033
311.0	0.0345
310.875	0.0338
310.75	0.0361
310.625	0.0361
310.5	0.0377
310.375	0.0377
310.25	0.0361
310.125	0.0377
310.0	0.0377
309.875	0.0393
309.75	0.0377
309.625	0.0393
309.5	0.0377
309.375	0.0416
309.25	0.0393
309.125	0.0408
309.0	0.0408
308.875	0.0416
308.75	0.0416
308.625	0.0432
308.5	0.0424
308.375	0.0432
308.25	0.0424
308.125	0.0424
308.0	0.0448
307.875	0.0448
307.75	0.0432
307.625	0.0463
307.5	0.0448
307.375	0.0432
307.25	0.0448
307.125	0.0424
307.0	0.0424
306.875	0.0424
306.75	0.0424
306.625	0.0424
306.5	0.0424
306.375	0.0424
306.25	0.0416
306.125	0.0424
306.0	0.0408
305.875	0.0416
305.75	0.0424
305.625	0.0424
305.5	0.0424
305.375	0.0432
305.25	0.0385
305.125	0.0416
305.0	0.0424
304.875	0.0408
304.75	0.0424
304.625	0.04
304.5	0.0416
304.375	0.0424
304.25	0.04
304.125	0.0416
304.0	0.0416
303.875	0.0416
303.75	0.0408
303.625	0.0424
303.5	0.0424
303.375	0.0408
303.25	0.0424
303.125	0.0424
303.0	0.0408
302.875	0.0424
302.75	0.0424
302.625	0.0424
302.5	0.0424
302.375	0.0432
302.25	0.0424
302.125	0.0424
302.0	0.0408
301.875	0.0416
301.75	0.0424
301.625	0.0424
301.5	0.0424
301.375	0.0424
301.25	0.0416
301.125	0.0424
301.0	0.0408
300.875	0.0416
300.75	0.0416
300.625	0.0424
300.5	0.0424
300.375	0.0424
300.25	0.0416
300.125	0.0424
