898.0	0.5864
897.875	0.5896
897.75	0.5864
897.625	0.5864
897.5	0.5864
897.375	0.5849
897.25	0.5849
897.125	0.5888
897.0	0.5864
896.875	0.588
896.75	0.5849
896.625	0.5872
896.5	0.5849
896.375	0.5849
896.25	0.5841
896.125	0.5849
896.0	0.5849
895.875	0.5849
895.75	0.5833
895.625	0.5833
895.5	0.5849
895.375	0.5841
895.25	0.5849
895.125	0.5841
895.0	0.5849
894.875	0.5833
894.75	0.5841
894.625	0.5849
894.5	0.5841
894.375	0.5825
894.25	0.5841
894.125	0.5825
894.0	0.5833
893.875	0.5817
893.75	0.5849
893.625	0.5849
893.5	0.5849
893.375	0.5849
893.25	0.5856
893.125	0.5849
893.0	0.5849
892.875	0.5849
892.75	0.5856
892.625	0.5849
892.5	0.5856
892.375	0.5864
892.25	0.5849
892.125	0.5849
892.0	0.5849
891.875	0.5849
891.75	0.5849
891.625	0.5849
891.5	0.5833
891.375	0.5841
891.25	0.5849
891.125	0.5841
891.0	0.5849
890.875	0.5849
890.75	0.5849
890.625	0.5833
890.5	0.5833
890.375	0.5833
890.25	0.5849
890.125	0.5849
890.0	0.5825
889.875	0.5833
889.75	0.5849
889.625	0.5849
889.5	0.5849
889.375	0.5849
889.25	0.5833
889.125	0.5841
889.0	0.5849
888.875	0.5833
888.75	0.5841
888.625	0.5849
888.5	0.5849
888.375	0.5841
888.25	0.5849
888.125	0.5849
888.0	0.5849
887.875	0.5849
887.75	0.5856
887.625	0.5849
887.5	0.5856
887.375	0.5849
887.25	0.5856
887.125	0.5896
887.0	0.5849
886.875	0.5896
886.75	0.5896
886.625	0.5896
886.5	0.5911
886.375	0.5911
886.25	0.5943
886.125	0.5927
886.0	0.5904
885.875	0.5904
885.75	0.5927
885.625	0.5896
885.5	0.5911
885.375	0.5896
885.25	0.5919
885.125	0.5896
885.0	0.5896
884.875	0.5904
884.75	0.5888
884.625	0.5896
884.5	0.5896
884.375	0.5896
884.25	0.5896
884.125	0.5888
884.0	0.5888
883.875	0.5896
883.75	0.5904
883.625	0.5896
883.5	0.5904
883.375	0.5896
883.25	0.5896
883.125	0.5896
883.0	0.5919
882.875	0.5904
882.75	0.5904
882.625	0.5904
882.5	0.5919
882.375	0.5896
882.25	0.5896
882.125	0.5896
882.0	0.5904
881.875	0.5896
881.75	0.5888
881.625	0.5888
881.5	0.5904
881.375	0.5888
881.25	0.5888
881.125	0.5896
881.0	0.5896
880.875	0.5896
880.75	0.5896
880.625	0.5872
880.5	0.5896
880.375	0.5896
880.25	0.5896
880.125	0.5896
880.0	0.5896
879.875	0.5896
879.75	0.5896
879.625	0.5896
879.5	0.5896
879.375	0.5896
879.25	0.5896
879.125	0.5888
879.0	0.5896
878.875	0.5904
878.75	0.5896
878.625	0.5935
878.5	0.5919
878.375	0.5935
878.25	0.5919
878.125	0.5943
878.0	0.5919
877.875	0.5943
877.75	0.5896
877.625	0.5911
877.5	0.5904
877.375	0.5896
877.25	0.5896
877.125	0.5896
877.0	0.5896
876.875	0.5896
876.75	0.5896
876.625	0.5888
876.5	0.5896
876.375	0.5896
876.25	0.5896
876.125	0.5927
876.0	0.5943
875.875	0.5935
875.75	0.5943
875.625	0.5943
875.5	0.5943
875.375	0.5943
875.25	0.5943
875.125	0.5943
875.0	0.5959
874.875	0.5943
874.75	0.5959
874.625	0.5974
874.5	0.5959
874.375	0.5966
874.25	0.5974
874.125	0.5943
874.0	0.5982
873.875	0.5982
873.75	0.5982
873.625	0.5982
873.5	0.5974
873.375	0.599
873.25	0.5974
873.125	0.5974
873.0	0.599
872.875	0.599
872.75	0.5982
872.625	0.5966
872.5	0.5982
872.375	0.5966
872.25	0.599
872.125	0.5982
872.0	0.599
871.875	0.5974
871.75	0.5951
871.625	0.5974
871.5	0.5959
871.375	0.5943
871.25	0.5943
871.125	0.5974
871.0	0.5943
870.875	0.5943
870.75	0.5959
870.625	0.5943
870.5	0.5943
870.375	0.5966
870.25	0.5943
870.125	0.5951
870.0	0.5951
869.875	0.5943
869.75	0.5943
869.625	0.5943
869.5	0.5935
869.375	0.5935
869.25	0.5943
869.125	0.5943
869.0	0.5943
868.875	0.5943
868.75	0.5943
868.625	0.5943
868.5	0.5943
868.375	0.5943
868.25	0.5943
868.125	0.5951
868.0	0.5935
867.875	0.5943
867.75	0.5943
867.625	0.5935
867.5	0.5943
867.375	0.5943
867.25	0.5943
867.125	0.5919
867.0	0.5943
866.875	0.5943
866.75	0.5935
866.625	0.5943
866.5	0.5919
866.375	0.5896
866.25	0.5943
866.125	0.5896
866.0	0.5911
865.875	0.5911
865.75	0.5896
865.625	0.5896
865.5	0.5888
865.375	0.5896
865.25	0.5896
865.125	0.5896
865.0	0.5888
864.875	0.5896
864.75	0.5896
864.625	0.5888
864.5	0.5872
864.375	0.5849
864.25	0.5849
864.125	0.5849
864.0	0.5817
863.875	0.5801
863.75	0.5801
863.625	0.5801
863.5	0.5801
863.375	0.5794
863.25	0.5801
863.125	0.5801
863.0	0.5801
862.875	0.5801
862.75	0.5801
862.625	0.5801
862.5	0.5801
862.375	0.5754
862.25	0.5801
862.125	0.5786
862.0	0.5762
861.875	0.5786
861.75	0.5762
861.625	0.5801
861.5	0.5794
861.375	0.5794
861.25	0.5794
861.125	0.5801
861.0	0.5778
860.875	0.5801
860.75	0.5801
860.625	0.5801
860.5	0.5801
860.375	0.5801
860.25	0.5801
860.125	0.5801
860.0	0.5809
859.875	0.5794
859.75	0.5801
859.625	0.5794
859.5	0.5801
859.375	0.5786
859.25	0.5801
859.125	0.5786
859.0	0.5801
858.875	0.5778
858.75	0.5801
858.625	0.5801
858.5	0.5801
858.375	0.5762
858.25	0.5786
858.125	0.5794
858.0	0.5801
857.875	0.5794
857.75	0.5786
857.625	0.5801
857.5	0.5801
857.375	0.5801
857.25	0.5801
857.125	0.5801
857.0	0.5801
856.875	0.5786
856.75	0.5786
856.625	0.5754
856.5	0.5794
856.375	0.5778
856.25	0.5754
856.125	0.5794
856.0	0.577
855.875	0.577
855.75	0.5778
855.625	0.5778
855.5	0.5801
855.375	0.5794
855.25	0.5801
855.125	0.5801
855.0	0.5801
854.875	0.5801
854.75	0.5801
854.625	0.5801
854.5	0.5817
854.375	0.5833
854.25	0.5856
854.125	0.5833
854.0	0.5809
853.875	0.5817
853.75	0.5825
853.625	0.5794
853.5	0.5801
853.375	0.5801
853.25	0.5801
853.125	0.5801
853.0	0.5801
852.875	0.5809
852.75	0.5801
852.625	0.5825
852.5	0.5801
852.375	0.5801
852.25	0.5801
852.125	0.5809
852.0	0.5809
851.875	0.5786
851.75	0.5809
851.625	0.5801
851.5	0.5801
851.375	0.5801
851.25	0.5801
851.125	0.5801
851.0	0.5801
850.875	0.5801
850.75	0.5801
850.625	0.5817
850.5	0.5833
850.375	0.5801
850.25	0.5801
850.125	0.5825
850.0	0.5809
849.875	0.5809
849.75	0.5825
849.625	0.5809
849.5	0.5801
849.375	0.5801
849.25	0.5801
849.125	0.5794
849.0	0.5801
848.875	0.5809
848.75	0.5801
848.625	0.5794
848.5	0.5825
848.375	0.5801
848.25	0.5794
848.125	0.5801
848.0	0.5801
847.875	0.5801
847.75	0.5801
847.625	0.5801
847.5	0.5801
847.375	0.5801
847.25	0.5801
847.125	0.5801
847.0	0.5801
846.875	0.5801
846.75	0.5817
846.625	0.5825
846.5	0.5809
846.375	0.5801
846.25	0.5801
846.125	0.5801
846.0	0.5809
845.875	0.5801
845.75	0.5849
845.625	0.5849
845.5	0.5896
845.375	0.5943
845.25	0.6014
845.125	0.6108
845.0	0.6202
844.875	0.6257
844.75	0.6281
844.625	0.6289
844.5	0.6265
844.375	0.6226
844.25	0.6234
844.125	0.6179
844.0	0.6163
843.875	0.6132
843.75	0.6108
843.625	0.6037
843.5	0.5974
843.375	0.5896
843.25	0.5841
843.125	0.5801
843.0	0.5778
842.875	0.5754
842.75	0.5754
842.625	0.5746
842.5	0.5754
842.375	0.5754
842.25	0.5754
842.125	0.5754
842.0	0.5738
841.875	0.5723
841.75	0.5754
841.625	0.5754
841.5	0.5754
841.375	0.5754
841.25	0.5738
841.125	0.5746
841.0	0.5754
840.875	0.5754
840.75	0.5754
840.625	0.5754
840.5	0.5754
840.375	0.5754
840.25	0.5754
840.125	0.5754
840.0	0.5754
839.875	0.5762
839.75	0.5754
839.625	0.5754
839.5	0.5754
839.375	0.5731
839.25	0.5754
839.125	0.5746
839.0	0.5731
838.875	0.5754
838.75	0.5754
838.625	0.5754
838.5	0.5746
838.375	0.5754
838.25	0.5738
838.125	0.5731
838.0	0.5715
837.875	0.5707
837.75	0.5707
837.625	0.5715
837.5	0.5731
837.375	0.5707
837.25	0.5707
837.125	0.5715
837.0	0.5715
836.875	0.5707
836.75	0.5715
836.625	0.5723
836.5	0.5707
836.375	0.5707
836.25	0.5707
836.125	0.5707
836.0	0.5707
835.875	0.5707
835.75	0.5707
835.625	0.5691
835.5	0.5707
835.375	0.5707
835.25	0.5707
835.125	0.5707
835.0	0.5715
834.875	0.5707
834.75	0.5699
834.625	0.5707
834.5	0.5707
834.375	0.5723
834.25	0.5754
834.125	0.5754
834.0	0.5754
833.875	0.5794
833.75	0.5801
833.625	0.5809
833.5	0.5841
833.375	0.5849
833.25	0.5856
833.125	0.588
833.0	0.588
832.875	0.5896
832.75	0.5872
832.625	0.5888
832.5	0.5896
832.375	0.5896
832.25	0.5896
832.125	0.5896
832.0	0.5888
831.875	0.5872
831.75	0.5872
831.625	0.5888
831.5	0.5864
831.375	0.588
831.25	0.588
831.125	0.5849
831.0	0.5841
830.875	0.5849
830.75	0.5849
830.625	0.5849
830.5	0.5833
830.375	0.5833
830.25	0.5841
830.125	0.5817
830.0	0.5849
829.875	0.5841
829.75	0.5833
829.625	0.5817
829.5	0.5833
829.375	0.5809
829.25	0.5809
829.125	0.5801
829.0	0.5833
828.875	0.5817
828.75	0.5809
828.625	0.5801
828.5	0.5801
828.375	0.5801
828.25	0.5801
828.125	0.5849
828.0	0.5801
827.875	0.5809
827.75	0.5801
827.625	0.5801
827.5	0.5801
827.375	0.5809
827.25	0.5801
827.125	0.5801
827.0	0.5801
826.875	0.5801
826.75	0.5801
826.625	0.5801
826.5	0.5801
826.375	0.5833
826.25	0.5809
826.125	0.5809
826.0	0.5825
825.875	0.5849
825.75	0.5841
825.625	0.5849
825.5	0.5849
825.375	0.5841
825.25	0.5849
825.125	0.5849
825.0	0.5856
824.875	0.5849
824.75	0.5841
824.625	0.5849
824.5	0.5864
824.375	0.5864
824.25	0.5849
824.125	0.5849
824.0	0.5864
823.875	0.5849
823.75	0.588
823.625	0.5864
823.5	0.5896
823.375	0.5896
823.25	0.5872
823.125	0.588
823.0	0.5856
822.875	0.5896
822.75	0.588
822.625	0.588
822.5	0.5872
822.375	0.5856
822.25	0.5864
822.125	0.5872
822.0	0.5872
821.875	0.5896
821.75	0.5888
821.625	0.588
821.5	0.5864
821.375	0.5896
821.25	0.5896
821.125	0.5896
821.0	0.5896
820.875	0.5896
820.75	0.5896
820.625	0.5896
820.5	0.5896
820.375	0.5896
820.25	0.5896
820.125	0.5896
820.0	0.5888
819.875	0.5896
819.75	0.5888
819.625	0.5888
819.5	0.5896
819.375	0.5896
819.25	0.5896
819.125	0.5872
819.0	0.5896
818.875	0.5896
818.75	0.5864
818.625	0.5896
818.5	0.5849
818.375	0.5849
818.25	0.5849
818.125	0.5849
818.0	0.5833
817.875	0.5801
817.75	0.5817
817.625	0.5841
817.5	0.5809
817.375	0.5809
817.25	0.5801
817.125	0.5809
817.0	0.5801
816.875	0.5809
816.75	0.5801
816.625	0.5825
816.5	0.5801
816.375	0.5801
816.25	0.5801
816.125	0.5801
816.0	0.5825
815.875	0.5801
815.75	0.5801
815.625	0.5801
815.5	0.5801
815.375	0.5801
815.25	0.5794
815.125	0.5762
815.0	0.5762
814.875	0.5762
814.75	0.577
814.625	0.5754
814.5	0.5754
814.375	0.5754
814.25	0.5754
814.125	0.5754
814.0	0.5778
813.875	0.5754
813.75	0.5754
813.625	0.5762
813.5	0.5762
813.375	0.5762
813.25	0.5778
813.125	0.5794
813.0	0.5786
812.875	0.5786
812.75	0.5754
812.625	0.5754
812.5	0.5778
812.375	0.5801
812.25	0.5794
812.125	0.5801
812.0	0.5786
811.875	0.5794
811.75	0.5801
811.625	0.5801
811.5	0.5801
811.375	0.5801
811.25	0.5801
811.125	0.5786
811.0	0.5778
810.875	0.577
810.75	0.5794
810.625	0.5778
810.5	0.5801
810.375	0.5794
810.25	0.5801
810.125	0.5801
810.0	0.5794
809.875	0.5801
809.75	0.5801
809.625	0.5794
809.5	0.5794
809.375	0.5801
809.25	0.5794
809.125	0.5786
809.0	0.5794
808.875	0.5794
808.75	0.5801
808.625	0.5801
808.5	0.5801
808.375	0.5801
808.25	0.5801
808.125	0.5801
808.0	0.5801
807.875	0.5801
807.75	0.5801
807.625	0.5801
807.5	0.5801
807.375	0.5809
807.25	0.5825
807.125	0.5801
807.0	0.5801
806.875	0.5801
806.75	0.5801
806.625	0.5801
806.5	0.5801
806.375	0.5801
806.25	0.5801
806.125	0.5817
806.0	0.5809
805.875	0.5825
805.75	0.5801
805.625	0.5801
805.5	0.5801
805.375	0.5801
805.25	0.5809
805.125	0.5801
805.0	0.5801
804.875	0.5817
804.75	0.5809
804.625	0.5801
804.5	0.5801
804.375	0.5817
804.25	0.5809
804.125	0.5801
804.0	0.5825
803.875	0.5841
803.75	0.5801
803.625	0.5825
803.5	0.5817
803.375	0.5801
803.25	0.5817
803.125	0.5809
803.0	0.5801
802.875	0.5809
802.75	0.5833
802.625	0.5801
802.5	0.5801
802.375	0.5801
802.25	0.5801
802.125	0.5801
802.0	0.5809
801.875	0.5825
801.75	0.5817
801.625	0.5849
801.5	0.5833
801.375	0.5849
801.25	0.5849
801.125	0.5849
801.0	0.5849
800.875	0.5856
800.75	0.5856
800.625	0.5856
800.5	0.5864
800.375	0.5872
800.25	0.5864
800.125	0.5849
800.0	0.5856
799.875	0.5849
799.75	0.5849
799.625	0.5849
799.5	0.5849
799.375	0.588
799.25	0.5849
799.125	0.5849
799.0	0.5849
798.875	0.5849
798.75	0.5817
798.625	0.5849
798.5	0.5849
798.375	0.5833
798.25	0.5833
798.125	0.5841
798.0	0.5841
797.875	0.5825
797.75	0.5849
797.625	0.5849
797.5	0.5856
797.375	0.5888
797.25	0.5919
797.125	0.5951
797.0	0.599
796.875	0.6022
796.75	0.5998
796.625	0.5998
796.5	0.599
796.375	0.5982
796.25	0.599
796.125	0.599
796.0	0.5982
795.875	0.599
795.75	0.5951
795.625	0.5943
795.5	0.5911
795.375	0.5888
795.25	0.5872
795.125	0.5849
795.0	0.5849
794.875	0.5849
794.75	0.5849
794.625	0.5849
794.5	0.5849
794.375	0.5856
794.25	0.5833
794.125	0.5849
794.0	0.5849
793.875	0.5864
793.75	0.5856
793.625	0.5849
793.5	0.5856
793.375	0.5888
793.25	0.5888
793.125	0.5872
793.0	0.588
792.875	0.5849
792.75	0.5856
792.625	0.5864
792.5	0.588
792.375	0.588
792.25	0.5856
792.125	0.5856
792.0	0.5864
791.875	0.5849
791.75	0.5864
791.625	0.5872
791.5	0.5856
791.375	0.5856
791.25	0.5864
791.125	0.5872
791.0	0.5896
790.875	0.5896
790.75	0.5896
790.625	0.5896
790.5	0.588
790.375	0.5872
790.25	0.5896
790.125	0.588
790.0	0.5856
789.875	0.5849
789.75	0.5849
789.625	0.5833
789.5	0.5841
789.375	0.5833
789.25	0.5833
789.125	0.5833
789.0	0.5849
788.875	0.5817
788.75	0.5833
788.625	0.5849
788.5	0.5849
788.375	0.5849
788.25	0.5849
788.125	0.5849
788.0	0.588
787.875	0.5864
787.75	0.5888
787.625	0.5864
787.5	0.588
787.375	0.5911
787.25	0.5896
787.125	0.5896
787.0	0.5904
786.875	0.5927
786.75	0.5927
786.625	0.5943
786.5	0.5943
786.375	0.5982
786.25	0.599
786.125	0.599
786.0	0.6037
785.875	0.6037
785.75	0.6061
785.625	0.6077
785.5	0.6084
785.375	0.6124
785.25	0.6132
785.125	0.6155
785.0	0.6179
784.875	0.6179
784.75	0.6226
784.625	0.6226
784.5	0.6226
784.375	0.6234
784.25	0.6242
784.125	0.6273
784.0	0.6265
783.875	0.6257
783.75	0.6257
783.625	0.6265
783.5	0.6226
783.375	0.625
783.25	0.6226
783.125	0.6187
783.0	0.621
782.875	0.6202
782.75	0.6155
782.625	0.6132
782.5	0.6132
782.375	0.6084
782.25	0.6084
782.125	0.6037
782.0	0.5998
781.875	0.599
781.75	0.5959
781.625	0.5951
781.5	0.5896
781.375	0.588
781.25	0.5856
781.125	0.5856
781.0	0.5849
780.875	0.5833
780.75	0.5809
780.625	0.5801
780.5	0.5778
780.375	0.5754
780.25	0.5731
780.125	0.5707
780.0	0.5707
779.875	0.5691
779.75	0.566
779.625	0.566
779.5	0.566
779.375	0.566
779.25	0.5699
779.125	0.5707
779.0	0.5754
778.875	0.5762
778.75	0.5786
778.625	0.5833
778.5	0.5849
778.375	0.5864
778.25	0.5896
778.125	0.5911
778.0	0.5896
777.875	0.5927
777.75	0.5943
777.625	0.5943
777.5	0.5959
777.375	0.5966
777.25	0.5974
777.125	0.5959
777.0	0.5951
776.875	0.5943
776.75	0.5943
776.625	0.5943
776.5	0.5943
776.375	0.5927
776.25	0.5943
776.125	0.5911
776.0	0.5911
775.875	0.5896
775.75	0.5856
775.625	0.5825
775.5	0.5809
775.375	0.5801
775.25	0.5801
775.125	0.5801
775.0	0.5754
774.875	0.5754
774.75	0.5754
774.625	0.5707
774.5	0.5731
774.375	0.5715
774.25	0.5707
774.125	0.5715
774.0	0.5707
773.875	0.5707
773.75	0.5707
773.625	0.5707
773.5	0.5707
773.375	0.5707
773.25	0.5738
773.125	0.5715
773.0	0.5707
772.875	0.5715
772.75	0.5723
772.625	0.5731
772.5	0.5715
772.375	0.5707
772.25	0.5746
772.125	0.5746
772.0	0.5738
771.875	0.5746
771.75	0.5731
771.625	0.5746
771.5	0.5746
771.375	0.5731
771.25	0.5746
771.125	0.5754
771.0	0.5738
770.875	0.5746
770.75	0.5738
770.625	0.5754
770.5	0.5754
770.375	0.5762
770.25	0.577
770.125	0.5754
770.0	0.5754
769.875	0.5723
769.75	0.5707
769.625	0.5707
769.5	0.5699
769.375	0.566
769.25	0.566
769.125	0.5652
769.0	0.5613
768.875	0.5597
768.75	0.5566
768.625	0.5566
768.5	0.5566
768.375	0.5566
768.25	0.5558
768.125	0.5566
768.0	0.5558
767.875	0.5566
767.75	0.5558
767.625	0.5518
767.5	0.5542
767.375	0.5526
767.25	0.5518
767.125	0.555
767.0	0.5518
766.875	0.5534
766.75	0.5542
766.625	0.5526
766.5	0.5534
766.375	0.5542
766.25	0.5566
766.125	0.5566
766.0	0.5566
765.875	0.5566
765.75	0.5566
765.625	0.5566
765.5	0.5566
765.375	0.5589
765.25	0.5566
765.125	0.5573
765.0	0.5566
764.875	0.5573
764.75	0.5573
764.625	0.5581
764.5	0.5581
764.375	0.5573
764.25	0.5573
764.125	0.5566
764.0	0.5566
763.875	0.5581
763.75	0.5566
763.625	0.5566
763.5	0.5566
763.375	0.5581
763.25	0.5566
763.125	0.5566
763.0	0.5566
762.875	0.5566
762.75	0.5573
762.625	0.5566
762.5	0.5566
762.375	0.5566
762.25	0.5566
762.125	0.5566
762.0	0.5558
761.875	0.5566
761.75	0.5566
761.625	0.5566
761.5	0.5542
761.375	0.555
761.25	0.5566
761.125	0.5566
761.0	0.5566
760.875	0.5589
760.75	0.5573
760.625	0.5589
760.5	0.5566
760.375	0.5573
760.25	0.5613
760.125	0.5613
760.0	0.5628
759.875	0.5613
759.75	0.566
759.625	0.5636
759.5	0.566
759.375	0.566
759.25	0.566
759.125	0.566
759.0	0.566
758.875	0.566
758.75	0.5668
758.625	0.566
758.5	0.5683
758.375	0.5683
758.25	0.566
758.125	0.5668
758.0	0.566
757.875	0.566
757.75	0.5676
757.625	0.5691
757.5	0.5707
757.375	0.5707
757.25	0.5707
757.125	0.5707
757.0	0.5707
756.875	0.5691
756.75	0.5676
756.625	0.5691
756.5	0.5699
756.375	0.5676
756.25	0.5668
756.125	0.5707
756.0	0.5699
755.875	0.5707
755.75	0.5707
755.625	0.5707
755.5	0.5707
755.375	0.5707
755.25	0.5707
755.125	0.5707
755.0	0.5738
754.875	0.5738
754.75	0.5754
754.625	0.577
754.5	0.5809
754.375	0.5864
754.25	0.5888
754.125	0.5927
754.0	0.5951
753.875	0.599
753.75	0.599
753.625	0.599
753.5	0.5982
753.375	0.5943
753.25	0.5943
753.125	0.5943
753.0	0.5904
752.875	0.5904
752.75	0.5864
752.625	0.5841
752.5	0.5825
752.375	0.5801
752.25	0.5754
752.125	0.5754
752.0	0.5707
751.875	0.5715
751.75	0.5707
751.625	0.5707
751.5	0.5707
751.375	0.5707
751.25	0.5707
751.125	0.5699
751.0	0.5707
750.875	0.5707
750.75	0.5699
750.625	0.5707
750.5	0.5707
750.375	0.5707
750.25	0.5707
750.125	0.5715
750.0	0.5707
749.875	0.5707
749.75	0.5691
749.625	0.5699
749.5	0.5707
749.375	0.5707
749.25	0.5699
749.125	0.5699
749.0	0.5699
748.875	0.5707
748.75	0.5707
748.625	0.5707
748.5	0.5707
748.375	0.5699
748.25	0.5707
748.125	0.5707
748.0	0.5707
747.875	0.5707
747.75	0.5707
747.625	0.5707
747.5	0.5707
747.375	0.5707
747.25	0.5707
747.125	0.5707
747.0	0.5707
746.875	0.5707
746.75	0.5691
746.625	0.5707
746.5	0.5707
746.375	0.5699
746.25	0.5691
746.125	0.5707
746.0	0.5707
745.875	0.5683
745.75	0.5707
745.625	0.5699
745.5	0.5699
745.375	0.5707
745.25	0.5699
745.125	0.5707
745.0	0.5699
744.875	0.5699
744.75	0.5707
744.625	0.5699
744.5	0.5676
744.375	0.5699
744.25	0.5683
744.125	0.5676
744.0	0.5668
743.875	0.5676
743.75	0.5699
743.625	0.5707
743.5	0.5683
743.375	0.5707
743.25	0.5707
743.125	0.5707
743.0	0.5707
742.875	0.5707
742.75	0.5699
742.625	0.5699
742.5	0.5699
742.375	0.5683
742.25	0.5707
742.125	0.5676
742.0	0.566
741.875	0.5683
741.75	0.5676
741.625	0.5676
741.5	0.5691
741.375	0.5699
741.25	0.5699
741.125	0.5707
741.0	0.5676
740.875	0.5707
740.75	0.5707
740.625	0.5707
740.5	0.5691
740.375	0.5668
740.25	0.5699
740.125	0.5691
740.0	0.5691
739.875	0.5676
739.75	0.5683
739.625	0.5683
739.5	0.5691
739.375	0.5707
739.25	0.5707
739.125	0.5707
739.0	0.5707
738.875	0.5707
738.75	0.5731
738.625	0.5707
738.5	0.5707
738.375	0.5707
738.25	0.5707
738.125	0.5707
738.0	0.5707
737.875	0.5691
737.75	0.5699
737.625	0.5683
737.5	0.5676
737.375	0.5691
737.25	0.5691
737.125	0.5707
737.0	0.5707
736.875	0.5683
736.75	0.5683
736.625	0.5699
736.5	0.5699
736.375	0.5707
736.25	0.5699
736.125	0.5699
736.0	0.5707
735.875	0.5707
735.75	0.5699
735.625	0.5668
735.5	0.5668
735.375	0.5683
735.25	0.5707
735.125	0.5691
735.0	0.5707
734.875	0.5707
734.75	0.566
734.625	0.5699
734.5	0.5707
734.375	0.5676
734.25	0.5668
734.125	0.5707
734.0	0.5683
733.875	0.5691
733.75	0.5699
733.625	0.5691
733.5	0.5707
733.375	0.5699
733.25	0.5707
733.125	0.5707
733.0	0.5707
732.875	0.5707
732.75	0.5699
732.625	0.5699
732.5	0.5707
732.375	0.5707
732.25	0.5699
732.125	0.5699
732.0	0.5683
731.875	0.566
731.75	0.5691
731.625	0.5668
731.5	0.5683
731.375	0.5691
731.25	0.5707
731.125	0.5691
731.0	0.5707
730.875	0.5707
730.75	0.5707
730.625	0.5707
730.5	0.5699
730.375	0.5707
730.25	0.5707
730.125	0.5707
730.0	0.5676
729.875	0.5707
729.75	0.5707
729.625	0.5668
729.5	0.5723
729.375	0.5707
729.25	0.5699
729.125	0.5707
729.0	0.5707
728.875	0.5707
728.75	0.5707
728.625	0.5699
728.5	0.5699
728.375	0.5707
728.25	0.5707
728.125	0.5707
728.0	0.5707
727.875	0.5707
727.75	0.5707
727.625	0.5707
727.5	0.5699
727.375	0.5699
727.25	0.5707
727.125	0.566
727.0	0.5707
726.875	0.5683
726.75	0.5707
726.625	0.5676
726.5	0.5683
726.375	0.5707
726.25	0.5707
726.125	0.5699
726.0	0.5707
725.875	0.5707
725.75	0.5707
725.625	0.5707
725.5	0.5691
725.375	0.566
725.25	0.5668
725.125	0.5707
725.0	0.5707
724.875	0.5668
724.75	0.5691
724.625	0.5707
724.5	0.5707
724.375	0.5707
724.25	0.5707
724.125	0.5723
724.0	0.5707
723.875	0.5715
723.75	0.5707
723.625	0.5707
723.5	0.5707
723.375	0.5707
723.25	0.5707
723.125	0.5723
723.0	0.5707
722.875	0.5707
722.75	0.5707
722.625	0.5691
722.5	0.5683
722.375	0.5707
722.25	0.5707
722.125	0.5707
722.0	0.5707
721.875	0.5707
721.75	0.5707
721.625	0.5691
721.5	0.5707
721.375	0.5707
721.25	0.5707
721.125	0.5738
721.0	0.5707
720.875	0.5707
720.75	0.5707
720.625	0.5707
720.5	0.5707
720.375	0.5707
720.25	0.5707
720.125	0.5707
720.0	0.5707
719.875	0.5683
719.75	0.5715
719.625	0.5707
719.5	0.5707
719.375	0.5715
719.25	0.5707
719.125	0.5707
719.0	0.5707
718.875	0.5707
718.75	0.5731
718.625	0.5707
718.5	0.5707
718.375	0.5715
718.25	0.5723
718.125	0.5715
718.0	0.5707
717.875	0.5707
717.75	0.5707
717.625	0.5707
717.5	0.5715
717.375	0.5707
717.25	0.5723
717.125	0.5707
717.0	0.5723
716.875	0.5707
716.75	0.5707
716.625	0.5715
716.5	0.5731
716.375	0.5731
716.25	0.5723
716.125	0.5754
716.0	0.5746
715.875	0.5738
715.75	0.5731
715.625	0.5746
715.5	0.5754
715.375	0.5746
715.25	0.5754
715.125	0.5754
715.0	0.5746
714.875	0.5754
714.75	0.5754
714.625	0.5754
714.5	0.5762
714.375	0.5754
714.25	0.5754
714.125	0.5754
714.0	0.5762
713.875	0.5754
713.75	0.5786
713.625	0.577
713.5	0.5762
713.375	0.5754
713.25	0.5754
713.125	0.5754
713.0	0.5754
712.875	0.5754
712.75	0.5754
712.625	0.5754
712.5	0.5754
712.375	0.5746
712.25	0.5707
712.125	0.5707
712.0	0.5731
711.875	0.5746
711.75	0.5707
711.625	0.5731
711.5	0.5707
711.375	0.5715
711.25	0.5707
711.125	0.5707
711.0	0.5691
710.875	0.5699
710.75	0.5707
710.625	0.5707
710.5	0.5707
710.375	0.5707
710.25	0.5707
710.125	0.5691
710.0	0.5707
709.875	0.5707
709.75	0.5707
709.625	0.5707
709.5	0.5707
709.375	0.5707
709.25	0.5683
709.125	0.5707
709.0	0.5683
708.875	0.5707
708.75	0.5707
708.625	0.5699
708.5	0.566
708.375	0.5683
708.25	0.5707
708.125	0.5691
708.0	0.5683
707.875	0.5683
707.75	0.5707
707.625	0.5707
707.5	0.5707
707.375	0.5707
707.25	0.5707
707.125	0.5707
707.0	0.5707
706.875	0.5707
706.75	0.5707
706.625	0.5707
706.5	0.5707
706.375	0.5707
706.25	0.5691
706.125	0.5699
706.0	0.5707
705.875	0.5715
705.75	0.5707
705.625	0.5707
705.5	0.5707
705.375	0.5707
705.25	0.5715
705.125	0.5723
705.0	0.5707
704.875	0.5707
704.75	0.5707
704.625	0.5707
704.5	0.5731
704.375	0.5723
704.25	0.5707
704.125	0.5731
704.0	0.5723
703.875	0.5707
703.75	0.5715
703.625	0.5731
703.5	0.5738
703.375	0.5754
703.25	0.5754
703.125	0.5754
703.0	0.5754
702.875	0.5754
702.75	0.5762
702.625	0.5794
702.5	0.5754
702.375	0.5754
702.25	0.5754
702.125	0.5754
702.0	0.5794
701.875	0.5754
701.75	0.5762
701.625	0.5762
701.5	0.5754
701.375	0.5786
701.25	0.5754
701.125	0.577
701.0	0.5762
700.875	0.5754
700.75	0.5754
700.625	0.5754
700.5	0.5754
700.375	0.5754
700.25	0.5754
700.125	0.5762
700.0	0.5778
699.875	0.577
699.75	0.5801
699.625	0.5801
699.5	0.5762
699.375	0.577
699.25	0.5794
699.125	0.5754
699.0	0.5794
698.875	0.5786
698.75	0.5786
698.625	0.5794
698.5	0.5801
698.375	0.5801
698.25	0.5801
698.125	0.5794
698.0	0.5778
697.875	0.5794
697.75	0.5801
697.625	0.5801
697.5	0.5801
697.375	0.5786
697.25	0.5801
697.125	0.5801
697.0	0.5794
696.875	0.5794
696.75	0.5794
696.625	0.577
696.5	0.5786
696.375	0.577
696.25	0.5801
696.125	0.5801
696.0	0.5794
695.875	0.5794
695.75	0.5778
695.625	0.577
695.5	0.577
695.375	0.5762
695.25	0.5754
695.125	0.5778
695.0	0.5746
694.875	0.5754
694.75	0.5754
694.625	0.5754
694.5	0.5754
694.375	0.5754
694.25	0.5723
694.125	0.5746
694.0	0.5754
693.875	0.5738
693.75	0.5707
693.625	0.5707
693.5	0.5731
693.375	0.5715
693.25	0.5707
693.125	0.5731
693.0	0.5715
692.875	0.5707
692.75	0.5707
692.625	0.5707
692.5	0.5707
692.375	0.5731
692.25	0.5723
692.125	0.5707
692.0	0.5723
691.875	0.5707
691.75	0.5707
691.625	0.5707
691.5	0.5707
691.375	0.5715
691.25	0.5707
691.125	0.5707
691.0	0.5715
690.875	0.5707
690.75	0.5707
690.625	0.5707
690.5	0.5691
690.375	0.5691
690.25	0.5699
690.125	0.5699
690.0	0.5707
689.875	0.5707
689.75	0.5691
689.625	0.5707
689.5	0.5676
689.375	0.5683
689.25	0.5707
689.125	0.5707
689.0	0.5676
688.875	0.5707
688.75	0.5676
688.625	0.5699
688.5	0.5707
688.375	0.5707
688.25	0.5707
688.125	0.5691
688.0	0.5691
687.875	0.5683
687.75	0.5683
687.625	0.5691
687.5	0.5676
687.375	0.566
687.25	0.566
687.125	0.5683
687.0	0.5683
686.875	0.566
686.75	0.5676
686.625	0.5668
686.5	0.5691
686.375	0.5691
686.25	0.5691
686.125	0.5683
686.0	0.5691
685.875	0.5699
685.75	0.5707
685.625	0.5699
685.5	0.5699
685.375	0.5707
685.25	0.5707
685.125	0.5707
685.0	0.5707
684.875	0.5699
684.75	0.5691
684.625	0.5691
684.5	0.5691
684.375	0.5699
684.25	0.5707
684.125	0.5707
684.0	0.5707
683.875	0.5691
683.75	0.5707
683.625	0.5707
683.5	0.5707
683.375	0.5707
683.25	0.5707
683.125	0.5707
683.0	0.5676
682.875	0.5691
682.75	0.5707
682.625	0.5707
682.5	0.5707
682.375	0.5707
682.25	0.5707
682.125	0.5707
682.0	0.5683
681.875	0.5707
681.75	0.5707
681.625	0.5707
681.5	0.5707
681.375	0.5707
681.25	0.5715
681.125	0.5699
681.0	0.5707
680.875	0.5707
680.75	0.5723
680.625	0.5707
680.5	0.5691
680.375	0.5707
680.25	0.5707
680.125	0.5699
680.0	0.5707
679.875	0.5699
679.75	0.5715
679.625	0.5707
679.5	0.5707
679.375	0.5707
679.25	0.5715
679.125	0.5707
679.0	0.5707
678.875	0.5715
678.75	0.5699
678.625	0.5707
678.5	0.5699
678.375	0.5699
678.25	0.5707
678.125	0.5707
678.0	0.5707
677.875	0.5707
677.75	0.5699
677.625	0.5691
677.5	0.5707
677.375	0.5707
677.25	0.5707
677.125	0.5707
677.0	0.5707
676.875	0.5707
676.75	0.5707
676.625	0.5707
676.5	0.5707
676.375	0.5707
676.25	0.5707
676.125	0.5707
676.0	0.5707
675.875	0.5707
675.75	0.5707
675.625	0.5731
675.5	0.5707
675.375	0.5707
675.25	0.5707
675.125	0.5707
675.0	0.5707
674.875	0.5707
674.75	0.5715
674.625	0.5715
674.5	0.5754
674.375	0.5738
674.25	0.5754
674.125	0.5754
674.0	0.5762
673.875	0.5754
673.75	0.5794
673.625	0.5786
673.5	0.577
673.375	0.5801
673.25	0.5801
673.125	0.5801
673.0	0.5817
672.875	0.5833
672.75	0.5841
672.625	0.5841
672.5	0.5801
672.375	0.5849
672.25	0.5849
672.125	0.5817
672.0	0.5801
671.875	0.5809
671.75	0.5817
671.625	0.5825
671.5	0.5809
671.375	0.5801
671.25	0.5801
671.125	0.5801
671.0	0.5801
670.875	0.5786
670.75	0.577
670.625	0.5786
670.5	0.5754
670.375	0.5786
670.25	0.5794
670.125	0.5794
670.0	0.5762
669.875	0.5754
669.75	0.577
669.625	0.5778
669.5	0.577
669.375	0.5754
669.25	0.5754
669.125	0.5754
669.0	0.5754
668.875	0.5754
668.75	0.5754
668.625	0.5754
668.5	0.5762
668.375	0.5754
668.25	0.5754
668.125	0.5762
668.0	0.5754
667.875	0.5754
667.75	0.5754
667.625	0.5738
667.5	0.5754
667.375	0.5762
667.25	0.577
667.125	0.5754
667.0	0.5754
666.875	0.5754
666.75	0.5754
666.625	0.5754
666.5	0.5754
666.375	0.5754
666.25	0.5754
666.125	0.5754
666.0	0.5754
665.875	0.577
665.75	0.5754
665.625	0.5754
665.5	0.5762
665.375	0.5778
665.25	0.5754
665.125	0.577
665.0	0.5794
664.875	0.5754
664.75	0.5754
664.625	0.5754
664.5	0.5754
664.375	0.5754
664.25	0.5754
664.125	0.5754
664.0	0.5754
663.875	0.5754
663.75	0.577
663.625	0.5762
663.5	0.5754
663.375	0.5754
663.25	0.5754
663.125	0.5754
663.0	0.5754
662.875	0.5738
662.75	0.5746
662.625	0.5754
662.5	0.5754
662.375	0.5754
662.25	0.5754
662.125	0.5754
662.0	0.5754
661.875	0.5754
661.75	0.5746
661.625	0.5754
661.5	0.5754
661.375	0.5778
661.25	0.577
661.125	0.5778
661.0	0.5762
660.875	0.5754
660.75	0.5786
660.625	0.5754
660.5	0.5754
660.375	0.5754
660.25	0.5778
660.125	0.5754
660.0	0.5762
659.875	0.577
659.75	0.5786
659.625	0.5786
659.5	0.5801
659.375	0.5801
659.25	0.577
659.125	0.5801
659.0	0.5794
658.875	0.5801
658.75	0.5801
658.625	0.5794
658.5	0.577
658.375	0.5801
658.25	0.5762
658.125	0.5786
658.0	0.5762
657.875	0.5754
657.75	0.5754
657.625	0.5754
657.5	0.5754
657.375	0.5746
657.25	0.5746
657.125	0.5746
657.0	0.5762
656.875	0.5746
656.75	0.5715
656.625	0.5746
656.5	0.5746
656.375	0.5754
656.25	0.5754
656.125	0.5754
656.0	0.5738
655.875	0.5754
655.75	0.5754
655.625	0.5754
655.5	0.5754
655.375	0.5746
655.25	0.5738
655.125	0.5754
655.0	0.5754
654.875	0.5738
654.75	0.5746
654.625	0.5754
654.5	0.5754
654.375	0.5754
654.25	0.5754
654.125	0.5723
654.0	0.5754
653.875	0.5738
653.75	0.5738
653.625	0.5754
653.5	0.5754
653.375	0.5731
653.25	0.5754
653.125	0.5754
653.0	0.5723
652.875	0.5754
652.75	0.5754
652.625	0.5738
652.5	0.5754
652.375	0.5754
652.25	0.5754
652.125	0.5746
652.0	0.577
651.875	0.5754
651.75	0.5754
651.625	0.5754
651.5	0.5754
651.375	0.5754
651.25	0.5715
651.125	0.5746
651.0	0.5754
650.875	0.5754
650.75	0.5754
650.625	0.5754
650.5	0.5754
650.375	0.5715
650.25	0.5738
650.125	0.5754
650.0	0.5715
649.875	0.5731
649.75	0.5715
649.625	0.5707
649.5	0.5707
649.375	0.5707
649.25	0.5707
649.125	0.5707
649.0	0.5699
648.875	0.5691
648.75	0.5683
648.625	0.5691
648.5	0.5699
648.375	0.5707
648.25	0.5707
648.125	0.5707
648.0	0.5707
647.875	0.5707
647.75	0.5707
647.625	0.5707
647.5	0.5707
647.375	0.5707
647.25	0.5707
647.125	0.5707
647.0	0.5707
646.875	0.5707
646.75	0.5715
646.625	0.5731
646.5	0.5746
646.375	0.5723
646.25	0.5715
646.125	0.5707
646.0	0.5731
645.875	0.5723
645.75	0.5731
645.625	0.5746
645.5	0.5707
645.375	0.5707
645.25	0.5738
645.125	0.5715
645.0	0.5715
644.875	0.5723
644.75	0.5707
644.625	0.5707
644.5	0.5707
644.375	0.5731
644.25	0.5715
644.125	0.5715
644.0	0.5707
643.875	0.5723
643.75	0.5738
643.625	0.5707
643.5	0.5754
643.375	0.5723
643.25	0.5707
643.125	0.5715
643.0	0.5731
642.875	0.5746
642.75	0.5754
642.625	0.5707
642.5	0.5707
642.375	0.5746
642.25	0.5754
642.125	0.5746
642.0	0.5754
641.875	0.5754
641.75	0.5754
641.625	0.5754
641.5	0.5754
641.375	0.5754
641.25	0.5754
641.125	0.5754
641.0	0.5754
640.875	0.5754
640.75	0.5746
640.625	0.5738
640.5	0.5707
640.375	0.5738
640.25	0.5731
640.125	0.5715
640.0	0.5715
639.875	0.5707
639.75	0.5707
639.625	0.5754
639.5	0.577
639.375	0.5817
639.25	0.5841
639.125	0.5856
639.0	0.5919
638.875	0.5935
638.75	0.5951
638.625	0.599
638.5	0.6037
638.375	0.6084
638.25	0.6132
638.125	0.6155
638.0	0.6202
637.875	0.6226
637.75	0.6273
637.625	0.6312
637.5	0.6352
637.375	0.6375
637.25	0.6383
637.125	0.6399
637.0	0.6462
636.875	0.6485
636.75	0.6525
636.625	0.6572
636.5	0.6603
636.375	0.665
636.25	0.6682
636.125	0.6698
636.0	0.6737
635.875	0.6792
635.75	0.6792
635.625	0.6839
635.5	0.6847
635.375	0.6933
635.25	0.6933
635.125	0.6957
635.0	0.6996
634.875	0.7028
634.75	0.7028
634.625	0.7075
634.5	0.7091
634.375	0.7169
634.25	0.7248
634.125	0.7429
634.0	0.7688
633.875	0.8105
633.75	0.8773
633.625	0.985
633.5	1.1595
633.375	1.4661
633.25	1.9968
633.125	2.871
633.0	3.9399
632.875	4.6576
632.75	4.8133
632.625	4.7842
632.5	4.7921
632.375	4.7928
632.25	4.7897
632.125	4.7921
632.0	4.7913
631.875	4.7921
631.75	4.7921
631.625	4.7897
631.5	4.6836
631.375	3.8078
631.25	2.9575
631.125	2.2413
631.0	1.6132
630.875	1.2146
630.75	0.9732
630.625	0.8451
630.5	0.7775
630.375	0.7421
630.25	0.7287
630.125	0.7256
630.0	0.7232
629.875	0.7216
629.75	0.7216
629.625	0.7216
629.5	0.7256
629.375	0.7232
629.25	0.724
629.125	0.7248
629.0	0.724
628.875	0.7216
628.75	0.7224
628.625	0.7216
628.5	0.7216
628.375	0.7224
628.25	0.7216
628.125	0.724
628.0	0.7216
627.875	0.7216
627.75	0.7216
627.625	0.7216
627.5	0.7216
627.375	0.7216
627.25	0.7232
627.125	0.7216
627.0	0.7216
626.875	0.7216
626.75	0.7224
626.625	0.7216
626.5	0.7216
626.375	0.7216
626.25	0.7209
626.125	0.7169
626.0	0.7209
625.875	0.7209
625.75	0.7201
625.625	0.7201
625.5	0.7216
625.375	0.7193
625.25	0.7216
625.125	0.7201
625.0	0.7185
624.875	0.7216
624.75	0.7216
624.625	0.7216
624.5	0.7216
624.375	0.7216
624.25	0.7216
624.125	0.7216
624.0	0.7216
623.875	0.7216
623.75	0.7216
623.625	0.7216
623.5	0.7216
623.375	0.7216
623.25	0.7216
623.125	0.7256
623.0	0.7264
622.875	0.7216
622.75	0.7216
622.625	0.7264
622.5	0.7216
622.375	0.7216
622.25	0.7216
622.125	0.724
622.0	0.7232
621.875	0.7224
621.75	0.7216
621.625	0.724
621.5	0.7216
621.375	0.7209
621.25	0.7216
621.125	0.7216
621.0	0.7216
620.875	0.7216
620.75	0.7216
620.625	0.7216
620.5	0.7216
620.375	0.7216
620.25	0.7216
620.125	0.7216
620.0	0.7169
619.875	0.7185
619.75	0.7177
619.625	0.7185
619.5	0.7193
619.375	0.7169
619.25	0.7185
619.125	0.7201
619.0	0.7169
618.875	0.7193
618.75	0.7169
618.625	0.7177
618.5	0.7169
618.375	0.7169
618.25	0.7185
618.125	0.7177
618.0	0.7177
617.875	0.7146
617.75	0.7122
617.625	0.7114
617.5	0.7114
617.375	0.7091
617.25	0.7091
617.125	0.7075
617.0	0.7075
616.875	0.7075
616.75	0.7083
616.625	0.7075
616.5	0.7067
616.375	0.7067
616.25	0.7051
616.125	0.7028
616.0	0.7028
615.875	0.7028
615.75	0.7028
615.625	0.7028
615.5	0.7028
615.375	0.7028
615.25	0.7012
615.125	0.7004
615.0	0.7028
614.875	0.6996
614.75	0.6996
614.625	0.6996
614.5	0.6988
614.375	0.6981
614.25	0.6981
614.125	0.6981
614.0	0.6981
613.875	0.6981
613.75	0.6965
613.625	0.6981
613.5	0.6941
613.375	0.6933
613.25	0.6933
613.125	0.6918
613.0	0.6902
612.875	0.6886
612.75	0.6886
612.625	0.6878
612.5	0.6839
612.375	0.6816
612.25	0.68
612.125	0.68
612.0	0.6792
611.875	0.6792
611.75	0.6792
611.625	0.6768
611.5	0.6768
611.375	0.6745
611.25	0.6753
611.125	0.6753
611.0	0.6737
610.875	0.6729
610.75	0.6698
610.625	0.6705
610.5	0.6713
610.375	0.6698
610.25	0.6729
610.125	0.6698
610.0	0.6721
609.875	0.6698
609.75	0.6698
609.625	0.6698
609.5	0.6705
609.375	0.6698
609.25	0.6698
609.125	0.6705
609.0	0.6705
608.875	0.6698
608.75	0.6698
608.625	0.6698
608.5	0.665
608.375	0.665
608.25	0.6666
608.125	0.6658
608.0	0.665
607.875	0.6619
607.75	0.6611
607.625	0.6603
607.5	0.6603
607.375	0.6603
607.25	0.6603
607.125	0.6619
607.0	0.6627
606.875	0.665
606.75	0.665
606.625	0.6643
606.5	0.665
606.375	0.665
606.25	0.665
606.125	0.6666
606.0	0.6698
605.875	0.6674
605.75	0.6682
605.625	0.669
605.5	0.6698
605.375	0.6698
605.25	0.6705
605.125	0.6705
605.0	0.6698
604.875	0.6698
604.75	0.6721
604.625	0.6745
604.5	0.6713
604.375	0.6729
604.25	0.6745
604.125	0.6776
604.0	0.6761
603.875	0.6753
603.75	0.6792
603.625	0.6792
603.5	0.6784
603.375	0.6792
603.25	0.6823
603.125	0.6839
603.0	0.6839
602.875	0.6839
602.75	0.6878
602.625	0.6894
602.5	0.6894
602.375	0.6933
602.25	0.6981
602.125	0.6996
602.0	0.7028
601.875	0.7028
601.75	0.7075
601.625	0.7083
601.5	0.7091
601.375	0.7122
601.25	0.7138
601.125	0.7154
601.0	0.7169
600.875	0.7169
600.75	0.7169
600.625	0.7169
600.5	0.7122
600.375	0.7122
600.25	0.7083
600.125	0.7091
600.0	0.7044
599.875	0.7004
599.75	0.6996
599.625	0.6965
599.5	0.6926
599.375	0.6886
599.25	0.6886
599.125	0.6855
599.0	0.6839
598.875	0.6839
598.75	0.6792
598.625	0.6776
598.5	0.6745
598.375	0.6698
598.25	0.6658
598.125	0.665
598.0	0.6611
597.875	0.6603
597.75	0.658
597.625	0.6548
597.5	0.6509
597.375	0.6501
597.25	0.647
597.125	0.6477
597.0	0.6462
596.875	0.6462
596.75	0.6462
596.625	0.6485
596.5	0.6509
596.375	0.6517
596.25	0.6548
596.125	0.6509
596.0	0.6556
595.875	0.6556
595.75	0.6572
595.625	0.6595
595.5	0.6603
595.375	0.6603
595.25	0.6595
595.125	0.6595
595.0	0.6627
594.875	0.665
594.75	0.665
594.625	0.6674
594.5	0.6698
594.375	0.6698
594.25	0.6698
594.125	0.6698
594.0	0.6729
593.875	0.6705
593.75	0.6698
593.625	0.6698
593.5	0.6698
593.375	0.6698
593.25	0.6698
593.125	0.6682
593.0	0.6674
592.875	0.6674
592.75	0.665
592.625	0.6698
592.5	0.669
592.375	0.6698
592.25	0.6713
592.125	0.6745
592.0	0.6745
591.875	0.6737
591.75	0.6721
591.625	0.6698
591.5	0.6698
591.375	0.6698
591.25	0.6698
591.125	0.6698
591.0	0.6658
590.875	0.669
590.75	0.669
590.625	0.6658
590.5	0.6666
590.375	0.6658
590.25	0.665
590.125	0.6698
590.0	0.6721
589.875	0.6698
589.75	0.6713
589.625	0.6745
589.5	0.6745
589.375	0.6745
589.25	0.6745
589.125	0.6745
589.0	0.6745
588.875	0.6729
588.75	0.6698
588.625	0.6698
588.5	0.6666
588.375	0.6635
588.25	0.6603
588.125	0.6572
588.0	0.6556
587.875	0.6548
587.75	0.654
587.625	0.6509
587.5	0.6485
587.375	0.6462
587.25	0.6446
587.125	0.6454
587.0	0.643
586.875	0.643
586.75	0.6415
586.625	0.6454
586.5	0.6446
586.375	0.6422
586.25	0.6462
586.125	0.6438
586.0	0.6462
585.875	0.6477
585.75	0.6462
585.625	0.6477
585.5	0.6485
585.375	0.6501
585.25	0.6501
585.125	0.6509
585.0	0.6509
584.875	0.6509
584.75	0.6525
584.625	0.6533
584.5	0.6525
584.375	0.6556
584.25	0.6556
584.125	0.6556
584.0	0.6564
583.875	0.6603
583.75	0.6595
583.625	0.6588
583.5	0.6603
583.375	0.6619
583.25	0.665
583.125	0.665
583.0	0.6619
582.875	0.6627
582.75	0.6603
582.625	0.6611
582.5	0.6588
582.375	0.6588
582.25	0.6595
582.125	0.6603
582.0	0.6603
581.875	0.6595
581.75	0.6603
581.625	0.6595
581.5	0.6588
581.375	0.6572
581.25	0.6564
581.125	0.6564
581.0	0.6572
580.875	0.6588
580.75	0.6572
580.625	0.6603
580.5	0.658
580.375	0.6595
580.25	0.6572
580.125	0.6556
580.0	0.6564
579.875	0.6564
579.75	0.6588
579.625	0.6603
579.5	0.6619
579.375	0.6611
579.25	0.665
579.125	0.665
579.0	0.6643
578.875	0.665
578.75	0.6643
578.625	0.665
578.5	0.665
578.375	0.6682
578.25	0.6658
578.125	0.6658
578.0	0.6666
577.875	0.6603
577.75	0.6619
577.625	0.6603
577.5	0.6603
577.375	0.6603
577.25	0.6603
577.125	0.6572
577.0	0.6556
576.875	0.6556
576.75	0.6556
576.625	0.6533
576.5	0.6525
576.375	0.6509
576.25	0.6525
576.125	0.6509
576.0	0.6501
575.875	0.6509
575.75	0.6517
575.625	0.6509
575.5	0.6509
575.375	0.6501
575.25	0.6509
575.125	0.6509
575.0	0.6509
574.875	0.6509
574.75	0.6509
574.625	0.6509
574.5	0.6548
574.375	0.6509
574.25	0.6509
574.125	0.6509
574.0	0.6525
573.875	0.654
573.75	0.6517
573.625	0.6509
573.5	0.654
573.375	0.6509
573.25	0.6509
573.125	0.6517
573.0	0.6509
572.875	0.6485
572.75	0.6509
572.625	0.6493
572.5	0.6485
572.375	0.6462
572.25	0.6462
572.125	0.6462
572.0	0.6446
571.875	0.6462
571.75	0.6438
571.625	0.6422
571.5	0.6462
571.375	0.6462
571.25	0.6462
571.125	0.6493
571.0	0.6493
570.875	0.6509
570.75	0.6509
570.625	0.6509
570.5	0.6548
570.375	0.6556
570.25	0.6603
570.125	0.6603
570.0	0.665
569.875	0.6627
569.75	0.6658
569.625	0.6658
569.5	0.6666
569.375	0.6658
569.25	0.665
569.125	0.6658
569.0	0.6658
568.875	0.665
568.75	0.6674
568.625	0.665
568.5	0.665
568.375	0.665
568.25	0.6635
568.125	0.6635
568.0	0.6627
567.875	0.6619
567.75	0.6603
567.625	0.6611
567.5	0.6635
567.375	0.6611
567.25	0.6603
567.125	0.6603
567.0	0.6603
566.875	0.6603
566.75	0.6603
566.625	0.6603
566.5	0.6603
566.375	0.6595
566.25	0.6603
566.125	0.6603
566.0	0.6611
565.875	0.6603
565.75	0.6627
565.625	0.6635
565.5	0.665
565.375	0.6643
565.25	0.6698
565.125	0.6698
565.0	0.6698
564.875	0.6745
564.75	0.6745
564.625	0.6745
564.5	0.6753
564.375	0.6745
564.25	0.6745
564.125	0.6753
564.0	0.6745
563.875	0.6776
563.75	0.6792
563.625	0.6776
563.5	0.6745
563.375	0.6745
563.25	0.6745
563.125	0.6745
563.0	0.6745
562.875	0.6745
562.75	0.6768
562.625	0.6784
562.5	0.6776
562.375	0.6768
562.25	0.6792
562.125	0.6792
562.0	0.6808
561.875	0.6839
561.75	0.6839
561.625	0.6878
561.5	0.6886
561.375	0.6926
561.25	0.6933
561.125	0.6933
561.0	0.6981
560.875	0.6981
560.75	0.6973
560.625	0.6981
560.5	0.6988
560.375	0.7028
560.25	0.7028
560.125	0.7036
560.0	0.7067
559.875	0.7036
559.75	0.7028
559.625	0.7028
559.5	0.702
559.375	0.6981
559.25	0.6981
559.125	0.6981
559.0	0.6973
558.875	0.6981
558.75	0.6973
558.625	0.6941
558.5	0.6941
558.375	0.6949
558.25	0.6949
558.125	0.6941
558.0	0.6973
557.875	0.6988
557.75	0.7004
557.625	0.7012
557.5	0.6981
557.375	0.6981
557.25	0.6981
557.125	0.6973
557.0	0.6941
556.875	0.6933
556.75	0.6933
556.625	0.6918
556.5	0.6886
556.375	0.6839
556.25	0.6839
556.125	0.6823
556.0	0.6816
555.875	0.6792
555.75	0.6784
555.625	0.68
555.5	0.6792
555.375	0.6792
555.25	0.6792
555.125	0.6753
555.0	0.6753
554.875	0.6776
554.75	0.6784
554.625	0.6745
554.5	0.6745
554.375	0.6745
554.25	0.6729
554.125	0.6745
554.0	0.6737
553.875	0.6745
553.75	0.6737
553.625	0.6729
553.5	0.6705
553.375	0.6705
553.25	0.669
553.125	0.6698
553.0	0.6698
552.875	0.6698
552.75	0.6705
552.625	0.6698
552.5	0.6698
552.375	0.6698
552.25	0.6698
552.125	0.669
552.0	0.669
551.875	0.6674
551.75	0.6698
551.625	0.665
551.5	0.665
551.375	0.6666
551.25	0.6643
551.125	0.6627
551.0	0.6643
550.875	0.6611
550.75	0.6627
550.625	0.6619
550.5	0.6627
550.375	0.6611
550.25	0.6627
550.125	0.6635
550.0	0.6627
549.875	0.6619
549.75	0.665
549.625	0.6627
549.5	0.6658
549.375	0.6658
549.25	0.6658
549.125	0.6658
549.0	0.665
548.875	0.665
548.75	0.665
548.625	0.665
548.5	0.665
548.375	0.6627
548.25	0.6611
548.125	0.6603
548.0	0.6619
547.875	0.6627
547.75	0.6603
547.625	0.6603
547.5	0.6603
547.375	0.6603
547.25	0.6603
547.125	0.6619
547.0	0.6603
546.875	0.6619
546.75	0.6643
546.625	0.665
546.5	0.665
546.375	0.6635
546.25	0.665
546.125	0.6658
546.0	0.6658
545.875	0.665
545.75	0.6666
545.625	0.665
545.5	0.665
545.375	0.6666
545.25	0.6658
545.125	0.6658
545.0	0.6698
544.875	0.6674
544.75	0.665
544.625	0.6674
544.5	0.6698
544.375	0.669
544.25	0.665
544.125	0.665
544.0	0.665
543.875	0.6658
543.75	0.665
543.625	0.665
543.5	0.665
543.375	0.6627
543.25	0.6643
543.125	0.6643
543.0	0.6643
542.875	0.665
542.75	0.6643
542.625	0.6603
542.5	0.665
542.375	0.6643
542.25	0.6643
542.125	0.665
542.0	0.665
541.875	0.6643
541.75	0.665
541.625	0.665
541.5	0.665
541.375	0.665
541.25	0.665
541.125	0.665
541.0	0.665
540.875	0.665
540.75	0.665
540.625	0.6666
540.5	0.665
540.375	0.6682
540.25	0.6674
540.125	0.6674
540.0	0.665
539.875	0.669
539.75	0.6698
539.625	0.6698
539.5	0.669
539.375	0.6713
539.25	0.6705
539.125	0.6745
539.0	0.6721
538.875	0.6745
538.75	0.6745
538.625	0.6745
538.5	0.6745
538.375	0.6776
538.25	0.6792
538.125	0.68
538.0	0.6816
537.875	0.6823
537.75	0.6863
537.625	0.6886
537.5	0.6902
537.375	0.6957
537.25	0.6981
537.125	0.7028
537.0	0.7083
536.875	0.7122
536.75	0.7122
536.625	0.7185
536.5	0.7216
536.375	0.7264
536.25	0.7264
536.125	0.7311
536.0	0.7311
535.875	0.7319
535.75	0.7327
535.625	0.7311
535.5	0.7311
535.375	0.7295
535.25	0.7264
535.125	0.7287
535.0	0.7264
534.875	0.7272
534.75	0.7224
534.625	0.7224
534.5	0.7216
534.375	0.7224
534.25	0.724
534.125	0.7224
534.0	0.7256
533.875	0.7248
533.75	0.7256
533.625	0.7232
533.5	0.7248
533.375	0.7264
533.25	0.7264
533.125	0.7264
533.0	0.7256
532.875	0.7264
532.75	0.7264
532.625	0.7264
532.5	0.7264
532.375	0.7303
532.25	0.7287
532.125	0.7272
532.0	0.7287
531.875	0.7311
531.75	0.7311
531.625	0.7295
531.5	0.7303
531.375	0.7295
531.25	0.7272
531.125	0.7264
531.0	0.7264
530.875	0.7264
530.75	0.7279
530.625	0.7295
530.5	0.7279
530.375	0.7264
530.25	0.7264
530.125	0.7264
530.0	0.7279
529.875	0.7279
529.75	0.7279
529.625	0.7264
529.5	0.7287
529.375	0.7272
529.25	0.7287
529.125	0.7264
529.0	0.7279
528.875	0.7264
528.75	0.7248
528.625	0.7264
528.5	0.7264
528.375	0.724
528.25	0.7256
528.125	0.7256
528.0	0.7256
527.875	0.7264
527.75	0.7256
527.625	0.7224
527.5	0.7264
527.375	0.7264
527.25	0.7264
527.125	0.7264
527.0	0.7264
526.875	0.7256
526.75	0.7232
526.625	0.7264
526.5	0.7264
526.375	0.7248
526.25	0.7264
526.125	0.7256
526.0	0.7264
525.875	0.7272
525.75	0.7264
525.625	0.7264
525.5	0.7256
525.375	0.7264
525.25	0.7256
525.125	0.7248
525.0	0.7248
524.875	0.7248
524.75	0.7256
524.625	0.7232
524.5	0.7216
524.375	0.7232
524.25	0.7264
524.125	0.7264
524.0	0.7264
523.875	0.7256
523.75	0.7264
523.625	0.7264
523.5	0.7256
523.375	0.7248
523.25	0.7264
523.125	0.7264
523.0	0.7264
522.875	0.7256
522.75	0.7264
522.625	0.7264
522.5	0.7216
522.375	0.7264
522.25	0.7256
522.125	0.7256
522.0	0.7264
521.875	0.7248
521.75	0.7256
521.625	0.7264
521.5	0.7264
521.375	0.7264
521.25	0.7264
521.125	0.7224
521.0	0.7224
520.875	0.7232
520.75	0.7232
520.625	0.7264
520.5	0.7224
520.375	0.724
520.25	0.7264
520.125	0.7256
520.0	0.7248
519.875	0.7264
519.75	0.7264
519.625	0.7264
519.5	0.7264
519.375	0.7264
519.25	0.7264
519.125	0.7272
519.0	0.7264
518.875	0.7264
518.75	0.7303
518.625	0.7279
518.5	0.7279
518.375	0.7264
518.25	0.7303
518.125	0.7287
518.0	0.7264
517.875	0.7279
517.75	0.7303
517.625	0.7287
517.5	0.7287
517.375	0.7264
517.25	0.7279
517.125	0.7287
517.0	0.7264
516.875	0.7279
516.75	0.7272
516.625	0.7264
516.5	0.7264
516.375	0.7264
516.25	0.7272
516.125	0.7287
516.0	0.7311
515.875	0.7287
515.75	0.7279
515.625	0.7311
515.5	0.7303
515.375	0.7311
515.25	0.7311
515.125	0.7311
515.0	0.7311
514.875	0.7319
514.75	0.7311
514.625	0.7311
514.5	0.7311
514.375	0.7327
514.25	0.7311
514.125	0.7311
514.0	0.7319
513.875	0.7311
513.75	0.7319
513.625	0.7327
513.5	0.7311
513.375	0.7311
513.25	0.7311
513.125	0.7311
513.0	0.7311
512.875	0.7319
512.75	0.7311
512.625	0.7311
512.5	0.7319
512.375	0.7303
512.25	0.7311
512.125	0.7311
512.0	0.7311
511.875	0.7311
511.75	0.7311
511.625	0.7319
511.5	0.7311
511.375	0.7311
511.25	0.7327
511.125	0.7327
511.0	0.7311
510.875	0.7311
510.75	0.7311
510.625	0.7311
510.5	0.7311
510.375	0.7342
510.25	0.7342
510.125	0.735
510.0	0.7358
509.875	0.7358
509.75	0.7358
509.625	0.7366
509.5	0.7358
509.375	0.7358
509.25	0.7358
509.125	0.7374
509.0	0.7358
508.875	0.7358
508.75	0.7358
508.625	0.7374
508.5	0.7358
508.375	0.7389
508.25	0.7358
508.125	0.7358
508.0	0.7397
507.875	0.7358
507.75	0.7358
507.625	0.7358
507.5	0.7358
507.375	0.7358
507.25	0.7358
507.125	0.7358
507.0	0.7358
506.875	0.7358
506.75	0.7358
506.625	0.7405
506.5	0.7389
506.375	0.7358
506.25	0.735
506.125	0.7366
506.0	0.7382
505.875	0.7358
505.75	0.7366
505.625	0.7374
505.5	0.7397
505.375	0.7382
505.25	0.7358
505.125	0.7397
505.0	0.7397
504.875	0.7389
504.75	0.7405
504.625	0.7405
504.5	0.7421
504.375	0.7405
504.25	0.7405
504.125	0.7437
504.0	0.7405
503.875	0.7429
503.75	0.7444
503.625	0.7437
503.5	0.7452
503.375	0.7444
503.25	0.7452
503.125	0.7476
503.0	0.7468
502.875	0.7452
502.75	0.7492
502.625	0.746
502.5	0.746
502.375	0.7468
502.25	0.746
502.125	0.746
502.0	0.746
501.875	0.75
501.75	0.746
501.625	0.7452
501.5	0.7452
501.375	0.7452
501.25	0.7444
501.125	0.7452
501.0	0.7452
500.875	0.7452
500.75	0.7452
500.625	0.7452
500.5	0.7452
500.375	0.7452
500.25	0.7452
500.125	0.7444
500.0	0.7452
499.875	0.746
499.75	0.7452
499.625	0.7437
499.5	0.7444
499.375	0.7452
499.25	0.7444
499.125	0.7444
499.0	0.7444
498.875	0.7413
498.75	0.7444
498.625	0.7437
498.5	0.7429
498.375	0.7429
498.25	0.7452
498.125	0.7452
498.0	0.7452
497.875	0.746
497.75	0.7429
497.625	0.7444
497.5	0.7437
497.375	0.7421
497.25	0.7452
497.125	0.7452
497.0	0.7452
496.875	0.7452
496.75	0.7476
496.625	0.75
496.5	0.7547
496.375	0.7641
496.25	0.7688
496.125	0.7743
496.0	0.783
495.875	0.7877
495.75	0.7924
495.625	0.7987
495.5	0.8042
495.375	0.8066
495.25	0.8081
495.125	0.8105
495.0	0.8121
494.875	0.8113
494.75	0.8113
494.625	0.8105
494.5	0.8034
494.375	0.8018
494.25	0.7987
494.125	0.7971
494.0	0.7924
493.875	0.7885
493.75	0.7861
493.625	0.7853
493.5	0.7798
493.375	0.7783
493.25	0.7767
493.125	0.7704
493.0	0.7688
492.875	0.7696
492.75	0.768
492.625	0.7641
492.5	0.7617
492.375	0.7625
492.25	0.7594
492.125	0.7586
492.0	0.7578
491.875	0.757
491.75	0.7547
491.625	0.7547
491.5	0.7547
491.375	0.7531
491.25	0.7523
491.125	0.7523
491.0	0.7539
490.875	0.75
490.75	0.7515
490.625	0.75
490.5	0.75
490.375	0.75
490.25	0.7492
490.125	0.75
490.0	0.75
489.875	0.7452
489.75	0.746
489.625	0.7476
489.5	0.746
489.375	0.7452
489.25	0.7452
489.125	0.7452
489.0	0.7452
488.875	0.7452
488.75	0.7452
488.625	0.7421
488.5	0.7405
488.375	0.7405
488.25	0.7444
488.125	0.7413
488.0	0.7405
487.875	0.7405
487.75	0.7405
487.625	0.7405
487.5	0.7405
487.375	0.7389
487.25	0.7389
487.125	0.7389
487.0	0.7405
486.875	0.7397
486.75	0.7405
486.625	0.7405
486.5	0.7397
486.375	0.7382
486.25	0.7405
486.125	0.7358
486.0	0.7374
485.875	0.7382
485.75	0.7358
485.625	0.7366
485.5	0.7405
485.375	0.7374
485.25	0.7405
485.125	0.7405
485.0	0.7405
484.875	0.7437
484.75	0.7421
484.625	0.7405
484.5	0.7421
484.375	0.7413
484.25	0.7444
484.125	0.7444
484.0	0.7444
483.875	0.7437
483.75	0.7444
483.625	0.7452
483.5	0.7421
483.375	0.7429
483.25	0.7413
483.125	0.7444
483.0	0.7421
482.875	0.7421
482.75	0.7429
482.625	0.7421
482.5	0.7437
482.375	0.7405
482.25	0.7413
482.125	0.7405
482.0	0.7413
481.875	0.7405
481.75	0.7405
481.625	0.7413
481.5	0.7405
481.375	0.7421
481.25	0.7405
481.125	0.7405
481.0	0.7405
480.875	0.7405
480.75	0.7405
480.625	0.7405
480.5	0.7405
480.375	0.7389
480.25	0.7405
480.125	0.7405
480.0	0.7389
479.875	0.7374
479.75	0.7366
479.625	0.7366
479.5	0.7366
479.375	0.7358
479.25	0.735
479.125	0.7358
479.0	0.7366
478.875	0.7358
478.75	0.7366
478.625	0.7358
478.5	0.7358
478.375	0.7397
478.25	0.7397
478.125	0.7405
478.0	0.7405
477.875	0.7405
477.75	0.7413
477.625	0.7413
477.5	0.7444
477.375	0.7444
477.25	0.7452
477.125	0.7444
477.0	0.7452
476.875	0.7452
476.75	0.7437
476.625	0.7421
476.5	0.7444
476.375	0.7405
476.25	0.7421
476.125	0.7405
476.0	0.7405
475.875	0.7429
475.75	0.7405
475.625	0.7405
475.5	0.7405
475.375	0.7405
475.25	0.7397
475.125	0.7397
475.0	0.7397
474.875	0.7397
474.75	0.7421
474.625	0.7405
474.5	0.7405
474.375	0.7421
474.25	0.7421
474.125	0.7413
474.0	0.7437
473.875	0.7444
473.75	0.7437
473.625	0.7452
473.5	0.7452
473.375	0.7444
473.25	0.7452
473.125	0.7452
473.0	0.7444
472.875	0.7429
472.75	0.7444
472.625	0.7444
472.5	0.7437
472.375	0.7421
472.25	0.7444
472.125	0.7429
472.0	0.7413
471.875	0.7405
471.75	0.7405
471.625	0.7405
471.5	0.7405
471.375	0.7405
471.25	0.7397
471.125	0.7405
471.0	0.7413
470.875	0.7405
470.75	0.7405
470.625	0.7405
470.5	0.7444
470.375	0.7452
470.25	0.7452
470.125	0.75
470.0	0.75
469.875	0.75
469.75	0.7539
469.625	0.7539
469.5	0.7562
469.375	0.7555
469.25	0.7547
469.125	0.7547
469.0	0.7539
468.875	0.7547
468.75	0.7531
468.625	0.7515
468.5	0.7523
468.375	0.75
468.25	0.746
468.125	0.7492
468.0	0.746
467.875	0.7452
467.75	0.7452
467.625	0.7452
467.5	0.746
467.375	0.7452
467.25	0.7452
467.125	0.7452
467.0	0.7452
466.875	0.7452
466.75	0.7452
466.625	0.75
466.5	0.7452
466.375	0.7484
466.25	0.75
466.125	0.7484
466.0	0.7492
465.875	0.75
465.75	0.7492
465.625	0.75
465.5	0.7507
465.375	0.7539
465.25	0.7507
465.125	0.7523
465.0	0.7547
464.875	0.7547
464.75	0.7547
464.625	0.7547
464.5	0.757
464.375	0.7617
464.25	0.7649
464.125	0.7751
464.0	0.7924
463.875	0.8215
463.75	0.8663
463.625	0.9284
463.5	1.0534
463.375	1.3026
463.25	1.7004
463.125	2.2012
463.0	2.713
462.875	3.0856
462.75	3.3164
462.625	3.3966
462.5	3.399
462.375	3.3494
462.25	3.2586
462.125	3.169
462.0	3.0526
461.875	2.9276
461.75	2.7806
461.625	2.5707
461.5	2.283
461.375	1.9229
461.25	1.5621
461.125	1.2452
461.0	1.0259
460.875	0.9056
460.75	0.838
460.625	0.8066
460.5	0.79
460.375	0.7908
460.25	0.794
460.125	0.8011
460.0	0.8066
459.875	0.8121
459.75	0.8207
459.625	0.8254
459.5	0.8301
459.375	0.8341
459.25	0.838
459.125	0.8396
459.0	0.8419
458.875	0.8419
458.75	0.8396
458.625	0.8364
458.5	0.8341
458.375	0.8278
458.25	0.8207
458.125	0.816
458.0	0.8128
457.875	0.8066
457.75	0.8018
457.625	0.7971
457.5	0.7948
457.375	0.7924
457.25	0.7877
457.125	0.783
457.0	0.7806
456.875	0.7783
456.75	0.7783
456.625	0.7743
456.5	0.772
456.375	0.772
456.25	0.7688
456.125	0.7688
456.0	0.7657
455.875	0.7665
455.75	0.7641
455.625	0.7625
455.5	0.7641
455.375	0.7594
455.25	0.7594
455.125	0.7594
455.0	0.7586
454.875	0.7555
454.75	0.7547
454.625	0.757
454.5	0.7547
454.375	0.7547
454.25	0.7547
454.125	0.7531
454.0	0.7547
453.875	0.7555
453.75	0.7562
453.625	0.7547
453.5	0.7539
453.375	0.7547
453.25	0.7547
453.125	0.7547
453.0	0.7547
452.875	0.7547
452.75	0.7547
452.625	0.7547
452.5	0.7539
452.375	0.7547
452.25	0.7562
452.125	0.7531
452.0	0.7515
451.875	0.7547
451.75	0.7539
451.625	0.7547
451.5	0.7547
451.375	0.7547
451.25	0.7539
451.125	0.7547
451.0	0.7523
450.875	0.7539
450.75	0.7547
450.625	0.7547
450.5	0.7547
450.375	0.7547
450.25	0.7547
450.125	0.7547
450.0	0.7547
449.875	0.7539
449.75	0.7547
449.625	0.7562
449.5	0.7547
449.375	0.7555
449.25	0.7586
449.125	0.7555
449.0	0.7586
448.875	0.7586
448.75	0.7578
448.625	0.7586
448.5	0.7594
448.375	0.7594
448.25	0.7594
448.125	0.7586
448.0	0.7555
447.875	0.7594
447.75	0.7594
447.625	0.7602
447.5	0.7594
447.375	0.7594
447.25	0.7586
447.125	0.7547
447.0	0.7547
446.875	0.757
446.75	0.7547
446.625	0.7555
446.5	0.7562
446.375	0.757
446.25	0.7594
446.125	0.7594
446.0	0.7586
445.875	0.7594
445.75	0.7625
445.625	0.7625
445.5	0.7641
445.375	0.7641
445.25	0.768
445.125	0.7688
445.0	0.7688
444.875	0.7688
444.75	0.7704
444.625	0.7688
444.5	0.7665
444.375	0.7688
444.25	0.7688
444.125	0.7672
444.0	0.768
443.875	0.7672
443.75	0.7641
443.625	0.7641
443.5	0.7633
443.375	0.7641
443.25	0.7641
443.125	0.7641
443.0	0.7594
442.875	0.7594
442.75	0.761
442.625	0.7594
442.5	0.7594
442.375	0.7594
442.25	0.7586
442.125	0.7594
442.0	0.761
441.875	0.7594
441.75	0.7578
441.625	0.7555
441.5	0.757
441.375	0.7547
441.25	0.7547
441.125	0.7547
441.0	0.7547
440.875	0.7547
440.75	0.7539
440.625	0.7539
440.5	0.7547
440.375	0.7594
440.25	0.7617
440.125	0.7641
440.0	0.7657
439.875	0.7657
439.75	0.7688
439.625	0.7712
439.5	0.7704
439.375	0.7712
439.25	0.7688
439.125	0.7688
439.0	0.7688
438.875	0.7665
438.75	0.7641
438.625	0.7641
438.5	0.7625
438.375	0.7594
438.25	0.7594
438.125	0.7547
438.0	0.7562
437.875	0.7547
437.75	0.7547
437.625	0.7547
437.5	0.7547
437.375	0.7547
437.25	0.7547
437.125	0.7547
437.0	0.7547
436.875	0.7547
436.75	0.7555
436.625	0.7562
436.5	0.757
436.375	0.7562
436.25	0.7547
436.125	0.7586
436.0	0.7555
435.875	0.7578
435.75	0.7555
435.625	0.7586
435.5	0.7602
435.375	0.7602
435.25	0.7641
435.125	0.7633
435.0	0.7657
434.875	0.7688
434.75	0.7688
434.625	0.7712
434.5	0.7735
434.375	0.7759
434.25	0.7775
434.125	0.7759
434.0	0.7783
433.875	0.7775
433.75	0.7783
433.625	0.7798
433.5	0.7783
433.375	0.7783
433.25	0.7783
433.125	0.7767
433.0	0.7775
432.875	0.7775
432.75	0.7783
432.625	0.7751
432.5	0.7759
432.375	0.7735
432.25	0.7751
432.125	0.7775
432.0	0.7759
431.875	0.7759
431.75	0.7759
431.625	0.7783
431.5	0.7767
431.375	0.7735
431.25	0.7743
431.125	0.7735
431.0	0.7735
430.875	0.7751
430.75	0.7775
430.625	0.7759
430.5	0.7767
430.375	0.7783
430.25	0.7743
430.125	0.7783
430.0	0.7775
429.875	0.7783
429.75	0.7783
429.625	0.7814
429.5	0.7822
429.375	0.7822
429.25	0.783
429.125	0.783
429.0	0.7822
428.875	0.783
428.75	0.783
428.625	0.7853
428.5	0.7869
428.375	0.7924
428.25	0.7963
428.125	0.8003
428.0	0.8097
427.875	0.816
427.75	0.8238
427.625	0.8301
427.5	0.8349
427.375	0.8396
427.25	0.8443
427.125	0.8474
427.0	0.849
426.875	0.8529
426.75	0.8537
426.625	0.8537
426.5	0.8529
426.375	0.849
426.25	0.8506
426.125	0.8443
426.0	0.8396
425.875	0.8349
425.75	0.8301
425.625	0.8254
425.5	0.8207
425.375	0.8152
425.25	0.8113
425.125	0.8066
425.0	0.8018
424.875	0.7971
424.75	0.7955
424.625	0.7924
424.5	0.7885
424.375	0.7877
424.25	0.7845
424.125	0.7806
424.0	0.7783
423.875	0.7783
423.75	0.7751
423.625	0.7735
423.5	0.7735
423.375	0.7743
423.25	0.7735
423.125	0.7759
423.0	0.7727
422.875	0.7743
422.75	0.7767
422.625	0.7735
422.5	0.7735
422.375	0.7735
422.25	0.7735
422.125	0.7743
422.0	0.7783
421.875	0.7775
421.75	0.7783
421.625	0.7751
421.5	0.7767
421.375	0.7743
421.25	0.7735
421.125	0.7735
421.0	0.7735
420.875	0.7704
420.75	0.7688
420.625	0.7696
420.5	0.7688
420.375	0.768
420.25	0.7641
420.125	0.7641
420.0	0.7641
419.875	0.7641
419.75	0.7617
419.625	0.7594
419.5	0.7617
419.375	0.7641
419.25	0.7641
419.125	0.7641
419.0	0.7641
418.875	0.7633
418.75	0.7641
418.625	0.7688
418.5	0.7688
418.375	0.7727
418.25	0.7735
418.125	0.7743
418.0	0.7735
417.875	0.7735
417.75	0.7688
417.625	0.7641
417.5	0.7594
417.375	0.746
417.25	0.735
417.125	0.7256
417.0	0.7201
416.875	0.7161
416.75	0.7114
416.625	0.7075
416.5	0.7012
416.375	0.6981
416.25	0.691
416.125	0.6886
416.0	0.6863
415.875	0.6839
415.75	0.68
415.625	0.6792
415.5	0.6792
415.375	0.6792
415.25	0.6792
415.125	0.6792
415.0	0.6784
414.875	0.6792
414.75	0.6792
414.625	0.6792
414.5	0.6792
414.375	0.6792
414.25	0.68
414.125	0.6808
414.0	0.6847
413.875	0.6855
413.75	0.6886
413.625	0.6886
413.5	0.6863
413.375	0.6886
413.25	0.6847
413.125	0.6839
413.0	0.6878
412.875	0.6886
412.75	0.6871
412.625	0.6886
412.5	0.6886
412.375	0.6933
412.25	0.6981
412.125	0.702
412.0	0.7122
411.875	0.7279
411.75	0.7547
411.625	0.805
411.5	0.8915
411.375	1.0062
411.25	1.1336
411.125	1.2484
411.0	1.3294
410.875	1.3663
410.75	1.3797
410.625	1.3742
410.5	1.3632
410.375	1.3443
410.25	1.3176
410.125	1.29
410.0	1.2625
409.875	1.2224
409.75	1.1658
409.625	1.0904
409.5	1.0
409.375	0.9095
409.25	0.838
409.125	0.7838
409.0	0.7539
408.875	0.7382
408.75	0.7303
408.625	0.7232
408.5	0.7216
408.375	0.7264
408.25	0.7256
408.125	0.7264
408.0	0.7264
407.875	0.7264
407.75	0.7279
407.625	0.7319
407.5	0.7319
407.375	0.7311
407.25	0.7319
407.125	0.7311
407.0	0.7311
406.875	0.7311
406.75	0.7319
406.625	0.7311
406.5	0.7311
406.375	0.7303
406.25	0.7272
406.125	0.7264
406.0	0.7264
405.875	0.7264
405.75	0.7264
405.625	0.7224
405.5	0.7216
405.375	0.7216
405.25	0.7216
405.125	0.724
405.0	0.7216
404.875	0.7193
404.75	0.7201
404.625	0.7216
404.5	0.7209
404.375	0.7193
404.25	0.7185
404.125	0.7185
404.0	0.7185
403.875	0.7169
403.75	0.7169
403.625	0.7169
403.5	0.7169
403.375	0.7177
403.25	0.7169
403.125	0.713
403.0	0.7122
402.875	0.7122
402.75	0.7091
402.625	0.7075
402.5	0.7075
402.375	0.7044
402.25	0.7028
402.125	0.7004
402.0	0.6981
401.875	0.6973
401.75	0.6981
401.625	0.6941
401.5	0.6941
401.375	0.6933
401.25	0.6902
401.125	0.6918
401.0	0.6918
400.875	0.6933
400.75	0.6965
400.625	0.6973
400.5	0.6973
400.375	0.6965
400.25	0.6981
400.125	0.6988
400.0	0.7004
399.875	0.7028
399.75	0.7028
399.625	0.7028
399.5	0.7028
399.375	0.7028
399.25	0.7059
399.125	0.7051
399.0	0.7028
398.875	0.7028
398.75	0.7028
398.625	0.7044
398.5	0.7044
398.375	0.7059
398.25	0.7075
398.125	0.7091
398.0	0.7122
397.875	0.7154
397.75	0.7169
397.625	0.7201
397.5	0.7216
397.375	0.7224
397.25	0.724
397.125	0.7272
397.0	0.7264
396.875	0.7264
396.75	0.7272
396.625	0.7287
396.5	0.7279
396.375	0.7287
396.25	0.7303
396.125	0.7272
396.0	0.7272
395.875	0.7264
395.75	0.7264
395.625	0.7295
395.5	0.7264
395.375	0.7256
395.25	0.7264
395.125	0.7264
395.0	0.7279
394.875	0.7295
394.75	0.7303
394.625	0.7311
394.5	0.7311
394.375	0.7327
394.25	0.7303
394.125	0.7279
394.0	0.7256
393.875	0.7264
393.75	0.7256
393.625	0.7256
393.5	0.7224
393.375	0.7216
393.25	0.7193
393.125	0.7169
393.0	0.7146
392.875	0.7122
392.75	0.7122
392.625	0.7083
392.5	0.7075
392.375	0.7067
392.25	0.7067
392.125	0.7028
392.0	0.7028
391.875	0.702
391.75	0.6981
391.625	0.6988
391.5	0.6957
391.375	0.6949
391.25	0.6957
391.125	0.6933
391.0	0.6926
390.875	0.6902
390.75	0.6894
390.625	0.6894
390.5	0.6886
390.375	0.6886
390.25	0.691
390.125	0.6949
390.0	0.6965
389.875	0.6949
389.75	0.702
389.625	0.7075
389.5	0.7169
389.375	0.7264
389.25	0.7334
389.125	0.7397
389.0	0.7452
388.875	0.7547
388.75	0.7594
388.625	0.7625
388.5	0.7649
388.375	0.7688
388.25	0.7727
388.125	0.7735
388.0	0.7783
387.875	0.783
387.75	0.7955
387.625	0.8199
387.5	0.8435
387.375	0.8655
387.25	0.8805
387.125	0.8883
387.0	0.8867
386.875	0.8828
386.75	0.8773
386.625	0.8687
386.5	0.8616
386.375	0.8514
386.25	0.8427
386.125	0.8317
386.0	0.8168
385.875	0.7979
385.75	0.7751
385.625	0.7539
385.5	0.7342
385.375	0.7216
385.25	0.7138
385.125	0.7099
385.0	0.7044
384.875	0.7075
384.75	0.7075
384.625	0.7075
384.5	0.7075
384.375	0.7075
384.25	0.7083
384.125	0.7122
384.0	0.7138
383.875	0.7122
383.75	0.7154
383.625	0.7169
383.5	0.7122
383.375	0.7161
383.25	0.7146
383.125	0.7154
383.0	0.7169
382.875	0.7161
382.75	0.7216
382.625	0.7209
382.5	0.7216
382.375	0.7216
382.25	0.7264
382.125	0.7264
382.0	0.7311
381.875	0.7358
381.75	0.7342
381.625	0.7358
381.5	0.7405
381.375	0.7413
381.25	0.7452
381.125	0.7452
381.0	0.75
380.875	0.7452
380.75	0.7452
380.625	0.7484
380.5	0.75
380.375	0.75
380.25	0.75
380.125	0.7484
380.0	0.75
379.875	0.75
379.75	0.7484
379.625	0.746
379.5	0.7452
379.375	0.7452
379.25	0.7437
379.125	0.7405
379.0	0.7405
378.875	0.7389
378.75	0.7366
378.625	0.735
378.5	0.7327
378.375	0.7311
378.25	0.7311
378.125	0.7311
378.0	0.7272
377.875	0.7279
377.75	0.7264
377.625	0.7264
377.5	0.7248
377.375	0.7224
377.25	0.7216
377.125	0.7216
377.0	0.7185
376.875	0.7169
376.75	0.7154
376.625	0.7122
376.5	0.7146
376.375	0.713
376.25	0.7122
376.125	0.7122
376.0	0.7091
375.875	0.7083
375.75	0.7091
375.625	0.7075
375.5	0.7051
375.375	0.7028
375.25	0.7028
375.125	0.7028
375.0	0.7028
374.875	0.7075
374.75	0.7091
374.625	0.7122
374.5	0.7209
374.375	0.7295
374.25	0.7389
374.125	0.7444
374.0	0.7507
373.875	0.7523
373.75	0.7547
373.625	0.7547
373.5	0.7547
373.375	0.7547
373.25	0.7547
373.125	0.7547
373.0	0.7523
372.875	0.7515
372.75	0.75
372.625	0.7476
372.5	0.7405
372.375	0.7397
372.25	0.7342
372.125	0.7311
372.0	0.7311
371.875	0.7311
371.75	0.7311
371.625	0.7311
371.5	0.7311
371.375	0.7311
371.25	0.7311
371.125	0.7311
371.0	0.7303
370.875	0.7303
370.75	0.7279
370.625	0.7272
370.5	0.724
370.375	0.7256
370.25	0.7216
370.125	0.7216
370.0	0.7216
369.875	0.7216
369.75	0.7193
369.625	0.7185
369.5	0.7177
369.375	0.7169
369.25	0.7193
369.125	0.7169
369.0	0.7216
368.875	0.7216
368.75	0.7248
368.625	0.7264
368.5	0.7264
368.375	0.7311
368.25	0.7334
368.125	0.7358
368.0	0.7358
367.875	0.7374
367.75	0.7397
367.625	0.7405
367.5	0.7389
367.375	0.7405
367.25	0.7421
367.125	0.7405
367.0	0.7405
366.875	0.7421
366.75	0.7452
366.625	0.7484
366.5	0.75
366.375	0.7539
366.25	0.7594
366.125	0.7641
366.0	0.7641
365.875	0.7657
365.75	0.7672
365.625	0.7657
365.5	0.7641
365.375	0.7641
365.25	0.7641
365.125	0.7602
365.0	0.7594
364.875	0.7594
364.75	0.7594
364.625	0.7555
364.5	0.7547
364.375	0.75
364.25	0.75
364.125	0.7492
364.0	0.7452
363.875	0.7452
363.75	0.7452
363.625	0.7405
363.5	0.7437
363.375	0.7444
363.25	0.7405
363.125	0.7437
363.0	0.7437
362.875	0.7405
362.75	0.7405
362.625	0.7358
362.5	0.7358
362.375	0.7311
362.25	0.7311
362.125	0.7279
362.0	0.7256
361.875	0.7224
361.75	0.7209
361.625	0.7169
361.5	0.7138
361.375	0.7099
361.25	0.7059
361.125	0.7059
361.0	0.7028
360.875	0.6981
360.75	0.7004
360.625	0.6973
360.5	0.6941
360.375	0.6941
360.25	0.6933
360.125	0.6918
360.0	0.6918
359.875	0.6894
359.75	0.6894
359.625	0.6894
359.5	0.6902
359.375	0.6886
359.25	0.6886
359.125	0.6918
359.0	0.6886
358.875	0.6886
358.75	0.6918
358.625	0.6926
358.5	0.6918
358.375	0.6902
358.25	0.6902
358.125	0.6902
358.0	0.6886
357.875	0.6886
357.75	0.6902
357.625	0.6886
357.5	0.6894
357.375	0.6871
357.25	0.6886
357.125	0.6878
357.0	0.6855
356.875	0.6855
356.75	0.6855
356.625	0.6847
356.5	0.6839
356.375	0.68
356.25	0.6792
356.125	0.6831
356.0	0.6792
355.875	0.6792
355.75	0.6784
355.625	0.6784
355.5	0.6776
355.375	0.6784
355.25	0.6792
355.125	0.6768
355.0	0.6792
354.875	0.6839
354.75	0.6855
354.625	0.6886
354.5	0.6933
354.375	0.6981
354.25	0.702
354.125	0.7044
354.0	0.7075
353.875	0.713
353.75	0.7169
353.625	0.7201
353.5	0.7216
353.375	0.7232
353.25	0.7264
353.125	0.7264
353.0	0.7287
352.875	0.7311
352.75	0.7311
352.625	0.7334
352.5	0.7342
352.375	0.7358
352.25	0.7358
352.125	0.7366
352.0	0.7397
351.875	0.7382
351.75	0.7405
351.625	0.7405
351.5	0.7397
351.375	0.7405
351.25	0.7405
351.125	0.7444
351.0	0.7452
350.875	0.7452
350.75	0.7452
350.625	0.746
350.5	0.7484
350.375	0.7484
350.25	0.7484
350.125	0.7452
350.0	0.7492
349.875	0.75
349.75	0.75
349.625	0.75
349.5	0.7476
349.375	0.75
349.25	0.7507
349.125	0.7507
349.0	0.75
348.875	0.7523
348.75	0.7539
348.625	0.7539
348.5	0.75
348.375	0.7515
348.25	0.7515
348.125	0.7515
348.0	0.7539
347.875	0.7547
347.75	0.7547
347.625	0.7547
347.5	0.7547
347.375	0.7547
347.25	0.7547
347.125	0.7547
347.0	0.7547
346.875	0.7547
346.75	0.7523
346.625	0.7547
346.5	0.7547
346.375	0.7547
346.25	0.7547
346.125	0.7539
346.0	0.75
345.875	0.75
345.75	0.7484
345.625	0.7476
345.5	0.7444
345.375	0.7413
345.25	0.7405
345.125	0.735
345.0	0.7311
344.875	0.7264
344.75	0.724
344.625	0.7216
344.5	0.7185
344.375	0.7138
344.25	0.7075
344.125	0.7028
344.0	0.7028
343.875	0.6981
343.75	0.6957
343.625	0.6933
343.5	0.6902
343.375	0.6878
343.25	0.6839
343.125	0.6831
343.0	0.6839
342.875	0.6792
342.75	0.68
342.625	0.6784
342.5	0.6768
342.375	0.6745
342.25	0.6705
342.125	0.6705
342.0	0.6698
341.875	0.6682
341.75	0.6658
341.625	0.665
341.5	0.665
341.375	0.665
341.25	0.665
341.125	0.665
341.0	0.665
340.875	0.665
340.75	0.665
340.625	0.665
340.5	0.665
340.375	0.669
340.25	0.6729
340.125	0.6745
340.0	0.6776
339.875	0.6792
339.75	0.6823
339.625	0.6839
339.5	0.6871
339.375	0.6933
339.25	0.6933
339.125	0.6981
339.0	0.7004
338.875	0.7028
338.75	0.7075
338.625	0.7114
338.5	0.713
338.375	0.7177
338.25	0.7216
338.125	0.7264
338.0	0.7272
337.875	0.7319
337.75	0.7342
337.625	0.7358
337.5	0.7397
337.375	0.7405
337.25	0.7405
337.125	0.7452
337.0	0.7413
336.875	0.7437
336.75	0.7452
336.625	0.7437
336.5	0.7413
336.375	0.7437
336.25	0.7429
336.125	0.7452
336.0	0.7452
335.875	0.7429
335.75	0.7452
335.625	0.7444
335.5	0.7444
335.375	0.7452
335.25	0.7437
335.125	0.7452
335.0	0.7452
334.875	0.7413
334.75	0.7444
334.625	0.7452
334.5	0.7405
334.375	0.7405
334.25	0.7405
334.125	0.7405
334.0	0.7405
333.875	0.7405
333.75	0.7405
333.625	0.7405
333.5	0.7405
333.375	0.7413
333.25	0.7405
333.125	0.7405
333.0	0.7429
332.875	0.7397
332.75	0.7405
332.625	0.7397
332.5	0.7405
332.375	0.7405
332.25	0.7405
332.125	0.7397
332.0	0.7405
331.875	0.7405
331.75	0.7405
331.625	0.7405
331.5	0.7405
331.375	0.7413
331.25	0.7405
331.125	0.7405
331.0	0.7397
330.875	0.7358
330.75	0.7382
330.625	0.7389
330.5	0.7334
330.375	0.7358
330.25	0.7358
330.125	0.7358
330.0	0.7342
329.875	0.7342
329.75	0.7311
329.625	0.7311
329.5	0.7311
329.375	0.7311
329.25	0.7303
329.125	0.7272
329.0	0.7279
328.875	0.7264
328.75	0.7256
328.625	0.7256
328.5	0.7232
328.375	0.7232
328.25	0.7216
328.125	0.7201
328.0	0.7209
327.875	0.7201
327.75	0.7209
327.625	0.7169
327.5	0.7185
327.375	0.7169
327.25	0.7177
327.125	0.7193
327.0	0.7169
326.875	0.7185
326.75	0.7216
326.625	0.7216
326.5	0.7232
326.375	0.7256
326.25	0.7264
326.125	0.7287
326.0	0.7311
325.875	0.735
325.75	0.7358
325.625	0.7405
325.5	0.7405
325.375	0.7405
325.25	0.7413
325.125	0.7421
325.0	0.7405
324.875	0.7405
324.75	0.7397
324.625	0.7358
324.5	0.735
324.375	0.7311
324.25	0.7264
324.125	0.7232
324.0	0.7209
323.875	0.7169
323.75	0.7122
323.625	0.7122
323.5	0.7083
323.375	0.7075
323.25	0.7028
323.125	0.7036
323.0	0.7028
322.875	0.702
322.75	0.6996
322.625	0.702
322.5	0.6988
322.375	0.6996
322.25	0.7012
322.125	0.702
322.0	0.7028
321.875	0.7028
321.75	0.702
321.625	0.7028
321.5	0.7028
321.375	0.7059
321.25	0.7036
321.125	0.7051
321.0	0.7075
320.875	0.7075
320.75	0.7075
320.625	0.7075
320.5	0.7075
320.375	0.7044
320.25	0.7075
320.125	0.7067
320.0	0.7067
319.875	0.7091
319.75	0.7083
319.625	0.7075
319.5	0.7075
319.375	0.7106
319.25	0.7122
319.125	0.7122
319.0	0.7122
318.875	0.7154
318.75	0.7169
318.625	0.7177
318.5	0.7177
318.375	0.7193
318.25	0.7193
318.125	0.7201
318.0	0.7193
317.875	0.7209
317.75	0.7193
317.625	0.7169
317.5	0.7169
317.375	0.7169
317.25	0.7169
317.125	0.713
317.0	0.7154
316.875	0.7138
316.75	0.7122
316.625	0.7146
316.5	0.7122
316.375	0.7122
316.25	0.7122
316.125	0.7099
316.0	0.7106
315.875	0.7106
315.75	0.7122
315.625	0.7099
315.5	0.7122
315.375	0.7122
315.25	0.7122
315.125	0.7154
315.0	0.7122
314.875	0.7138
314.75	0.7169
314.625	0.7154
314.5	0.7154
314.375	0.7169
314.25	0.7169
314.125	0.7169
314.0	0.7154
313.875	0.7169
313.75	0.7169
313.625	0.7177
313.5	0.7185
313.375	0.7169
313.25	0.7169
313.125	0.7169
313.0	0.7193
312.875	0.7177
312.75	0.7169
312.625	0.7169
312.5	0.7177
312.375	0.7177
312.25	0.7169
312.125	0.7177
312.0	0.7177
311.875	0.7169
311.75	0.7209
311.625	0.7169
311.5	0.7209
311.375	0.7169
311.25	0.7169
311.125	0.7185
311.0	0.7169
310.875	0.7177
310.75	0.7169
310.625	0.7177
310.5	0.7169
310.375	0.7177
310.25	0.7169
310.125	0.7169
310.0	0.7169
309.875	0.7169
309.75	0.7209
309.625	0.7185
309.5	0.7185
309.375	0.7169
309.25	0.7209
309.125	0.7209
309.0	0.7177
308.875	0.7216
308.75	0.7216
308.625	0.7216
308.5	0.7216
308.375	0.7264
308.25	0.7264
308.125	0.7311
308.0	0.7342
307.875	0.7389
307.75	0.7452
307.625	0.75
307.5	0.7547
307.375	0.7594
307.25	0.7625
307.125	0.7657
307.0	0.7712
306.875	0.7727
306.75	0.7735
306.625	0.7735
306.5	0.772
306.375	0.7688
306.25	0.7672
306.125	0.7641
306.0	0.7602
305.875	0.7555
305.75	0.7523
305.625	0.7452
305.5	0.7452
305.375	0.7405
305.25	0.7382
305.125	0.7334
305.0	0.7311
304.875	0.7287
304.75	0.7272
304.625	0.7264
304.5	0.7256
304.375	0.7256
304.25	0.7264
304.125	0.7264
304.0	0.7264
303.875	0.7232
303.75	0.7256
303.625	0.7224
303.5	0.7216
303.375	0.7209
303.25	0.7216
303.125	0.7224
303.0	0.7216
302.875	0.7256
302.75	0.7224
302.625	0.7248
302.5	0.7248
302.375	0.724
302.25	0.7216
302.125	0.7264
302.0	0.7264
301.875	0.7264
301.75	0.7272
301.625	0.7264
301.5	0.7287
301.375	0.7311
301.25	0.7311
301.125	0.7327
301.0	0.7311
300.875	0.7334
300.75	0.7319
300.625	0.7311
300.5	0.7334
300.375	0.7327
300.25	0.7311
300.125	0.7311
