900.0	0.0
899.875	0.0
899.75	0.0
899.625	0.0
899.5	0.0
899.375	0.0
899.25	0.0
899.125	0.0
899.0	0.0
898.875	0.0015
898.75	0.0
898.625	0.0
898.5	0.0
898.375	0.0
898.25	0.0
898.125	0.0
898.0	7.0E-4
897.875	0.0
897.75	7.0E-4
897.625	7.0E-4
897.5	0.0015
897.375	7.0E-4
897.25	0.0
897.125	7.0E-4
897.0	7.0E-4
896.875	0.0
896.75	0.0
896.625	0.0
896.5	7.0E-4
896.375	0.0
896.25	7.0E-4
896.125	7.0E-4
896.0	0.0
895.875	7.0E-4
895.75	0.0
895.625	7.0E-4
895.5	7.0E-4
895.375	0.0023
895.25	0.0015
895.125	7.0E-4
895.0	0.0
894.875	0.0
894.75	0.0
894.625	0.0
894.5	7.0E-4
894.375	7.0E-4
894.25	0.0015
894.125	0.0
894.0	7.0E-4
893.875	7.0E-4
893.75	0.0023
893.625	0.0015
893.5	0.0
893.375	0.0023
893.25	0.0023
893.125	0.0
893.0	7.0E-4
892.875	0.0
892.75	0.0
892.625	0.0
892.5	0.0023
892.375	7.0E-4
892.25	0.0031
892.125	0.0
892.0	0.0015
891.875	7.0E-4
891.75	7.0E-4
891.625	7.0E-4
891.5	0.0015
891.375	7.0E-4
891.25	0.0
891.125	7.0E-4
891.0	0.0023
890.875	0.0015
890.75	7.0E-4
890.625	7.0E-4
890.5	0.0023
890.375	7.0E-4
890.25	0.0023
890.125	0.0015
890.0	7.0E-4
889.875	7.0E-4
889.75	0.0
889.625	0.0023
889.5	0.0015
889.375	0.0015
889.25	7.0E-4
889.125	0.0015
889.0	0.0
888.875	0.0015
888.75	7.0E-4
888.625	0.0015
888.5	7.0E-4
888.375	0.0023
888.25	0.0
888.125	0.0015
888.0	0.0015
887.875	0.0023
887.75	0.0015
887.625	7.0E-4
887.5	0.0031
887.375	0.0023
887.25	0.0023
887.125	0.0031
887.0	0.0015
886.875	0.0015
886.75	7.0E-4
886.625	7.0E-4
886.5	0.0023
886.375	7.0E-4
886.25	0.0023
886.125	0.0015
886.0	0.0031
885.875	0.0023
885.75	7.0E-4
885.625	0.0023
885.5	0.0031
885.375	7.0E-4
885.25	0.0015
885.125	0.0015
885.0	0.0031
884.875	0.0039
884.75	0.0023
884.625	0.0047
884.5	0.0039
884.375	0.0039
884.25	0.0047
884.125	0.0047
884.0	0.0047
883.875	0.0047
883.75	0.0047
883.625	0.0039
883.5	0.0047
883.375	0.0047
883.25	0.0047
883.125	0.0047
883.0	0.0047
882.875	0.0047
882.75	0.0062
882.625	0.0062
882.5	0.0055
882.375	0.0055
882.25	0.0055
882.125	0.0062
882.0	0.0047
881.875	0.0055
881.75	0.0062
881.625	0.007
881.5	0.0062
881.375	0.0062
881.25	0.0078
881.125	0.0055
881.0	0.007
880.875	0.0047
880.75	0.0055
880.625	0.0055
880.5	0.0062
880.375	0.0078
880.25	0.0047
880.125	0.0062
880.0	0.0055
879.875	0.0047
879.75	0.0047
879.625	0.007
879.5	0.0047
879.375	0.0047
879.25	0.0047
879.125	0.0055
879.0	0.0039
878.875	0.0047
878.75	0.0047
878.625	0.0047
878.5	0.0047
878.375	0.0031
878.25	0.0047
878.125	0.0031
878.0	0.0047
877.875	0.0047
877.75	0.0047
877.625	0.0031
877.5	0.0047
877.375	0.0047
877.25	0.0047
877.125	0.0031
877.0	0.0047
876.875	0.0031
876.75	0.0015
876.625	0.0047
876.5	0.0023
876.375	0.0023
876.25	0.0039
876.125	0.0023
876.0	0.0031
875.875	0.0023
875.75	0.0015
875.625	0.0047
875.5	0.0031
875.375	0.0023
875.25	0.0015
875.125	0.0023
875.0	0.0039
874.875	0.0039
874.75	0.0023
874.625	0.0031
874.5	0.0023
874.375	7.0E-4
874.25	0.0031
874.125	0.0039
874.0	0.0031
873.875	0.0023
873.75	0.0047
873.625	0.0
873.5	0.0023
873.375	0.0031
873.25	0.0023
873.125	0.0023
873.0	0.0023
872.875	7.0E-4
872.75	0.0047
872.625	0.0
872.5	0.0023
872.375	0.0039
872.25	0.0023
872.125	0.0031
872.0	0.0023
871.875	0.0015
871.75	0.0039
871.625	0.0
871.5	0.0031
871.375	0.0039
871.25	0.0039
871.125	0.0047
871.0	0.0039
870.875	0.0015
870.75	0.0031
870.625	0.0031
870.5	0.0023
870.375	0.0031
870.25	0.0015
870.125	0.0023
870.0	0.0023
869.875	0.0015
869.75	0.0047
869.625	0.0
869.5	0.0023
869.375	0.0015
869.25	0.0015
869.125	0.0031
869.0	7.0E-4
868.875	0.0031
868.75	0.0015
868.625	0.0
868.5	0.0015
868.375	0.0031
868.25	0.0
868.125	0.0015
868.0	0.0
867.875	0.0015
867.75	0.0
867.625	0.0015
867.5	0.0023
867.375	7.0E-4
867.25	0.0015
867.125	0.0023
867.0	7.0E-4
866.875	7.0E-4
866.75	0.0023
866.625	0.0015
866.5	0.0023
866.375	0.0023
866.25	0.0
866.125	7.0E-4
866.0	0.0023
865.875	0.0031
865.75	0.0023
865.625	0.0
865.5	0.0023
865.375	0.0023
865.25	7.0E-4
865.125	0.0031
865.0	0.0023
864.875	0.0023
864.75	0.0031
864.625	0.0023
864.5	0.0039
864.375	0.0031
864.25	0.0015
864.125	0.0031
864.0	0.0023
863.875	0.0015
863.75	0.0047
863.625	0.0047
863.5	0.0031
863.375	0.0023
863.25	0.0031
863.125	0.0047
863.0	0.0039
862.875	0.0023
862.75	0.0031
862.625	0.0031
862.5	0.0047
862.375	0.0031
862.25	0.0047
862.125	0.0031
862.0	0.0039
861.875	0.0031
861.75	0.0023
861.625	0.0023
861.5	0.0031
861.375	0.0047
861.25	0.0047
861.125	0.0047
861.0	0.0047
860.875	0.0039
860.75	0.0047
860.625	0.0039
860.5	0.0023
860.375	0.0023
860.25	0.0023
860.125	0.0031
860.0	0.0047
859.875	0.0039
859.75	0.0039
859.625	0.0039
859.5	0.0031
859.375	0.0039
859.25	0.0047
859.125	0.0047
859.0	0.0047
858.875	0.0047
858.75	0.0055
858.625	0.0047
858.5	0.0062
858.375	0.0047
858.25	0.0047
858.125	0.0047
858.0	0.0047
857.875	0.0047
857.75	0.0047
857.625	0.0047
857.5	0.0047
857.375	0.0047
857.25	0.0047
857.125	0.0047
857.0	0.0047
856.875	0.0047
856.75	0.0062
856.625	0.0047
856.5	0.0047
856.375	0.007
856.25	0.007
856.125	0.0055
856.0	0.0055
855.875	0.007
855.75	0.0047
855.625	0.007
855.5	0.0062
855.375	0.0055
855.25	0.0047
855.125	0.0047
855.0	0.0047
854.875	0.0055
854.75	0.0047
854.625	0.0055
854.5	0.0055
854.375	0.007
854.25	0.0062
854.125	0.0047
854.0	0.0055
853.875	0.0047
853.75	0.0047
853.625	0.0047
853.5	0.0047
853.375	0.0047
853.25	0.0047
853.125	0.0047
853.0	0.0047
852.875	0.0047
852.75	0.0047
852.625	0.0047
852.5	0.0047
852.375	0.0047
852.25	0.0047
852.125	0.0047
852.0	0.0062
851.875	0.0055
851.75	0.0047
851.625	0.0086
851.5	0.007
851.375	0.0094
851.25	0.0094
851.125	0.0094
851.0	0.0141
850.875	0.0165
850.75	0.0212
850.625	0.0235
850.5	0.0283
850.375	0.033
850.25	0.0369
850.125	0.0408
850.0	0.0455
849.875	0.0487
849.75	0.0518
849.625	0.0558
849.5	0.0581
849.375	0.0613
849.25	0.0613
849.125	0.0652
849.0	0.0644
848.875	0.0621
848.75	0.0613
848.625	0.0621
848.5	0.0613
848.375	0.0597
848.25	0.0573
848.125	0.0566
848.0	0.0573
847.875	0.055
847.75	0.0534
847.625	0.0518
847.5	0.0495
847.375	0.0511
847.25	0.0503
847.125	0.0479
847.0	0.0471
846.875	0.0471
846.75	0.0448
846.625	0.0424
846.5	0.0408
846.375	0.0377
846.25	0.0361
846.125	0.033
846.0	0.0306
845.875	0.0283
845.75	0.0235
845.625	0.0227
845.5	0.018
845.375	0.0188
845.25	0.0141
845.125	0.011
845.0	0.0094
844.875	0.0094
844.75	0.0086
844.625	0.0055
844.5	0.0078
844.375	0.0055
844.25	0.0055
844.125	0.0047
844.0	0.0047
843.875	0.0039
843.75	0.0047
843.625	0.0047
843.5	0.0039
843.375	0.0047
843.25	0.0047
843.125	0.0047
843.0	0.0047
842.875	0.0047
842.75	0.0047
842.625	0.0047
842.5	0.0047
842.375	0.0039
842.25	0.0039
842.125	0.0047
842.0	0.0047
841.875	0.0039
841.75	0.0047
841.625	0.0047
841.5	0.0031
841.375	0.0047
841.25	0.0031
841.125	0.0047
841.0	0.0047
840.875	0.0031
840.75	0.0039
840.625	0.0047
840.5	0.0031
840.375	0.0031
840.25	0.0031
840.125	0.0039
840.0	0.0047
839.875	0.0039
839.75	0.0039
839.625	0.0023
839.5	0.0031
839.375	0.0039
839.25	0.0031
839.125	0.0039
839.0	0.0031
838.875	0.0039
838.75	0.0047
838.625	0.0023
838.5	0.0039
838.375	7.0E-4
838.25	0.0039
838.125	0.0031
838.0	0.0039
837.875	0.0039
837.75	0.0039
837.625	0.0031
837.5	0.0039
837.375	0.0039
837.25	0.0039
837.125	0.0039
837.0	0.0023
836.875	0.0023
836.75	0.0031
836.625	0.0023
836.5	0.0023
836.375	0.0047
836.25	0.0023
836.125	0.0047
836.0	0.0047
835.875	0.0015
835.75	0.0039
835.625	0.0023
835.5	0.0039
835.375	0.0015
835.25	0.0039
835.125	0.0023
835.0	0.0047
834.875	0.0031
834.75	0.0023
834.625	0.0047
834.5	0.0039
834.375	0.0047
834.25	0.0031
834.125	0.0023
834.0	0.0047
833.875	0.0047
833.75	0.0031
833.625	0.0031
833.5	0.0047
833.375	0.0039
833.25	0.0031
833.125	0.0047
833.0	0.0039
832.875	0.0031
832.75	0.0039
832.625	0.0047
832.5	0.0047
832.375	0.0023
832.25	0.0031
832.125	0.0047
832.0	0.0023
831.875	0.0015
831.75	0.0023
831.625	0.0031
831.5	0.0047
831.375	0.0031
831.25	0.0047
831.125	0.0047
831.0	0.0031
830.875	0.0031
830.75	0.0039
830.625	0.0031
830.5	0.0031
830.375	0.0039
830.25	0.0039
830.125	0.0047
830.0	0.0031
829.875	0.0047
829.75	0.0023
829.625	0.0031
829.5	0.0039
829.375	0.0039
829.25	0.0047
829.125	0.0039
829.0	0.0023
828.875	0.0047
828.75	0.0047
828.625	0.0031
828.5	0.0031
828.375	0.0047
828.25	0.0039
828.125	0.0031
828.0	0.0039
827.875	0.0039
827.75	0.0047
827.625	0.0047
827.5	0.0047
827.375	0.0031
827.25	0.0047
827.125	0.0047
827.0	0.0047
826.875	0.0047
826.75	0.0055
826.625	0.007
826.5	0.0047
826.375	0.0062
826.25	0.0047
826.125	0.0062
826.0	0.0055
825.875	0.0086
825.75	0.0086
825.625	0.0078
825.5	0.0078
825.375	0.0094
825.25	0.007
825.125	0.0078
825.0	0.0086
824.875	0.0078
824.75	0.0078
824.625	0.007
824.5	0.0078
824.375	0.0055
824.25	0.0086
824.125	0.0078
824.0	0.0094
823.875	0.0078
823.75	0.0078
823.625	0.0086
823.5	0.0086
823.375	0.0078
823.25	0.0094
823.125	0.0086
823.0	0.0086
822.875	0.0094
822.75	0.0094
822.625	0.0086
822.5	0.0094
822.375	0.0094
822.25	0.0086
822.125	0.0086
822.0	0.0062
821.875	0.0078
821.75	0.007
821.625	0.007
821.5	0.007
821.375	0.0078
821.25	0.007
821.125	0.0055
821.0	0.0062
820.875	0.0086
820.75	0.0062
820.625	0.0055
820.5	0.0062
820.375	0.0062
820.25	0.0086
820.125	0.007
820.0	0.0062
819.875	0.0062
819.75	0.007
819.625	0.0078
819.5	0.0078
819.375	0.0086
819.25	0.0062
819.125	0.0062
819.0	0.007
818.875	0.0055
818.75	0.0078
818.625	0.0047
818.5	0.0078
818.375	0.007
818.25	0.0047
818.125	0.0062
818.0	0.0078
817.875	0.0062
817.75	0.0086
817.625	0.0062
817.5	0.0086
817.375	0.007
817.25	0.007
817.125	0.0078
817.0	0.0078
816.875	0.007
816.75	0.0078
816.625	0.0078
816.5	0.007
816.375	0.0086
816.25	0.0078
816.125	0.0078
816.0	0.0094
815.875	0.007
815.75	0.0062
815.625	0.0078
815.5	0.0086
815.375	0.007
815.25	0.0094
815.125	0.0078
815.0	0.0078
814.875	0.0086
814.75	0.0055
814.625	0.0086
814.5	0.0078
814.375	0.0086
814.25	0.0094
814.125	0.007
814.0	0.007
813.875	0.0062
813.75	0.0086
813.625	0.007
813.5	0.0086
813.375	0.0078
813.25	0.0078
813.125	0.0055
813.0	0.007
812.875	0.007
812.75	0.0047
812.625	0.0062
812.5	0.0047
812.375	0.0078
812.25	0.0078
812.125	0.0047
812.0	0.007
811.875	0.0047
811.75	0.0055
811.625	0.0062
811.5	0.0055
811.375	0.0055
811.25	0.0047
811.125	0.0047
811.0	0.0062
810.875	0.0047
810.75	0.0047
810.625	0.0047
810.5	0.0047
810.375	0.0047
810.25	0.0047
810.125	0.0047
810.0	0.0047
809.875	0.0047
809.75	0.0031
809.625	0.0047
809.5	0.0031
809.375	0.0047
809.25	0.0031
809.125	0.0047
809.0	0.0039
808.875	0.0047
808.75	0.0047
808.625	0.0047
808.5	0.0047
808.375	0.0055
808.25	0.0047
808.125	0.0047
808.0	0.0047
807.875	0.0039
807.75	0.0047
807.625	0.0047
807.5	0.0047
807.375	0.0047
807.25	0.0047
807.125	0.0047
807.0	0.0047
806.875	0.0047
806.75	0.0047
806.625	0.0047
806.5	0.0055
806.375	0.007
806.25	0.0055
806.125	0.007
806.0	0.0094
805.875	0.0094
805.75	0.0062
805.625	0.0094
805.5	0.0094
805.375	0.0094
805.25	0.0094
805.125	0.0094
805.0	0.0094
804.875	0.0094
804.75	0.0102
804.625	0.0094
804.5	0.0094
804.375	0.0094
804.25	0.0094
804.125	0.0102
804.0	0.0117
803.875	0.0094
803.75	0.0094
803.625	0.0125
803.5	0.0141
803.375	0.0133
803.25	0.0141
803.125	0.0149
803.0	0.0141
802.875	0.0157
802.75	0.0188
802.625	0.0204
802.5	0.0196
802.375	0.0204
802.25	0.0227
802.125	0.0235
802.0	0.0267
801.875	0.0283
801.75	0.0283
801.625	0.0283
801.5	0.0283
801.375	0.0283
801.25	0.0283
801.125	0.029
801.0	0.0283
800.875	0.0283
800.75	0.0283
800.625	0.0283
800.5	0.0275
800.375	0.0275
800.25	0.0267
800.125	0.0251
800.0	0.0235
799.875	0.0235
799.75	0.0243
799.625	0.0235
799.5	0.0235
799.375	0.0227
799.25	0.0235
799.125	0.0235
799.0	0.0212
798.875	0.0196
798.75	0.0204
798.625	0.0196
798.5	0.0196
798.375	0.0188
798.25	0.018
798.125	0.018
798.0	0.0157
797.875	0.0141
797.75	0.0141
797.625	0.0141
797.5	0.0141
797.375	0.0125
797.25	0.0094
797.125	0.0094
797.0	0.0094
796.875	0.0094
796.75	0.0102
796.625	0.0094
796.5	0.0094
796.375	0.0094
796.25	0.0094
796.125	0.0094
796.0	0.0094
795.875	0.0094
795.75	0.0094
795.625	0.0094
795.5	0.0094
795.375	0.0094
795.25	0.0086
795.125	0.0078
795.0	0.0094
794.875	0.0094
794.75	0.0094
794.625	0.0094
794.5	0.0078
794.375	0.0094
794.25	0.0094
794.125	0.0078
794.0	0.0094
793.875	0.0094
793.75	0.007
793.625	0.0094
793.5	0.0094
793.375	0.0078
793.25	0.0094
793.125	0.0094
793.0	0.0094
792.875	0.0086
792.75	0.0094
792.625	0.0094
792.5	0.0094
792.375	0.0094
792.25	0.0094
792.125	0.0094
792.0	0.0094
791.875	0.0094
791.75	0.0078
791.625	0.0094
791.5	0.0086
791.375	0.0094
791.25	0.0094
791.125	0.0094
791.0	0.0086
790.875	0.0094
790.75	0.0094
790.625	0.0094
790.5	0.0094
790.375	0.0086
790.25	0.0094
790.125	0.0094
790.0	0.0094
789.875	0.0102
789.75	0.0094
789.625	0.0086
789.5	0.0094
789.375	0.0094
789.25	0.0094
789.125	0.0094
789.0	0.0094
788.875	0.0094
788.75	0.0094
788.625	0.0094
788.5	0.0086
788.375	0.0102
788.25	0.0094
788.125	0.0094
788.0	0.0094
787.875	0.0094
787.75	0.0086
787.625	0.0094
787.5	0.0094
787.375	0.0094
787.25	0.0094
787.125	0.0094
787.0	0.0094
786.875	0.0102
786.75	0.0086
786.625	0.0094
786.5	0.0102
786.375	0.0094
786.25	0.0094
786.125	0.0086
786.0	0.0094
785.875	0.0086
785.75	0.0078
785.625	0.0094
785.5	0.0086
785.375	0.0086
785.25	0.0094
785.125	0.007
785.0	0.0086
784.875	0.0094
784.75	0.007
784.625	0.0094
784.5	0.0094
784.375	0.0086
784.25	0.0078
784.125	0.0078
784.0	0.0047
783.875	0.0094
783.75	0.0078
783.625	0.0078
783.5	0.0078
783.375	0.0047
783.25	0.007
783.125	0.0062
783.0	0.007
782.875	0.0055
782.75	0.0055
782.625	0.0055
782.5	0.0062
782.375	0.0047
782.25	0.0062
782.125	0.0062
782.0	0.0047
781.875	0.0047
781.75	0.0055
781.625	0.0062
781.5	0.0055
781.375	0.0047
781.25	0.0047
781.125	0.0055
781.0	0.0047
780.875	0.0078
780.75	0.0062
780.625	0.0062
780.5	0.0047
780.375	0.0062
780.25	0.0055
780.125	0.0055
780.0	0.0055
779.875	0.0047
779.75	0.0047
779.625	0.0047
779.5	0.0047
779.375	0.0062
779.25	0.0047
779.125	0.0047
779.0	0.0047
778.875	0.0055
778.75	0.0062
778.625	0.0055
778.5	0.0047
778.375	0.0047
778.25	0.0047
778.125	0.0047
778.0	0.0047
777.875	0.0047
777.75	0.0062
777.625	0.0047
777.5	0.0055
777.375	0.0047
777.25	0.007
777.125	0.0086
777.0	0.007
776.875	0.0062
776.75	0.0094
776.625	0.0094
776.5	0.007
776.375	0.0094
776.25	0.0102
776.125	0.0094
776.0	0.0094
775.875	0.0102
775.75	0.0094
775.625	0.0125
775.5	0.0125
775.375	0.0125
775.25	0.0141
775.125	0.0141
775.0	0.0133
774.875	0.0141
774.75	0.0141
774.625	0.0141
774.5	0.0141
774.375	0.0141
774.25	0.0141
774.125	0.0125
774.0	0.0141
773.875	0.0141
773.75	0.011
773.625	0.0141
773.5	0.0141
773.375	0.011
773.25	0.0117
773.125	0.0125
773.0	0.011
772.875	0.0125
772.75	0.0125
772.625	0.0117
772.5	0.0117
772.375	0.0094
772.25	0.0117
772.125	0.0102
772.0	0.0102
771.875	0.0094
771.75	0.0102
771.625	0.0094
771.5	0.011
771.375	0.0094
771.25	0.0094
771.125	0.0094
771.0	0.0094
770.875	0.0094
770.75	0.0102
770.625	0.0094
770.5	0.0094
770.375	0.0094
770.25	0.0094
770.125	0.0094
770.0	0.0094
769.875	0.0102
769.75	0.0117
769.625	0.0094
769.5	0.0102
769.375	0.0102
769.25	0.0102
769.125	0.0094
769.0	0.0094
768.875	0.0094
768.75	0.011
768.625	0.0102
768.5	0.0094
768.375	0.0117
768.25	0.0094
768.125	0.0094
768.0	0.011
767.875	0.0094
767.75	0.0117
767.625	0.0094
767.5	0.0094
767.375	0.0117
767.25	0.0102
767.125	0.0102
767.0	0.0094
766.875	0.0094
766.75	0.0094
766.625	0.0086
766.5	0.0094
766.375	0.011
766.25	0.0094
766.125	0.0094
766.0	0.0094
765.875	0.0094
765.75	0.011
765.625	0.0094
765.5	0.0102
765.375	0.0094
765.25	0.0102
765.125	0.0094
765.0	0.011
764.875	0.0094
764.75	0.0094
764.625	0.0094
764.5	0.0094
764.375	0.0102
764.25	0.0094
764.125	0.0094
764.0	0.0102
763.875	0.0094
763.75	0.0094
763.625	0.0102
763.5	0.0094
763.375	0.0094
763.25	0.0102
763.125	0.0094
763.0	0.0094
762.875	0.0094
762.75	0.011
762.625	0.0102
762.5	0.0094
762.375	0.0102
762.25	0.011
762.125	0.0117
762.0	0.0094
761.875	0.0102
761.75	0.011
761.625	0.0094
761.5	0.0117
761.375	0.0102
761.25	0.0102
761.125	0.0094
761.0	0.011
760.875	0.011
760.75	0.0102
760.625	0.0125
760.5	0.0133
760.375	0.0141
760.25	0.0149
760.125	0.0157
760.0	0.0196
759.875	0.0188
759.75	0.0235
759.625	0.0267
759.5	0.0283
759.375	0.0314
759.25	0.033
759.125	0.033
759.0	0.0377
758.875	0.0377
758.75	0.0385
758.625	0.0424
758.5	0.0424
758.375	0.0424
758.25	0.0432
758.125	0.0424
758.0	0.044
757.875	0.0424
757.75	0.0424
757.625	0.0424
757.5	0.04
757.375	0.0385
757.25	0.0377
757.125	0.0377
757.0	0.0377
756.875	0.0377
756.75	0.0361
756.625	0.0345
756.5	0.0345
756.375	0.033
756.25	0.0338
756.125	0.033
756.0	0.033
755.875	0.033
755.75	0.033
755.625	0.0314
755.5	0.029
755.375	0.0283
755.25	0.0283
755.125	0.0283
755.0	0.0267
754.875	0.0243
754.75	0.0235
754.625	0.0212
754.5	0.0196
754.375	0.0188
754.25	0.0165
754.125	0.0157
754.0	0.0157
753.875	0.0141
753.75	0.0141
753.625	0.011
753.5	0.0102
753.375	0.0094
753.25	0.0102
753.125	0.0102
753.0	0.0102
752.875	0.0094
752.75	0.0094
752.625	0.0094
752.5	0.0094
752.375	0.0094
752.25	0.0094
752.125	0.0094
752.0	0.0094
751.875	0.0094
751.75	0.0094
751.625	0.0094
751.5	0.0094
751.375	0.0094
751.25	0.0094
751.125	0.0086
751.0	0.0094
750.875	0.0094
750.75	0.0094
750.625	0.0102
750.5	0.0094
750.375	0.0094
750.25	0.0102
750.125	0.007
750.0	0.0094
749.875	0.0094
749.75	0.0086
749.625	0.0094
749.5	0.0094
749.375	0.0094
749.25	0.0094
749.125	0.0094
749.0	0.0094
748.875	0.0094
748.75	0.0094
748.625	0.0094
748.5	0.0094
748.375	0.0094
748.25	0.0086
748.125	0.0094
748.0	0.0094
747.875	0.0094
747.75	0.0102
747.625	0.0094
747.5	0.0094
747.375	0.0094
747.25	0.0094
747.125	0.0094
747.0	0.0094
746.875	0.0094
746.75	0.0094
746.625	0.0102
746.5	0.0094
746.375	0.0133
746.25	0.0117
746.125	0.0094
746.0	0.0125
745.875	0.0094
745.75	0.011
745.625	0.0094
745.5	0.0117
745.375	0.0102
745.25	0.0094
745.125	0.011
745.0	0.011
744.875	0.0094
744.75	0.0102
744.625	0.0133
744.5	0.0102
744.375	0.011
744.25	0.0117
744.125	0.011
744.0	0.0125
743.875	0.0117
743.75	0.0117
743.625	0.0117
743.5	0.011
743.375	0.011
743.25	0.011
743.125	0.0102
743.0	0.0141
742.875	0.0117
742.75	0.0141
742.625	0.0133
742.5	0.0141
742.375	0.0141
742.25	0.0133
742.125	0.0117
742.0	0.0133
741.875	0.0141
741.75	0.0133
741.625	0.0117
741.5	0.0133
741.375	0.0125
741.25	0.0125
741.125	0.0133
741.0	0.0133
740.875	0.0141
740.75	0.0141
740.625	0.0133
740.5	0.011
740.375	0.0125
740.25	0.0133
740.125	0.011
740.0	0.0133
739.875	0.0133
739.75	0.0141
739.625	0.0133
739.5	0.0125
739.375	0.0117
739.25	0.0125
739.125	0.011
739.0	0.0133
738.875	0.0117
738.75	0.0117
738.625	0.0133
738.5	0.0117
738.375	0.0133
738.25	0.0117
738.125	0.0125
738.0	0.0102
737.875	0.0094
737.75	0.0094
737.625	0.0102
737.5	0.0125
737.375	0.011
737.25	0.011
737.125	0.011
737.0	0.0117
736.875	0.0102
736.75	0.0094
736.625	0.0117
736.5	0.0094
736.375	0.0117
736.25	0.0102
736.125	0.0102
736.0	0.0125
735.875	0.0094
735.75	0.011
735.625	0.0102
735.5	0.0102
735.375	0.0094
735.25	0.011
735.125	0.0094
735.0	0.0102
734.875	0.011
734.75	0.0094
734.625	0.0102
734.5	0.0094
734.375	0.0094
734.25	0.0094
734.125	0.0094
734.0	0.0094
733.875	0.0094
733.75	0.0094
733.625	0.0094
733.5	0.0102
733.375	0.0102
733.25	0.0094
733.125	0.0102
733.0	0.0094
732.875	0.0094
732.75	0.0094
732.625	0.0094
732.5	0.0086
732.375	0.0094
732.25	0.0094
732.125	0.0094
732.0	0.0102
731.875	0.0094
731.75	0.0094
731.625	0.0094
731.5	0.0094
731.375	0.0094
731.25	0.0086
731.125	0.0094
731.0	0.0094
730.875	0.0094
730.75	0.0094
730.625	0.0094
730.5	0.0086
730.375	0.0094
730.25	0.0094
730.125	0.0094
730.0	0.0094
729.875	0.0094
729.75	0.0094
729.625	0.0094
729.5	0.0102
729.375	0.0094
729.25	0.0102
729.125	0.0094
729.0	0.0086
728.875	0.011
728.75	0.0094
728.625	0.0086
728.5	0.0102
728.375	0.0094
728.25	0.0094
728.125	0.0094
728.0	0.0094
727.875	0.0102
727.75	0.0117
727.625	0.0094
727.5	0.0102
727.375	0.0102
727.25	0.0094
727.125	0.0094
727.0	0.0102
726.875	0.0102
726.75	0.0102
726.625	0.0094
726.5	0.0094
726.375	0.0094
726.25	0.011
726.125	0.0125
726.0	0.0102
725.875	0.011
725.75	0.0102
725.625	0.011
725.5	0.011
725.375	0.0133
725.25	0.011
725.125	0.0094
725.0	0.0133
724.875	0.011
724.75	0.0094
724.625	0.0117
724.5	0.0102
724.375	0.0117
724.25	0.0117
724.125	0.0117
724.0	0.0102
723.875	0.0117
723.75	0.0094
723.625	0.0117
723.5	0.0117
723.375	0.0117
723.25	0.011
723.125	0.011
723.0	0.0133
722.875	0.011
722.75	0.0117
722.625	0.0102
722.5	0.0117
722.375	0.011
722.25	0.0125
722.125	0.0117
722.0	0.0141
721.875	0.0117
721.75	0.011
721.625	0.0117
721.5	0.0133
721.375	0.0125
721.25	0.0125
721.125	0.0125
721.0	0.0141
720.875	0.0141
720.75	0.0141
720.625	0.0141
720.5	0.0141
720.375	0.0141
720.25	0.0141
720.125	0.0141
720.0	0.0141
719.875	0.0133
719.75	0.0141
719.625	0.0141
719.5	0.0141
719.375	0.0141
719.25	0.0141
719.125	0.0157
719.0	0.0141
718.875	0.0149
718.75	0.0141
718.625	0.0172
718.5	0.0172
718.375	0.0157
718.25	0.0141
718.125	0.0149
718.0	0.0172
717.875	0.018
717.75	0.0165
717.625	0.018
717.5	0.0165
717.375	0.0157
717.25	0.018
717.125	0.018
717.0	0.0157
716.875	0.0172
716.75	0.0141
716.625	0.0172
716.5	0.0172
716.375	0.0172
716.25	0.0165
716.125	0.0172
716.0	0.0172
715.875	0.0165
715.75	0.0157
715.625	0.0149
715.5	0.0157
715.375	0.0141
715.25	0.0141
715.125	0.0141
715.0	0.0141
714.875	0.0149
714.75	0.0141
714.625	0.0141
714.5	0.0141
714.375	0.0149
714.25	0.0133
714.125	0.0133
714.0	0.0133
713.875	0.0133
713.75	0.0133
713.625	0.0141
713.5	0.0117
713.375	0.0141
713.25	0.0094
713.125	0.0141
713.0	0.0141
712.875	0.0125
712.75	0.0117
712.625	0.011
712.5	0.0141
712.375	0.011
712.25	0.0117
712.125	0.0102
712.0	0.0094
711.875	0.0102
711.75	0.0094
711.625	0.011
711.5	0.0102
711.375	0.0094
711.25	0.0094
711.125	0.0094
711.0	0.011
710.875	0.0094
710.75	0.0094
710.625	0.0094
710.5	0.0117
710.375	0.0094
710.25	0.011
710.125	0.0094
710.0	0.0086
709.875	0.0102
709.75	0.0094
709.625	0.0094
709.5	0.0094
709.375	0.011
709.25	0.0094
709.125	0.011
709.0	0.0102
708.875	0.011
708.75	0.0102
708.625	0.0094
708.5	0.0094
708.375	0.0078
708.25	0.0102
708.125	0.0094
708.0	0.0094
707.875	0.0102
707.75	0.0102
707.625	0.0102
707.5	0.0102
707.375	0.0094
707.25	0.0094
707.125	0.0094
707.0	0.0117
706.875	0.011
706.75	0.011
706.625	0.0094
706.5	0.011
706.375	0.011
706.25	0.0094
706.125	0.0133
706.0	0.011
705.875	0.0094
705.75	0.0102
705.625	0.011
705.5	0.0117
705.375	0.0117
705.25	0.011
705.125	0.0117
705.0	0.0102
704.875	0.011
704.75	0.0117
704.625	0.0117
704.5	0.0133
704.375	0.0117
704.25	0.0117
704.125	0.0141
704.0	0.0125
703.875	0.011
703.75	0.0141
703.625	0.0117
703.5	0.0133
703.375	0.0133
703.25	0.0141
703.125	0.0141
703.0	0.0125
702.875	0.0141
702.75	0.0141
702.625	0.0125
702.5	0.0141
702.375	0.0141
702.25	0.0141
702.125	0.0141
702.0	0.0141
701.875	0.0141
701.75	0.0141
701.625	0.0133
701.5	0.0149
701.375	0.0141
701.25	0.0141
701.125	0.0141
701.0	0.0125
700.875	0.0149
700.75	0.0141
700.625	0.0141
700.5	0.0141
700.375	0.0141
700.25	0.0141
700.125	0.0157
700.0	0.0141
699.875	0.0141
699.75	0.0141
699.625	0.0141
699.5	0.0141
699.375	0.0141
699.25	0.0141
699.125	0.0141
699.0	0.0141
698.875	0.0141
698.75	0.0133
698.625	0.0141
698.5	0.0141
698.375	0.0133
698.25	0.0141
698.125	0.0125
698.0	0.0141
697.875	0.0141
697.75	0.0133
697.625	0.0133
697.5	0.0125
697.375	0.0133
697.25	0.011
697.125	0.0125
697.0	0.0125
696.875	0.011
696.75	0.0117
696.625	0.0102
696.5	0.0117
696.375	0.011
696.25	0.0117
696.125	0.0102
696.0	0.0094
695.875	0.011
695.75	0.0117
695.625	0.0102
695.5	0.011
695.375	0.0094
695.25	0.0094
695.125	0.0102
695.0	0.011
694.875	0.011
694.75	0.0094
694.625	0.0094
694.5	0.0094
694.375	0.0094
694.25	0.011
694.125	0.0094
694.0	0.0102
693.875	0.0094
693.75	0.0094
693.625	0.0094
693.5	0.0094
693.375	0.0086
693.25	0.011
693.125	0.0086
693.0	0.0094
692.875	0.0094
692.75	0.0086
692.625	0.0117
692.5	0.0094
692.375	0.011
692.25	0.0102
692.125	0.0094
692.0	0.0094
691.875	0.0094
691.75	0.0094
691.625	0.011
691.5	0.0094
691.375	0.0102
691.25	0.0094
691.125	0.0094
691.0	0.0094
690.875	0.0094
690.75	0.0102
690.625	0.0094
690.5	0.0094
690.375	0.0102
690.25	0.0117
690.125	0.0086
690.0	0.0094
689.875	0.0094
689.75	0.0094
689.625	0.0102
689.5	0.0094
689.375	0.0094
689.25	0.0094
689.125	0.011
689.0	0.0094
688.875	0.0094
688.75	0.0094
688.625	0.0094
688.5	0.0094
688.375	0.0094
688.25	0.0102
688.125	0.011
688.0	0.011
687.875	0.0102
687.75	0.011
687.625	0.0094
687.5	0.011
687.375	0.0102
687.25	0.011
687.125	0.011
687.0	0.0094
686.875	0.0094
686.75	0.011
686.625	0.011
686.5	0.0094
686.375	0.011
686.25	0.0102
686.125	0.0125
686.0	0.0102
685.875	0.011
685.75	0.0117
685.625	0.0094
685.5	0.0125
685.375	0.0125
685.25	0.011
685.125	0.0102
685.0	0.0102
684.875	0.0125
684.75	0.0102
684.625	0.0133
684.5	0.011
684.375	0.011
684.25	0.011
684.125	0.0117
684.0	0.0125
683.875	0.0141
683.75	0.0117
683.625	0.0102
683.5	0.011
683.375	0.011
683.25	0.0125
683.125	0.0125
683.0	0.0125
682.875	0.011
682.75	0.0117
682.625	0.0125
682.5	0.0125
682.375	0.0117
682.25	0.0133
682.125	0.0141
682.0	0.0117
681.875	0.0125
681.75	0.0141
681.625	0.0133
681.5	0.0141
681.375	0.0141
681.25	0.0125
681.125	0.0141
681.0	0.0133
680.875	0.0141
680.75	0.0133
680.625	0.0141
680.5	0.0141
680.375	0.0141
680.25	0.0141
680.125	0.0141
680.0	0.0141
679.875	0.0133
679.75	0.0141
679.625	0.0141
679.5	0.0141
679.375	0.0157
679.25	0.0141
679.125	0.0157
679.0	0.0172
678.875	0.0149
678.75	0.018
678.625	0.018
678.5	0.0165
678.375	0.018
678.25	0.0188
678.125	0.0188
678.0	0.0188
677.875	0.0188
677.75	0.0196
677.625	0.0188
677.5	0.0188
677.375	0.0196
677.25	0.0204
677.125	0.0204
677.0	0.022
676.875	0.0188
676.75	0.0212
676.625	0.0212
676.5	0.0196
676.375	0.0196
676.25	0.0188
676.125	0.0204
676.0	0.0196
675.875	0.0212
675.75	0.0188
675.625	0.0212
675.5	0.0188
675.375	0.0204
675.25	0.0188
675.125	0.0188
675.0	0.0188
674.875	0.0188
674.75	0.0188
674.625	0.0188
674.5	0.0188
674.375	0.0196
674.25	0.0188
674.125	0.018
674.0	0.0188
673.875	0.0172
673.75	0.0157
673.625	0.018
673.5	0.0172
673.375	0.018
673.25	0.0157
673.125	0.0149
673.0	0.0141
672.875	0.0141
672.75	0.0141
672.625	0.0141
672.5	0.0141
672.375	0.0141
672.25	0.0141
672.125	0.0141
672.0	0.0133
671.875	0.0133
671.75	0.0141
671.625	0.0133
671.5	0.0141
671.375	0.0117
671.25	0.0133
671.125	0.0141
671.0	0.0133
670.875	0.0125
670.75	0.0141
670.625	0.0141
670.5	0.0141
670.375	0.0141
670.25	0.0133
670.125	0.0141
670.0	0.0141
669.875	0.0141
669.75	0.0141
669.625	0.0141
669.5	0.0133
669.375	0.0141
669.25	0.0133
669.125	0.0141
669.0	0.0133
668.875	0.0141
668.75	0.0141
668.625	0.0141
668.5	0.0141
668.375	0.0141
668.25	0.0125
668.125	0.0141
668.0	0.0133
667.875	0.0141
667.75	0.0141
667.625	0.0141
667.5	0.0149
667.375	0.0141
667.25	0.0141
667.125	0.0141
667.0	0.0141
666.875	0.0149
666.75	0.0141
666.625	0.0141
666.5	0.0149
666.375	0.0141
666.25	0.0141
666.125	0.0149
666.0	0.0157
665.875	0.0149
665.75	0.0141
665.625	0.0157
665.5	0.0172
665.375	0.0149
665.25	0.0188
665.125	0.0157
665.0	0.0165
664.875	0.0149
664.75	0.0165
664.625	0.018
664.5	0.0188
664.375	0.018
664.25	0.0188
664.125	0.018
664.0	0.0188
663.875	0.0172
663.75	0.018
663.625	0.0188
663.5	0.0188
663.375	0.0172
663.25	0.0188
663.125	0.018
663.0	0.0188
662.875	0.0188
662.75	0.0188
662.625	0.0188
662.5	0.018
662.375	0.018
662.25	0.0188
662.125	0.0172
662.0	0.0188
661.875	0.0172
661.75	0.0172
661.625	0.0188
661.5	0.0188
661.375	0.0165
661.25	0.0165
661.125	0.0157
661.0	0.0172
660.875	0.018
660.75	0.018
660.625	0.0188
660.5	0.0172
660.375	0.0157
660.25	0.0172
660.125	0.0149
660.0	0.0141
659.875	0.018
659.75	0.0149
659.625	0.0165
659.5	0.0149
659.375	0.0149
659.25	0.0157
659.125	0.0141
659.0	0.0141
658.875	0.0141
658.75	0.0149
658.625	0.0141
658.5	0.0141
658.375	0.0141
658.25	0.0141
658.125	0.0141
658.0	0.0133
657.875	0.0141
657.75	0.0133
657.625	0.0133
657.5	0.0141
657.375	0.0133
657.25	0.0141
657.125	0.0141
657.0	0.0141
656.875	0.0149
656.75	0.0149
656.625	0.0157
656.5	0.0141
656.375	0.0141
656.25	0.0141
656.125	0.0149
656.0	0.0141
655.875	0.0141
655.75	0.0149
655.625	0.0157
655.5	0.0157
655.375	0.0141
655.25	0.0141
655.125	0.0141
655.0	0.0141
654.875	0.0141
654.75	0.0141
654.625	0.0141
654.5	0.0141
654.375	0.0141
654.25	0.0141
654.125	0.0141
654.0	0.0141
653.875	0.0141
653.75	0.0141
653.625	0.0141
653.5	0.0141
653.375	0.0125
653.25	0.0133
653.125	0.0133
653.0	0.0133
652.875	0.0141
652.75	0.0141
652.625	0.0141
652.5	0.0141
652.375	0.0125
652.25	0.0141
652.125	0.0141
652.0	0.0141
651.875	0.0133
651.75	0.0141
651.625	0.0141
651.5	0.0133
651.375	0.0141
651.25	0.0141
651.125	0.0141
651.0	0.0133
650.875	0.0133
650.75	0.0133
650.625	0.0141
650.5	0.0141
650.375	0.0141
650.25	0.0133
650.125	0.0133
650.0	0.0133
649.875	0.0141
649.75	0.0133
649.625	0.0133
649.5	0.0117
649.375	0.0141
649.25	0.0141
649.125	0.0133
649.0	0.0133
648.875	0.0141
648.75	0.0133
648.625	0.0141
648.5	0.0141
648.375	0.0125
648.25	0.0133
648.125	0.0125
648.0	0.0141
647.875	0.0141
647.75	0.0141
647.625	0.0141
647.5	0.0125
647.375	0.0133
647.25	0.0141
647.125	0.0125
647.0	0.0125
646.875	0.0141
646.75	0.0133
646.625	0.0141
646.5	0.0141
646.375	0.0141
646.25	0.0141
646.125	0.0141
646.0	0.0141
645.875	0.0141
645.75	0.0133
645.625	0.0157
645.5	0.0141
645.375	0.0141
645.25	0.0141
645.125	0.0141
645.0	0.0141
644.875	0.0141
644.75	0.0133
644.625	0.0141
644.5	0.0149
644.375	0.0141
644.25	0.018
644.125	0.0157
644.0	0.0172
643.875	0.0172
643.75	0.018
643.625	0.018
643.5	0.018
643.375	0.0172
643.25	0.0188
643.125	0.0196
643.0	0.0188
642.875	0.0196
642.75	0.0204
642.625	0.0212
642.5	0.0235
642.375	0.0235
642.25	0.0243
642.125	0.0267
642.0	0.0275
641.875	0.0283
641.75	0.0298
641.625	0.0298
641.5	0.033
641.375	0.033
641.25	0.0353
641.125	0.0361
641.0	0.0377
640.875	0.0377
640.75	0.0385
640.625	0.0377
640.5	0.0424
640.375	0.0432
640.25	0.0479
640.125	0.0558
640.0	0.0699
639.875	0.0951
639.75	0.1305
639.625	0.1792
639.5	0.2437
639.375	0.3309
639.25	0.4473
639.125	0.5856
639.0	0.7672
638.875	1.0047
638.75	1.272
638.625	1.5668
638.5	1.882
638.375	2.1996
638.25	2.5125
638.125	2.827
638.0	3.1163
637.875	3.4383
637.75	3.6537
637.625	3.91
637.5	4.1018
637.375	4.2693
637.25	4.4092
637.125	4.4886
637.0	4.5059
636.875	4.4674
636.75	4.4006
636.625	4.3133
636.5	4.2174
636.375	4.1128
636.25	4.0075
636.125	3.9006
636.0	3.7913
635.875	3.6977
635.75	3.6112
635.625	3.5271
635.5	3.4493
635.375	3.373
635.25	3.3078
635.125	3.2154
635.0	3.1635
634.875	3.1139
634.75	3.0683
634.625	3.0149
634.5	2.9591
634.375	2.8938
634.25	2.8176
634.125	2.735
634.0	2.6312
633.875	2.5102
633.75	2.3702
633.625	2.2232
633.5	2.0534
633.375	1.8789
633.25	1.7138
633.125	1.522
633.0	1.3514
632.875	1.1698
632.75	1.011
632.625	0.8679
632.5	0.7397
632.375	0.6171
632.25	0.529
632.125	0.4418
632.0	0.3718
631.875	0.3113
631.75	0.268
631.625	0.2256
631.5	0.1949
631.375	0.1729
631.25	0.1525
631.125	0.1391
631.0	0.1218
630.875	0.1084
630.75	0.0927
630.625	0.0746
630.5	0.055
630.375	0.0408
630.25	0.033
630.125	0.0283
630.0	0.0283
629.875	0.0283
629.75	0.0267
629.625	0.0283
629.5	0.0275
629.375	0.0267
629.25	0.0283
629.125	0.0275
629.0	0.0275
628.875	0.0275
628.75	0.0275
628.625	0.0283
628.5	0.0251
628.375	0.0283
628.25	0.0283
628.125	0.0283
628.0	0.0283
627.875	0.0283
627.75	0.0275
627.625	0.0283
627.5	0.029
627.375	0.0283
627.25	0.0283
627.125	0.0283
627.0	0.0283
626.875	0.0298
626.75	0.0275
626.625	0.029
626.5	0.0283
626.375	0.0283
626.25	0.0298
626.125	0.0283
626.0	0.0283
625.875	0.029
625.75	0.029
625.625	0.029
625.5	0.0283
625.375	0.0283
625.25	0.0283
625.125	0.029
625.0	0.0283
624.875	0.029
624.75	0.029
624.625	0.029
624.5	0.0283
624.375	0.0283
624.25	0.029
624.125	0.0283
624.0	0.0283
623.875	0.0298
623.75	0.0283
623.625	0.0283
623.5	0.0283
623.375	0.0259
623.25	0.0283
623.125	0.0283
623.0	0.0283
622.875	0.0283
622.75	0.0283
622.625	0.029
622.5	0.0283
622.375	0.0283
622.25	0.0283
622.125	0.0283
622.0	0.0283
621.875	0.029
621.75	0.0283
621.625	0.0298
621.5	0.0283
621.375	0.0283
621.25	0.0283
621.125	0.0283
621.0	0.0283
620.875	0.029
620.75	0.0283
620.625	0.0283
620.5	0.0283
620.375	0.0298
620.25	0.029
620.125	0.0298
620.0	0.0283
619.875	0.0322
619.75	0.029
619.625	0.029
619.5	0.029
619.375	0.0298
619.25	0.029
619.125	0.0283
619.0	0.0306
618.875	0.029
618.75	0.0306
618.625	0.0306
618.5	0.0322
618.375	0.0314
618.25	0.0314
618.125	0.033
618.0	0.033
617.875	0.0314
617.75	0.0306
617.625	0.0322
617.5	0.029
617.375	0.0306
617.25	0.0338
617.125	0.033
617.0	0.033
616.875	0.033
616.75	0.033
616.625	0.0322
616.5	0.0345
616.375	0.0338
616.25	0.0345
616.125	0.033
616.0	0.0322
615.875	0.0345
615.75	0.0361
615.625	0.0338
615.5	0.0353
615.375	0.0345
615.25	0.0369
615.125	0.0369
615.0	0.0361
614.875	0.0377
614.75	0.0377
614.625	0.0377
614.5	0.0385
614.375	0.0377
614.25	0.0385
614.125	0.0377
614.0	0.0377
613.875	0.0393
613.75	0.0393
613.625	0.0393
613.5	0.0393
613.375	0.04
613.25	0.0424
613.125	0.04
613.0	0.0424
612.875	0.0424
612.75	0.0424
612.625	0.0432
612.5	0.0455
612.375	0.0424
612.25	0.0448
612.125	0.044
612.0	0.0463
611.875	0.0471
611.75	0.0455
611.625	0.0471
611.5	0.0471
611.375	0.0471
611.25	0.0479
611.125	0.0487
611.0	0.0495
610.875	0.0511
610.75	0.0511
610.625	0.0495
610.5	0.0511
610.375	0.0518
610.25	0.0526
610.125	0.0518
610.0	0.0518
609.875	0.0518
609.75	0.0534
609.625	0.0518
609.5	0.055
609.375	0.0558
609.25	0.0558
609.125	0.055
609.0	0.0566
608.875	0.055
608.75	0.0558
608.625	0.0581
608.5	0.0581
608.375	0.0597
608.25	0.0613
608.125	0.0605
608.0	0.0621
607.875	0.0644
607.75	0.066
607.625	0.066
607.5	0.0683
607.375	0.0707
607.25	0.0707
607.125	0.0715
607.0	0.0754
606.875	0.0754
606.75	0.0754
606.625	0.0786
606.5	0.077
606.375	0.0778
606.25	0.0801
606.125	0.0801
606.0	0.0801
605.875	0.0817
605.75	0.0801
605.625	0.0841
605.5	0.0809
605.375	0.0833
605.25	0.0833
605.125	0.0817
605.0	0.0849
604.875	0.0833
604.75	0.0825
604.625	0.0817
604.5	0.0801
604.375	0.0809
604.25	0.0809
604.125	0.0809
604.0	0.0809
603.875	0.0801
603.75	0.0786
603.625	0.0794
603.5	0.0801
603.375	0.077
603.25	0.077
603.125	0.0778
603.0	0.0754
602.875	0.0754
602.75	0.0754
602.625	0.0746
602.5	0.0754
602.375	0.0754
602.25	0.0754
602.125	0.0723
602.0	0.0715
601.875	0.0707
601.75	0.0707
601.625	0.0707
601.5	0.0707
601.375	0.0707
601.25	0.0707
601.125	0.0707
601.0	0.0707
600.875	0.0699
600.75	0.0707
600.625	0.0691
600.5	0.0707
600.375	0.0707
600.25	0.0707
600.125	0.0707
600.0	0.0699
599.875	0.0707
599.75	0.0707
599.625	0.0707
599.5	0.0715
599.375	0.0707
599.25	0.0715
599.125	0.0723
599.0	0.0723
598.875	0.0715
598.75	0.0746
598.625	0.0715
598.5	0.0754
598.375	0.0754
598.25	0.0754
598.125	0.0754
598.0	0.0738
597.875	0.0754
597.75	0.0754
597.625	0.0754
597.5	0.077
597.375	0.0762
597.25	0.0754
597.125	0.0754
597.0	0.0778
596.875	0.0762
596.75	0.0762
596.625	0.0754
596.5	0.0762
596.375	0.0754
596.25	0.0762
596.125	0.0754
596.0	0.0754
595.875	0.0754
595.75	0.0754
595.625	0.0754
595.5	0.0754
595.375	0.0754
595.25	0.0754
595.125	0.0731
595.0	0.0707
594.875	0.0707
594.75	0.0707
594.625	0.0707
594.5	0.0699
594.375	0.0699
594.25	0.0668
594.125	0.066
594.0	0.066
593.875	0.0652
593.75	0.0621
593.625	0.0605
593.5	0.0613
593.375	0.0566
593.25	0.0573
593.125	0.0558
593.0	0.055
592.875	0.0518
592.75	0.0511
592.625	0.0487
592.5	0.0471
592.375	0.0471
592.25	0.0424
592.125	0.0408
592.0	0.0416
591.875	0.04
591.75	0.0377
591.625	0.0377
591.5	0.0369
591.375	0.0353
591.25	0.033
591.125	0.0361
591.0	0.033
590.875	0.033
590.75	0.033
590.625	0.033
590.5	0.0306
590.375	0.0306
590.25	0.0283
590.125	0.0283
590.0	0.0283
589.875	0.0283
589.75	0.0283
589.625	0.0283
589.5	0.0283
589.375	0.0275
589.25	0.0283
589.125	0.0283
589.0	0.0283
588.875	0.0283
588.75	0.0283
588.625	0.0267
588.5	0.0283
588.375	0.0283
588.25	0.0275
588.125	0.0283
588.0	0.0283
587.875	0.0283
587.75	0.0283
587.625	0.0283
587.5	0.0306
587.375	0.0283
587.25	0.029
587.125	0.0298
587.0	0.0283
586.875	0.0306
586.75	0.0298
586.625	0.0283
586.5	0.0298
586.375	0.029
586.25	0.0306
586.125	0.029
586.0	0.0283
585.875	0.0306
585.75	0.0314
585.625	0.029
585.5	0.0283
585.375	0.0322
585.25	0.0314
585.125	0.033
585.0	0.0322
584.875	0.0314
584.75	0.0338
584.625	0.033
584.5	0.033
584.375	0.033
584.25	0.033
584.125	0.033
584.0	0.033
583.875	0.033
583.75	0.033
583.625	0.033
583.5	0.033
583.375	0.033
583.25	0.0314
583.125	0.0322
583.0	0.033
582.875	0.0322
582.75	0.0322
582.625	0.0322
582.5	0.0283
582.375	0.0314
582.25	0.0298
582.125	0.0283
582.0	0.0298
581.875	0.0283
581.75	0.0283
581.625	0.0283
581.5	0.0283
581.375	0.0283
581.25	0.0283
581.125	0.0283
581.0	0.0283
580.875	0.0283
580.75	0.0283
580.625	0.0267
580.5	0.0283
580.375	0.0275
580.25	0.0283
580.125	0.0275
580.0	0.0275
579.875	0.0275
579.75	0.0259
579.625	0.0243
579.5	0.0251
579.375	0.0267
579.25	0.0251
579.125	0.0251
579.0	0.0235
578.875	0.0259
578.75	0.0251
578.625	0.0235
578.5	0.0235
578.375	0.0235
578.25	0.0235
578.125	0.0235
578.0	0.0235
577.875	0.0235
577.75	0.0243
577.625	0.0235
577.5	0.0235
577.375	0.0243
577.25	0.0235
577.125	0.0235
577.0	0.0243
576.875	0.0259
576.75	0.0275
576.625	0.0275
576.5	0.0283
576.375	0.0283
576.25	0.0283
576.125	0.0283
576.0	0.0283
575.875	0.0314
575.75	0.033
575.625	0.0322
575.5	0.033
575.375	0.033
575.25	0.033
575.125	0.033
575.0	0.033
574.875	0.033
574.75	0.0369
574.625	0.0345
574.5	0.0345
574.375	0.0377
574.25	0.0353
574.125	0.0369
574.0	0.0361
573.875	0.0345
573.75	0.0377
573.625	0.0361
573.5	0.0353
573.375	0.0345
573.25	0.0338
573.125	0.0353
573.0	0.0322
572.875	0.033
572.75	0.033
572.625	0.033
572.5	0.0322
572.375	0.033
572.25	0.0314
572.125	0.0298
572.0	0.0314
571.875	0.0298
571.75	0.0306
571.625	0.029
571.5	0.029
571.375	0.0283
571.25	0.0275
571.125	0.0283
571.0	0.0283
570.875	0.0283
570.75	0.0283
570.625	0.0283
570.5	0.0283
570.375	0.0259
570.25	0.0259
570.125	0.0267
570.0	0.0235
569.875	0.0251
569.75	0.0235
569.625	0.0227
569.5	0.0251
569.375	0.0235
569.25	0.0235
569.125	0.0227
569.0	0.0235
568.875	0.0235
568.75	0.022
568.625	0.0227
568.5	0.022
568.375	0.0204
568.25	0.0227
568.125	0.0212
568.0	0.0212
567.875	0.0204
567.75	0.0196
567.625	0.0188
567.5	0.0188
567.375	0.0188
567.25	0.0188
567.125	0.0188
567.0	0.0188
566.875	0.018
566.75	0.0172
566.625	0.0188
566.5	0.0172
566.375	0.018
566.25	0.0172
566.125	0.018
566.0	0.018
565.875	0.0188
565.75	0.018
565.625	0.0165
565.5	0.0188
565.375	0.0188
565.25	0.0188
565.125	0.0188
565.0	0.018
564.875	0.0188
564.75	0.0188
564.625	0.0188
564.5	0.0188
564.375	0.0196
564.25	0.0212
564.125	0.022
564.0	0.022
563.875	0.0235
563.75	0.0235
563.625	0.0227
563.5	0.0235
563.375	0.0235
563.25	0.0227
563.125	0.0243
563.0	0.0235
562.875	0.0243
562.75	0.0235
562.625	0.0243
562.5	0.0243
562.375	0.0235
562.25	0.0251
562.125	0.0235
562.0	0.0267
561.875	0.0283
561.75	0.0259
561.625	0.0283
561.5	0.0251
561.375	0.0283
561.25	0.0283
561.125	0.0283
561.0	0.0275
560.875	0.0283
560.75	0.0283
560.625	0.0283
560.5	0.0283
560.375	0.0275
560.25	0.0283
560.125	0.0283
560.0	0.0283
559.875	0.0283
559.75	0.0283
559.625	0.029
559.5	0.0259
559.375	0.0275
559.25	0.0283
559.125	0.0283
559.0	0.0283
558.875	0.0283
558.75	0.0283
558.625	0.0275
558.5	0.0259
558.375	0.0267
558.25	0.0275
558.125	0.0275
558.0	0.0259
557.875	0.0243
557.75	0.0243
557.625	0.0235
557.5	0.0235
557.375	0.0235
557.25	0.0235
557.125	0.0235
557.0	0.0235
556.875	0.0235
556.75	0.0227
556.625	0.0235
556.5	0.0235
556.375	0.022
556.25	0.0235
556.125	0.0196
556.0	0.0227
555.875	0.022
555.75	0.0212
555.625	0.0212
555.5	0.0227
555.375	0.0212
555.25	0.0204
555.125	0.0212
555.0	0.0196
554.875	0.0204
554.75	0.0196
554.625	0.0196
554.5	0.0227
554.375	0.0196
554.25	0.0204
554.125	0.0196
554.0	0.0188
553.875	0.0188
553.75	0.0196
553.625	0.0196
553.5	0.0196
553.375	0.0196
553.25	0.0188
553.125	0.0188
553.0	0.0204
552.875	0.0196
552.75	0.0188
552.625	0.0188
552.5	0.0188
552.375	0.0196
552.25	0.0188
552.125	0.018
552.0	0.0196
551.875	0.0196
551.75	0.0188
551.625	0.0196
551.5	0.0188
551.375	0.0196
551.25	0.0188
551.125	0.0212
551.0	0.0204
550.875	0.0204
550.75	0.0196
550.625	0.0188
550.5	0.0212
550.375	0.0196
550.25	0.0196
550.125	0.0227
550.0	0.0204
549.875	0.0196
549.75	0.0196
549.625	0.0188
549.5	0.0204
549.375	0.0204
549.25	0.0196
549.125	0.022
549.0	0.0196
548.875	0.0204
548.75	0.0188
548.625	0.0188
548.5	0.0196
548.375	0.0188
548.25	0.0204
548.125	0.0196
548.0	0.022
547.875	0.0204
547.75	0.0188
547.625	0.0188
547.5	0.0188
547.375	0.0188
547.25	0.0204
547.125	0.0196
547.0	0.0196
546.875	0.0188
546.75	0.0188
546.625	0.0188
546.5	0.018
546.375	0.0188
546.25	0.018
546.125	0.0188
546.0	0.0172
545.875	0.0188
545.75	0.0188
545.625	0.0188
545.5	0.0188
545.375	0.018
545.25	0.018
545.125	0.0188
545.0	0.0188
544.875	0.0157
544.75	0.0188
544.625	0.0188
544.5	0.0157
544.375	0.0172
544.25	0.0165
544.125	0.0172
544.0	0.0188
543.875	0.0188
543.75	0.0188
543.625	0.0188
543.5	0.0188
543.375	0.0188
543.25	0.0204
543.125	0.022
543.0	0.022
542.875	0.0227
542.75	0.022
542.625	0.0251
542.5	0.0243
542.375	0.0275
542.25	0.0283
542.125	0.0283
542.0	0.0283
541.875	0.0283
541.75	0.0298
541.625	0.0322
541.5	0.0322
541.375	0.033
541.25	0.0322
541.125	0.033
541.0	0.033
540.875	0.0361
540.75	0.0345
540.625	0.0338
540.5	0.0353
540.375	0.0345
540.25	0.033
540.125	0.0338
540.0	0.0353
539.875	0.0345
539.75	0.0338
539.625	0.0361
539.5	0.0345
539.375	0.0345
539.25	0.0353
539.125	0.0353
539.0	0.0353
538.875	0.0338
538.75	0.0361
538.625	0.0353
538.5	0.0353
538.375	0.0345
538.25	0.0353
538.125	0.033
538.0	0.0353
537.875	0.0345
537.75	0.033
537.625	0.033
537.5	0.033
537.375	0.033
537.25	0.0314
537.125	0.0314
537.0	0.0306
536.875	0.029
536.75	0.0283
536.625	0.0283
536.5	0.029
536.375	0.0283
536.25	0.0283
536.125	0.0267
536.0	0.0275
535.875	0.0259
535.75	0.0243
535.625	0.0259
535.5	0.0235
535.375	0.0235
535.25	0.0235
535.125	0.0235
535.0	0.0235
534.875	0.0227
534.75	0.0235
534.625	0.0227
534.5	0.0235
534.375	0.0227
534.25	0.0212
534.125	0.0212
534.0	0.0196
533.875	0.0196
533.75	0.0204
533.625	0.0204
533.5	0.0188
533.375	0.0188
533.25	0.0188
533.125	0.0188
533.0	0.0204
532.875	0.0196
532.75	0.0188
532.625	0.0188
532.5	0.0188
532.375	0.0188
532.25	0.0188
532.125	0.0188
532.0	0.0196
531.875	0.0188
531.75	0.0188
531.625	0.0172
531.5	0.0188
531.375	0.0188
531.25	0.018
531.125	0.0188
531.0	0.0188
530.875	0.0172
530.75	0.0172
530.625	0.0172
530.5	0.0188
530.375	0.018
530.25	0.0165
530.125	0.018
530.0	0.0188
529.875	0.0157
529.75	0.0172
529.625	0.0165
529.5	0.0188
529.375	0.0172
529.25	0.0165
529.125	0.0188
529.0	0.0157
528.875	0.0188
528.75	0.0172
528.625	0.018
528.5	0.0188
528.375	0.0172
528.25	0.0172
528.125	0.0172
528.0	0.018
527.875	0.018
527.75	0.0188
527.625	0.018
527.5	0.018
527.375	0.0188
527.25	0.018
527.125	0.018
527.0	0.0172
526.875	0.018
526.75	0.0188
526.625	0.0188
526.5	0.0157
526.375	0.0172
526.25	0.0165
526.125	0.0188
526.0	0.018
525.875	0.0172
525.75	0.0188
525.625	0.0188
525.5	0.0188
525.375	0.018
525.25	0.0188
525.125	0.0188
525.0	0.018
524.875	0.0188
524.75	0.0188
524.625	0.0188
524.5	0.0204
524.375	0.0188
524.25	0.0188
524.125	0.0196
524.0	0.0196
523.875	0.0196
523.75	0.0188
523.625	0.0188
523.5	0.0204
523.375	0.0188
523.25	0.0188
523.125	0.0188
523.0	0.0188
522.875	0.0196
522.75	0.0188
522.625	0.0196
522.5	0.022
522.375	0.0188
522.25	0.0188
522.125	0.0188
522.0	0.0196
521.875	0.0212
521.75	0.0188
521.625	0.0204
521.5	0.0188
521.375	0.0196
521.25	0.0204
521.125	0.0204
521.0	0.0212
520.875	0.0212
520.75	0.0212
520.625	0.0212
520.5	0.0235
520.375	0.0212
520.25	0.0204
520.125	0.0235
520.0	0.0227
519.875	0.022
519.75	0.0227
519.625	0.0212
519.5	0.022
519.375	0.022
519.25	0.0227
519.125	0.0227
519.0	0.0204
518.875	0.0235
518.75	0.0235
518.625	0.022
518.5	0.0227
518.375	0.0227
518.25	0.0235
518.125	0.0235
518.0	0.022
517.875	0.0212
517.75	0.0212
517.625	0.0235
517.5	0.0235
517.375	0.0227
517.25	0.022
517.125	0.0235
517.0	0.0227
516.875	0.0227
516.75	0.022
516.625	0.0227
516.5	0.0235
516.375	0.0235
516.25	0.0235
516.125	0.0235
516.0	0.0227
515.875	0.0235
515.75	0.0227
515.625	0.0227
515.5	0.0235
515.375	0.0235
515.25	0.0235
515.125	0.0235
515.0	0.0235
514.875	0.0235
514.75	0.0243
514.625	0.0251
514.5	0.0251
514.375	0.0243
514.25	0.0235
514.125	0.0243
514.0	0.0235
513.875	0.0235
513.75	0.0235
513.625	0.0243
513.5	0.0235
513.375	0.0235
513.25	0.0235
513.125	0.0235
513.0	0.0235
512.875	0.0243
512.75	0.0235
512.625	0.0235
512.5	0.0235
512.375	0.0243
512.25	0.0235
512.125	0.0235
512.0	0.0235
511.875	0.0235
511.75	0.0235
511.625	0.0235
511.5	0.0235
511.375	0.0235
511.25	0.0235
511.125	0.0227
511.0	0.0235
510.875	0.0227
510.75	0.0235
510.625	0.0227
510.5	0.0235
510.375	0.0227
510.25	0.022
510.125	0.0227
510.0	0.022
509.875	0.0235
509.75	0.022
509.625	0.0227
509.5	0.0212
509.375	0.022
509.25	0.0227
509.125	0.0235
509.0	0.0212
508.875	0.0235
508.75	0.0235
508.625	0.0227
508.5	0.0227
508.375	0.0235
508.25	0.0235
508.125	0.0227
508.0	0.0235
507.875	0.0235
507.75	0.0235
507.625	0.0235
507.5	0.0235
507.375	0.0243
507.25	0.0235
507.125	0.0235
507.0	0.0235
506.875	0.0243
506.75	0.0235
506.625	0.0235
506.5	0.0235
506.375	0.0243
506.25	0.0235
506.125	0.0251
506.0	0.0243
505.875	0.0235
505.75	0.0235
505.625	0.0235
505.5	0.0259
505.375	0.0251
505.25	0.0235
505.125	0.0243
505.0	0.0235
504.875	0.0243
504.75	0.0235
504.625	0.0251
504.5	0.0251
504.375	0.0235
504.25	0.0243
504.125	0.0235
504.0	0.0235
503.875	0.0235
503.75	0.0243
503.625	0.0235
503.5	0.0235
503.375	0.0235
503.25	0.0235
503.125	0.0251
503.0	0.0251
502.875	0.0267
502.75	0.0283
502.625	0.0283
502.5	0.0275
502.375	0.029
502.25	0.033
502.125	0.0322
502.0	0.0353
501.875	0.0345
501.75	0.0385
501.625	0.0393
501.5	0.04
501.375	0.0432
501.25	0.044
501.125	0.0479
501.0	0.0487
500.875	0.0511
500.75	0.0534
500.625	0.0566
500.5	0.0558
500.375	0.0573
500.25	0.0573
500.125	0.0589
500.0	0.0613
499.875	0.0613
499.75	0.0621
499.625	0.0628
499.5	0.0636
499.375	0.0644
499.25	0.0652
499.125	0.066
499.0	0.0652
498.875	0.0644
498.75	0.0668
498.625	0.066
498.5	0.0652
498.375	0.0644
498.25	0.0652
498.125	0.0652
498.0	0.0644
497.875	0.0652
497.75	0.0628
497.625	0.0621
497.5	0.0613
497.375	0.0628
497.25	0.0613
497.125	0.0613
497.0	0.0613
496.875	0.0613
496.75	0.0613
496.625	0.0589
496.5	0.0581
496.375	0.0581
496.25	0.0566
496.125	0.0558
496.0	0.0518
495.875	0.0518
495.75	0.0518
495.625	0.0479
495.5	0.0471
495.375	0.0471
495.25	0.0471
495.125	0.0455
495.0	0.044
494.875	0.0424
494.75	0.0424
494.625	0.0393
494.5	0.0393
494.375	0.0377
494.25	0.0377
494.125	0.0369
494.0	0.0377
493.875	0.0369
493.75	0.0345
493.625	0.0361
493.5	0.033
493.375	0.033
493.25	0.0322
493.125	0.033
493.0	0.033
492.875	0.0306
492.75	0.0314
492.625	0.029
492.5	0.0298
492.375	0.0298
492.25	0.0298
492.125	0.0283
492.0	0.0283
491.875	0.029
491.75	0.0298
491.625	0.0283
491.5	0.0283
491.375	0.0283
491.25	0.0283
491.125	0.0283
491.0	0.0283
490.875	0.0283
490.75	0.0283
490.625	0.0283
490.5	0.0283
490.375	0.0306
490.25	0.0306
490.125	0.0283
490.0	0.0298
489.875	0.0283
489.75	0.0314
489.625	0.0283
489.5	0.0298
489.375	0.0306
489.25	0.0283
489.125	0.0298
489.0	0.0306
488.875	0.0322
488.75	0.0322
488.625	0.0306
488.5	0.0314
488.375	0.0314
488.25	0.0306
488.125	0.0314
488.0	0.0322
487.875	0.033
487.75	0.033
487.625	0.033
487.5	0.033
487.375	0.033
487.25	0.033
487.125	0.033
487.0	0.033
486.875	0.033
486.75	0.0322
486.625	0.033
486.5	0.033
486.375	0.033
486.25	0.033
486.125	0.0322
486.0	0.033
485.875	0.0322
485.75	0.0322
485.625	0.0314
485.5	0.0314
485.375	0.033
485.25	0.029
485.125	0.033
485.0	0.0306
484.875	0.0298
484.75	0.0314
484.625	0.029
484.5	0.0283
484.375	0.0298
484.25	0.0298
484.125	0.0298
484.0	0.0283
483.875	0.0322
483.75	0.0306
483.625	0.0283
483.5	0.029
483.375	0.0306
483.25	0.0314
483.125	0.0283
483.0	0.0298
482.875	0.029
482.75	0.0306
482.625	0.0306
482.5	0.029
482.375	0.0283
482.25	0.0298
482.125	0.0298
482.0	0.0314
481.875	0.0306
481.75	0.0298
481.625	0.0283
481.5	0.029
481.375	0.029
481.25	0.029
481.125	0.0306
481.0	0.0283
480.875	0.0283
480.75	0.029
480.625	0.0298
480.5	0.0314
480.375	0.0283
480.25	0.0298
480.125	0.029
480.0	0.0298
479.875	0.0314
479.75	0.0298
479.625	0.0306
479.5	0.0322
479.375	0.0314
479.25	0.033
479.125	0.033
479.0	0.033
478.875	0.033
478.75	0.0322
478.625	0.0322
478.5	0.0322
478.375	0.0314
478.25	0.0322
478.125	0.033
478.0	0.0322
477.875	0.0322
477.75	0.033
477.625	0.0306
477.5	0.0322
477.375	0.0314
477.25	0.0314
477.125	0.033
477.0	0.0322
476.875	0.0314
476.75	0.033
476.625	0.033
476.5	0.0322
476.375	0.033
476.25	0.033
476.125	0.033
476.0	0.033
475.875	0.033
475.75	0.0338
475.625	0.0361
475.5	0.0353
475.375	0.0353
475.25	0.0377
475.125	0.0377
475.0	0.0377
474.875	0.0377
474.75	0.0377
474.625	0.0377
474.5	0.0377
474.375	0.0377
474.25	0.0377
474.125	0.0377
474.0	0.0377
473.875	0.0377
473.75	0.0385
473.625	0.0377
473.5	0.0377
473.375	0.0385
473.25	0.0377
473.125	0.0377
473.0	0.0393
472.875	0.0393
472.75	0.0377
472.625	0.0377
472.5	0.0377
472.375	0.0385
472.25	0.0385
472.125	0.0385
472.0	0.0377
471.875	0.0377
471.75	0.0408
471.625	0.04
471.5	0.0393
471.375	0.0408
471.25	0.0408
471.125	0.0416
471.0	0.0416
470.875	0.0416
470.75	0.0432
470.625	0.0424
470.5	0.0495
470.375	0.055
470.25	0.0621
470.125	0.0778
470.0	0.0935
469.875	0.1226
469.75	0.1533
469.625	0.1988
469.5	0.2531
469.375	0.3215
469.25	0.4017
469.125	0.4897
469.0	0.5786
468.875	0.6776
468.75	0.7696
468.625	0.8577
468.5	0.952
468.375	1.0393
468.25	1.1202
468.125	1.1965
468.0	1.2641
467.875	1.3207
467.75	1.3687
467.625	1.4056
467.5	1.4268
467.375	1.4386
467.25	1.4386
467.125	1.4347
467.0	1.4205
466.875	1.404
466.75	1.3844
466.625	1.3616
466.5	1.3388
466.375	1.3183
466.25	1.2948
466.125	1.2712
466.0	1.25
465.875	1.2272
465.75	1.2051
465.625	1.1847
465.5	1.1666
465.375	1.1501
465.25	1.1336
465.125	1.1179
465.0	1.1053
464.875	1.0911
464.75	1.0817
464.625	1.0676
464.5	1.0542
464.375	1.04
464.25	1.022
464.125	1.0015
464.0	0.9772
463.875	0.9488
463.75	0.915
463.625	0.875
463.5	0.8309
463.375	0.7814
463.25	0.7311
463.125	0.6761
463.0	0.6226
462.875	0.5644
462.75	0.5117
462.625	0.4575
462.5	0.4135
462.375	0.3663
462.25	0.3231
462.125	0.2845
462.0	0.2531
461.875	0.2216
461.75	0.1996
461.625	0.1792
461.5	0.1619
461.375	0.1493
461.25	0.1383
461.125	0.1273
461.0	0.1194
460.875	0.1116
460.75	0.1037
460.625	0.0943
460.5	0.0872
460.375	0.0833
460.25	0.077
460.125	0.0754
460.0	0.0707
459.875	0.0707
459.75	0.0668
459.625	0.066
459.5	0.066
459.375	0.0628
459.25	0.0621
459.125	0.0597
459.0	0.0589
458.875	0.0573
458.75	0.0566
458.625	0.0566
458.5	0.0542
458.375	0.0534
458.25	0.0518
458.125	0.0518
458.0	0.0503
457.875	0.0487
457.75	0.0479
457.625	0.0479
457.5	0.0471
457.375	0.0471
457.25	0.0471
457.125	0.0455
457.0	0.0463
456.875	0.0432
456.75	0.044
456.625	0.0424
456.5	0.0424
456.375	0.0432
456.25	0.0432
456.125	0.0424
456.0	0.0416
455.875	0.0424
455.75	0.0424
455.625	0.0424
455.5	0.0424
455.375	0.0424
455.25	0.0424
455.125	0.0424
455.0	0.0424
454.875	0.0416
454.75	0.0424
454.625	0.0424
454.5	0.0432
454.375	0.0424
454.25	0.0424
454.125	0.0424
454.0	0.0424
453.875	0.0432
453.75	0.044
453.625	0.0424
453.5	0.044
453.375	0.0432
453.25	0.0432
453.125	0.0424
453.0	0.0424
452.875	0.0432
452.75	0.0455
452.625	0.0432
452.5	0.044
452.375	0.0471
452.25	0.0432
452.125	0.0471
452.0	0.0471
451.875	0.0471
451.75	0.0471
451.625	0.0471
451.5	0.0471
451.375	0.0471
451.25	0.0479
451.125	0.0479
451.0	0.0471
450.875	0.0503
450.75	0.0479
450.625	0.0471
450.5	0.0487
450.375	0.0495
450.25	0.0511
450.125	0.0487
450.0	0.0495
449.875	0.0495
449.75	0.0518
449.625	0.0495
449.5	0.0518
449.375	0.0518
449.25	0.0518
449.125	0.0495
449.0	0.0518
448.875	0.0503
448.75	0.0503
448.625	0.0511
448.5	0.0518
448.375	0.0518
448.25	0.0511
448.125	0.0503
448.0	0.0487
447.875	0.0495
447.75	0.0503
447.625	0.0487
447.5	0.0503
447.375	0.0487
447.25	0.0487
447.125	0.0495
447.0	0.0463
446.875	0.0471
446.75	0.0487
446.625	0.0471
446.5	0.0487
446.375	0.0487
446.25	0.0503
446.125	0.0487
446.0	0.0503
445.875	0.0479
445.75	0.0479
445.625	0.0503
445.5	0.0511
445.375	0.0495
445.25	0.0503
445.125	0.0495
445.0	0.0495
444.875	0.0495
444.75	0.0495
444.625	0.0495
444.5	0.0511
444.375	0.0479
444.25	0.0495
444.125	0.0479
444.0	0.0471
443.875	0.0479
443.75	0.0479
443.625	0.0471
443.5	0.0471
443.375	0.0471
443.25	0.0479
443.125	0.0463
443.0	0.0471
442.875	0.0479
442.75	0.0471
442.625	0.0471
442.5	0.0471
442.375	0.0471
442.25	0.0463
442.125	0.0463
442.0	0.0471
441.875	0.0471
441.75	0.0471
441.625	0.0463
441.5	0.0463
441.375	0.0471
441.25	0.0471
441.125	0.0471
441.0	0.0471
440.875	0.0471
440.75	0.0471
440.625	0.0487
440.5	0.0487
440.375	0.0511
440.25	0.0503
440.125	0.0511
440.0	0.0518
439.875	0.0503
439.75	0.0518
439.625	0.0518
439.5	0.0518
439.375	0.0526
439.25	0.0542
439.125	0.0542
439.0	0.0526
438.875	0.055
438.75	0.055
438.625	0.0566
438.5	0.0566
438.375	0.0566
438.25	0.0566
438.125	0.0581
438.0	0.0566
437.875	0.0566
437.75	0.0581
437.625	0.0581
437.5	0.0597
437.375	0.0605
437.25	0.0589
437.125	0.0613
437.0	0.0613
436.875	0.0613
436.75	0.0613
436.625	0.0613
436.5	0.0613
436.375	0.0628
436.25	0.0613
436.125	0.0613
436.0	0.0628
435.875	0.0644
435.75	0.0644
435.625	0.0644
435.5	0.0644
435.375	0.066
435.25	0.066
435.125	0.066
435.0	0.066
434.875	0.066
434.75	0.0683
434.625	0.0691
434.5	0.0691
434.375	0.0707
434.25	0.0707
434.125	0.0715
434.0	0.0754
433.875	0.0754
433.75	0.0762
433.625	0.0794
433.5	0.0801
433.375	0.0817
433.25	0.0849
433.125	0.0864
433.0	0.0888
432.875	0.0927
432.75	0.0935
432.625	0.0943
432.5	0.0966
432.375	0.099
432.25	0.0998
432.125	0.1006
432.0	0.1014
431.875	0.1037
431.75	0.1022
431.625	0.1037
431.5	0.1029
431.375	0.1045
431.25	0.1053
431.125	0.1037
431.0	0.1037
430.875	0.1029
430.75	0.1037
430.625	0.1029
430.5	0.1037
430.375	0.1022
430.25	0.1014
430.125	0.1022
430.0	0.099
429.875	0.099
429.75	0.0974
429.625	0.0974
429.5	0.099
429.375	0.0974
429.25	0.0966
429.125	0.0943
429.0	0.0943
428.875	0.0943
428.75	0.0943
428.625	0.0943
428.5	0.0943
428.375	0.0935
428.25	0.0919
428.125	0.0896
428.0	0.0896
427.875	0.0888
427.75	0.0872
427.625	0.0864
427.5	0.0849
427.375	0.0849
427.25	0.0809
427.125	0.0794
427.0	0.0794
426.875	0.0762
426.75	0.077
426.625	0.0746
426.5	0.0731
426.375	0.0707
426.25	0.0707
426.125	0.0699
426.0	0.0676
425.875	0.0683
425.75	0.0676
425.625	0.066
425.5	0.066
425.375	0.066
425.25	0.0636
425.125	0.0636
425.0	0.0613
424.875	0.0613
424.75	0.0613
424.625	0.0628
424.5	0.0613
424.375	0.0613
424.25	0.0613
424.125	0.0613
424.0	0.0628
423.875	0.0613
423.75	0.0613
423.625	0.0621
423.5	0.0636
423.375	0.0644
423.25	0.0613
423.125	0.0644
423.0	0.0621
422.875	0.0636
422.75	0.0636
422.625	0.0644
422.5	0.066
422.375	0.0652
422.25	0.066
422.125	0.066
422.0	0.066
421.875	0.0676
421.75	0.0668
421.625	0.0683
421.5	0.0699
421.375	0.0707
421.25	0.0707
421.125	0.0707
421.0	0.0738
420.875	0.0754
420.75	0.0754
420.625	0.0762
420.5	0.0801
420.375	0.0801
420.25	0.0801
420.125	0.0841
420.0	0.0833
419.875	0.0856
419.75	0.0849
419.625	0.088
419.5	0.0872
419.375	0.0888
419.25	0.0896
419.125	0.0911
419.0	0.0896
418.875	0.0919
418.75	0.0943
418.625	0.0943
418.5	0.0943
418.375	0.099
418.25	0.1037
418.125	0.1116
418.0	0.1179
417.875	0.1265
417.75	0.1367
417.625	0.1525
417.5	0.1666
417.375	0.1863
417.25	0.2051
417.125	0.2256
417.0	0.246
416.875	0.2696
416.75	0.2877
416.625	0.3073
416.5	0.3254
416.375	0.3411
416.25	0.3577
416.125	0.3718
416.0	0.3805
415.875	0.3915
415.75	0.3962
415.625	0.4001
415.5	0.4001
415.375	0.3993
415.25	0.3962
415.125	0.3922
415.0	0.3891
414.875	0.3836
414.75	0.3797
414.625	0.3718
414.5	0.3679
414.375	0.3632
414.25	0.3537
414.125	0.349
414.0	0.3419
413.875	0.338
413.75	0.3317
413.625	0.3254
413.5	0.3207
413.375	0.316
413.25	0.3113
413.125	0.3073
413.0	0.3026
412.875	0.3011
412.75	0.2963
412.625	0.2924
412.5	0.2877
412.375	0.2845
412.25	0.2814
412.125	0.2735
412.0	0.268
411.875	0.2594
411.75	0.2507
411.625	0.2397
411.5	0.2319
411.375	0.2193
411.25	0.2059
411.125	0.1933
411.0	0.18
410.875	0.1674
410.75	0.1556
410.625	0.1446
410.5	0.1336
410.375	0.1234
410.25	0.1139
410.125	0.1045
410.0	0.0982
409.875	0.0919
409.75	0.0856
409.625	0.0849
409.5	0.0801
409.375	0.0754
409.25	0.0731
409.125	0.0707
409.0	0.0707
408.875	0.0691
408.75	0.0652
408.625	0.066
408.5	0.0628
408.375	0.0613
408.25	0.0628
408.125	0.0613
408.0	0.0613
407.875	0.0613
407.75	0.0613
407.625	0.0613
407.5	0.0613
407.375	0.0613
407.25	0.0613
407.125	0.0597
407.0	0.0605
406.875	0.0589
406.75	0.0613
406.625	0.0597
406.5	0.0613
406.375	0.0589
406.25	0.0613
406.125	0.0613
406.0	0.0621
405.875	0.0613
405.75	0.0621
405.625	0.0613
405.5	0.0621
405.375	0.0621
405.25	0.0621
405.125	0.0621
405.0	0.0621
404.875	0.066
404.75	0.066
404.625	0.0644
404.5	0.066
404.375	0.066
404.25	0.0652
404.125	0.066
404.0	0.0668
403.875	0.0691
403.75	0.0707
403.625	0.0707
403.5	0.0707
403.375	0.0707
403.25	0.0707
403.125	0.0731
403.0	0.0731
402.875	0.0754
402.75	0.0754
402.625	0.0754
402.5	0.0754
402.375	0.0762
402.25	0.077
402.125	0.0762
402.0	0.077
401.875	0.0801
401.75	0.0794
401.625	0.0801
401.5	0.0801
401.375	0.0801
401.25	0.0817
401.125	0.0833
401.0	0.0841
400.875	0.0849
400.75	0.0825
400.625	0.0849
400.5	0.0849
400.375	0.0849
400.25	0.0864
400.125	0.0864
400.0	0.0856
399.875	0.0864
399.75	0.088
399.625	0.0872
399.5	0.088
399.375	0.0864
399.25	0.088
399.125	0.088
399.0	0.0864
398.875	0.0856
398.75	0.0864
398.625	0.0849
398.5	0.0856
398.375	0.0849
398.25	0.0849
398.125	0.0849
398.0	0.0849
397.875	0.0849
397.75	0.0825
397.625	0.0817
397.5	0.0801
397.375	0.0801
397.25	0.0801
397.125	0.0794
397.0	0.0762
396.875	0.0778
396.75	0.0754
396.625	0.0754
396.5	0.0754
396.375	0.0754
396.25	0.0754
396.125	0.0738
396.0	0.0746
395.875	0.0754
395.75	0.0746
395.625	0.0754
395.5	0.0754
395.375	0.0754
395.25	0.0754
395.125	0.077
395.0	0.0801
394.875	0.0801
394.75	0.0801
394.625	0.0849
394.5	0.0856
394.375	0.088
394.25	0.0911
394.125	0.0943
394.0	0.0974
393.875	0.1014
393.75	0.1061
393.625	0.1116
393.5	0.1179
393.375	0.1218
393.25	0.1273
393.125	0.1328
393.0	0.1367
392.875	0.1422
392.75	0.1462
392.625	0.1501
392.5	0.1517
392.375	0.1556
392.25	0.1595
392.125	0.1603
392.0	0.1611
391.875	0.1603
391.75	0.1627
391.625	0.1635
391.5	0.1611
391.375	0.1627
391.25	0.1603
391.125	0.1603
391.0	0.1603
390.875	0.158
390.75	0.158
390.625	0.1556
390.5	0.1556
390.375	0.1548
390.25	0.1533
390.125	0.1517
390.0	0.1509
389.875	0.1517
389.75	0.1501
389.625	0.1477
389.5	0.147
389.375	0.1462
389.25	0.1462
389.125	0.1422
389.0	0.1438
388.875	0.1422
388.75	0.1407
388.625	0.1383
388.5	0.1375
388.375	0.1367
388.25	0.1352
388.125	0.132
388.0	0.1312
387.875	0.1281
387.75	0.1273
387.625	0.1226
387.5	0.1218
387.375	0.1179
387.25	0.1155
387.125	0.1124
387.0	0.1084
386.875	0.1037
386.75	0.1037
386.625	0.099
386.5	0.0966
386.375	0.0951
386.25	0.0927
386.125	0.0911
386.0	0.0896
385.875	0.0896
385.75	0.0896
385.625	0.0864
385.5	0.0849
385.375	0.0856
385.25	0.0849
385.125	0.0841
385.0	0.0841
384.875	0.0801
384.75	0.0809
384.625	0.0794
384.5	0.0801
384.375	0.0786
384.25	0.0786
384.125	0.0786
384.0	0.0778
383.875	0.077
383.75	0.0754
383.625	0.0754
383.5	0.0754
383.375	0.0754
383.25	0.0731
383.125	0.0715
383.0	0.0715
382.875	0.0707
382.75	0.0707
382.625	0.0707
382.5	0.0676
382.375	0.0691
382.25	0.066
382.125	0.066
382.0	0.0668
381.875	0.066
381.75	0.066
381.625	0.066
381.5	0.066
381.375	0.066
381.25	0.066
381.125	0.066
381.0	0.066
380.875	0.066
380.75	0.066
380.625	0.0676
380.5	0.0691
380.375	0.0691
380.25	0.0707
380.125	0.0707
380.0	0.0707
379.875	0.0746
379.75	0.0731
379.625	0.0754
379.5	0.0754
379.375	0.0754
379.25	0.0801
379.125	0.0801
379.0	0.0801
378.875	0.0801
378.75	0.0801
378.625	0.0801
378.5	0.0809
378.375	0.0801
378.25	0.0833
378.125	0.0841
378.0	0.0849
377.875	0.0849
377.75	0.0849
377.625	0.0849
377.5	0.0841
377.375	0.0849
377.25	0.0849
377.125	0.0849
377.0	0.0849
376.875	0.0849
376.75	0.0849
376.625	0.0856
376.5	0.0849
376.375	0.0864
376.25	0.0856
376.125	0.0872
376.0	0.0864
375.875	0.0864
375.75	0.0849
375.625	0.0856
375.5	0.088
375.375	0.0856
375.25	0.0856
375.125	0.0864
375.0	0.0864
374.875	0.0864
374.75	0.0856
374.625	0.0849
374.5	0.0849
374.375	0.0856
374.25	0.0841
374.125	0.0849
374.0	0.0849
373.875	0.0833
373.75	0.0825
373.625	0.0801
373.5	0.0801
373.375	0.0801
373.25	0.0809
373.125	0.0801
373.0	0.0801
372.875	0.0801
372.75	0.0794
372.625	0.0801
372.5	0.0794
372.375	0.0786
372.25	0.0801
372.125	0.0801
372.0	0.0786
371.875	0.0794
371.75	0.0794
371.625	0.0801
371.5	0.0794
371.375	0.0794
371.25	0.0794
371.125	0.0801
371.0	0.077
370.875	0.0786
370.75	0.0778
370.625	0.0754
370.5	0.0754
370.375	0.0754
370.25	0.0754
370.125	0.0746
370.0	0.0746
369.875	0.0754
369.75	0.0746
369.625	0.0754
369.5	0.0723
369.375	0.0723
369.25	0.0715
369.125	0.0707
369.0	0.0715
368.875	0.0707
368.75	0.0707
368.625	0.0699
368.5	0.0699
368.375	0.0691
368.25	0.0668
368.125	0.0676
368.0	0.066
367.875	0.066
367.75	0.066
367.625	0.066
367.5	0.0652
367.375	0.066
367.25	0.066
367.125	0.066
367.0	0.066
366.875	0.0636
366.75	0.0644
366.625	0.0636
366.5	0.0613
366.375	0.0628
366.25	0.0644
366.125	0.0613
366.0	0.0621
365.875	0.0621
365.75	0.0621
365.625	0.0613
365.5	0.0613
365.375	0.0613
365.25	0.0613
365.125	0.0613
365.0	0.0628
364.875	0.0613
364.75	0.0621
364.625	0.0636
364.5	0.0636
364.375	0.0644
364.25	0.0644
364.125	0.0644
364.0	0.066
363.875	0.0652
363.75	0.066
363.625	0.066
363.5	0.066
363.375	0.0668
363.25	0.066
363.125	0.066
363.0	0.066
362.875	0.066
362.75	0.0668
362.625	0.0668
362.5	0.066
362.375	0.0668
362.25	0.0668
362.125	0.0668
362.0	0.0668
361.875	0.066
361.75	0.066
361.625	0.0676
361.5	0.066
361.375	0.066
361.25	0.066
361.125	0.066
361.0	0.066
360.875	0.066
360.75	0.0636
360.625	0.066
360.5	0.0636
360.375	0.0652
360.25	0.0652
360.125	0.0628
360.0	0.0621
359.875	0.0621
359.75	0.0613
359.625	0.0613
359.5	0.0613
359.375	0.0613
359.25	0.0597
359.125	0.0597
359.0	0.0589
358.875	0.0573
358.75	0.0573
358.625	0.0566
358.5	0.0589
358.375	0.0542
358.25	0.0566
358.125	0.0542
358.0	0.055
357.875	0.0542
357.75	0.0518
357.625	0.0518
357.5	0.0526
357.375	0.0518
357.25	0.0518
357.125	0.0518
357.0	0.0518
356.875	0.0511
356.75	0.0511
356.625	0.0518
356.5	0.0511
356.375	0.0518
356.25	0.0511
356.125	0.0503
356.0	0.0503
355.875	0.0503
355.75	0.0495
355.625	0.0495
355.5	0.0503
355.375	0.0518
355.25	0.0503
355.125	0.0518
355.0	0.0503
354.875	0.0495
354.75	0.0511
354.625	0.0518
354.5	0.0511
354.375	0.0526
354.25	0.0518
354.125	0.0518
354.0	0.0518
353.875	0.0518
353.75	0.0518
353.625	0.0542
353.5	0.0542
353.375	0.055
353.25	0.0542
353.125	0.055
353.0	0.055
352.875	0.0566
352.75	0.0573
352.625	0.0566
352.5	0.0566
352.375	0.0589
352.25	0.0605
352.125	0.0613
352.0	0.0613
351.875	0.0613
351.75	0.0628
351.625	0.0636
351.5	0.0613
351.375	0.066
351.25	0.066
351.125	0.066
351.0	0.0652
350.875	0.066
350.75	0.066
350.625	0.0668
350.5	0.066
350.375	0.066
350.25	0.0676
350.125	0.066
350.0	0.066
349.875	0.066
349.75	0.066
349.625	0.0652
349.5	0.066
349.375	0.066
349.25	0.0636
349.125	0.0644
349.0	0.0636
348.875	0.0644
348.75	0.0621
348.625	0.0628
348.5	0.0636
348.375	0.0621
348.25	0.0613
348.125	0.0613
348.0	0.0589
347.875	0.0589
347.75	0.0589
347.625	0.0566
347.5	0.0566
347.375	0.0566
347.25	0.0566
347.125	0.0558
347.0	0.0558
346.875	0.0558
346.75	0.0542
346.625	0.0534
346.5	0.0518
346.375	0.0526
346.25	0.0511
346.125	0.0518
346.0	0.0511
345.875	0.0495
345.75	0.0495
345.625	0.0463
345.5	0.0471
345.375	0.0471
345.25	0.0471
345.125	0.0471
345.0	0.0471
344.875	0.0471
344.75	0.0471
344.625	0.0471
344.5	0.0471
344.375	0.0471
344.25	0.0463
344.125	0.0471
344.0	0.0463
343.875	0.0471
343.75	0.0471
343.625	0.0455
343.5	0.0463
343.375	0.0471
343.25	0.0471
343.125	0.0471
343.0	0.0471
342.875	0.0479
342.75	0.0471
342.625	0.0471
342.5	0.0471
342.375	0.0471
342.25	0.0471
342.125	0.0471
342.0	0.0471
341.875	0.0471
341.75	0.0479
341.625	0.0471
341.5	0.0471
341.375	0.0479
341.25	0.0471
341.125	0.0471
341.0	0.0479
340.875	0.0471
340.75	0.0471
340.625	0.0471
340.5	0.0471
340.375	0.0471
340.25	0.0463
340.125	0.0463
340.0	0.0455
339.875	0.0471
339.75	0.0455
339.625	0.0455
339.5	0.0448
339.375	0.0455
339.25	0.0463
339.125	0.0448
339.0	0.0448
338.875	0.0432
338.75	0.0424
338.625	0.0424
338.5	0.0416
338.375	0.0424
338.25	0.0424
338.125	0.0424
338.0	0.0424
337.875	0.0416
337.75	0.0424
337.625	0.0424
337.5	0.0416
337.375	0.0408
337.25	0.0408
337.125	0.0424
337.0	0.0416
336.875	0.0424
336.75	0.0424
336.625	0.04
336.5	0.0385
336.375	0.0416
336.25	0.0393
336.125	0.04
336.0	0.0377
335.875	0.0408
335.75	0.0393
335.625	0.0385
335.5	0.04
335.375	0.04
335.25	0.0385
335.125	0.0393
335.0	0.0377
334.875	0.0393
334.75	0.0385
334.625	0.0385
334.5	0.04
334.375	0.04
334.25	0.0385
334.125	0.04
334.0	0.0408
333.875	0.0377
333.75	0.0408
333.625	0.0408
333.5	0.0393
333.375	0.0416
333.25	0.0385
333.125	0.0385
333.0	0.0416
332.875	0.0408
332.75	0.0424
332.625	0.0424
332.5	0.0424
332.375	0.0432
332.25	0.0424
332.125	0.0432
332.0	0.0463
331.875	0.0455
331.75	0.0471
331.625	0.0463
331.5	0.0471
331.375	0.0479
331.25	0.0487
331.125	0.0495
331.0	0.0495
330.875	0.0495
330.75	0.0518
330.625	0.0503
330.5	0.0518
330.375	0.0518
330.25	0.0518
330.125	0.0511
330.0	0.0511
329.875	0.0511
329.75	0.0511
329.625	0.0518
329.5	0.0518
329.375	0.0487
329.25	0.0495
329.125	0.0503
329.0	0.0471
328.875	0.0471
328.75	0.0471
328.625	0.0471
328.5	0.0495
328.375	0.0471
328.25	0.0471
328.125	0.0471
328.0	0.0463
327.875	0.0463
327.75	0.044
327.625	0.0424
327.5	0.0432
327.375	0.0424
327.25	0.0424
327.125	0.0424
327.0	0.0424
326.875	0.0432
326.75	0.0416
326.625	0.0416
326.5	0.0424
326.375	0.0408
326.25	0.0408
326.125	0.0393
326.0	0.0385
325.875	0.0393
325.75	0.0377
325.625	0.0377
325.5	0.0377
325.375	0.0377
325.25	0.0377
325.125	0.0369
325.0	0.0369
324.875	0.0377
324.75	0.0353
324.625	0.0353
324.5	0.0377
324.375	0.0361
324.25	0.0353
324.125	0.0345
324.0	0.0361
323.875	0.0353
323.75	0.0369
323.625	0.0338
323.5	0.0338
323.375	0.0377
323.25	0.0345
323.125	0.0345
323.0	0.0361
322.875	0.033
322.75	0.0345
322.625	0.0377
322.5	0.0353
322.375	0.0345
322.25	0.033
322.125	0.0338
322.0	0.0361
321.875	0.033
321.75	0.033
321.625	0.0353
321.5	0.033
321.375	0.0353
321.25	0.0338
321.125	0.033
321.0	0.033
320.875	0.033
320.75	0.033
320.625	0.0322
320.5	0.033
320.375	0.033
320.25	0.033
320.125	0.033
320.0	0.033
319.875	0.033
319.75	0.0322
319.625	0.0322
319.5	0.033
319.375	0.033
319.25	0.0314
319.125	0.0322
319.0	0.0298
318.875	0.033
318.75	0.029
318.625	0.0314
318.5	0.0298
318.375	0.0298
318.25	0.0283
318.125	0.0283
318.0	0.029
317.875	0.0283
317.75	0.0283
317.625	0.0283
317.5	0.0283
317.375	0.0275
317.25	0.0283
317.125	0.0283
317.0	0.0283
316.875	0.0275
316.75	0.0275
316.625	0.0275
316.5	0.0275
316.375	0.0259
316.25	0.0267
316.125	0.0243
316.0	0.0259
315.875	0.0243
315.75	0.0243
315.625	0.0251
315.5	0.0243
315.375	0.0243
315.25	0.0235
315.125	0.0235
315.0	0.0235
314.875	0.0243
314.75	0.0259
314.625	0.0243
314.5	0.0251
314.375	0.0283
314.25	0.0275
314.125	0.0283
314.0	0.0283
313.875	0.0283
313.75	0.029
313.625	0.029
313.5	0.033
313.375	0.033
313.25	0.033
313.125	0.0377
313.0	0.0377
312.875	0.0385
312.75	0.04
312.625	0.0424
312.5	0.0416
312.375	0.0424
312.25	0.0424
312.125	0.0424
312.0	0.0471
311.875	0.0448
311.75	0.0471
311.625	0.0455
311.5	0.0471
311.375	0.0471
311.25	0.0471
311.125	0.0471
311.0	0.0471
310.875	0.0463
310.75	0.0455
310.625	0.0463
310.5	0.0463
310.375	0.0448
310.25	0.0455
310.125	0.0455
310.0	0.0448
309.875	0.044
309.75	0.044
309.625	0.044
309.5	0.0432
309.375	0.0424
309.25	0.0424
309.125	0.0424
309.0	0.0424
308.875	0.0424
308.75	0.0424
308.625	0.0424
308.5	0.0424
308.375	0.0424
308.25	0.0424
308.125	0.0424
308.0	0.0424
307.875	0.0424
307.75	0.0416
307.625	0.0424
307.5	0.0408
307.375	0.04
307.25	0.0408
307.125	0.0393
307.0	0.0408
306.875	0.0377
306.75	0.0377
306.625	0.0377
306.5	0.0377
306.375	0.0393
306.25	0.0369
306.125	0.0377
306.0	0.0377
305.875	0.0353
305.75	0.0377
305.625	0.0377
305.5	0.0369
305.375	0.0385
305.25	0.0345
305.125	0.0369
305.0	0.0377
304.875	0.0345
304.75	0.0353
304.625	0.0361
304.5	0.0361
304.375	0.0353
304.25	0.0377
304.125	0.0377
304.0	0.0369
303.875	0.0377
303.75	0.0369
303.625	0.0377
303.5	0.0377
303.375	0.0377
303.25	0.0377
303.125	0.0385
303.0	0.0377
302.875	0.0393
302.75	0.0385
302.625	0.0385
302.5	0.04
302.375	0.0385
302.25	0.0408
302.125	0.0408
302.0	0.04
301.875	0.0424
301.75	0.0408
301.625	0.0416
301.5	0.0424
301.375	0.0432
301.25	0.0424
301.125	0.044
301.0	0.0424
300.875	0.0432
300.75	0.0424
300.625	0.0432
300.5	0.0471
300.375	0.0448
300.25	0.0463
300.125	0.0471
