898.0	0.2264
897.875	0.2264
897.75	0.2264
897.625	0.2279
897.5	0.2264
897.375	0.2272
897.25	0.2264
897.125	0.2264
897.0	0.2264
896.875	0.2272
896.75	0.2272
896.625	0.2264
896.5	0.2264
896.375	0.2287
896.25	0.2272
896.125	0.2264
896.0	0.2264
895.875	0.2264
895.75	0.2264
895.625	0.2264
895.5	0.2264
895.375	0.2264
895.25	0.2272
895.125	0.2264
895.0	0.2272
894.875	0.2264
894.75	0.2264
894.625	0.2279
894.5	0.2264
894.375	0.2264
894.25	0.2264
894.125	0.2264
894.0	0.2264
893.875	0.2256
893.75	0.2295
893.625	0.2264
893.5	0.2264
893.375	0.2264
893.25	0.2272
893.125	0.2264
893.0	0.2264
892.875	0.2279
892.75	0.2264
892.625	0.2279
892.5	0.2287
892.375	0.2287
892.25	0.2287
892.125	0.2295
892.0	0.2279
891.875	0.2279
891.75	0.2303
891.625	0.2295
891.5	0.2303
891.375	0.2311
891.25	0.2311
891.125	0.2303
891.0	0.2311
890.875	0.2311
890.75	0.2311
890.625	0.2311
890.5	0.2342
890.375	0.2366
890.25	0.235
890.125	0.235
890.0	0.235
889.875	0.235
889.75	0.2358
889.625	0.2358
889.5	0.2358
889.375	0.2366
889.25	0.235
889.125	0.2374
889.0	0.2358
888.875	0.2358
888.75	0.2358
888.625	0.2358
888.5	0.2358
888.375	0.235
888.25	0.2358
888.125	0.2358
888.0	0.2358
887.875	0.2358
887.75	0.2366
887.625	0.2358
887.5	0.2358
887.375	0.2358
887.25	0.2358
887.125	0.2358
887.0	0.235
886.875	0.2366
886.75	0.2358
886.625	0.2366
886.5	0.2366
886.375	0.2358
886.25	0.2358
886.125	0.2374
886.0	0.2374
885.875	0.2358
885.75	0.2358
885.625	0.2358
885.5	0.2374
885.375	0.2366
885.25	0.2366
885.125	0.2374
885.0	0.2382
884.875	0.2366
884.75	0.2366
884.625	0.2366
884.5	0.2358
884.375	0.2374
884.25	0.2358
884.125	0.2374
884.0	0.2374
883.875	0.2374
883.75	0.2374
883.625	0.2382
883.5	0.2382
883.375	0.2366
883.25	0.2358
883.125	0.2358
883.0	0.2374
882.875	0.2374
882.75	0.2358
882.625	0.2382
882.5	0.2358
882.375	0.2389
882.25	0.2358
882.125	0.2374
882.0	0.2358
881.875	0.2389
881.75	0.2374
881.625	0.2374
881.5	0.2358
881.375	0.2397
881.25	0.2366
881.125	0.2358
881.0	0.2397
880.875	0.2374
880.75	0.2366
880.625	0.2358
880.5	0.2358
880.375	0.2366
880.25	0.2366
880.125	0.2358
880.0	0.2342
879.875	0.235
879.75	0.2358
879.625	0.2358
879.5	0.2358
879.375	0.235
879.25	0.235
879.125	0.2358
879.0	0.2327
878.875	0.2311
878.75	0.2327
878.625	0.2319
878.5	0.2334
878.375	0.2358
878.25	0.2358
878.125	0.2334
878.0	0.2358
877.875	0.2358
877.75	0.2358
877.625	0.2342
877.5	0.2358
877.375	0.2358
877.25	0.2358
877.125	0.2358
877.0	0.2358
876.875	0.2358
876.75	0.2374
876.625	0.2358
876.5	0.2358
876.375	0.2358
876.25	0.2374
876.125	0.2358
876.0	0.2358
875.875	0.2374
875.75	0.2374
875.625	0.2382
875.5	0.2366
875.375	0.2374
875.25	0.2389
875.125	0.2389
875.0	0.2389
874.875	0.2405
874.75	0.2405
874.625	0.2405
874.5	0.2397
874.375	0.2397
874.25	0.2389
874.125	0.2397
874.0	0.2397
873.875	0.2389
873.75	0.2405
873.625	0.2405
873.5	0.2389
873.375	0.2389
873.25	0.2405
873.125	0.2397
873.0	0.2405
872.875	0.2405
872.75	0.2397
872.625	0.2397
872.5	0.2405
872.375	0.2405
872.25	0.2405
872.125	0.2405
872.0	0.2405
871.875	0.2397
871.75	0.2405
871.625	0.2389
871.5	0.2382
871.375	0.2405
871.25	0.2405
871.125	0.2397
871.0	0.2405
870.875	0.2405
870.75	0.2397
870.625	0.2405
870.5	0.2405
870.375	0.2405
870.25	0.2389
870.125	0.2397
870.0	0.2405
869.875	0.2405
869.75	0.2405
869.625	0.2405
869.5	0.2405
869.375	0.2405
869.25	0.2389
869.125	0.2405
869.0	0.2405
868.875	0.2397
868.75	0.2405
868.625	0.2397
868.5	0.2397
868.375	0.2397
868.25	0.2405
868.125	0.2397
868.0	0.2397
867.875	0.2397
867.75	0.2397
867.625	0.2397
867.5	0.2405
867.375	0.2405
867.25	0.2382
867.125	0.2382
867.0	0.2389
866.875	0.2389
866.75	0.2389
866.625	0.2405
866.5	0.2389
866.375	0.2397
866.25	0.2382
866.125	0.2405
866.0	0.2358
865.875	0.2405
865.75	0.2382
865.625	0.2405
865.5	0.2397
865.375	0.2397
865.25	0.2405
865.125	0.2397
865.0	0.2389
864.875	0.2389
864.75	0.2397
864.625	0.2366
864.5	0.2397
864.375	0.2405
864.25	0.2382
864.125	0.2397
864.0	0.2374
863.875	0.2397
863.75	0.2389
863.625	0.2382
863.5	0.2382
863.375	0.2374
863.25	0.2389
863.125	0.2374
863.0	0.2366
862.875	0.2358
862.75	0.2382
862.625	0.2358
862.5	0.2358
862.375	0.2358
862.25	0.2366
862.125	0.2342
862.0	0.2358
861.875	0.2358
861.75	0.2358
861.625	0.2358
861.5	0.2358
861.375	0.2342
861.25	0.2358
861.125	0.2358
861.0	0.2358
860.875	0.2358
860.75	0.235
860.625	0.2358
860.5	0.235
860.375	0.235
860.25	0.2358
860.125	0.2327
860.0	0.235
859.875	0.235
859.75	0.2358
859.625	0.2334
859.5	0.2358
859.375	0.2334
859.25	0.2319
859.125	0.2319
859.0	0.2334
858.875	0.2334
858.75	0.2334
858.625	0.2327
858.5	0.2319
858.375	0.2319
858.25	0.2334
858.125	0.2334
858.0	0.2327
857.875	0.2342
857.75	0.2334
857.625	0.2327
857.5	0.2334
857.375	0.2342
857.25	0.2342
857.125	0.235
857.0	0.235
856.875	0.235
856.75	0.235
856.625	0.2342
856.5	0.2358
856.375	0.2358
856.25	0.2334
856.125	0.2358
856.0	0.2358
855.875	0.2358
855.75	0.2358
855.625	0.2358
855.5	0.2358
855.375	0.2358
855.25	0.2358
855.125	0.2358
855.0	0.2358
854.875	0.2358
854.75	0.2358
854.625	0.2342
854.5	0.235
854.375	0.2358
854.25	0.2358
854.125	0.2358
854.0	0.2358
853.875	0.2358
853.75	0.2358
853.625	0.2366
853.5	0.2382
853.375	0.2374
853.25	0.2382
853.125	0.2382
853.0	0.2405
852.875	0.2389
852.75	0.2397
852.625	0.2382
852.5	0.2405
852.375	0.2389
852.25	0.2397
852.125	0.2389
852.0	0.2389
851.875	0.2389
851.75	0.2405
851.625	0.2397
851.5	0.2382
851.375	0.2374
851.25	0.2382
851.125	0.2389
851.0	0.2405
850.875	0.2397
850.75	0.2389
850.625	0.2405
850.5	0.2397
850.375	0.2397
850.25	0.2405
850.125	0.2405
850.0	0.2389
849.875	0.2405
849.75	0.2389
849.625	0.2382
849.5	0.2397
849.375	0.2374
849.25	0.2397
849.125	0.2405
849.0	0.2397
848.875	0.2397
848.75	0.2382
848.625	0.2405
848.5	0.2389
848.375	0.2405
848.25	0.2397
848.125	0.2389
848.0	0.2374
847.875	0.2397
847.75	0.2366
847.625	0.2382
847.5	0.2397
847.375	0.2382
847.25	0.2397
847.125	0.2382
847.0	0.2382
846.875	0.2374
846.75	0.2397
846.625	0.2366
846.5	0.2382
846.375	0.2389
846.25	0.2382
846.125	0.2397
846.0	0.2382
845.875	0.2389
845.75	0.2405
845.625	0.2405
845.5	0.2405
845.375	0.2429
845.25	0.2452
845.125	0.2484
845.0	0.2523
844.875	0.2547
844.75	0.2547
844.625	0.257
844.5	0.257
844.375	0.2547
844.25	0.2547
844.125	0.2547
844.0	0.2539
843.875	0.2523
843.75	0.25
843.625	0.2492
843.5	0.2452
843.375	0.2452
843.25	0.2413
843.125	0.2405
843.0	0.2389
842.875	0.2366
842.75	0.2382
842.625	0.2374
842.5	0.2405
842.375	0.2374
842.25	0.2389
842.125	0.2366
842.0	0.2382
841.875	0.2374
841.75	0.2382
841.625	0.2397
841.5	0.2389
841.375	0.2397
841.25	0.2374
841.125	0.2389
841.0	0.2397
840.875	0.2397
840.75	0.2382
840.625	0.2358
840.5	0.2366
840.375	0.2366
840.25	0.2389
840.125	0.2358
840.0	0.2374
839.875	0.2374
839.75	0.2358
839.625	0.2374
839.5	0.2358
839.375	0.2358
839.25	0.2358
839.125	0.2358
839.0	0.2358
838.875	0.2358
838.75	0.235
838.625	0.2358
838.5	0.235
838.375	0.2358
838.25	0.2358
838.125	0.2358
838.0	0.2358
837.875	0.2342
837.75	0.2358
837.625	0.2358
837.5	0.2342
837.375	0.2358
837.25	0.2358
837.125	0.235
837.0	0.2358
836.875	0.2358
836.75	0.235
836.625	0.2358
836.5	0.2358
836.375	0.2358
836.25	0.2358
836.125	0.2358
836.0	0.2358
835.875	0.235
835.75	0.2358
835.625	0.2358
835.5	0.2358
835.375	0.2358
835.25	0.2358
835.125	0.2366
835.0	0.2366
834.875	0.2366
834.75	0.2366
834.625	0.2358
834.5	0.2358
834.375	0.2366
834.25	0.2358
834.125	0.2366
834.0	0.2358
833.875	0.2358
833.75	0.2358
833.625	0.2358
833.5	0.2358
833.375	0.2358
833.25	0.2358
833.125	0.2366
833.0	0.2366
832.875	0.2382
832.75	0.2366
832.625	0.2358
832.5	0.2366
832.375	0.2358
832.25	0.2374
832.125	0.2382
832.0	0.2382
831.875	0.2382
831.75	0.2374
831.625	0.2382
831.5	0.2374
831.375	0.2389
831.25	0.2382
831.125	0.2374
831.0	0.2382
830.875	0.2389
830.75	0.2389
830.625	0.2374
830.5	0.2374
830.375	0.2397
830.25	0.2382
830.125	0.2382
830.0	0.2366
829.875	0.2382
829.75	0.2374
829.625	0.2358
829.5	0.2382
829.375	0.2382
829.25	0.2366
829.125	0.2397
829.0	0.2374
828.875	0.2382
828.75	0.2397
828.625	0.2374
828.5	0.2366
828.375	0.2389
828.25	0.2389
828.125	0.2382
828.0	0.2389
827.875	0.2374
827.75	0.2382
827.625	0.2382
827.5	0.2358
827.375	0.2358
827.25	0.2374
827.125	0.2374
827.0	0.2366
826.875	0.2374
826.75	0.2374
826.625	0.2382
826.5	0.2358
826.375	0.2382
826.25	0.2389
826.125	0.2358
826.0	0.2382
825.875	0.2405
825.75	0.2366
825.625	0.2382
825.5	0.2358
825.375	0.2374
825.25	0.2389
825.125	0.2389
825.0	0.2358
824.875	0.2374
824.75	0.2382
824.625	0.2366
824.5	0.2382
824.375	0.2397
824.25	0.2374
824.125	0.2389
824.0	0.2382
823.875	0.2397
823.75	0.2366
823.625	0.2397
823.5	0.2374
823.375	0.2358
823.25	0.2374
823.125	0.2358
823.0	0.2382
822.875	0.2397
822.75	0.2374
822.625	0.2366
822.5	0.2358
822.375	0.2405
822.25	0.2366
822.125	0.2366
822.0	0.2405
821.875	0.2397
821.75	0.2382
821.625	0.2374
821.5	0.2389
821.375	0.2374
821.25	0.2374
821.125	0.2389
821.0	0.2382
820.875	0.2366
820.75	0.2389
820.625	0.2382
820.5	0.2397
820.375	0.2382
820.25	0.2382
820.125	0.2374
820.0	0.2374
819.875	0.2374
819.75	0.2382
819.625	0.2382
819.5	0.2389
819.375	0.2374
819.25	0.2389
819.125	0.2366
819.0	0.2358
818.875	0.2366
818.75	0.2358
818.625	0.2358
818.5	0.2366
818.375	0.2374
818.25	0.2397
818.125	0.2397
818.0	0.2382
817.875	0.2366
817.75	0.2358
817.625	0.2397
817.5	0.2382
817.375	0.2366
817.25	0.2382
817.125	0.2382
817.0	0.2374
816.875	0.2389
816.75	0.2382
816.625	0.2374
816.5	0.2405
816.375	0.2389
816.25	0.2382
816.125	0.2382
816.0	0.2374
815.875	0.2382
815.75	0.2358
815.625	0.2382
815.5	0.2374
815.375	0.2366
815.25	0.2397
815.125	0.2374
815.0	0.2374
814.875	0.2382
814.75	0.2366
814.625	0.2366
814.5	0.2397
814.375	0.2405
814.25	0.2366
814.125	0.2397
814.0	0.2382
813.875	0.2366
813.75	0.2397
813.625	0.2397
813.5	0.2382
813.375	0.2397
813.25	0.2374
813.125	0.2382
813.0	0.2389
812.875	0.2366
812.75	0.2397
812.625	0.2389
812.5	0.2397
812.375	0.2374
812.25	0.2389
812.125	0.2397
812.0	0.2397
811.875	0.2374
811.75	0.2374
811.625	0.2389
811.5	0.2382
811.375	0.2389
811.25	0.2382
811.125	0.2382
811.0	0.2389
810.875	0.2397
810.75	0.2405
810.625	0.2389
810.5	0.2374
810.375	0.2366
810.25	0.2374
810.125	0.2389
810.0	0.2397
809.875	0.2366
809.75	0.2397
809.625	0.2389
809.5	0.2389
809.375	0.2397
809.25	0.2389
809.125	0.2397
809.0	0.2382
808.875	0.2397
808.75	0.2397
808.625	0.2374
808.5	0.2397
808.375	0.2389
808.25	0.2389
808.125	0.2397
808.0	0.2389
807.875	0.2374
807.75	0.2374
807.625	0.2374
807.5	0.2405
807.375	0.2374
807.25	0.2397
807.125	0.2382
807.0	0.2366
806.875	0.2374
806.75	0.2358
806.625	0.2374
806.5	0.2374
806.375	0.2397
806.25	0.2389
806.125	0.2397
806.0	0.2405
805.875	0.2389
805.75	0.2389
805.625	0.2405
805.5	0.2397
805.375	0.2405
805.25	0.2374
805.125	0.2405
805.0	0.2382
804.875	0.2405
804.75	0.2389
804.625	0.2382
804.5	0.2389
804.375	0.2382
804.25	0.2382
804.125	0.2374
804.0	0.2389
803.875	0.2374
803.75	0.2397
803.625	0.2382
803.5	0.2389
803.375	0.2382
803.25	0.2405
803.125	0.2374
803.0	0.2366
802.875	0.2397
802.75	0.2374
802.625	0.2382
802.5	0.2374
802.375	0.2382
802.25	0.2374
802.125	0.2389
802.0	0.2374
801.875	0.2397
801.75	0.2358
801.625	0.2382
801.5	0.2374
801.375	0.2389
801.25	0.2397
801.125	0.2405
801.0	0.2405
800.875	0.2405
800.75	0.2397
800.625	0.2397
800.5	0.2397
800.375	0.2382
800.25	0.2397
800.125	0.2389
800.0	0.2397
799.875	0.2389
799.75	0.2405
799.625	0.2397
799.5	0.2405
799.375	0.2405
799.25	0.2382
799.125	0.2397
799.0	0.2374
798.875	0.2389
798.75	0.2382
798.625	0.2389
798.5	0.2397
798.375	0.2374
798.25	0.2374
798.125	0.2366
798.0	0.2405
797.875	0.2389
797.75	0.2389
797.625	0.2405
797.5	0.2405
797.375	0.2405
797.25	0.2405
797.125	0.2429
797.0	0.2437
796.875	0.2437
796.75	0.2444
796.625	0.2437
796.5	0.2421
796.375	0.2444
796.25	0.2429
796.125	0.2429
796.0	0.2444
795.875	0.2413
795.75	0.2405
795.625	0.2405
795.5	0.2382
795.375	0.2374
795.25	0.2366
795.125	0.2358
795.0	0.2358
794.875	0.2358
794.75	0.235
794.625	0.235
794.5	0.235
794.375	0.2327
794.25	0.2342
794.125	0.2334
794.0	0.2342
793.875	0.2311
793.75	0.2319
793.625	0.2319
793.5	0.2319
793.375	0.2319
793.25	0.2342
793.125	0.2358
793.0	0.2342
792.875	0.235
792.75	0.2342
792.625	0.2334
792.5	0.2358
792.375	0.235
792.25	0.2342
792.125	0.2358
792.0	0.2342
791.875	0.2358
791.75	0.2358
791.625	0.2358
791.5	0.235
791.375	0.2334
791.25	0.2358
791.125	0.235
791.0	0.2358
790.875	0.2342
790.75	0.2334
790.625	0.2334
790.5	0.2342
790.375	0.2327
790.25	0.2311
790.125	0.2334
790.0	0.2327
789.875	0.2327
789.75	0.2319
789.625	0.2334
789.5	0.2327
789.375	0.2311
789.25	0.2311
789.125	0.2319
789.0	0.2311
788.875	0.2311
788.75	0.2311
788.625	0.2319
788.5	0.2311
788.375	0.2311
788.25	0.2311
788.125	0.2311
788.0	0.2319
787.875	0.2319
787.75	0.2319
787.625	0.2311
787.5	0.2311
787.375	0.2327
787.25	0.2327
787.125	0.2327
787.0	0.2342
786.875	0.2358
786.75	0.2358
786.625	0.2358
786.5	0.2358
786.375	0.2358
786.25	0.235
786.125	0.235
786.0	0.2358
785.875	0.2358
785.75	0.2358
785.625	0.2358
785.5	0.2358
785.375	0.2358
785.25	0.2366
785.125	0.2358
785.0	0.2358
784.875	0.2358
784.75	0.2358
784.625	0.2358
784.5	0.2366
784.375	0.2366
784.25	0.2358
784.125	0.2358
784.0	0.2358
783.875	0.2358
783.75	0.2358
783.625	0.2358
783.5	0.2358
783.375	0.2358
783.25	0.235
783.125	0.2358
783.0	0.2358
782.875	0.2358
782.75	0.2358
782.625	0.2358
782.5	0.2358
782.375	0.2342
782.25	0.235
782.125	0.235
782.0	0.2311
781.875	0.2342
781.75	0.2342
781.625	0.2311
781.5	0.2319
781.375	0.2311
781.25	0.2311
781.125	0.2311
781.0	0.2311
780.875	0.2311
780.75	0.2311
780.625	0.2311
780.5	0.2295
780.375	0.2311
780.25	0.2311
780.125	0.2287
780.0	0.2295
779.875	0.2311
779.75	0.2287
779.625	0.2272
779.5	0.2287
779.375	0.2295
779.25	0.2311
779.125	0.2295
779.0	0.2295
778.875	0.2272
778.75	0.2295
778.625	0.2279
778.5	0.2272
778.375	0.2264
778.25	0.2264
778.125	0.2303
778.0	0.2311
777.875	0.2272
777.75	0.2279
777.625	0.2295
777.5	0.2303
777.375	0.2295
777.25	0.2303
777.125	0.2303
777.0	0.2303
776.875	0.2303
776.75	0.2295
776.625	0.2287
776.5	0.2295
776.375	0.2311
776.25	0.2311
776.125	0.2295
776.0	0.2295
775.875	0.2279
775.75	0.2303
775.625	0.2303
775.5	0.2311
775.375	0.2295
775.25	0.2311
775.125	0.2311
775.0	0.2303
774.875	0.2311
774.75	0.2303
774.625	0.2295
774.5	0.2311
774.375	0.2295
774.25	0.2311
774.125	0.2295
774.0	0.2303
773.875	0.2287
773.75	0.2303
773.625	0.2287
773.5	0.2295
773.375	0.2287
773.25	0.2287
773.125	0.2303
773.0	0.2303
772.875	0.2311
772.75	0.2295
772.625	0.2264
772.5	0.2311
772.375	0.2311
772.25	0.2287
772.125	0.2303
772.0	0.2311
771.875	0.2311
771.75	0.2303
771.625	0.2311
771.5	0.2303
771.375	0.2303
771.25	0.2311
771.125	0.2311
771.0	0.2311
770.875	0.2311
770.75	0.2311
770.625	0.2311
770.5	0.2327
770.375	0.2311
770.25	0.2311
770.125	0.2327
770.0	0.2334
769.875	0.2311
769.75	0.2327
769.625	0.2327
769.5	0.2319
769.375	0.2327
769.25	0.2311
769.125	0.2311
769.0	0.2311
768.875	0.2319
768.75	0.2295
768.625	0.2303
768.5	0.2311
768.375	0.2311
768.25	0.2311
768.125	0.2311
768.0	0.2327
767.875	0.2287
767.75	0.2319
767.625	0.2319
767.5	0.2311
767.375	0.2311
767.25	0.2311
767.125	0.2311
767.0	0.2311
766.875	0.2311
766.75	0.2311
766.625	0.2311
766.5	0.2311
766.375	0.2303
766.25	0.2311
766.125	0.2319
766.0	0.2303
765.875	0.2311
765.75	0.2327
765.625	0.2319
765.5	0.2311
765.375	0.2311
765.25	0.2311
765.125	0.2311
765.0	0.2311
764.875	0.2319
764.75	0.2303
764.625	0.2311
764.5	0.2311
764.375	0.2311
764.25	0.2311
764.125	0.2311
764.0	0.2311
763.875	0.2303
763.75	0.2295
763.625	0.2295
763.5	0.2311
763.375	0.2311
763.25	0.2311
763.125	0.2311
763.0	0.2311
762.875	0.2311
762.75	0.2319
762.625	0.2311
762.5	0.2311
762.375	0.2287
762.25	0.2311
762.125	0.2311
762.0	0.2287
761.875	0.2303
761.75	0.2303
761.625	0.2303
761.5	0.2295
761.375	0.2311
761.25	0.2279
761.125	0.2287
761.0	0.2287
760.875	0.2303
760.75	0.2303
760.625	0.2295
760.5	0.2311
760.375	0.2311
760.25	0.2311
760.125	0.2287
760.0	0.2311
759.875	0.2311
759.75	0.2295
759.625	0.2303
759.5	0.2295
759.375	0.2295
759.25	0.2311
759.125	0.2311
759.0	0.2311
758.875	0.2295
758.75	0.2295
758.625	0.2295
758.5	0.2303
758.375	0.2279
758.25	0.2279
758.125	0.2311
758.0	0.2311
757.875	0.2295
757.75	0.2287
757.625	0.2311
757.5	0.2287
757.375	0.2295
757.25	0.2311
757.125	0.2295
757.0	0.2287
756.875	0.2311
756.75	0.2303
756.625	0.2295
756.5	0.2287
756.375	0.2303
756.25	0.2287
756.125	0.2295
756.0	0.2303
755.875	0.2287
755.75	0.2287
755.625	0.2303
755.5	0.2311
755.375	0.2311
755.25	0.2311
755.125	0.2295
755.0	0.2311
754.875	0.2311
754.75	0.2311
754.625	0.2311
754.5	0.2319
754.375	0.2366
754.25	0.2358
754.125	0.2382
754.0	0.2405
753.875	0.2405
753.75	0.2405
753.625	0.2429
753.5	0.2405
753.375	0.2421
753.25	0.2405
753.125	0.2405
753.0	0.2405
752.875	0.2397
752.75	0.2366
752.625	0.2358
752.5	0.2374
752.375	0.2358
752.25	0.2311
752.125	0.2319
752.0	0.2311
751.875	0.2303
751.75	0.2311
751.625	0.2303
751.5	0.2279
751.375	0.2311
751.25	0.2303
751.125	0.2279
751.0	0.2311
750.875	0.2311
750.75	0.2311
750.625	0.2311
750.5	0.2303
750.375	0.2287
750.25	0.2319
750.125	0.2272
750.0	0.2303
749.875	0.2295
749.75	0.2303
749.625	0.2303
749.5	0.2295
749.375	0.2279
749.25	0.2311
749.125	0.2311
749.0	0.2311
748.875	0.2311
748.75	0.2287
748.625	0.2311
748.5	0.2287
748.375	0.2311
748.25	0.2311
748.125	0.2303
748.0	0.2303
747.875	0.2311
747.75	0.2279
747.625	0.2303
747.5	0.2303
747.375	0.2311
747.25	0.2311
747.125	0.2311
747.0	0.2311
746.875	0.2311
746.75	0.2311
746.625	0.2311
746.5	0.2311
746.375	0.2311
746.25	0.2311
746.125	0.2311
746.0	0.2295
745.875	0.2295
745.75	0.2295
745.625	0.2287
745.5	0.2303
745.375	0.2311
745.25	0.2311
745.125	0.2295
745.0	0.2311
744.875	0.2303
744.75	0.2295
744.625	0.2295
744.5	0.2311
744.375	0.2311
744.25	0.2303
744.125	0.2311
744.0	0.2303
743.875	0.2303
743.75	0.2311
743.625	0.2303
743.5	0.2311
743.375	0.2303
743.25	0.2311
743.125	0.2311
743.0	0.2303
742.875	0.2311
742.75	0.2303
742.625	0.2311
742.5	0.2311
742.375	0.2311
742.25	0.2311
742.125	0.2311
742.0	0.2311
741.875	0.2311
741.75	0.2311
741.625	0.2311
741.5	0.2311
741.375	0.2311
741.25	0.2311
741.125	0.2319
741.0	0.2334
740.875	0.2342
740.75	0.2358
740.625	0.235
740.5	0.235
740.375	0.235
740.25	0.2358
740.125	0.2366
740.0	0.2358
739.875	0.2358
739.75	0.2366
739.625	0.2358
739.5	0.2358
739.375	0.2366
739.25	0.2366
739.125	0.2366
739.0	0.2366
738.875	0.2366
738.75	0.2374
738.625	0.2358
738.5	0.2382
738.375	0.2366
738.25	0.2382
738.125	0.2389
738.0	0.2374
737.875	0.2358
737.75	0.2358
737.625	0.2382
737.5	0.2374
737.375	0.2374
737.25	0.2374
737.125	0.2358
737.0	0.2358
736.875	0.2389
736.75	0.2374
736.625	0.2374
736.5	0.2374
736.375	0.2397
736.25	0.2358
736.125	0.2366
736.0	0.2366
735.875	0.2366
735.75	0.2389
735.625	0.2366
735.5	0.2374
735.375	0.2374
735.25	0.2374
735.125	0.2374
735.0	0.2397
734.875	0.2366
734.75	0.2358
734.625	0.2366
734.5	0.2405
734.375	0.2358
734.25	0.2366
734.125	0.2366
734.0	0.2358
733.875	0.2366
733.75	0.2366
733.625	0.2382
733.5	0.2382
733.375	0.2358
733.25	0.2374
733.125	0.2358
733.0	0.2366
732.875	0.2366
732.75	0.2366
732.625	0.2358
732.5	0.2358
732.375	0.2382
732.25	0.2358
732.125	0.2358
732.0	0.2358
731.875	0.2358
731.75	0.2366
731.625	0.2358
731.5	0.2358
731.375	0.2358
731.25	0.2358
731.125	0.2358
731.0	0.2366
730.875	0.2358
730.75	0.2358
730.625	0.2358
730.5	0.2366
730.375	0.2358
730.25	0.2374
730.125	0.2366
730.0	0.2366
729.875	0.235
729.75	0.2358
729.625	0.2358
729.5	0.2358
729.375	0.2358
729.25	0.235
729.125	0.2358
729.0	0.2358
728.875	0.2358
728.75	0.2358
728.625	0.2358
728.5	0.2342
728.375	0.2358
728.25	0.2358
728.125	0.235
728.0	0.2358
727.875	0.2358
727.75	0.2358
727.625	0.2358
727.5	0.2358
727.375	0.2358
727.25	0.2358
727.125	0.2374
727.0	0.2366
726.875	0.2358
726.75	0.2358
726.625	0.2374
726.5	0.2366
726.375	0.2389
726.25	0.2366
726.125	0.2382
726.0	0.2389
725.875	0.2389
725.75	0.2397
725.625	0.2405
725.5	0.2397
725.375	0.2397
725.25	0.2397
725.125	0.2405
725.0	0.2405
724.875	0.2397
724.75	0.2397
724.625	0.2397
724.5	0.2413
724.375	0.2405
724.25	0.2405
724.125	0.2405
724.0	0.2405
723.875	0.2405
723.75	0.2405
723.625	0.2405
723.5	0.2397
723.375	0.2405
723.25	0.2405
723.125	0.2405
723.0	0.2405
722.875	0.2405
722.75	0.2405
722.625	0.2405
722.5	0.2405
722.375	0.2405
722.25	0.2405
722.125	0.2405
722.0	0.2397
721.875	0.2405
721.75	0.2405
721.625	0.2397
721.5	0.2405
721.375	0.2405
721.25	0.2405
721.125	0.2397
721.0	0.2382
720.875	0.2405
720.75	0.2374
720.625	0.2389
720.5	0.2405
720.375	0.2405
720.25	0.2397
720.125	0.2389
720.0	0.2382
719.875	0.2389
719.75	0.2366
719.625	0.2374
719.5	0.2366
719.375	0.2358
719.25	0.2405
719.125	0.2389
719.0	0.2389
718.875	0.2382
718.75	0.2358
718.625	0.2382
718.5	0.2366
718.375	0.2389
718.25	0.2382
718.125	0.2366
718.0	0.2374
717.875	0.2374
717.75	0.2374
717.625	0.2382
717.5	0.2382
717.375	0.2374
717.25	0.2358
717.125	0.2358
717.0	0.2389
716.875	0.2366
716.75	0.2382
716.625	0.2358
716.5	0.2358
716.375	0.2374
716.25	0.2358
716.125	0.2358
716.0	0.2366
715.875	0.2366
715.75	0.2358
715.625	0.2374
715.5	0.2374
715.375	0.2366
715.25	0.2374
715.125	0.2374
715.0	0.2358
714.875	0.2366
714.75	0.2366
714.625	0.2382
714.5	0.2366
714.375	0.2389
714.25	0.2374
714.125	0.2366
714.0	0.2366
713.875	0.2374
713.75	0.2374
713.625	0.2389
713.5	0.2389
713.375	0.2374
713.25	0.2382
713.125	0.2397
713.0	0.2382
712.875	0.2374
712.75	0.2389
712.625	0.2382
712.5	0.2382
712.375	0.2397
712.25	0.2382
712.125	0.2397
712.0	0.2397
711.875	0.2382
711.75	0.2374
711.625	0.2374
711.5	0.2389
711.375	0.2405
711.25	0.2397
711.125	0.2382
711.0	0.2389
710.875	0.2405
710.75	0.2397
710.625	0.2405
710.5	0.2382
710.375	0.2405
710.25	0.2397
710.125	0.2397
710.0	0.2389
709.875	0.2389
709.75	0.2405
709.625	0.2405
709.5	0.2389
709.375	0.2382
709.25	0.2405
709.125	0.2413
709.0	0.2397
708.875	0.2397
708.75	0.2405
708.625	0.2405
708.5	0.2389
708.375	0.2397
708.25	0.2405
708.125	0.2405
708.0	0.2405
707.875	0.2405
707.75	0.2397
707.625	0.2382
707.5	0.2405
707.375	0.2413
707.25	0.2405
707.125	0.2405
707.0	0.2405
706.875	0.2389
706.75	0.2405
706.625	0.2405
706.5	0.2405
706.375	0.2405
706.25	0.2405
706.125	0.2405
706.0	0.2405
705.875	0.2389
705.75	0.2405
705.625	0.2405
705.5	0.2405
705.375	0.2405
705.25	0.2405
705.125	0.2405
705.0	0.2405
704.875	0.2397
704.75	0.2405
704.625	0.2397
704.5	0.2405
704.375	0.2405
704.25	0.2405
704.125	0.2389
704.0	0.2405
703.875	0.2405
703.75	0.2405
703.625	0.2405
703.5	0.2397
703.375	0.2405
703.25	0.2405
703.125	0.2405
703.0	0.2405
702.875	0.2405
702.75	0.2397
702.625	0.2397
702.5	0.2413
702.375	0.2397
702.25	0.2405
702.125	0.2405
702.0	0.2405
701.875	0.2405
701.75	0.2405
701.625	0.2405
701.5	0.2405
701.375	0.2397
701.25	0.2405
701.125	0.2405
701.0	0.2405
700.875	0.2397
700.75	0.2405
700.625	0.2405
700.5	0.2397
700.375	0.2405
700.25	0.2405
700.125	0.2397
700.0	0.2405
699.875	0.2405
699.75	0.2405
699.625	0.2397
699.5	0.2405
699.375	0.2405
699.25	0.2405
699.125	0.2405
699.0	0.2405
698.875	0.2397
698.75	0.2405
698.625	0.2405
698.5	0.2405
698.375	0.2405
698.25	0.2405
698.125	0.2405
698.0	0.2405
697.875	0.2405
697.75	0.2397
697.625	0.2405
697.5	0.2382
697.375	0.2405
697.25	0.2389
697.125	0.2382
697.0	0.2374
696.875	0.2358
696.75	0.2374
696.625	0.2389
696.5	0.2358
696.375	0.2358
696.25	0.2382
696.125	0.2366
696.0	0.2374
695.875	0.2366
695.75	0.2358
695.625	0.2358
695.5	0.2358
695.375	0.2358
695.25	0.2358
695.125	0.2358
695.0	0.2358
694.875	0.2358
694.75	0.2358
694.625	0.235
694.5	0.2358
694.375	0.2358
694.25	0.2358
694.125	0.235
694.0	0.2342
693.875	0.2334
693.75	0.2311
693.625	0.2311
693.5	0.2334
693.375	0.2334
693.25	0.2311
693.125	0.2334
693.0	0.2342
692.875	0.2319
692.75	0.2327
692.625	0.2319
692.5	0.2334
692.375	0.2358
692.25	0.2358
692.125	0.2327
692.0	0.235
691.875	0.235
691.75	0.2342
691.625	0.2358
691.5	0.2342
691.375	0.235
691.25	0.2358
691.125	0.2358
691.0	0.2358
690.875	0.2358
690.75	0.2358
690.625	0.2358
690.5	0.2358
690.375	0.2358
690.25	0.2358
690.125	0.2358
690.0	0.2358
689.875	0.2358
689.75	0.2389
689.625	0.2366
689.5	0.2374
689.375	0.2382
689.25	0.2366
689.125	0.2382
689.0	0.2366
688.875	0.2366
688.75	0.2374
688.625	0.2358
688.5	0.2374
688.375	0.2366
688.25	0.2374
688.125	0.2358
688.0	0.2374
687.875	0.2366
687.75	0.2358
687.625	0.2366
687.5	0.2358
687.375	0.2358
687.25	0.2358
687.125	0.235
687.0	0.2358
686.875	0.2358
686.75	0.2358
686.625	0.2358
686.5	0.2358
686.375	0.2358
686.25	0.2334
686.125	0.235
686.0	0.2358
685.875	0.2358
685.75	0.2319
685.625	0.2311
685.5	0.2327
685.375	0.2334
685.25	0.2319
685.125	0.2319
685.0	0.2327
684.875	0.2311
684.75	0.2319
684.625	0.2311
684.5	0.2319
684.375	0.2334
684.25	0.2311
684.125	0.2327
684.0	0.2327
683.875	0.2334
683.75	0.2319
683.625	0.2327
683.5	0.2334
683.375	0.2334
683.25	0.235
683.125	0.2358
683.0	0.2342
682.875	0.2358
682.75	0.2358
682.625	0.2358
682.5	0.235
682.375	0.2358
682.25	0.2358
682.125	0.2366
682.0	0.2382
681.875	0.2358
681.75	0.2382
681.625	0.2382
681.5	0.2405
681.375	0.2382
681.25	0.2389
681.125	0.2397
681.0	0.2397
680.875	0.2397
680.75	0.2405
680.625	0.2405
680.5	0.2405
680.375	0.2405
680.25	0.2405
680.125	0.2405
680.0	0.2405
679.875	0.2405
679.75	0.2405
679.625	0.2405
679.5	0.2413
679.375	0.2405
679.25	0.2405
679.125	0.2405
679.0	0.2405
678.875	0.2405
678.75	0.2413
678.625	0.2405
678.5	0.2421
678.375	0.2405
678.25	0.2405
678.125	0.2413
678.0	0.2413
677.875	0.2405
677.75	0.2405
677.625	0.2405
677.5	0.2405
677.375	0.2405
677.25	0.2405
677.125	0.2421
677.0	0.2405
676.875	0.2421
676.75	0.2405
676.625	0.2421
676.5	0.2405
676.375	0.2413
676.25	0.2405
676.125	0.2405
676.0	0.2405
675.875	0.2405
675.75	0.2405
675.625	0.2405
675.5	0.2405
675.375	0.2405
675.25	0.2421
675.125	0.2413
675.0	0.2413
674.875	0.2405
674.75	0.2405
674.625	0.2405
674.5	0.2405
674.375	0.2413
674.25	0.2405
674.125	0.2405
674.0	0.2405
673.875	0.2437
673.75	0.2421
673.625	0.2413
673.5	0.2413
673.375	0.2437
673.25	0.2413
673.125	0.2413
673.0	0.2429
672.875	0.2421
672.75	0.2429
672.625	0.2413
672.5	0.2405
672.375	0.2421
672.25	0.2429
672.125	0.2405
672.0	0.2444
671.875	0.2421
671.75	0.2413
671.625	0.2429
671.5	0.2405
671.375	0.2421
671.25	0.2421
671.125	0.2405
671.0	0.2405
670.875	0.2405
670.75	0.2405
670.625	0.2413
670.5	0.2405
670.375	0.2421
670.25	0.2389
670.125	0.2397
670.0	0.2405
669.875	0.2405
669.75	0.2405
669.625	0.2397
669.5	0.2397
669.375	0.2389
669.25	0.2405
669.125	0.2405
669.0	0.2397
668.875	0.2374
668.75	0.2397
668.625	0.2405
668.5	0.2397
668.375	0.2405
668.25	0.2397
668.125	0.2397
668.0	0.2389
667.875	0.2374
667.75	0.2397
667.625	0.2389
667.5	0.2397
667.375	0.2397
667.25	0.2397
667.125	0.2405
667.0	0.2405
666.875	0.2389
666.75	0.2397
666.625	0.2405
666.5	0.2405
666.375	0.2397
666.25	0.2405
666.125	0.2405
666.0	0.2358
665.875	0.2397
665.75	0.2358
665.625	0.2358
665.5	0.2374
665.375	0.2366
665.25	0.2358
665.125	0.2374
665.0	0.2358
664.875	0.2358
664.75	0.2358
664.625	0.2358
664.5	0.2358
664.375	0.2358
664.25	0.2358
664.125	0.2358
664.0	0.2358
663.875	0.2327
663.75	0.2342
663.625	0.2334
663.5	0.2303
663.375	0.2311
663.25	0.2311
663.125	0.2319
663.0	0.2311
662.875	0.2311
662.75	0.2311
662.625	0.2319
662.5	0.2319
662.375	0.2311
662.25	0.2311
662.125	0.2311
662.0	0.2319
661.875	0.2311
661.75	0.2327
661.625	0.2311
661.5	0.2311
661.375	0.2311
661.25	0.2311
661.125	0.2311
661.0	0.2311
660.875	0.2319
660.75	0.2311
660.625	0.2319
660.5	0.2319
660.375	0.2334
660.25	0.2311
660.125	0.2334
660.0	0.2319
659.875	0.2342
659.75	0.2319
659.625	0.2334
659.5	0.2334
659.375	0.2334
659.25	0.2358
659.125	0.235
659.0	0.235
658.875	0.2358
658.75	0.235
658.625	0.2358
658.5	0.2342
658.375	0.235
658.25	0.2358
658.125	0.2358
658.0	0.2358
657.875	0.235
657.75	0.2342
657.625	0.235
657.5	0.2358
657.375	0.2358
657.25	0.2358
657.125	0.2358
657.0	0.2358
656.875	0.2358
656.75	0.2358
656.625	0.2358
656.5	0.2358
656.375	0.2366
656.25	0.2358
656.125	0.2358
656.0	0.2342
655.875	0.235
655.75	0.2358
655.625	0.2358
655.5	0.2358
655.375	0.2358
655.25	0.2358
655.125	0.2366
655.0	0.2358
654.875	0.2358
654.75	0.2358
654.625	0.2358
654.5	0.2366
654.375	0.2358
654.25	0.2374
654.125	0.2366
654.0	0.2358
653.875	0.2374
653.75	0.2374
653.625	0.2358
653.5	0.2358
653.375	0.2382
653.25	0.2366
653.125	0.2374
653.0	0.2382
652.875	0.2382
652.75	0.2382
652.625	0.2382
652.5	0.2389
652.375	0.2366
652.25	0.2366
652.125	0.2389
652.0	0.2382
651.875	0.2389
651.75	0.2382
651.625	0.2389
651.5	0.2405
651.375	0.2374
651.25	0.2389
651.125	0.2389
651.0	0.2366
650.875	0.2374
650.75	0.2366
650.625	0.2405
650.5	0.2397
650.375	0.2389
650.25	0.2389
650.125	0.2397
650.0	0.2389
649.875	0.2374
649.75	0.2374
649.625	0.2374
649.5	0.2405
649.375	0.2366
649.25	0.2389
649.125	0.2389
649.0	0.2366
648.875	0.2374
648.75	0.2374
648.625	0.2389
648.5	0.2366
648.375	0.2374
648.25	0.2382
648.125	0.2382
648.0	0.2382
647.875	0.2397
647.75	0.2389
647.625	0.2366
647.5	0.2389
647.375	0.2389
647.25	0.2405
647.125	0.2405
647.0	0.2397
646.875	0.2366
646.75	0.2358
646.625	0.2389
646.5	0.2405
646.375	0.2397
646.25	0.2382
646.125	0.2382
646.0	0.2358
645.875	0.2389
645.75	0.2405
645.625	0.2405
645.5	0.2389
645.375	0.2382
645.25	0.2397
645.125	0.2382
645.0	0.2389
644.875	0.2405
644.75	0.2382
644.625	0.2397
644.5	0.2397
644.375	0.2382
644.25	0.2374
644.125	0.2389
644.0	0.2389
643.875	0.2389
643.75	0.2405
643.625	0.2382
643.5	0.2382
643.375	0.2374
643.25	0.2382
643.125	0.2366
643.0	0.2366
642.875	0.2366
642.75	0.2358
642.625	0.2397
642.5	0.2374
642.375	0.2389
642.25	0.2382
642.125	0.2382
642.0	0.2405
641.875	0.2366
641.75	0.2374
641.625	0.2366
641.5	0.2397
641.375	0.2389
641.25	0.2389
641.125	0.2382
641.0	0.2397
640.875	0.2389
640.75	0.2389
640.625	0.2382
640.5	0.2397
640.375	0.2405
640.25	0.2366
640.125	0.2389
640.0	0.2405
639.875	0.2397
639.75	0.2382
639.625	0.2389
639.5	0.2389
639.375	0.2374
639.25	0.2397
639.125	0.2397
639.0	0.2389
638.875	0.2382
638.75	0.2405
638.625	0.2397
638.5	0.2405
638.375	0.2405
638.25	0.2405
638.125	0.2389
638.0	0.2405
637.875	0.2405
637.75	0.2397
637.625	0.2397
637.5	0.2405
637.375	0.2405
637.25	0.2405
637.125	0.2397
637.0	0.2405
636.875	0.2397
636.75	0.2405
636.625	0.2405
636.5	0.2405
636.375	0.2413
636.25	0.2413
636.125	0.2405
636.0	0.2413
635.875	0.2429
635.75	0.2421
635.625	0.2437
635.5	0.2437
635.375	0.2444
635.25	0.2444
635.125	0.2421
635.0	0.2444
634.875	0.2444
634.75	0.2421
634.625	0.2452
634.5	0.2452
634.375	0.246
634.25	0.25
634.125	0.2547
634.0	0.2594
633.875	0.2727
633.75	0.29
633.625	0.3183
633.5	0.3687
633.375	0.4457
633.25	0.5817
633.125	0.8223
633.0	1.1588
632.875	1.5141
632.75	1.8128
632.625	1.9968
632.5	2.0841
632.375	2.0951
632.25	2.0683
632.125	2.0204
632.0	1.9528
631.875	1.8781
631.75	1.79
631.625	1.6941
631.5	1.5605
631.375	1.3812
631.25	1.136
631.125	0.8765
631.0	0.643
630.875	0.4756
630.75	0.3639
630.625	0.3073
630.5	0.2743
630.375	0.257
630.25	0.2476
630.125	0.2437
630.0	0.2429
629.875	0.2437
629.75	0.2405
629.625	0.2405
629.5	0.2397
629.375	0.2405
629.25	0.2405
629.125	0.2405
629.0	0.2389
628.875	0.2389
628.75	0.2374
628.625	0.2358
628.5	0.2374
628.375	0.2374
628.25	0.2358
628.125	0.2366
628.0	0.2382
627.875	0.2358
627.75	0.2389
627.625	0.2374
627.5	0.2382
627.375	0.2358
627.25	0.2366
627.125	0.2389
627.0	0.2358
626.875	0.2358
626.75	0.2358
626.625	0.2366
626.5	0.2358
626.375	0.2374
626.25	0.2366
626.125	0.2358
626.0	0.2374
625.875	0.2358
625.75	0.2366
625.625	0.2366
625.5	0.2358
625.375	0.2358
625.25	0.2358
625.125	0.2366
625.0	0.2358
624.875	0.2374
624.75	0.2366
624.625	0.2358
624.5	0.2358
624.375	0.2366
624.25	0.2382
624.125	0.2366
624.0	0.2374
623.875	0.2366
623.75	0.2374
623.625	0.2358
623.5	0.2374
623.375	0.2358
623.25	0.2374
623.125	0.2374
623.0	0.2366
622.875	0.235
622.75	0.2358
622.625	0.2358
622.5	0.2382
622.375	0.2389
622.25	0.2366
622.125	0.2358
622.0	0.2389
621.875	0.2358
621.75	0.2366
621.625	0.2374
621.5	0.2366
621.375	0.2389
621.25	0.2389
621.125	0.2389
621.0	0.2374
620.875	0.2358
620.75	0.2366
620.625	0.2374
620.5	0.2358
620.375	0.2366
620.25	0.2366
620.125	0.2358
620.0	0.2374
619.875	0.2358
619.75	0.2358
619.625	0.2366
619.5	0.2358
619.375	0.2366
619.25	0.2366
619.125	0.2374
619.0	0.2366
618.875	0.2382
618.75	0.2366
618.625	0.2382
618.5	0.2358
618.375	0.2389
618.25	0.2374
618.125	0.2389
618.0	0.2358
617.875	0.2405
617.75	0.2389
617.625	0.2397
617.5	0.2382
617.375	0.2382
617.25	0.2374
617.125	0.2389
617.0	0.2405
616.875	0.2405
616.75	0.2405
616.625	0.2405
616.5	0.2405
616.375	0.2405
616.25	0.2413
616.125	0.2405
616.0	0.2405
615.875	0.2405
615.75	0.2405
615.625	0.2405
615.5	0.2405
615.375	0.2405
615.25	0.2405
615.125	0.2405
615.0	0.2413
614.875	0.2405
614.75	0.2405
614.625	0.2413
614.5	0.2405
614.375	0.2421
614.25	0.2405
614.125	0.2421
614.0	0.2429
613.875	0.2437
613.75	0.2429
613.625	0.2437
613.5	0.2437
613.375	0.2437
613.25	0.2444
613.125	0.2437
613.0	0.2429
612.875	0.2429
612.75	0.2437
612.625	0.2444
612.5	0.2421
612.375	0.2413
612.25	0.2429
612.125	0.2437
612.0	0.2437
611.875	0.2429
611.75	0.2437
611.625	0.2444
611.5	0.2429
611.375	0.2429
611.25	0.2429
611.125	0.2437
611.0	0.2437
610.875	0.2429
610.75	0.2421
610.625	0.2421
610.5	0.2444
610.375	0.2429
610.25	0.2421
610.125	0.2437
610.0	0.2452
609.875	0.2444
609.75	0.2429
609.625	0.2437
609.5	0.2452
609.375	0.2452
609.25	0.2452
609.125	0.2452
609.0	0.2437
608.875	0.2429
608.75	0.2452
608.625	0.2452
608.5	0.2452
608.375	0.2444
608.25	0.2452
608.125	0.2452
608.0	0.2452
607.875	0.2444
607.75	0.2452
607.625	0.2444
607.5	0.2452
607.375	0.2444
607.25	0.2452
607.125	0.2444
607.0	0.2452
606.875	0.2452
606.75	0.2452
606.625	0.2452
606.5	0.2452
606.375	0.2452
606.25	0.2452
606.125	0.2444
606.0	0.2444
605.875	0.2468
605.75	0.2452
605.625	0.2444
605.5	0.2452
605.375	0.2452
605.25	0.2437
605.125	0.2421
605.0	0.2429
604.875	0.2413
604.75	0.2421
604.625	0.2429
604.5	0.2405
604.375	0.2421
604.25	0.2413
604.125	0.2405
604.0	0.2405
603.875	0.2429
603.75	0.2405
603.625	0.2405
603.5	0.2405
603.375	0.2413
603.25	0.2405
603.125	0.2405
603.0	0.2413
602.875	0.2405
602.75	0.2405
602.625	0.2413
602.5	0.2413
602.375	0.2429
602.25	0.2444
602.125	0.2421
602.0	0.2444
601.875	0.2452
601.75	0.2452
601.625	0.2452
601.5	0.2452
601.375	0.2452
601.25	0.2468
601.125	0.2476
601.0	0.2452
600.875	0.2452
600.75	0.2452
600.625	0.2468
600.5	0.2468
600.375	0.2468
600.25	0.2452
600.125	0.2452
600.0	0.246
599.875	0.2452
599.75	0.2437
599.625	0.2429
599.5	0.2444
599.375	0.2437
599.25	0.2421
599.125	0.2405
599.0	0.2413
598.875	0.2405
598.75	0.2405
598.625	0.2405
598.5	0.2405
598.375	0.2429
598.25	0.2405
598.125	0.2405
598.0	0.2405
597.875	0.2405
597.75	0.2405
597.625	0.2397
597.5	0.2397
597.375	0.2405
597.25	0.2389
597.125	0.2405
597.0	0.2389
596.875	0.2389
596.75	0.2405
596.625	0.2405
596.5	0.2405
596.375	0.2405
596.25	0.2405
596.125	0.2405
596.0	0.2405
595.875	0.2405
595.75	0.2405
595.625	0.2421
595.5	0.2421
595.375	0.2405
595.25	0.2405
595.125	0.2405
595.0	0.2413
594.875	0.2429
594.75	0.2429
594.625	0.2437
594.5	0.2444
594.375	0.2444
594.25	0.2452
594.125	0.2444
594.0	0.2444
593.875	0.2452
593.75	0.2444
593.625	0.2444
593.5	0.2444
593.375	0.2452
593.25	0.2429
593.125	0.2437
593.0	0.2452
592.875	0.2444
592.75	0.2444
592.625	0.2437
592.5	0.2444
592.375	0.2452
592.25	0.2452
592.125	0.2468
592.0	0.2468
591.875	0.2452
591.75	0.2468
591.625	0.2452
591.5	0.2452
591.375	0.2452
591.25	0.2452
591.125	0.2452
591.0	0.2452
590.875	0.2452
590.75	0.2444
590.625	0.2452
590.5	0.2452
590.375	0.2437
590.25	0.2452
590.125	0.246
590.0	0.2444
589.875	0.2452
589.75	0.246
589.625	0.246
589.5	0.2452
589.375	0.2468
589.25	0.2484
589.125	0.2468
589.0	0.246
588.875	0.2452
588.75	0.2452
588.625	0.2452
588.5	0.246
588.375	0.2452
588.25	0.2452
588.125	0.2444
588.0	0.2429
587.875	0.2429
587.75	0.2405
587.625	0.2429
587.5	0.2413
587.375	0.2405
587.25	0.2405
587.125	0.2405
587.0	0.2389
586.875	0.2389
586.75	0.2405
586.625	0.2382
586.5	0.2405
586.375	0.2405
586.25	0.2405
586.125	0.2405
586.0	0.2405
585.875	0.2413
585.75	0.2405
585.625	0.2405
585.5	0.2405
585.375	0.2421
585.25	0.2421
585.125	0.2413
585.0	0.2421
584.875	0.2413
584.75	0.2429
584.625	0.2429
584.5	0.2437
584.375	0.2429
584.25	0.2437
584.125	0.2444
584.0	0.2452
583.875	0.2452
583.75	0.2452
583.625	0.2452
583.5	0.2452
583.375	0.2444
583.25	0.246
583.125	0.2452
583.0	0.246
582.875	0.2452
582.75	0.2452
582.625	0.2452
582.5	0.2444
582.375	0.2452
582.25	0.2444
582.125	0.2452
582.0	0.2444
581.875	0.2444
581.75	0.2437
581.625	0.2452
581.5	0.2429
581.375	0.2444
581.25	0.2444
581.125	0.2429
581.0	0.2452
580.875	0.2452
580.75	0.2452
580.625	0.2429
580.5	0.2452
580.375	0.2452
580.25	0.2437
580.125	0.2429
580.0	0.2452
579.875	0.2452
579.75	0.2452
579.625	0.2437
579.5	0.2452
579.375	0.2444
579.25	0.2452
579.125	0.2452
579.0	0.2444
578.875	0.2452
578.75	0.2444
578.625	0.2452
578.5	0.2452
578.375	0.2452
578.25	0.246
578.125	0.2452
578.0	0.2452
577.875	0.2452
577.75	0.2452
577.625	0.2437
577.5	0.2429
577.375	0.2421
577.25	0.2413
577.125	0.2437
577.0	0.2405
576.875	0.2405
576.75	0.2405
576.625	0.2397
576.5	0.2397
576.375	0.2405
576.25	0.2405
576.125	0.2405
576.0	0.2382
575.875	0.2382
575.75	0.2358
575.625	0.2358
575.5	0.2382
575.375	0.2358
575.25	0.2389
575.125	0.2374
575.0	0.2358
574.875	0.2366
574.75	0.2358
574.625	0.2366
574.5	0.2358
574.375	0.2358
574.25	0.2366
574.125	0.2358
574.0	0.2374
573.875	0.2382
573.75	0.2382
573.625	0.2358
573.5	0.2389
573.375	0.2405
573.25	0.2374
573.125	0.2366
573.0	0.2366
572.875	0.2389
572.75	0.2374
572.625	0.2358
572.5	0.2382
572.375	0.2374
572.25	0.2382
572.125	0.2374
572.0	0.2366
571.875	0.2358
571.75	0.2358
571.625	0.2366
571.5	0.2382
571.375	0.2382
571.25	0.2366
571.125	0.2382
571.0	0.2405
570.875	0.2405
570.75	0.2397
570.625	0.2405
570.5	0.2413
570.375	0.2405
570.25	0.2421
570.125	0.2413
570.0	0.2437
569.875	0.2413
569.75	0.2444
569.625	0.2444
569.5	0.2429
569.375	0.2437
569.25	0.2421
569.125	0.2444
569.0	0.2421
568.875	0.2421
568.75	0.2444
568.625	0.2437
568.5	0.2429
568.375	0.2421
568.25	0.2397
568.125	0.2405
568.0	0.2405
567.875	0.2405
567.75	0.2397
567.625	0.2405
567.5	0.2389
567.375	0.2389
567.25	0.2397
567.125	0.2405
567.0	0.2382
566.875	0.2405
566.75	0.2405
566.625	0.2405
566.5	0.2397
566.375	0.2405
566.25	0.2405
566.125	0.2405
566.0	0.2405
565.875	0.2405
565.75	0.2405
565.625	0.2405
565.5	0.2421
565.375	0.2405
565.25	0.2421
565.125	0.2421
565.0	0.2452
564.875	0.2429
564.75	0.2437
564.625	0.2437
564.5	0.2444
564.375	0.2452
564.25	0.2452
564.125	0.2452
564.0	0.2444
563.875	0.2444
563.75	0.2452
563.625	0.2452
563.5	0.2452
563.375	0.2452
563.25	0.2452
563.125	0.2444
563.0	0.2437
562.875	0.2444
562.75	0.2444
562.625	0.2452
562.5	0.2452
562.375	0.2437
562.25	0.2452
562.125	0.2452
562.0	0.2452
561.875	0.2452
561.75	0.2452
561.625	0.2452
561.5	0.2452
561.375	0.2452
561.25	0.2452
561.125	0.246
561.0	0.2444
560.875	0.2444
560.75	0.2444
560.625	0.2452
560.5	0.2452
560.375	0.2444
560.25	0.2444
560.125	0.2452
560.0	0.246
559.875	0.2452
559.75	0.2452
559.625	0.2452
559.5	0.2452
559.375	0.2468
559.25	0.2452
559.125	0.2452
559.0	0.2452
558.875	0.2452
558.75	0.2444
558.625	0.2452
558.5	0.2452
558.375	0.2452
558.25	0.2452
558.125	0.246
558.0	0.2452
557.875	0.2452
557.75	0.246
557.625	0.2468
557.5	0.2484
557.375	0.2476
557.25	0.2484
557.125	0.2492
557.0	0.2476
556.875	0.2468
556.75	0.246
556.625	0.246
556.5	0.2476
556.375	0.246
556.25	0.2452
556.125	0.2452
556.0	0.2452
555.875	0.246
555.75	0.246
555.625	0.246
555.5	0.2452
555.375	0.246
555.25	0.2452
555.125	0.246
555.0	0.2452
554.875	0.2452
554.75	0.2452
554.625	0.2468
554.5	0.2452
554.375	0.2452
554.25	0.2452
554.125	0.2452
554.0	0.246
553.875	0.2452
553.75	0.2452
553.625	0.2452
553.5	0.2452
553.375	0.246
553.25	0.2452
553.125	0.2452
553.0	0.2452
552.875	0.2452
552.75	0.2452
552.625	0.2452
552.5	0.2452
552.375	0.2452
552.25	0.2452
552.125	0.2452
552.0	0.2452
551.875	0.2452
551.75	0.2452
551.625	0.2452
551.5	0.2452
551.375	0.2452
551.25	0.2452
551.125	0.2444
551.0	0.2452
550.875	0.2452
550.75	0.2452
550.625	0.2452
550.5	0.2437
550.375	0.2452
550.25	0.2452
550.125	0.2452
550.0	0.2452
549.875	0.2452
549.75	0.2452
549.625	0.2452
549.5	0.2452
549.375	0.2452
549.25	0.2452
549.125	0.246
549.0	0.2452
548.875	0.2452
548.75	0.2452
548.625	0.2452
548.5	0.2444
548.375	0.2429
548.25	0.2452
548.125	0.2452
548.0	0.2437
547.875	0.2444
547.75	0.2437
547.625	0.2437
547.5	0.2444
547.375	0.2437
547.25	0.2452
547.125	0.2444
547.0	0.2452
546.875	0.2444
546.75	0.2452
546.625	0.2444
546.5	0.2452
546.375	0.2444
546.25	0.2452
546.125	0.2452
546.0	0.2452
545.875	0.2452
545.75	0.2452
545.625	0.2452
545.5	0.2452
545.375	0.2452
545.25	0.2452
545.125	0.2452
545.0	0.2452
544.875	0.2452
544.75	0.2452
544.625	0.2444
544.5	0.2452
544.375	0.2452
544.25	0.2452
544.125	0.2452
544.0	0.246
543.875	0.2452
543.75	0.2452
543.625	0.2452
543.5	0.2452
543.375	0.2452
543.25	0.2452
543.125	0.2452
543.0	0.2452
542.875	0.2452
542.75	0.2452
542.625	0.2444
542.5	0.2429
542.375	0.2452
542.25	0.2452
542.125	0.2444
542.0	0.2452
541.875	0.2444
541.75	0.2444
541.625	0.2452
541.5	0.2452
541.375	0.2444
541.25	0.2452
541.125	0.2452
541.0	0.2452
540.875	0.2452
540.75	0.2452
540.625	0.2452
540.5	0.2452
540.375	0.2452
540.25	0.2452
540.125	0.2444
540.0	0.2444
539.875	0.2452
539.75	0.2452
539.625	0.2444
539.5	0.2452
539.375	0.2452
539.25	0.2452
539.125	0.2452
539.0	0.2468
538.875	0.2452
538.75	0.2444
538.625	0.2452
538.5	0.2452
538.375	0.2452
538.25	0.2452
538.125	0.2452
538.0	0.2452
537.875	0.2452
537.75	0.2468
537.625	0.2452
537.5	0.2452
537.375	0.2476
537.25	0.2484
537.125	0.2492
537.0	0.25
536.875	0.25
536.75	0.2507
536.625	0.2515
536.5	0.2523
536.375	0.2531
536.25	0.2523
536.125	0.2523
536.0	0.2523
535.875	0.2539
535.75	0.2523
535.625	0.2515
535.5	0.2523
535.375	0.2507
535.25	0.25
535.125	0.2507
535.0	0.25
534.875	0.25
534.75	0.2492
534.625	0.25
534.5	0.25
534.375	0.25
534.25	0.25
534.125	0.25
534.0	0.2492
533.875	0.246
533.75	0.2476
533.625	0.2484
533.5	0.2476
533.375	0.2476
533.25	0.2468
533.125	0.2468
533.0	0.2452
532.875	0.2476
532.75	0.246
532.625	0.2476
532.5	0.2484
532.375	0.2476
532.25	0.2468
532.125	0.2484
532.0	0.2476
531.875	0.2476
531.75	0.246
531.625	0.246
531.5	0.2452
531.375	0.2452
531.25	0.246
531.125	0.2468
531.0	0.2484
530.875	0.2452
530.75	0.246
530.625	0.2468
530.5	0.2468
530.375	0.2452
530.25	0.246
530.125	0.2468
530.0	0.2452
529.875	0.2452
529.75	0.2452
529.625	0.2452
529.5	0.2452
529.375	0.2476
529.25	0.2468
529.125	0.2452
529.0	0.2452
528.875	0.2444
528.75	0.2452
528.625	0.2452
528.5	0.2452
528.375	0.2452
528.25	0.2452
528.125	0.2437
528.0	0.2452
527.875	0.2452
527.75	0.2452
527.625	0.2452
527.5	0.246
527.375	0.2468
527.25	0.2452
527.125	0.2452
527.0	0.2468
526.875	0.246
526.75	0.2452
526.625	0.2468
526.5	0.2452
526.375	0.2452
526.25	0.2452
526.125	0.246
526.0	0.2452
525.875	0.2452
525.75	0.2468
525.625	0.2452
525.5	0.2452
525.375	0.246
525.25	0.2452
525.125	0.2452
525.0	0.2452
524.875	0.2468
524.75	0.2452
524.625	0.2452
524.5	0.246
524.375	0.2452
524.25	0.2452
524.125	0.2452
524.0	0.2468
523.875	0.2452
523.75	0.246
523.625	0.2452
523.5	0.2452
523.375	0.2452
523.25	0.2452
523.125	0.2452
523.0	0.2452
522.875	0.2452
522.75	0.2452
522.625	0.2452
522.5	0.2452
522.375	0.2452
522.25	0.2452
522.125	0.2452
522.0	0.2452
521.875	0.2452
521.75	0.2437
521.625	0.2444
521.5	0.2452
521.375	0.2452
521.25	0.2452
521.125	0.2452
521.0	0.2452
520.875	0.2444
520.75	0.2452
520.625	0.2452
520.5	0.2452
520.375	0.246
520.25	0.246
520.125	0.2452
520.0	0.2452
519.875	0.2452
519.75	0.2468
519.625	0.2468
519.5	0.2452
519.375	0.2452
519.25	0.2452
519.125	0.2452
519.0	0.2452
518.875	0.2452
518.75	0.2452
518.625	0.246
518.5	0.2468
518.375	0.2452
518.25	0.2452
518.125	0.2452
518.0	0.2452
517.875	0.2468
517.75	0.2452
517.625	0.246
517.5	0.246
517.375	0.246
517.25	0.2452
517.125	0.2452
517.0	0.2452
516.875	0.2452
516.75	0.2452
516.625	0.246
516.5	0.2452
516.375	0.246
516.25	0.2452
516.125	0.2452
516.0	0.246
515.875	0.2468
515.75	0.2452
515.625	0.246
515.5	0.2452
515.375	0.2452
515.25	0.246
515.125	0.2468
515.0	0.2484
514.875	0.2452
514.75	0.2468
514.625	0.2484
514.5	0.2468
514.375	0.2476
514.25	0.2452
514.125	0.2468
514.0	0.2484
513.875	0.246
513.75	0.2492
513.625	0.2468
513.5	0.246
513.375	0.2476
513.25	0.2468
513.125	0.246
513.0	0.2452
512.875	0.2452
512.75	0.2468
512.625	0.2452
512.5	0.2484
512.375	0.2452
512.25	0.246
512.125	0.2492
512.0	0.2468
511.875	0.246
511.75	0.2468
511.625	0.2476
511.5	0.2484
511.375	0.2452
511.25	0.246
511.125	0.2468
511.0	0.2468
510.875	0.2476
510.75	0.2468
510.625	0.246
510.5	0.2484
510.375	0.25
510.25	0.2484
510.125	0.25
510.0	0.2492
509.875	0.2484
509.75	0.2492
509.625	0.25
509.5	0.25
509.375	0.2492
509.25	0.25
509.125	0.2492
509.0	0.2492
508.875	0.25
508.75	0.25
508.625	0.2507
508.5	0.2507
508.375	0.25
508.25	0.25
508.125	0.25
508.0	0.2476
507.875	0.2492
507.75	0.25
507.625	0.25
507.5	0.2492
507.375	0.25
507.25	0.25
507.125	0.25
507.0	0.2492
506.875	0.25
506.75	0.2484
506.625	0.2515
506.5	0.2492
506.375	0.25
506.25	0.25
506.125	0.25
506.0	0.25
505.875	0.25
505.75	0.25
505.625	0.25
505.5	0.25
505.375	0.25
505.25	0.25
505.125	0.2507
505.0	0.2507
504.875	0.2507
504.75	0.25
504.625	0.2507
504.5	0.2515
504.375	0.2515
504.25	0.2523
504.125	0.25
504.0	0.2515
503.875	0.2523
503.75	0.25
503.625	0.25
503.5	0.2523
503.375	0.2523
503.25	0.2531
503.125	0.2531
503.0	0.2531
502.875	0.2523
502.75	0.2523
502.625	0.2547
502.5	0.2547
502.375	0.2531
502.25	0.2531
502.125	0.2547
502.0	0.2531
501.875	0.2531
501.75	0.2547
501.625	0.2531
501.5	0.2531
501.375	0.2531
501.25	0.2531
501.125	0.2515
501.0	0.2539
500.875	0.2523
500.75	0.2531
500.625	0.2547
500.5	0.2531
500.375	0.2515
500.25	0.2531
500.125	0.2539
500.0	0.2539
499.875	0.2515
499.75	0.2539
499.625	0.2523
499.5	0.25
499.375	0.25
499.25	0.2507
499.125	0.2515
499.0	0.25
498.875	0.25
498.75	0.25
498.625	0.25
498.5	0.2515
498.375	0.2515
498.25	0.2507
498.125	0.2515
498.0	0.25
497.875	0.25
497.75	0.2507
497.625	0.2507
497.5	0.2507
497.375	0.25
497.25	0.25
497.125	0.2492
497.0	0.2507
496.875	0.25
496.75	0.2507
496.625	0.2539
496.5	0.2547
496.375	0.2547
496.25	0.2586
496.125	0.2594
496.0	0.2594
495.875	0.2633
495.75	0.2633
495.625	0.2641
495.5	0.2649
495.375	0.2649
495.25	0.2688
495.125	0.2688
495.0	0.2688
494.875	0.2688
494.75	0.2688
494.625	0.2688
494.5	0.2688
494.375	0.2672
494.25	0.2641
494.125	0.2649
494.0	0.2657
493.875	0.2649
493.75	0.2641
493.625	0.2617
493.5	0.2602
493.375	0.2617
493.25	0.2625
493.125	0.2594
493.0	0.2586
492.875	0.2562
492.75	0.2578
492.625	0.2578
492.5	0.257
492.375	0.2547
492.25	0.2547
492.125	0.2547
492.0	0.2547
491.875	0.2547
491.75	0.2547
491.625	0.2547
491.5	0.2539
491.375	0.2547
491.25	0.2547
491.125	0.2547
491.0	0.2531
490.875	0.2547
490.75	0.2523
490.625	0.2547
490.5	0.2539
490.375	0.2523
490.25	0.2507
490.125	0.2515
490.0	0.2507
489.875	0.2507
489.75	0.2507
489.625	0.25
489.5	0.2547
489.375	0.2515
489.25	0.25
489.125	0.25
489.0	0.25
488.875	0.25
488.75	0.25
488.625	0.25
488.5	0.25
488.375	0.25
488.25	0.25
488.125	0.2492
488.0	0.25
487.875	0.25
487.75	0.25
487.625	0.2492
487.5	0.25
487.375	0.2492
487.25	0.2476
487.125	0.25
487.0	0.25
486.875	0.2492
486.75	0.2484
486.625	0.2484
486.5	0.2468
486.375	0.2492
486.25	0.246
486.125	0.25
486.0	0.246
485.875	0.25
485.75	0.2492
485.625	0.2468
485.5	0.2484
485.375	0.25
485.25	0.2484
485.125	0.2492
485.0	0.2476
484.875	0.2492
484.75	0.25
484.625	0.25
484.5	0.25
484.375	0.25
484.25	0.2484
484.125	0.25
484.0	0.25
483.875	0.25
483.75	0.25
483.625	0.25
483.5	0.25
483.375	0.25
483.25	0.2507
483.125	0.25
483.0	0.25
482.875	0.25
482.75	0.25
482.625	0.25
482.5	0.25
482.375	0.25
482.25	0.25
482.125	0.25
482.0	0.25
481.875	0.2492
481.75	0.2515
481.625	0.25
481.5	0.25
481.375	0.25
481.25	0.25
481.125	0.25
481.0	0.25
480.875	0.25
480.75	0.25
480.625	0.25
480.5	0.25
480.375	0.2484
480.25	0.25
480.125	0.25
480.0	0.25
479.875	0.25
479.75	0.25
479.625	0.25
479.5	0.25
479.375	0.25
479.25	0.25
479.125	0.2492
479.0	0.25
478.875	0.2484
478.75	0.2484
478.625	0.25
478.5	0.25
478.375	0.25
478.25	0.25
478.125	0.25
478.0	0.25
477.875	0.2515
477.75	0.25
477.625	0.25
477.5	0.2507
477.375	0.25
477.25	0.2507
477.125	0.25
477.0	0.25
476.875	0.2507
476.75	0.25
476.625	0.25
476.5	0.25
476.375	0.2507
476.25	0.2515
476.125	0.2507
476.0	0.25
475.875	0.25
475.75	0.25
475.625	0.25
475.5	0.25
475.375	0.25
475.25	0.25
475.125	0.25
475.0	0.25
474.875	0.25
474.75	0.25
474.625	0.25
474.5	0.25
474.375	0.25
474.25	0.25
474.125	0.2492
474.0	0.25
473.875	0.25
473.75	0.25
473.625	0.25
473.5	0.25
473.375	0.25
473.25	0.25
473.125	0.25
473.0	0.25
472.875	0.25
472.75	0.25
472.625	0.25
472.5	0.25
472.375	0.25
472.25	0.25
472.125	0.25
472.0	0.25
471.875	0.2484
471.75	0.25
471.625	0.25
471.5	0.25
471.375	0.2492
471.25	0.25
471.125	0.25
471.0	0.2492
470.875	0.25
470.75	0.25
470.625	0.25
470.5	0.25
470.375	0.25
470.25	0.25
470.125	0.2515
470.0	0.25
469.875	0.2515
469.75	0.25
469.625	0.2531
469.5	0.2523
469.375	0.2547
469.25	0.2539
469.125	0.2547
469.0	0.2539
468.875	0.2539
468.75	0.2523
468.625	0.2523
468.5	0.2507
468.375	0.25
468.25	0.2507
468.125	0.25
468.0	0.25
467.875	0.25
467.75	0.2515
467.625	0.25
467.5	0.25
467.375	0.25
467.25	0.25
467.125	0.25
467.0	0.25
466.875	0.25
466.75	0.25
466.625	0.25
466.5	0.25
466.375	0.25
466.25	0.2507
466.125	0.2507
466.0	0.2523
465.875	0.25
465.75	0.2523
465.625	0.2507
465.5	0.2531
465.375	0.2523
465.25	0.2539
465.125	0.2523
465.0	0.2507
464.875	0.2531
464.75	0.2531
464.625	0.2523
464.5	0.2523
464.375	0.2547
464.25	0.2547
464.125	0.2555
464.0	0.2633
463.875	0.2704
463.75	0.2814
463.625	0.2987
463.5	0.3246
463.375	0.3773
463.25	0.4764
463.125	0.636
463.0	0.8152
462.875	0.9693
462.75	1.0691
462.625	1.1155
462.5	1.1273
462.375	1.1226
462.25	1.1014
462.125	1.0723
462.0	1.0385
461.875	0.9976
461.75	0.952
461.625	0.893
461.5	0.8089
461.375	0.6996
461.25	0.5762
461.125	0.4622
461.0	0.3734
460.875	0.3168
460.75	0.2908
460.625	0.2735
460.5	0.2649
460.375	0.2641
460.25	0.2641
460.125	0.2649
460.0	0.2672
459.875	0.2688
459.75	0.272
459.625	0.2727
459.5	0.2735
459.375	0.2743
459.25	0.2767
459.125	0.2783
459.0	0.2783
458.875	0.2783
458.75	0.2775
458.625	0.2783
458.5	0.2759
458.375	0.2743
458.25	0.2735
458.125	0.2735
458.0	0.272
457.875	0.2696
457.75	0.2688
457.625	0.2672
457.5	0.2641
457.375	0.2649
457.25	0.2641
457.125	0.2641
457.0	0.2633
456.875	0.2617
456.75	0.261
456.625	0.2602
456.5	0.261
456.375	0.2594
456.25	0.2594
456.125	0.2594
456.0	0.257
455.875	0.2578
455.75	0.2555
455.625	0.2555
455.5	0.2562
455.375	0.2547
455.25	0.2547
455.125	0.2547
455.0	0.2555
454.875	0.2547
454.75	0.2547
454.625	0.2539
454.5	0.2562
454.375	0.2547
454.25	0.2547
454.125	0.2547
454.0	0.2547
453.875	0.2547
453.75	0.2531
453.625	0.2547
453.5	0.2547
453.375	0.2547
453.25	0.2547
453.125	0.2547
453.0	0.2547
452.875	0.2547
452.75	0.2539
452.625	0.2547
452.5	0.2547
452.375	0.2547
452.25	0.2539
452.125	0.2547
452.0	0.2539
451.875	0.2547
451.75	0.2539
451.625	0.2539
451.5	0.2547
451.375	0.2547
451.25	0.2547
451.125	0.2539
451.0	0.2531
450.875	0.2547
450.75	0.2547
450.625	0.2547
450.5	0.2547
450.375	0.2547
450.25	0.2539
450.125	0.2547
450.0	0.2555
449.875	0.2547
449.75	0.2562
449.625	0.2547
449.5	0.2547
449.375	0.2547
449.25	0.2547
449.125	0.2547
449.0	0.2547
448.875	0.2547
448.75	0.2547
448.625	0.2547
448.5	0.2547
448.375	0.2547
448.25	0.2547
448.125	0.2555
448.0	0.2555
447.875	0.2547
447.75	0.2547
447.625	0.2539
447.5	0.2562
447.375	0.2555
447.25	0.2547
447.125	0.2547
447.0	0.2555
446.875	0.2547
446.75	0.2547
446.625	0.2547
446.5	0.2547
446.375	0.2539
446.25	0.2547
446.125	0.2547
446.0	0.2547
445.875	0.2547
445.75	0.2555
445.625	0.2547
445.5	0.257
445.375	0.2547
445.25	0.2562
445.125	0.2555
445.0	0.257
444.875	0.2586
444.75	0.2578
444.625	0.257
444.5	0.257
444.375	0.2562
444.25	0.2547
444.125	0.2562
444.0	0.2555
443.875	0.2547
443.75	0.2547
443.625	0.2547
443.5	0.2547
443.375	0.2547
443.25	0.2555
443.125	0.2547
443.0	0.2547
442.875	0.2547
442.75	0.2547
442.625	0.2547
442.5	0.2547
442.375	0.2547
442.25	0.2547
442.125	0.2547
442.0	0.2547
441.875	0.2539
441.75	0.2555
441.625	0.2547
441.5	0.2547
441.375	0.2547
441.25	0.2539
441.125	0.2539
441.0	0.2531
440.875	0.2523
440.75	0.2531
440.625	0.2507
440.5	0.2515
440.375	0.2539
440.25	0.2547
440.125	0.2539
440.0	0.2547
439.875	0.2547
439.75	0.2562
439.625	0.2547
439.5	0.2547
439.375	0.2555
439.25	0.2547
439.125	0.2578
439.0	0.2555
438.875	0.2547
438.75	0.2547
438.625	0.2547
438.5	0.2547
438.375	0.2547
438.25	0.2547
438.125	0.2531
438.0	0.2523
437.875	0.2507
437.75	0.2515
437.625	0.2507
437.5	0.2531
437.375	0.25
437.25	0.2507
437.125	0.2515
437.0	0.2515
436.875	0.2547
436.75	0.2539
436.625	0.2531
436.5	0.2507
436.375	0.2531
436.25	0.2531
436.125	0.2523
436.0	0.2531
435.875	0.2539
435.75	0.2539
435.625	0.2547
435.5	0.2539
435.375	0.2547
435.25	0.2547
435.125	0.2547
435.0	0.2547
434.875	0.2555
434.75	0.257
434.625	0.2555
434.5	0.2578
434.375	0.2586
434.25	0.2586
434.125	0.2578
434.0	0.2578
433.875	0.2594
433.75	0.2578
433.625	0.2578
433.5	0.2594
433.375	0.2594
433.25	0.2594
433.125	0.2594
433.0	0.2594
432.875	0.2594
432.75	0.2594
432.625	0.257
432.5	0.2594
432.375	0.2594
432.25	0.2594
432.125	0.2594
432.0	0.2594
431.875	0.2594
431.75	0.2594
431.625	0.2594
431.5	0.2586
431.375	0.257
431.25	0.2594
431.125	0.2594
431.0	0.2586
430.875	0.2594
430.75	0.2586
430.625	0.2594
430.5	0.2594
430.375	0.2594
430.25	0.2594
430.125	0.2594
430.0	0.2602
429.875	0.2594
429.75	0.2594
429.625	0.2602
429.5	0.261
429.375	0.2602
429.25	0.2617
429.125	0.261
429.0	0.2594
428.875	0.2602
428.75	0.2617
428.625	0.261
428.5	0.2633
428.375	0.2641
428.25	0.2641
428.125	0.2641
428.0	0.268
427.875	0.2688
427.75	0.2712
427.625	0.2735
427.5	0.2767
427.375	0.2759
427.25	0.2783
427.125	0.2783
427.0	0.2783
426.875	0.2822
426.75	0.2814
426.625	0.283
426.5	0.2806
426.375	0.2798
426.25	0.2806
426.125	0.279
426.0	0.2783
425.875	0.2775
425.75	0.2743
425.625	0.2759
425.5	0.272
425.375	0.2727
425.25	0.2696
425.125	0.2688
425.0	0.268
424.875	0.2657
424.75	0.2641
424.625	0.2649
424.5	0.2641
424.375	0.2633
424.25	0.2625
424.125	0.2617
424.0	0.2602
423.875	0.2617
423.75	0.2617
423.625	0.2594
423.5	0.2602
423.375	0.2594
423.25	0.2594
423.125	0.2594
423.0	0.2586
422.875	0.2594
422.75	0.2594
422.625	0.2617
422.5	0.261
422.375	0.2594
422.25	0.2594
422.125	0.2586
422.0	0.2594
421.875	0.2594
421.75	0.2594
421.625	0.2594
421.5	0.2594
421.375	0.2594
421.25	0.2594
421.125	0.2594
421.0	0.2594
420.875	0.2594
420.75	0.2578
420.625	0.2594
420.5	0.2594
420.375	0.2586
420.25	0.2594
420.125	0.2594
420.0	0.2578
419.875	0.2562
419.75	0.2555
419.625	0.2562
419.5	0.257
419.375	0.2562
419.25	0.257
419.125	0.2578
419.0	0.2578
418.875	0.2586
418.75	0.2578
418.625	0.2586
418.5	0.2594
418.375	0.2594
418.25	0.2594
418.125	0.2602
418.0	0.261
417.875	0.2594
417.75	0.2602
417.625	0.2602
417.5	0.2602
417.375	0.261
417.25	0.2602
417.125	0.261
417.0	0.2594
416.875	0.2617
416.75	0.2602
416.625	0.2594
416.5	0.2602
416.375	0.2594
416.25	0.261
416.125	0.2641
416.0	0.2641
415.875	0.2641
415.75	0.2641
415.625	0.2641
415.5	0.2665
415.375	0.268
415.25	0.2672
415.125	0.2688
415.0	0.2688
414.875	0.2688
414.75	0.2688
414.625	0.2688
414.5	0.272
414.375	0.2712
414.25	0.2712
414.125	0.2712
414.0	0.2735
413.875	0.2735
413.75	0.2735
413.625	0.2727
413.5	0.2735
413.375	0.2735
413.25	0.2735
413.125	0.2735
413.0	0.2727
412.875	0.2727
412.75	0.2696
412.625	0.2696
412.5	0.2696
412.375	0.2696
412.25	0.2688
412.125	0.2688
412.0	0.2696
411.875	0.2735
411.75	0.2798
411.625	0.2924
411.5	0.3113
411.375	0.3474
411.25	0.3867
411.125	0.43
411.0	0.4583
410.875	0.4779
410.75	0.4834
410.625	0.4842
410.5	0.4811
410.375	0.4756
410.25	0.4677
410.125	0.4575
410.0	0.4481
409.875	0.4371
409.75	0.4221
409.625	0.3993
409.5	0.3702
409.375	0.3411
409.25	0.3105
409.125	0.2916
409.0	0.279
408.875	0.2735
408.75	0.2672
408.625	0.2641
408.5	0.2641
408.375	0.2641
408.25	0.2641
408.125	0.2641
408.0	0.2657
407.875	0.2641
407.75	0.2641
407.625	0.2641
407.5	0.2649
407.375	0.2641
407.25	0.2649
407.125	0.2649
407.0	0.2641
406.875	0.2641
406.75	0.2649
406.625	0.2641
406.5	0.2633
406.375	0.2641
406.25	0.2633
406.125	0.2617
406.0	0.2641
405.875	0.2625
405.75	0.2625
405.625	0.2617
405.5	0.261
405.375	0.2625
405.25	0.261
405.125	0.2617
405.0	0.261
404.875	0.261
404.75	0.2602
404.625	0.2602
404.5	0.261
404.375	0.2625
404.25	0.2625
404.125	0.2617
404.0	0.261
403.875	0.2617
403.75	0.2617
403.625	0.2641
403.5	0.261
403.375	0.2625
403.25	0.2641
403.125	0.261
403.0	0.2625
402.875	0.2641
402.75	0.2617
402.625	0.261
402.5	0.2602
402.375	0.261
402.25	0.2617
402.125	0.261
402.0	0.2594
401.875	0.261
401.75	0.2617
401.625	0.261
401.5	0.2617
401.375	0.2602
401.25	0.2617
401.125	0.2594
401.0	0.2641
400.875	0.2633
400.75	0.2633
400.625	0.2633
400.5	0.2625
400.375	0.2641
400.25	0.2641
400.125	0.2625
400.0	0.2641
399.875	0.2641
399.75	0.2641
399.625	0.2641
399.5	0.2641
399.375	0.2641
399.25	0.2657
399.125	0.2641
399.0	0.2649
398.875	0.2641
398.75	0.2649
398.625	0.2649
398.5	0.2665
398.375	0.2649
398.25	0.2641
398.125	0.2665
398.0	0.2672
397.875	0.2665
397.75	0.2665
397.625	0.2688
397.5	0.2688
397.375	0.268
397.25	0.268
397.125	0.2688
397.0	0.2688
396.875	0.2696
396.75	0.2696
396.625	0.2696
396.5	0.2696
396.375	0.2688
396.25	0.2696
396.125	0.2688
396.0	0.2688
395.875	0.2688
395.75	0.2688
395.625	0.2688
395.5	0.2688
395.375	0.2696
395.25	0.2688
395.125	0.2688
395.0	0.2688
394.875	0.2688
394.75	0.2688
394.625	0.2696
394.5	0.2704
394.375	0.2688
394.25	0.2688
394.125	0.2696
394.0	0.2696
393.875	0.2688
393.75	0.2688
393.625	0.2688
393.5	0.2688
393.375	0.268
393.25	0.2657
393.125	0.2688
393.0	0.268
392.875	0.2657
392.75	0.2641
392.625	0.2649
392.5	0.2641
392.375	0.2625
392.25	0.2617
392.125	0.2602
392.0	0.261
391.875	0.2586
391.75	0.2594
391.625	0.2547
391.5	0.2547
391.375	0.2531
391.25	0.2523
391.125	0.2523
391.0	0.2492
390.875	0.25
390.75	0.2468
390.625	0.2492
390.5	0.2452
390.375	0.2452
390.25	0.2452
390.125	0.246
390.0	0.246
389.875	0.246
389.75	0.2452
389.625	0.2492
389.5	0.25
389.375	0.2523
389.25	0.2539
389.125	0.2547
389.0	0.2594
388.875	0.2594
388.75	0.2625
388.625	0.2641
388.5	0.2633
388.375	0.2641
388.25	0.268
388.125	0.2672
388.0	0.2688
387.875	0.2712
387.75	0.2743
387.625	0.2806
387.5	0.29
387.375	0.2971
387.25	0.3058
387.125	0.3121
387.0	0.3121
386.875	0.3121
386.75	0.3113
386.625	0.3081
386.5	0.3066
386.375	0.3034
386.25	0.3018
386.125	0.2987
386.0	0.2971
385.875	0.2924
385.75	0.2853
385.625	0.2759
385.5	0.2696
385.375	0.2657
385.25	0.2625
385.125	0.2602
385.0	0.2594
384.875	0.2594
384.75	0.2594
384.625	0.2594
384.5	0.2602
384.375	0.2602
384.25	0.2602
384.125	0.2617
384.0	0.2625
383.875	0.261
383.75	0.2641
383.625	0.2641
383.5	0.2641
383.375	0.2641
383.25	0.2641
383.125	0.2641
383.0	0.2641
382.875	0.2641
382.75	0.2641
382.625	0.2633
382.5	0.2641
382.375	0.2641
382.25	0.2641
382.125	0.2641
382.0	0.2641
381.875	0.2641
381.75	0.2641
381.625	0.2641
381.5	0.2641
381.375	0.2649
381.25	0.2641
381.125	0.2665
381.0	0.2649
380.875	0.2641
380.75	0.2641
380.625	0.2649
380.5	0.2641
380.375	0.2641
380.25	0.2649
380.125	0.2649
380.0	0.2649
379.875	0.2641
379.75	0.2641
379.625	0.2633
379.5	0.2633
379.375	0.2633
379.25	0.2625
379.125	0.2625
379.0	0.261
378.875	0.2594
378.75	0.2594
378.625	0.2594
378.5	0.2602
378.375	0.2602
378.25	0.2594
378.125	0.2594
378.0	0.2594
377.875	0.2594
377.75	0.2594
377.625	0.2594
377.5	0.2586
377.375	0.257
377.25	0.2586
377.125	0.2586
377.0	0.2547
376.875	0.2562
376.75	0.2578
376.625	0.2586
376.5	0.257
376.375	0.2562
376.25	0.2562
376.125	0.257
376.0	0.2578
375.875	0.257
375.75	0.2562
375.625	0.2547
375.5	0.2555
375.375	0.257
375.25	0.2578
375.125	0.2578
375.0	0.2562
374.875	0.257
374.75	0.2586
374.625	0.2594
374.5	0.2602
374.375	0.2641
374.25	0.2657
374.125	0.2688
374.0	0.2712
373.875	0.2735
373.75	0.2735
373.625	0.2735
373.5	0.272
373.375	0.2735
373.25	0.2735
373.125	0.272
373.0	0.272
372.875	0.2727
372.75	0.2727
372.625	0.2696
372.5	0.2696
372.375	0.2665
372.25	0.2649
372.125	0.2641
372.0	0.2649
371.875	0.2633
371.75	0.2641
371.625	0.2649
371.5	0.2649
371.375	0.2641
371.25	0.2641
371.125	0.2633
371.0	0.2633
370.875	0.2641
370.75	0.2641
370.625	0.2641
370.5	0.2641
370.375	0.2602
370.25	0.2625
370.125	0.2594
370.0	0.2625
369.875	0.2594
369.75	0.2625
369.625	0.261
369.5	0.2594
369.375	0.2602
369.25	0.2594
369.125	0.2594
369.0	0.2594
368.875	0.2594
368.75	0.2602
368.625	0.2594
368.5	0.2602
368.375	0.2633
368.25	0.261
368.125	0.261
368.0	0.2617
367.875	0.2602
367.75	0.2594
367.625	0.2594
367.5	0.2617
367.375	0.2594
367.25	0.2602
367.125	0.2594
367.0	0.2594
366.875	0.2586
366.75	0.2594
366.625	0.2594
366.5	0.2594
366.375	0.2594
366.25	0.2594
366.125	0.2602
366.0	0.2602
365.875	0.261
365.75	0.2594
365.625	0.2617
365.5	0.261
365.375	0.2594
365.25	0.2594
365.125	0.2594
365.0	0.2594
364.875	0.2594
364.75	0.257
364.625	0.2594
364.5	0.257
364.375	0.2562
364.25	0.2555
364.125	0.2547
364.0	0.2547
363.875	0.2547
363.75	0.2547
363.625	0.2547
363.5	0.2539
363.375	0.2547
363.25	0.2547
363.125	0.2547
363.0	0.2547
362.875	0.2547
362.75	0.2539
362.625	0.2531
362.5	0.2531
362.375	0.2523
362.25	0.2523
362.125	0.2531
362.0	0.2523
361.875	0.2523
361.75	0.25
361.625	0.2515
361.5	0.2507
361.375	0.2531
361.25	0.2515
361.125	0.25
361.0	0.2515
360.875	0.2547
360.75	0.2547
360.625	0.2547
360.5	0.2531
360.375	0.2547
360.25	0.2539
360.125	0.2547
360.0	0.2547
359.875	0.2531
359.75	0.2547
359.625	0.2547
359.5	0.2547
359.375	0.2547
359.25	0.2547
359.125	0.2547
359.0	0.2547
358.875	0.2547
358.75	0.2547
358.625	0.2555
358.5	0.2555
358.375	0.2547
358.25	0.2547
358.125	0.2547
358.0	0.2555
357.875	0.2547
357.75	0.2547
357.625	0.2547
357.5	0.2531
357.375	0.2555
357.25	0.2547
357.125	0.2547
357.0	0.2547
356.875	0.2547
356.75	0.2547
356.625	0.2547
356.5	0.2547
356.375	0.2547
356.25	0.2547
356.125	0.2547
356.0	0.2531
355.875	0.2547
355.75	0.2547
355.625	0.2547
355.5	0.2531
355.375	0.2523
355.25	0.2547
355.125	0.2507
355.0	0.2507
354.875	0.25
354.75	0.25
354.625	0.2515
354.5	0.2507
354.375	0.25
354.25	0.25
354.125	0.25
354.0	0.25
353.875	0.25
353.75	0.25
353.625	0.2507
353.5	0.25
353.375	0.25
353.25	0.25
353.125	0.25
353.0	0.25
352.875	0.25
352.75	0.25
352.625	0.2492
352.5	0.25
352.375	0.2492
352.25	0.25
352.125	0.25
352.0	0.25
351.875	0.2484
351.75	0.2484
351.625	0.2492
351.5	0.2476
351.375	0.25
351.25	0.2484
351.125	0.25
351.0	0.25
350.875	0.25
350.75	0.25
350.625	0.25
350.5	0.25
350.375	0.25
350.25	0.25
350.125	0.2476
350.0	0.25
349.875	0.25
349.75	0.25
349.625	0.25
349.5	0.2507
349.375	0.2507
349.25	0.2515
349.125	0.25
349.0	0.2507
348.875	0.2507
348.75	0.2515
348.625	0.2515
348.5	0.25
348.375	0.2507
348.25	0.2531
348.125	0.2523
348.0	0.2515
347.875	0.2531
347.75	0.2547
347.625	0.2539
347.5	0.2539
347.375	0.2547
347.25	0.2539
347.125	0.2547
347.0	0.2547
346.875	0.2547
346.75	0.2547
346.625	0.2547
346.5	0.257
346.375	0.2578
346.25	0.2562
346.125	0.2562
346.0	0.2578
345.875	0.2586
345.75	0.2578
345.625	0.2586
345.5	0.2594
345.375	0.2594
345.25	0.2586
345.125	0.2578
345.0	0.2586
344.875	0.257
344.75	0.257
344.625	0.2562
344.5	0.257
344.375	0.2547
344.25	0.2547
344.125	0.2547
344.0	0.2547
343.875	0.2547
343.75	0.2547
343.625	0.2539
343.5	0.2539
343.375	0.2523
343.25	0.2547
343.125	0.2523
343.0	0.25
342.875	0.25
342.75	0.2507
342.625	0.25
342.5	0.25
342.375	0.25
342.25	0.2484
342.125	0.25
342.0	0.25
341.875	0.25
341.75	0.25
341.625	0.25
341.5	0.25
341.375	0.2492
341.25	0.2484
341.125	0.25
341.0	0.2492
340.875	0.2492
340.75	0.25
340.625	0.25
340.5	0.25
340.375	0.25
340.25	0.25
340.125	0.25
340.0	0.2484
339.875	0.2492
339.75	0.25
339.625	0.25
339.5	0.2507
339.375	0.25
339.25	0.25
339.125	0.25
339.0	0.25
338.875	0.25
338.75	0.25
338.625	0.25
338.5	0.25
338.375	0.2515
338.25	0.2539
338.125	0.2531
338.0	0.2531
337.875	0.2531
337.75	0.2547
337.625	0.2547
337.5	0.2547
337.375	0.2547
337.25	0.2547
337.125	0.2547
337.0	0.2547
336.875	0.2555
336.75	0.2531
336.625	0.2547
336.5	0.2547
336.375	0.2531
336.25	0.2539
336.125	0.2515
336.0	0.2515
335.875	0.2523
335.75	0.2515
335.625	0.2515
335.5	0.25
335.375	0.25
335.25	0.25
335.125	0.2507
335.0	0.25
334.875	0.25
334.75	0.25
334.625	0.25
334.5	0.25
334.375	0.25
334.25	0.25
334.125	0.25
334.0	0.25
333.875	0.25
333.75	0.25
333.625	0.25
333.5	0.25
333.375	0.25
333.25	0.2476
333.125	0.25
333.0	0.25
332.875	0.25
332.75	0.2492
332.625	0.25
332.5	0.2484
332.375	0.25
332.25	0.2492
332.125	0.25
332.0	0.25
331.875	0.25
331.75	0.25
331.625	0.2484
331.5	0.25
331.375	0.25
331.25	0.25
331.125	0.2507
331.0	0.2484
330.875	0.2492
330.75	0.2492
330.625	0.25
330.5	0.25
330.375	0.2492
330.25	0.25
330.125	0.25
330.0	0.2492
329.875	0.2507
329.75	0.25
329.625	0.25
329.5	0.2492
329.375	0.25
329.25	0.25
329.125	0.2492
329.0	0.2492
328.875	0.2492
328.75	0.2492
328.625	0.2507
328.5	0.25
328.375	0.2492
328.25	0.2484
328.125	0.25
328.0	0.25
327.875	0.25
327.75	0.25
327.625	0.2492
327.5	0.2492
327.375	0.2484
327.25	0.2492
327.125	0.2492
327.0	0.25
326.875	0.2492
326.75	0.25
326.625	0.25
326.5	0.25
326.375	0.2507
326.25	0.2539
326.125	0.2539
326.0	0.2547
325.875	0.2547
325.75	0.2547
325.625	0.2547
325.5	0.2555
325.375	0.2562
325.25	0.257
325.125	0.2594
325.0	0.2594
324.875	0.2586
324.75	0.257
324.625	0.2578
324.5	0.2555
324.375	0.2547
324.25	0.2539
324.125	0.2547
324.0	0.2539
323.875	0.2515
323.75	0.25
323.625	0.2507
323.5	0.25
323.375	0.2492
323.25	0.25
323.125	0.2484
323.0	0.2452
322.875	0.2468
322.75	0.246
322.625	0.2468
322.5	0.2468
322.375	0.2452
322.25	0.2452
322.125	0.2452
322.0	0.246
321.875	0.246
321.75	0.2452
321.625	0.2452
321.5	0.2452
321.375	0.2452
321.25	0.2452
321.125	0.2452
321.0	0.2452
320.875	0.246
320.75	0.2452
320.625	0.2452
320.5	0.2452
320.375	0.2452
320.25	0.2452
320.125	0.246
320.0	0.2452
319.875	0.2452
319.75	0.246
319.625	0.2452
319.5	0.2452
319.375	0.246
319.25	0.246
319.125	0.246
319.0	0.2468
318.875	0.2476
318.75	0.2492
318.625	0.25
318.5	0.25
318.375	0.2492
318.25	0.2484
318.125	0.25
318.0	0.2484
317.875	0.2492
317.75	0.246
317.625	0.2484
317.5	0.2484
317.375	0.2492
317.25	0.2468
317.125	0.246
317.0	0.2492
316.875	0.25
316.75	0.2452
316.625	0.2452
316.5	0.2452
316.375	0.2444
316.25	0.246
316.125	0.2452
316.0	0.246
315.875	0.246
315.75	0.2452
315.625	0.2452
315.5	0.2452
315.375	0.2452
315.25	0.2452
315.125	0.2452
315.0	0.246
314.875	0.2452
314.75	0.2452
314.625	0.2452
314.5	0.2452
314.375	0.2452
314.25	0.2452
314.125	0.2452
314.0	0.2452
313.875	0.2452
313.75	0.2452
313.625	0.2452
313.5	0.2452
313.375	0.2452
313.25	0.2452
313.125	0.2452
313.0	0.2452
312.875	0.2429
312.75	0.2452
312.625	0.2452
312.5	0.2444
312.375	0.2444
312.25	0.2452
312.125	0.2452
312.0	0.2452
311.875	0.2444
311.75	0.2452
311.625	0.2452
311.5	0.2437
311.375	0.2452
311.25	0.2452
311.125	0.2452
311.0	0.2444
310.875	0.2452
310.75	0.2452
310.625	0.2444
310.5	0.2444
310.375	0.2452
310.25	0.2452
310.125	0.2444
310.0	0.2444
309.875	0.2444
309.75	0.2444
309.625	0.2452
309.5	0.2444
309.375	0.2452
309.25	0.2452
309.125	0.2452
309.0	0.2444
308.875	0.2444
308.75	0.2437
308.625	0.2452
308.5	0.2452
308.375	0.2452
308.25	0.2484
308.125	0.2476
308.0	0.25
307.875	0.2492
307.75	0.25
307.625	0.2523
307.5	0.2547
307.375	0.2555
307.25	0.2555
307.125	0.2586
307.0	0.2594
306.875	0.2594
306.75	0.2594
306.625	0.2594
306.5	0.2594
306.375	0.2586
306.25	0.2594
306.125	0.2562
306.0	0.2578
305.875	0.2555
305.75	0.2547
305.625	0.2547
305.5	0.2515
305.375	0.25
305.25	0.25
305.125	0.2492
305.0	0.2484
304.875	0.2468
304.75	0.2468
304.625	0.2452
304.5	0.2468
304.375	0.246
304.25	0.246
304.125	0.2452
304.0	0.2452
303.875	0.2452
303.75	0.2452
303.625	0.2452
303.5	0.2452
303.375	0.2452
303.25	0.246
303.125	0.2452
303.0	0.2452
302.875	0.2452
302.75	0.246
302.625	0.2452
302.5	0.2452
302.375	0.2452
302.25	0.2452
302.125	0.2452
302.0	0.2452
301.875	0.246
301.75	0.2452
301.625	0.246
301.5	0.2452
301.375	0.2452
301.25	0.2452
301.125	0.2476
301.0	0.246
300.875	0.2484
300.75	0.246
300.625	0.2476
300.5	0.2492
300.375	0.2476
300.25	0.2468
300.125	0.2484
