300.0	0.2075
300.125	0.2083
300.25	0.2075
300.375	0.2099
300.5	0.2091
300.625	0.2122
300.75	0.2106
300.875	0.2122
301.0	0.2114
301.125	0.2122
301.25	0.213
301.375	0.2154
301.5	0.2146
301.625	0.2138
301.75	0.2169
301.875	0.2161
302.0	0.2169
302.125	0.2169
302.25	0.2177
302.375	0.2193
302.5	0.2209
302.625	0.2216
302.75	0.2216
302.875	0.2256
303.0	0.2264
303.125	0.2264
303.25	0.2264
303.375	0.2264
303.5	0.2295
303.625	0.2311
303.75	0.2311
303.875	0.2327
304.0	0.2319
304.125	0.2334
304.25	0.2358
304.375	0.235
304.5	0.2358
304.625	0.2358
304.75	0.2358
304.875	0.2358
305.0	0.2366
305.125	0.2382
305.25	0.2382
305.375	0.2389
305.5	0.2389
305.625	0.2397
305.75	0.2405
305.875	0.2405
306.0	0.2405
306.125	0.2429
306.25	0.2452
306.375	0.2452
306.5	0.2484
306.625	0.2452
306.75	0.2492
306.875	0.25
307.0	0.2507
307.125	0.2547
307.25	0.2547
307.375	0.2547
307.5	0.2547
307.625	0.2555
307.75	0.257
307.875	0.2547
308.0	0.2547
308.125	0.2523
308.25	0.25
308.375	0.2476
308.5	0.2452
308.625	0.2437
308.75	0.2405
308.875	0.2382
309.0	0.2311
309.125	0.2311
309.25	0.2272
309.375	0.2256
309.5	0.2209
309.625	0.2193
309.75	0.2169
309.875	0.2169
310.0	0.2146
310.125	0.2122
310.25	0.2122
310.375	0.2114
310.5	0.2083
310.625	0.2106
310.75	0.2075
310.875	0.2075
311.0	0.2075
311.125	0.2075
311.25	0.2075
311.375	0.2075
311.5	0.2075
311.625	0.2075
311.75	0.2083
311.875	0.2075
312.0	0.2075
312.125	0.2067
312.25	0.2075
312.375	0.2075
312.5	0.2059
312.625	0.2075
312.75	0.2075
312.875	0.2075
313.0	0.2075
313.125	0.2075
313.25	0.2067
313.375	0.2075
313.5	0.2075
313.625	0.2075
313.75	0.2075
313.875	0.2075
314.0	0.2075
314.125	0.2075
314.25	0.2075
314.375	0.2075
314.5	0.2122
314.625	0.2099
314.75	0.2122
314.875	0.213
315.0	0.2122
315.125	0.2146
315.25	0.2161
315.375	0.2161
315.5	0.2169
315.625	0.2169
315.75	0.2209
315.875	0.2216
316.0	0.2216
316.125	0.2224
316.25	0.2264
316.375	0.2264
316.5	0.2272
316.625	0.2279
316.75	0.2311
316.875	0.2311
317.0	0.2311
317.125	0.2311
317.25	0.2311
317.375	0.2358
317.5	0.2358
317.625	0.2358
317.75	0.2374
317.875	0.2366
318.0	0.2382
318.125	0.2382
318.25	0.2397
318.375	0.2405
318.5	0.2405
318.625	0.2429
318.75	0.2429
318.875	0.2452
319.0	0.2444
319.125	0.2452
319.25	0.2452
319.375	0.2452
319.5	0.2452
319.625	0.2452
319.75	0.2452
319.875	0.2444
320.0	0.2452
320.125	0.2452
320.25	0.2444
320.375	0.2429
320.5	0.2421
320.625	0.2413
320.75	0.2413
320.875	0.2405
321.0	0.2405
321.125	0.2405
321.25	0.2405
321.375	0.2405
321.5	0.2405
321.625	0.2405
321.75	0.2405
321.875	0.2405
322.0	0.2389
322.125	0.2405
322.25	0.2389
322.375	0.2382
322.5	0.2358
322.625	0.2374
322.75	0.2382
322.875	0.2389
323.0	0.2366
323.125	0.2374
323.25	0.2358
323.375	0.2389
323.5	0.2382
323.625	0.2366
323.75	0.2382
323.875	0.2374
324.0	0.2374
324.125	0.2374
324.25	0.2374
324.375	0.2382
324.5	0.2382
324.625	0.2382
324.75	0.2389
324.875	0.2405
325.0	0.2397
325.125	0.2405
325.25	0.2405
325.375	0.2413
325.5	0.2421
325.625	0.2413
325.75	0.2437
325.875	0.2444
326.0	0.2429
326.125	0.2452
326.25	0.2437
326.375	0.2444
326.5	0.2437
326.625	0.2429
326.75	0.2413
326.875	0.2405
327.0	0.2405
327.125	0.2382
327.25	0.2382
327.375	0.2358
327.5	0.235
327.625	0.2334
327.75	0.2319
327.875	0.2311
328.0	0.2311
328.125	0.2311
328.25	0.2311
328.375	0.2303
328.5	0.2295
328.625	0.2295
328.75	0.2295
328.875	0.2295
329.0	0.2311
329.125	0.2295
329.25	0.2287
329.375	0.2303
329.5	0.2287
329.625	0.2287
329.75	0.2295
329.875	0.2272
330.0	0.2303
330.125	0.2279
330.25	0.2279
330.375	0.2287
330.5	0.2287
330.625	0.2279
330.75	0.2287
330.875	0.2295
331.0	0.2311
331.125	0.2295
331.25	0.2311
331.375	0.2295
331.5	0.2303
331.625	0.2295
331.75	0.2311
331.875	0.2311
332.0	0.2311
332.125	0.2311
332.25	0.2295
332.375	0.2303
332.5	0.2311
332.625	0.2311
332.75	0.2303
332.875	0.2303
333.0	0.2311
333.125	0.2311
333.25	0.2311
333.375	0.2311
333.5	0.2311
333.625	0.2311
333.75	0.2311
333.875	0.2311
334.0	0.2311
334.125	0.2303
334.25	0.2311
334.375	0.2311
334.5	0.2311
334.625	0.2311
334.75	0.2311
334.875	0.2311
335.0	0.2311
335.125	0.2311
335.25	0.2311
335.375	0.2311
335.5	0.2311
335.625	0.2311
335.75	0.2319
335.875	0.2327
336.0	0.2358
336.125	0.2342
336.25	0.2342
336.375	0.2342
336.5	0.2358
336.625	0.2358
336.75	0.2358
336.875	0.2358
337.0	0.235
337.125	0.2358
337.25	0.235
337.375	0.235
337.5	0.2358
337.625	0.2358
337.75	0.2358
337.875	0.2358
338.0	0.2358
338.125	0.2358
338.25	0.2366
338.375	0.2374
338.5	0.2358
338.625	0.2366
338.75	0.2366
338.875	0.2358
339.0	0.2358
339.125	0.2366
339.25	0.2358
339.375	0.2358
339.5	0.2358
339.625	0.235
339.75	0.2358
339.875	0.2358
340.0	0.235
340.125	0.2358
340.25	0.2334
340.375	0.2358
340.5	0.2342
340.625	0.2334
340.75	0.2319
340.875	0.2311
341.0	0.2319
341.125	0.2311
341.25	0.2319
341.375	0.2311
341.5	0.2311
341.625	0.2311
341.75	0.2311
341.875	0.2319
342.0	0.2311
342.125	0.2311
342.25	0.2311
342.375	0.2311
342.5	0.2311
342.625	0.2311
342.75	0.2319
342.875	0.2311
343.0	0.2303
343.125	0.2311
343.25	0.2311
343.375	0.2319
343.5	0.2311
343.625	0.2319
343.75	0.2319
343.875	0.2319
344.0	0.2327
344.125	0.2358
344.25	0.235
344.375	0.235
344.5	0.2358
344.625	0.2358
344.75	0.2358
344.875	0.2366
345.0	0.2358
345.125	0.2374
345.25	0.2389
345.375	0.2389
345.5	0.2405
345.625	0.2405
345.75	0.2405
345.875	0.2405
346.0	0.2413
346.125	0.2405
346.25	0.2429
346.375	0.2421
346.5	0.2437
346.625	0.2429
346.75	0.2429
346.875	0.2405
347.0	0.2405
347.125	0.2405
347.25	0.2397
347.375	0.2397
347.5	0.2405
347.625	0.2374
347.75	0.2358
347.875	0.2358
348.0	0.2358
348.125	0.235
348.25	0.2358
348.375	0.2311
348.5	0.2311
348.625	0.2327
348.75	0.2311
348.875	0.2311
349.0	0.2311
349.125	0.2311
349.25	0.2279
349.375	0.2287
349.5	0.2303
349.625	0.2287
349.75	0.2272
349.875	0.2264
350.0	0.2264
350.125	0.2264
350.25	0.2272
350.375	0.2264
350.5	0.2264
350.625	0.2264
350.75	0.2264
350.875	0.2256
351.0	0.2264
351.125	0.2256
351.25	0.2248
351.375	0.2256
351.5	0.2216
351.625	0.2232
351.75	0.2224
351.875	0.2216
352.0	0.2216
352.125	0.2201
352.25	0.2209
352.375	0.2216
352.5	0.2193
352.625	0.2169
352.75	0.2177
352.875	0.2185
353.0	0.2177
353.125	0.2185
353.25	0.2169
353.375	0.2169
353.5	0.2169
353.625	0.2169
353.75	0.2169
353.875	0.2161
354.0	0.2169
354.125	0.2169
354.25	0.2169
354.375	0.2161
354.5	0.2169
354.625	0.2169
354.75	0.2161
354.875	0.2161
355.0	0.2169
355.125	0.2169
355.25	0.2169
355.375	0.2169
355.5	0.2169
355.625	0.2169
355.75	0.2169
355.875	0.2169
356.0	0.2169
356.125	0.2169
356.25	0.2169
356.375	0.2185
356.5	0.2177
356.625	0.2177
356.75	0.2209
356.875	0.2201
357.0	0.2216
357.125	0.2216
357.25	0.2216
357.375	0.2216
357.5	0.2216
357.625	0.2216
357.75	0.2232
357.875	0.224
358.0	0.2224
358.125	0.2216
358.25	0.224
358.375	0.2232
358.5	0.2232
358.625	0.2248
358.75	0.2224
358.875	0.2232
359.0	0.2248
359.125	0.2256
359.25	0.2256
359.375	0.2264
359.5	0.2264
359.625	0.2264
359.75	0.2264
359.875	0.2256
360.0	0.2264
360.125	0.2264
360.25	0.2264
360.375	0.2264
360.5	0.2264
360.625	0.2264
360.75	0.2264
360.875	0.2248
361.0	0.2264
361.125	0.2272
361.25	0.2272
361.375	0.2264
361.5	0.2287
361.625	0.2287
361.75	0.2287
361.875	0.2279
362.0	0.2311
362.125	0.2303
362.25	0.2311
362.375	0.2311
362.5	0.2311
362.625	0.2311
362.75	0.2311
362.875	0.2319
363.0	0.2327
363.125	0.2358
363.25	0.2358
363.375	0.2366
363.5	0.2358
363.625	0.2389
363.75	0.2405
363.875	0.2405
364.0	0.2437
364.125	0.2452
364.25	0.2452
364.375	0.2452
364.5	0.2468
364.625	0.246
364.75	0.246
364.875	0.25
365.0	0.2468
365.125	0.25
365.25	0.25
365.375	0.2515
365.5	0.25
365.625	0.2531
365.75	0.2531
365.875	0.2547
366.0	0.2562
366.125	0.2586
366.25	0.2594
366.375	0.2594
366.5	0.2594
366.625	0.2594
366.75	0.2602
366.875	0.2602
367.0	0.2633
367.125	0.2625
367.25	0.2617
367.375	0.2617
367.5	0.2594
367.625	0.2594
367.75	0.2594
367.875	0.2594
368.0	0.2586
368.125	0.2586
368.25	0.2594
368.375	0.2594
368.5	0.2602
368.625	0.2602
368.75	0.2602
368.875	0.2602
369.0	0.2617
369.125	0.2625
369.25	0.2602
369.375	0.261
369.5	0.2602
369.625	0.2594
369.75	0.2602
369.875	0.2594
370.0	0.2594
370.125	0.261
370.25	0.2586
370.375	0.2594
370.5	0.2594
370.625	0.2594
370.75	0.2594
370.875	0.2594
371.0	0.2594
371.125	0.2594
371.25	0.2594
371.375	0.2617
371.5	0.2602
371.625	0.2602
371.75	0.2625
371.875	0.2633
372.0	0.2633
372.125	0.2617
372.25	0.2641
372.375	0.2633
372.5	0.2617
372.625	0.2641
372.75	0.2625
372.875	0.2649
373.0	0.2641
373.125	0.2617
373.25	0.2625
373.375	0.2617
373.5	0.2625
373.625	0.2633
373.75	0.2665
373.875	0.268
374.0	0.2688
374.125	0.2696
374.25	0.2696
374.375	0.272
374.5	0.2727
374.625	0.2712
374.75	0.2735
374.875	0.272
375.0	0.2712
375.125	0.272
375.25	0.2688
375.375	0.2672
375.5	0.2633
375.625	0.2633
375.75	0.2586
375.875	0.2547
376.0	0.2547
376.125	0.2539
376.25	0.2547
376.375	0.2531
376.5	0.2531
376.625	0.2539
376.75	0.2539
376.875	0.2539
377.0	0.2523
377.125	0.2531
377.25	0.2539
377.375	0.25
377.5	0.2523
377.625	0.2507
377.75	0.25
377.875	0.25
378.0	0.25
378.125	0.25
378.25	0.25
378.375	0.25
378.5	0.2468
378.625	0.2476
378.75	0.2476
378.875	0.2468
379.0	0.2452
379.125	0.2476
379.25	0.2452
379.375	0.2452
379.5	0.2452
379.625	0.2468
379.75	0.2452
379.875	0.2452
380.0	0.2452
380.125	0.2437
380.25	0.2444
380.375	0.2429
380.5	0.2437
380.625	0.2452
380.75	0.2437
380.875	0.2429
381.0	0.2429
381.125	0.2444
381.25	0.2437
381.375	0.2437
381.5	0.2452
381.625	0.2452
381.75	0.2429
381.875	0.2452
382.0	0.2444
382.125	0.2444
382.25	0.2444
382.375	0.2429
382.5	0.2405
382.625	0.2421
382.75	0.2437
382.875	0.2444
383.0	0.2437
383.125	0.2452
383.25	0.2421
383.375	0.2452
383.5	0.2437
383.625	0.2437
383.75	0.2444
383.875	0.2444
384.0	0.2452
384.125	0.2444
384.25	0.2444
384.375	0.2437
384.5	0.2437
384.625	0.2452
384.75	0.2421
384.875	0.2452
385.0	0.2437
385.125	0.2437
385.25	0.2452
385.375	0.2444
385.5	0.2437
385.625	0.2452
385.75	0.2437
385.875	0.2444
386.0	0.2452
386.125	0.2452
386.25	0.2476
386.375	0.25
386.5	0.2531
386.625	0.257
386.75	0.2641
386.875	0.2735
387.0	0.2838
387.125	0.2893
387.25	0.294
387.375	0.2987
387.5	0.3018
387.625	0.305
387.75	0.3081
387.875	0.3113
388.0	0.3136
388.125	0.316
388.25	0.316
388.375	0.3128
388.5	0.3113
388.625	0.2995
388.75	0.2924
388.875	0.283
389.0	0.2798
389.125	0.2783
389.25	0.2783
389.375	0.2783
389.5	0.2783
389.625	0.2767
389.75	0.2751
389.875	0.2751
390.0	0.2735
390.125	0.2735
390.25	0.2704
390.375	0.2688
390.5	0.2641
390.625	0.2641
390.75	0.2625
390.875	0.2594
391.0	0.2562
391.125	0.2562
391.25	0.2562
391.375	0.2578
391.5	0.2562
391.625	0.257
391.75	0.2586
391.875	0.2562
392.0	0.2594
392.125	0.2586
392.25	0.257
392.375	0.2602
392.5	0.2602
392.625	0.2594
392.75	0.2594
392.875	0.261
393.0	0.2625
393.125	0.2594
393.25	0.2633
393.375	0.2633
393.5	0.2641
393.625	0.2625
393.75	0.2641
393.875	0.2641
394.0	0.2641
394.125	0.2641
394.25	0.2665
394.375	0.2641
394.5	0.2649
394.625	0.2649
394.75	0.2665
394.875	0.2665
395.0	0.2649
395.125	0.2657
395.25	0.2649
395.375	0.2657
395.5	0.2665
395.625	0.2641
395.75	0.2641
395.875	0.2625
396.0	0.2594
396.125	0.2594
396.25	0.2594
396.375	0.257
396.5	0.2555
396.625	0.2547
396.75	0.2547
396.875	0.2547
397.0	0.2539
397.125	0.2507
397.25	0.25
397.375	0.2507
397.5	0.25
397.625	0.25
397.75	0.25
397.875	0.2452
398.0	0.2452
398.125	0.2452
398.25	0.2444
398.375	0.2437
398.5	0.2405
398.625	0.2405
398.75	0.2405
398.875	0.2382
399.0	0.2389
399.125	0.2358
399.25	0.2358
399.375	0.235
399.5	0.2358
399.625	0.2342
399.75	0.2334
399.875	0.2334
400.0	0.2319
400.125	0.2327
400.25	0.2319
400.375	0.2319
400.5	0.2311
400.625	0.2311
400.75	0.2311
400.875	0.2311
401.0	0.2311
401.125	0.2311
401.25	0.2303
401.375	0.2295
401.5	0.2279
401.625	0.2279
401.75	0.2287
401.875	0.2295
402.0	0.2279
402.125	0.2287
402.25	0.2295
402.375	0.2287
402.5	0.2295
402.625	0.2272
402.75	0.2279
402.875	0.2311
403.0	0.2272
403.125	0.2295
403.25	0.2287
403.375	0.2287
403.5	0.2303
403.625	0.2279
403.75	0.2272
403.875	0.2264
404.0	0.2279
404.125	0.2279
404.25	0.2264
404.375	0.2272
404.5	0.2287
404.625	0.2272
404.75	0.2272
404.875	0.2272
405.0	0.2272
405.125	0.2264
405.25	0.2279
405.375	0.2264
405.5	0.2272
405.625	0.2272
405.75	0.2272
405.875	0.2264
406.0	0.2264
406.125	0.2248
406.25	0.2264
406.375	0.2279
406.5	0.2264
406.625	0.2264
406.75	0.2264
406.875	0.2264
407.0	0.2264
407.125	0.2264
407.25	0.2279
407.375	0.2279
407.5	0.2279
407.625	0.2279
407.75	0.2295
407.875	0.2295
408.0	0.2311
408.125	0.2311
408.25	0.2303
408.375	0.2295
408.5	0.2311
408.625	0.2311
408.75	0.2303
408.875	0.2311
409.0	0.2311
409.125	0.2311
409.25	0.2311
409.375	0.2311
409.5	0.2311
409.625	0.2311
409.75	0.2311
409.875	0.2319
410.0	0.2366
410.125	0.2468
410.25	0.2594
410.375	0.2822
410.5	0.3128
410.625	0.3459
410.75	0.3757
410.875	0.4025
411.0	0.4182
411.125	0.4308
411.25	0.4418
411.375	0.4512
411.5	0.4606
411.625	0.4654
411.75	0.4693
411.875	0.4669
412.0	0.4622
412.125	0.4418
412.25	0.4103
412.375	0.3671
412.5	0.3223
412.625	0.2838
412.75	0.261
412.875	0.25
413.0	0.2421
413.125	0.2389
413.25	0.2358
413.375	0.2358
413.5	0.2358
413.625	0.2358
413.75	0.2358
413.875	0.2366
414.0	0.2358
414.125	0.2374
414.25	0.2397
414.375	0.2374
414.5	0.2389
414.625	0.2382
414.75	0.2382
414.875	0.2405
415.0	0.2405
415.125	0.2397
415.25	0.2389
415.375	0.2397
415.5	0.2374
415.625	0.2382
415.75	0.2382
415.875	0.2389
416.0	0.2397
416.125	0.2374
416.25	0.2374
416.375	0.2358
416.5	0.2358
416.625	0.2358
416.75	0.235
416.875	0.2358
417.0	0.2319
417.125	0.2319
417.25	0.2295
417.375	0.2311
417.5	0.2287
417.625	0.2264
417.75	0.2279
417.875	0.2311
418.0	0.2311
418.125	0.2311
418.25	0.2311
418.375	0.2319
418.5	0.2334
418.625	0.2358
418.75	0.235
418.875	0.2358
419.0	0.2366
419.125	0.2358
419.25	0.2358
419.375	0.2374
419.5	0.2358
419.625	0.2374
419.75	0.2358
419.875	0.2358
420.0	0.2366
420.125	0.2374
420.25	0.2358
420.375	0.2358
420.5	0.2358
420.625	0.2358
420.75	0.2358
420.875	0.2358
421.0	0.2358
421.125	0.2358
421.25	0.2366
421.375	0.2366
421.5	0.2374
421.625	0.2382
421.75	0.2374
421.875	0.2405
422.0	0.2405
422.125	0.2405
422.25	0.2397
422.375	0.2405
422.5	0.2421
422.625	0.2437
422.75	0.2421
422.875	0.2429
423.0	0.2437
423.125	0.2429
423.25	0.2437
423.375	0.2437
423.5	0.2413
423.625	0.2429
423.75	0.2413
423.875	0.2421
424.0	0.2421
424.125	0.2421
424.25	0.2429
424.375	0.2421
424.5	0.2421
424.625	0.2405
424.75	0.2421
424.875	0.2444
425.0	0.2444
425.125	0.2429
425.25	0.2437
425.375	0.2452
425.5	0.2476
425.625	0.2484
425.75	0.25
425.875	0.2492
426.0	0.25
426.125	0.2507
426.25	0.2539
426.375	0.2547
426.5	0.2562
426.625	0.257
426.75	0.2594
426.875	0.2602
427.0	0.2633
427.125	0.2649
427.25	0.2665
427.375	0.2672
427.5	0.268
427.625	0.2688
427.75	0.2688
427.875	0.2688
428.0	0.2688
428.125	0.268
428.25	0.2657
428.375	0.2641
428.5	0.2641
428.625	0.2633
428.75	0.2602
428.875	0.2594
429.0	0.257
429.125	0.2547
429.25	0.2515
429.375	0.25
429.5	0.2476
429.625	0.2484
429.75	0.246
429.875	0.246
430.0	0.2452
430.125	0.2452
430.25	0.246
430.375	0.2444
430.5	0.2444
430.625	0.2452
430.75	0.2444
430.875	0.2452
431.0	0.2429
431.125	0.2405
431.25	0.2421
431.375	0.2413
431.5	0.2444
431.625	0.2429
431.75	0.2429
431.875	0.2421
432.0	0.2437
432.125	0.2429
432.25	0.2429
432.375	0.2437
432.5	0.2413
432.625	0.2421
432.75	0.2429
432.875	0.2405
433.0	0.2421
433.125	0.2421
433.25	0.2413
433.375	0.2413
433.5	0.2444
433.625	0.2413
433.75	0.2405
433.875	0.2413
434.0	0.2413
434.125	0.2413
434.25	0.2405
434.375	0.2413
434.5	0.2413
434.625	0.2429
434.75	0.2405
434.875	0.2413
435.0	0.2413
435.125	0.2405
435.25	0.2405
435.375	0.2405
435.5	0.2389
435.625	0.2389
435.75	0.2405
435.875	0.2389
436.0	0.2358
436.125	0.2358
436.25	0.2358
436.375	0.2358
436.5	0.2327
436.625	0.2327
436.75	0.2319
436.875	0.2311
437.0	0.2311
437.125	0.2311
437.25	0.2311
437.375	0.2311
437.5	0.2311
437.625	0.2303
437.75	0.2279
437.875	0.2303
438.0	0.2295
438.125	0.2272
438.25	0.2272
438.375	0.2264
438.5	0.2272
438.625	0.2272
438.75	0.2264
438.875	0.2264
439.0	0.2272
439.125	0.2272
439.25	0.2272
439.375	0.2272
439.5	0.2264
439.625	0.2264
439.75	0.2287
439.875	0.2264
440.0	0.2287
440.125	0.2287
440.25	0.2264
440.375	0.2287
440.5	0.2272
440.625	0.2272
440.75	0.2264
440.875	0.2264
441.0	0.2264
441.125	0.2248
441.25	0.224
441.375	0.2224
441.5	0.2216
441.625	0.2216
441.75	0.2185
441.875	0.2169
442.0	0.2169
442.125	0.2169
442.25	0.2185
442.375	0.2169
442.5	0.2169
442.625	0.2177
442.75	0.2185
442.875	0.2193
443.0	0.2169
443.125	0.2169
443.25	0.2169
443.375	0.2169
443.5	0.2177
443.625	0.2169
443.75	0.2177
443.875	0.2177
444.0	0.2169
444.125	0.2185
444.25	0.2177
444.375	0.2169
444.5	0.2169
444.625	0.2216
444.75	0.2177
444.875	0.2209
445.0	0.2201
445.125	0.2193
445.25	0.2193
445.375	0.2216
445.5	0.2216
445.625	0.2216
445.75	0.2216
445.875	0.2216
446.0	0.2224
446.125	0.2216
446.25	0.2232
446.375	0.2216
446.5	0.2216
446.625	0.2224
446.75	0.2216
446.875	0.2216
447.0	0.2216
447.125	0.2216
447.25	0.2216
447.375	0.2216
447.5	0.2216
447.625	0.2216
447.75	0.2216
447.875	0.2216
448.0	0.2232
448.125	0.224
448.25	0.2232
448.375	0.2264
448.5	0.2264
448.625	0.2264
448.75	0.2264
448.875	0.2272
449.0	0.2264
449.125	0.2272
449.25	0.2279
449.375	0.2287
449.5	0.2287
449.625	0.2279
449.75	0.2311
449.875	0.2303
450.0	0.2311
450.125	0.2311
450.25	0.2311
450.375	0.2303
450.5	0.2311
450.625	0.2311
450.75	0.2311
450.875	0.2311
451.0	0.2311
451.125	0.2319
451.25	0.2311
451.375	0.2311
451.5	0.2311
451.625	0.2319
451.75	0.2311
451.875	0.2311
452.0	0.2327
452.125	0.2311
452.25	0.2311
452.375	0.2311
452.5	0.2311
452.625	0.2327
452.75	0.2311
452.875	0.2319
453.0	0.2319
453.125	0.2311
453.25	0.2319
453.375	0.2319
453.5	0.2319
453.625	0.2342
453.75	0.2319
453.875	0.2334
454.0	0.235
454.125	0.2311
454.25	0.2334
454.375	0.235
454.5	0.2334
454.625	0.235
454.75	0.2334
454.875	0.2334
455.0	0.2327
455.125	0.2334
455.25	0.2342
455.375	0.2334
455.5	0.235
455.625	0.2342
455.75	0.2342
455.875	0.235
456.0	0.2342
456.125	0.2358
456.25	0.2358
456.375	0.2358
456.5	0.2358
456.625	0.2358
456.75	0.2366
456.875	0.2358
457.0	0.2358
457.125	0.2358
457.25	0.2358
457.375	0.2389
457.5	0.2374
457.625	0.2389
457.75	0.2405
457.875	0.2405
458.0	0.2405
458.125	0.2405
458.25	0.2413
458.375	0.2452
458.5	0.2452
458.625	0.2452
458.75	0.2476
458.875	0.2492
459.0	0.25
459.125	0.2507
459.25	0.2539
459.375	0.2547
459.5	0.2547
459.625	0.257
459.75	0.2578
459.875	0.2594
460.0	0.2602
460.125	0.2594
460.25	0.2578
460.375	0.2586
460.5	0.2562
460.625	0.2547
460.75	0.2539
460.875	0.2523
461.0	0.2492
461.125	0.2452
461.25	0.2437
461.375	0.2405
461.5	0.2405
461.625	0.2421
461.75	0.2515
461.875	0.2672
462.0	0.3003
462.125	0.36
462.25	0.4512
462.375	0.5723
462.5	0.7059
462.625	0.827
462.75	0.9174
462.875	0.9803
463.0	1.0267
463.125	1.0652
463.25	1.1014
463.375	1.132
463.5	1.1548
463.625	1.1682
463.75	1.1627
463.875	1.1312
464.0	1.0487
464.125	0.9103
464.25	0.7327
464.375	0.5518
464.5	0.4088
464.625	0.327
464.75	0.2853
464.875	0.2617
465.0	0.2484
465.125	0.2366
465.25	0.2311
465.375	0.2272
465.5	0.2256
465.625	0.2224
465.75	0.2224
465.875	0.2224
466.0	0.2216
466.125	0.2216
466.25	0.2216
466.375	0.2209
466.5	0.2216
466.625	0.2201
466.75	0.2201
466.875	0.2209
467.0	0.2216
467.125	0.2193
467.25	0.2209
467.375	0.2209
467.5	0.2185
467.625	0.2193
467.75	0.2193
467.875	0.2177
468.0	0.2185
468.125	0.2169
468.25	0.2185
468.375	0.2169
468.5	0.2169
468.625	0.2177
468.75	0.2185
468.875	0.2185
469.0	0.2177
469.125	0.2216
469.25	0.2201
469.375	0.2216
469.5	0.2216
469.625	0.2216
469.75	0.2216
469.875	0.2232
470.0	0.2256
470.125	0.2264
470.25	0.2264
470.375	0.2264
470.5	0.2264
470.625	0.2264
470.75	0.2264
470.875	0.2256
471.0	0.2264
471.125	0.2264
471.25	0.2256
471.375	0.2264
471.5	0.2264
471.625	0.2232
471.75	0.2256
471.875	0.2264
472.0	0.224
472.125	0.2264
472.25	0.2264
472.375	0.2264
472.5	0.2264
472.625	0.2264
472.75	0.2272
472.875	0.2264
473.0	0.2264
473.125	0.2264
473.25	0.2264
473.375	0.2279
473.5	0.2279
473.625	0.2279
473.75	0.2287
473.875	0.2287
474.0	0.2287
474.125	0.2295
474.25	0.2303
474.375	0.2311
474.5	0.2295
474.625	0.2303
474.75	0.2311
474.875	0.2311
475.0	0.2311
475.125	0.2295
475.25	0.2303
475.375	0.2311
475.5	0.2287
475.625	0.2287
475.75	0.2311
475.875	0.2311
476.0	0.2311
476.125	0.2311
476.25	0.2311
476.375	0.2311
476.5	0.2311
476.625	0.2303
476.75	0.2303
476.875	0.2311
477.0	0.2311
477.125	0.2295
477.25	0.2311
477.375	0.2319
477.5	0.2311
477.625	0.2311
477.75	0.2311
477.875	0.2311
478.0	0.2311
478.125	0.2319
478.25	0.2311
478.375	0.2311
478.5	0.2319
478.625	0.2311
478.75	0.2311
478.875	0.2311
479.0	0.2311
479.125	0.2311
479.25	0.2303
479.375	0.2311
479.5	0.2303
479.625	0.2287
479.75	0.2295
479.875	0.2287
480.0	0.2287
480.125	0.2295
480.25	0.2264
480.375	0.2279
480.5	0.2272
480.625	0.2295
480.75	0.2272
480.875	0.2272
481.0	0.2303
481.125	0.2287
481.25	0.2295
481.375	0.2279
481.5	0.2279
481.625	0.2272
481.75	0.2287
481.875	0.2287
482.0	0.2287
482.125	0.2279
482.25	0.2264
482.375	0.2295
482.5	0.2264
482.625	0.2272
482.75	0.2287
482.875	0.2264
483.0	0.2272
483.125	0.2272
483.25	0.2264
483.375	0.2264
483.5	0.2272
483.625	0.2264
483.75	0.2264
483.875	0.2272
484.0	0.2272
484.125	0.2264
484.25	0.2264
484.375	0.2264
484.5	0.2264
484.625	0.2272
484.75	0.2264
484.875	0.2264
485.0	0.2264
485.125	0.2264
485.25	0.2264
485.375	0.2264
485.5	0.2264
485.625	0.2264
485.75	0.2264
485.875	0.2264
486.0	0.2264
486.125	0.224
486.25	0.2264
486.375	0.224
486.5	0.2264
486.625	0.2232
486.75	0.224
486.875	0.2248
487.0	0.2224
487.125	0.224
487.25	0.2264
487.375	0.2256
487.5	0.2216
487.625	0.2232
487.75	0.2224
487.875	0.2248
488.0	0.2256
488.125	0.2224
488.25	0.224
488.375	0.224
488.5	0.2216
488.625	0.2232
488.75	0.2224
488.875	0.2248
489.0	0.224
489.125	0.224
489.25	0.2256
489.375	0.2248
489.5	0.2256
489.625	0.2264
489.75	0.224
489.875	0.2248
490.0	0.2264
490.125	0.2264
490.25	0.2264
490.375	0.2264
490.5	0.2264
490.625	0.2264
490.75	0.2272
490.875	0.2272
491.0	0.2264
491.125	0.2272
491.25	0.2264
491.375	0.2279
491.5	0.2279
491.625	0.2287
491.75	0.2295
491.875	0.2311
492.0	0.2311
492.125	0.2311
492.25	0.2311
492.375	0.2311
492.5	0.2311
492.625	0.2327
492.75	0.2311
492.875	0.2327
493.0	0.2334
493.125	0.235
493.25	0.235
493.375	0.2358
493.5	0.2358
493.625	0.2358
493.75	0.2374
493.875	0.2358
494.0	0.2389
494.125	0.2389
494.25	0.2405
494.375	0.2405
494.5	0.2405
494.625	0.2437
494.75	0.2452
494.875	0.2452
495.0	0.246
495.125	0.2468
495.25	0.25
495.375	0.2492
495.5	0.2492
495.625	0.25
495.75	0.2523
495.875	0.2547
496.0	0.2547
496.125	0.2547
496.25	0.2547
496.375	0.2547
496.5	0.2531
496.625	0.25
496.75	0.2507
496.875	0.25
497.0	0.2484
497.125	0.2452
497.25	0.2444
497.375	0.2421
497.5	0.2382
497.625	0.2366
497.75	0.2358
497.875	0.2358
498.0	0.2311
498.125	0.2311
498.25	0.2311
498.375	0.2311
498.5	0.2311
498.625	0.2311
498.75	0.2311
498.875	0.2311
499.0	0.2311
499.125	0.2311
499.25	0.2311
499.375	0.2319
499.5	0.2311
499.625	0.2311
499.75	0.2327
499.875	0.2311
500.0	0.2311
500.125	0.2287
500.25	0.2311
500.375	0.2311
500.5	0.2311
500.625	0.2311
500.75	0.2311
500.875	0.2311
501.0	0.2311
501.125	0.2311
501.25	0.2295
501.375	0.2303
501.5	0.2295
501.625	0.2311
501.75	0.2303
501.875	0.2303
502.0	0.2295
502.125	0.2272
502.25	0.2264
502.375	0.2264
502.5	0.2279
502.625	0.2279
502.75	0.2264
502.875	0.2279
503.0	0.2287
503.125	0.2264
503.25	0.2264
503.375	0.2264
503.5	0.2264
503.625	0.2264
503.75	0.2264
503.875	0.2264
504.0	0.2264
504.125	0.2264
504.25	0.2264
504.375	0.2264
504.5	0.2264
504.625	0.2248
504.75	0.2248
504.875	0.2232
505.0	0.224
505.125	0.2224
505.25	0.224
505.375	0.2224
505.5	0.2216
505.625	0.2224
505.75	0.2216
505.875	0.2216
506.0	0.2216
506.125	0.2216
506.25	0.2201
506.375	0.2209
506.5	0.2216
506.625	0.2169
506.75	0.2216
506.875	0.2201
507.0	0.2216
507.125	0.2209
507.25	0.2216
507.375	0.2209
507.5	0.2185
507.625	0.2185
507.75	0.2193
507.875	0.2216
508.0	0.2209
508.125	0.2201
508.25	0.2201
508.375	0.2209
508.5	0.2201
508.625	0.2201
508.75	0.2185
508.875	0.2201
509.0	0.2209
509.125	0.2209
509.25	0.2216
509.375	0.2216
509.5	0.2216
509.625	0.2216
509.75	0.2216
509.875	0.2224
510.0	0.2216
510.125	0.2216
510.25	0.2216
510.375	0.2216
510.5	0.2216
510.625	0.2216
510.75	0.2248
510.875	0.2216
511.0	0.2216
511.125	0.2232
511.25	0.2216
511.375	0.2216
511.5	0.2216
511.625	0.2216
511.75	0.2216
511.875	0.2216
512.0	0.2216
512.125	0.2216
512.25	0.2224
512.375	0.2232
512.5	0.2224
512.625	0.2216
512.75	0.2216
512.875	0.2216
513.0	0.2216
513.125	0.2232
513.25	0.2216
513.375	0.2216
513.5	0.2216
513.625	0.2224
513.75	0.2216
513.875	0.2232
514.0	0.2264
514.125	0.2216
514.25	0.2256
514.375	0.2256
514.5	0.2248
514.625	0.2264
514.75	0.2256
514.875	0.2264
515.0	0.2264
515.125	0.2264
515.25	0.2264
515.375	0.2264
515.5	0.2264
515.625	0.2272
515.75	0.2264
515.875	0.2264
516.0	0.2264
516.125	0.2264
516.25	0.2272
516.375	0.2279
516.5	0.2264
516.625	0.2264
516.75	0.2272
516.875	0.2272
517.0	0.2264
517.125	0.2272
517.25	0.2264
517.375	0.2272
517.5	0.2272
517.625	0.2264
517.75	0.2264
517.875	0.2264
518.0	0.2264
518.125	0.2264
518.25	0.2264
518.375	0.2272
518.5	0.2279
518.625	0.2264
518.75	0.2264
518.875	0.2279
519.0	0.2264
519.125	0.2279
519.25	0.2264
519.375	0.2279
519.5	0.2272
519.625	0.2287
519.75	0.2264
519.875	0.2264
520.0	0.2272
520.125	0.2272
520.25	0.2264
520.375	0.2264
520.5	0.2272
520.625	0.2264
520.75	0.2272
520.875	0.2264
521.0	0.2264
521.125	0.2264
521.25	0.2264
521.375	0.2264
521.5	0.2264
521.625	0.2264
521.75	0.2264
521.875	0.2264
522.0	0.2264
522.125	0.2264
522.25	0.2264
522.375	0.2256
522.5	0.2264
522.625	0.2264
522.75	0.2264
522.875	0.2264
523.0	0.2264
523.125	0.2264
523.25	0.2264
523.375	0.2256
523.5	0.2264
523.625	0.2264
523.75	0.2264
523.875	0.2264
524.0	0.2264
524.125	0.2264
524.25	0.2264
524.375	0.2264
524.5	0.2264
524.625	0.2256
524.75	0.2264
524.875	0.2264
525.0	0.2248
525.125	0.2232
525.25	0.2248
525.375	0.2248
525.5	0.2232
525.625	0.2232
525.75	0.2248
525.875	0.2248
526.0	0.2224
526.125	0.2216
526.25	0.2216
526.375	0.2216
526.5	0.2216
526.625	0.2224
526.75	0.2216
526.875	0.2216
527.0	0.2216
527.125	0.2209
527.25	0.2216
527.375	0.2216
527.5	0.2201
527.625	0.2185
527.75	0.2185
527.875	0.2216
528.0	0.2169
528.125	0.2177
528.25	0.2177
528.375	0.2169
528.5	0.2169
528.625	0.2169
528.75	0.2161
528.875	0.2169
529.0	0.2169
529.125	0.2154
529.25	0.2154
529.375	0.213
529.5	0.2122
529.625	0.2138
529.75	0.2122
529.875	0.2138
530.0	0.2122
530.125	0.2138
530.25	0.213
530.375	0.213
530.5	0.2138
530.625	0.2138
530.75	0.213
530.875	0.2138
531.0	0.2122
531.125	0.2122
531.25	0.213
531.375	0.213
531.5	0.2138
531.625	0.213
531.75	0.2154
531.875	0.2146
532.0	0.213
532.125	0.2146
532.25	0.2122
532.375	0.2138
532.5	0.213
532.625	0.2138
532.75	0.2138
532.875	0.2122
533.0	0.2146
533.125	0.2154
533.25	0.2161
533.375	0.2146
533.5	0.2169
533.625	0.2169
533.75	0.2146
533.875	0.2161
534.0	0.2161
534.125	0.2169
534.25	0.2161
534.375	0.2169
534.5	0.2169
534.625	0.2169
534.75	0.2169
534.875	0.2177
535.0	0.2185
535.125	0.2193
535.25	0.2201
535.375	0.2209
535.5	0.2216
535.625	0.2216
535.75	0.2216
535.875	0.2216
536.0	0.2248
536.125	0.2256
536.25	0.2264
536.375	0.2264
536.5	0.2264
536.625	0.2272
536.75	0.2272
536.875	0.2287
537.0	0.2311
537.125	0.2311
537.25	0.2303
537.375	0.2303
537.5	0.2303
537.625	0.2287
537.75	0.2264
537.875	0.2287
538.0	0.2272
538.125	0.2264
538.25	0.2264
538.375	0.2264
538.5	0.2264
538.625	0.2256
538.75	0.2248
538.875	0.2232
539.0	0.2224
539.125	0.2224
539.25	0.2232
539.375	0.2224
539.5	0.2216
539.625	0.2232
539.75	0.2216
539.875	0.224
540.0	0.2232
540.125	0.2224
540.25	0.2248
540.375	0.2256
540.5	0.2216
540.625	0.2232
540.75	0.2224
540.875	0.2232
541.0	0.224
541.125	0.2232
541.25	0.2224
541.375	0.2224
541.5	0.2216
541.625	0.2216
541.75	0.2256
541.875	0.2224
542.0	0.2264
542.125	0.224
542.25	0.2248
542.375	0.2256
542.5	0.2248
542.625	0.2264
542.75	0.2264
542.875	0.2264
543.0	0.2248
543.125	0.2248
543.25	0.2264
543.375	0.2256
543.5	0.2248
543.625	0.2256
543.75	0.2224
543.875	0.2232
544.0	0.2256
544.125	0.2256
544.25	0.2216
544.375	0.2248
544.5	0.2264
544.625	0.224
544.75	0.2264
544.875	0.2248
545.0	0.224
545.125	0.2232
545.25	0.2256
545.375	0.2264
545.5	0.2256
545.625	0.2248
545.75	0.2248
545.875	0.2248
546.0	0.2264
546.125	0.2248
546.25	0.2224
546.375	0.2264
546.5	0.2232
546.625	0.2232
546.75	0.224
546.875	0.224
547.0	0.2216
547.125	0.2232
547.25	0.2216
547.375	0.2216
547.5	0.2216
547.625	0.2216
547.75	0.2216
547.875	0.2216
548.0	0.2216
548.125	0.2216
548.25	0.2201
548.375	0.2209
548.5	0.2193
548.625	0.2201
548.75	0.2193
548.875	0.2193
549.0	0.2209
549.125	0.2193
549.25	0.2201
549.375	0.2185
549.5	0.2169
549.625	0.2169
549.75	0.2169
549.875	0.2201
550.0	0.2209
550.125	0.2169
550.25	0.2193
550.375	0.2177
550.5	0.2193
550.625	0.2185
550.75	0.2169
550.875	0.2169
551.0	0.2169
551.125	0.2169
551.25	0.2169
551.375	0.2177
551.5	0.2169
551.625	0.2154
551.75	0.2146
551.875	0.2169
552.0	0.2169
552.125	0.2169
552.25	0.2169
552.375	0.2169
552.5	0.2169
552.625	0.2169
552.75	0.2177
552.875	0.2169
553.0	0.2169
553.125	0.2177
553.25	0.2169
553.375	0.2201
553.5	0.2177
553.625	0.2193
553.75	0.2201
553.875	0.2185
554.0	0.2193
554.125	0.2193
554.25	0.2216
554.375	0.2209
554.5	0.2216
554.625	0.2216
554.75	0.2209
554.875	0.2209
555.0	0.2216
555.125	0.2216
555.25	0.2224
555.375	0.2216
555.5	0.2224
555.625	0.224
555.75	0.224
555.875	0.2216
556.0	0.2232
556.125	0.224
556.25	0.2256
556.375	0.2256
556.5	0.2256
556.625	0.224
556.75	0.2264
556.875	0.2264
557.0	0.2264
557.125	0.2264
557.25	0.2264
557.375	0.2264
557.5	0.2264
557.625	0.2272
557.75	0.2264
557.875	0.2272
558.0	0.2279
558.125	0.2279
558.25	0.2279
558.375	0.2295
558.5	0.2279
558.625	0.2272
558.75	0.2264
558.875	0.2272
559.0	0.2287
559.125	0.2264
559.25	0.2264
559.375	0.2264
559.5	0.2264
559.625	0.2264
559.75	0.2264
559.875	0.2264
560.0	0.2256
560.125	0.2272
560.25	0.2264
560.375	0.2264
560.5	0.2264
560.625	0.2272
560.75	0.2272
560.875	0.2264
561.0	0.2264
561.125	0.2264
561.25	0.2264
561.375	0.2264
561.5	0.2264
561.625	0.2264
561.75	0.2264
561.875	0.2256
562.0	0.2248
562.125	0.2256
562.25	0.2264
562.375	0.2264
562.5	0.224
562.625	0.2264
562.75	0.2232
562.875	0.2264
563.0	0.2264
563.125	0.2256
563.25	0.2264
563.375	0.2264
563.5	0.2264
563.625	0.2264
563.75	0.2264
563.875	0.2248
564.0	0.2248
564.125	0.2264
564.25	0.2256
564.375	0.2248
564.5	0.2248
564.625	0.2264
564.75	0.2256
564.875	0.2264
565.0	0.2256
565.125	0.2232
565.25	0.2232
565.375	0.2224
565.5	0.2216
565.625	0.2216
565.75	0.2216
565.875	0.2224
566.0	0.2216
566.125	0.2216
566.25	0.2216
566.375	0.2216
566.5	0.2209
566.625	0.2177
566.75	0.2193
566.875	0.2169
567.0	0.2169
567.125	0.2193
567.25	0.2169
567.375	0.2169
567.5	0.2169
567.625	0.2169
567.75	0.2169
567.875	0.2169
568.0	0.2169
568.125	0.2154
568.25	0.2169
568.375	0.2169
568.5	0.2169
568.625	0.2169
568.75	0.2169
568.875	0.2161
569.0	0.2169
569.125	0.2169
569.25	0.2161
569.375	0.2169
569.5	0.2185
569.625	0.2169
569.75	0.2169
569.875	0.2169
570.0	0.2169
570.125	0.2209
570.25	0.2185
570.375	0.2177
570.5	0.2185
570.625	0.2177
570.75	0.2185
570.875	0.2185
571.0	0.2201
571.125	0.2169
571.25	0.2169
571.375	0.2177
571.5	0.2177
571.625	0.2169
571.75	0.2154
571.875	0.2169
572.0	0.2169
572.125	0.2169
572.25	0.2169
572.375	0.2154
572.5	0.2161
572.625	0.2154
572.75	0.2161
572.875	0.2146
573.0	0.2138
573.125	0.2169
573.25	0.2169
573.375	0.2169
573.5	0.2169
573.625	0.2169
573.75	0.2169
573.875	0.2169
574.0	0.2169
574.125	0.2169
574.25	0.2169
574.375	0.2185
574.5	0.2177
574.625	0.2201
574.75	0.2193
574.875	0.2193
575.0	0.2185
575.125	0.2193
575.25	0.2193
575.375	0.2193
575.5	0.2185
575.625	0.2185
575.75	0.2177
575.875	0.2209
576.0	0.2201
576.125	0.2201
576.25	0.2201
576.375	0.2209
576.5	0.2209
576.625	0.2193
576.75	0.2209
576.875	0.2201
577.0	0.2193
577.125	0.2216
577.25	0.2216
577.375	0.2216
577.5	0.2232
577.625	0.2224
577.75	0.2224
577.875	0.224
578.0	0.2264
578.125	0.2264
578.25	0.2256
578.375	0.2264
578.5	0.2264
578.625	0.2279
578.75	0.2264
578.875	0.2279
579.0	0.2279
579.125	0.2295
579.25	0.2287
579.375	0.2303
579.5	0.2303
579.625	0.2303
579.75	0.2303
579.875	0.2311
580.0	0.2311
580.125	0.2303
580.25	0.2272
580.375	0.2303
580.5	0.2287
580.625	0.2279
580.75	0.2303
580.875	0.2287
581.0	0.2303
581.125	0.2272
581.25	0.2272
581.375	0.2279
581.5	0.2287
581.625	0.2303
581.75	0.2311
581.875	0.2287
582.0	0.2311
582.125	0.2295
582.25	0.2279
582.375	0.2311
582.5	0.2279
582.625	0.2311
582.75	0.2295
582.875	0.2311
583.0	0.2303
583.125	0.2311
583.25	0.2311
583.375	0.2287
583.5	0.2311
583.625	0.2311
583.75	0.2311
583.875	0.2311
584.0	0.2311
584.125	0.2311
584.25	0.2311
584.375	0.2311
584.5	0.2311
584.625	0.2327
584.75	0.2311
584.875	0.2311
585.0	0.2311
585.125	0.2311
585.25	0.2311
585.375	0.2311
585.5	0.2303
585.625	0.2303
585.75	0.2287
585.875	0.2303
586.0	0.2303
586.125	0.2272
586.25	0.2287
586.375	0.2295
586.5	0.2287
586.625	0.2287
586.75	0.2272
586.875	0.2272
587.0	0.2295
587.125	0.2279
587.25	0.2279
587.375	0.2272
587.5	0.2272
587.625	0.2264
587.75	0.2264
587.875	0.2264
588.0	0.2287
588.125	0.2279
588.25	0.2311
588.375	0.2295
588.5	0.2303
588.625	0.2303
588.75	0.2319
588.875	0.2311
589.0	0.2311
589.125	0.235
589.25	0.2358
589.375	0.2358
589.5	0.235
589.625	0.2374
589.75	0.2397
589.875	0.2405
590.0	0.2405
590.125	0.2389
590.25	0.2405
590.375	0.2413
590.5	0.2405
590.625	0.2437
590.75	0.2429
590.875	0.2413
591.0	0.2405
591.125	0.2437
591.25	0.2437
591.375	0.2421
591.5	0.2413
591.625	0.2405
591.75	0.2405
591.875	0.2421
592.0	0.2437
592.125	0.2452
592.25	0.2437
592.375	0.2421
592.5	0.2444
592.625	0.2444
592.75	0.2444
592.875	0.2452
593.0	0.2452
593.125	0.2444
593.25	0.2452
593.375	0.2437
593.5	0.2413
593.625	0.2429
593.75	0.2397
593.875	0.2405
594.0	0.2405
594.125	0.2405
594.25	0.2405
594.375	0.2405
594.5	0.2405
594.625	0.2382
594.75	0.2366
594.875	0.2366
595.0	0.2358
595.125	0.235
595.25	0.235
595.375	0.2327
595.5	0.2334
595.625	0.2311
595.75	0.2311
595.875	0.2279
596.0	0.2264
596.125	0.2264
596.25	0.224
596.375	0.2224
596.5	0.2216
596.625	0.2216
596.75	0.2193
596.875	0.2193
597.0	0.2169
597.125	0.2169
597.25	0.2154
597.375	0.2122
597.5	0.2122
597.625	0.2122
597.75	0.2083
597.875	0.2091
598.0	0.2083
598.125	0.2075
598.25	0.2075
598.375	0.2075
598.5	0.2075
598.625	0.2075
598.75	0.2059
598.875	0.2075
599.0	0.2051
599.125	0.2075
599.25	0.2075
599.375	0.2075
599.5	0.2075
599.625	0.2075
599.75	0.2075
599.875	0.2075
600.0	0.2075
600.125	0.2075
600.25	0.2075
600.375	0.2075
600.5	0.2075
600.625	0.2075
600.75	0.2075
600.875	0.2114
601.0	0.2099
601.125	0.2114
601.25	0.2114
601.375	0.2122
601.5	0.2122
601.625	0.2122
601.75	0.213
601.875	0.2122
602.0	0.213
602.125	0.213
602.25	0.2122
602.375	0.213
602.5	0.2122
602.625	0.2122
602.75	0.2122
602.875	0.2106
603.0	0.2114
603.125	0.2114
603.25	0.2106
603.375	0.2075
603.5	0.2099
603.625	0.2075
603.75	0.2091
603.875	0.2075
604.0	0.2067
604.125	0.2083
604.25	0.2083
604.375	0.2067
604.5	0.2075
604.625	0.2083
604.75	0.2059
604.875	0.2075
605.0	0.2075
605.125	0.2075
605.25	0.2075
605.375	0.2091
605.5	0.2114
605.625	0.2091
605.75	0.2114
605.875	0.2122
606.0	0.2122
606.125	0.2122
606.25	0.2154
606.375	0.2169
606.5	0.2185
606.625	0.2185
606.75	0.2193
606.875	0.2169
607.0	0.2193
607.125	0.2224
607.25	0.224
607.375	0.2216
607.5	0.2224
607.625	0.2264
607.75	0.2264
607.875	0.2232
608.0	0.2248
608.125	0.2264
608.25	0.2264
608.375	0.2272
608.5	0.2279
608.625	0.2279
608.75	0.2311
608.875	0.2311
609.0	0.2295
609.125	0.2303
609.25	0.2311
609.375	0.2334
609.5	0.2327
609.625	0.2342
609.75	0.2358
609.875	0.235
610.0	0.2358
610.125	0.235
610.25	0.2334
610.375	0.2358
610.5	0.2342
610.625	0.2358
610.75	0.2358
610.875	0.2334
611.0	0.2334
611.125	0.235
611.25	0.2358
611.375	0.235
611.5	0.235
611.625	0.2358
611.75	0.2327
611.875	0.235
612.0	0.2358
612.125	0.2334
612.25	0.2358
612.375	0.2358
612.5	0.235
612.625	0.2334
612.75	0.2358
612.875	0.2358
613.0	0.2358
613.125	0.2334
613.25	0.235
613.375	0.2358
613.5	0.2358
613.625	0.2358
613.75	0.2358
613.875	0.2358
614.0	0.2342
614.125	0.2334
614.25	0.2334
614.375	0.2334
614.5	0.2327
614.625	0.2319
614.75	0.2334
614.875	0.2311
615.0	0.2319
615.125	0.2319
615.25	0.2311
615.375	0.2311
615.5	0.2319
615.625	0.2311
615.75	0.2311
615.875	0.2311
616.0	0.2311
616.125	0.2295
616.25	0.2287
616.375	0.2279
616.5	0.2287
616.625	0.2272
616.75	0.2279
616.875	0.2264
617.0	0.2264
617.125	0.2264
617.25	0.2279
617.375	0.2264
617.5	0.2264
617.625	0.2272
617.75	0.2264
617.875	0.2264
618.0	0.2264
618.125	0.2264
618.25	0.2264
618.375	0.2256
618.5	0.2264
618.625	0.2256
618.75	0.2248
618.875	0.224
619.0	0.2256
619.125	0.2256
619.25	0.2248
619.375	0.2224
619.5	0.2216
619.625	0.2216
619.75	0.2216
619.875	0.2216
620.0	0.2209
620.125	0.2216
620.25	0.2216
620.375	0.2224
620.5	0.2216
620.625	0.2216
620.75	0.2216
620.875	0.2216
621.0	0.2216
621.125	0.2209
621.25	0.2216
621.375	0.2216
621.5	0.2216
621.625	0.2209
621.75	0.2216
621.875	0.2216
622.0	0.2216
622.125	0.2216
622.25	0.2216
622.375	0.2216
622.5	0.2216
622.625	0.2216
622.75	0.2209
622.875	0.2216
623.0	0.2209
623.125	0.2216
623.25	0.2216
623.375	0.2216
623.5	0.2216
623.625	0.2216
623.75	0.2216
623.875	0.2216
624.0	0.2216
624.125	0.2216
624.25	0.2216
624.375	0.2216
624.5	0.2216
624.625	0.2216
624.75	0.2216
624.875	0.2224
625.0	0.2209
625.125	0.2216
625.25	0.2216
625.375	0.2216
625.5	0.2216
625.625	0.2232
625.75	0.2216
625.875	0.2232
626.0	0.2216
626.125	0.2216
626.25	0.2216
626.375	0.2216
626.5	0.2224
626.625	0.2216
626.75	0.2216
626.875	0.2216
627.0	0.2224
627.125	0.2224
627.25	0.2224
627.375	0.224
627.5	0.2216
627.625	0.2216
627.75	0.2248
627.875	0.224
628.0	0.2256
628.125	0.2264
628.25	0.2264
628.375	0.2264
628.5	0.2256
628.625	0.2264
628.75	0.2264
628.875	0.2256
629.0	0.2264
629.125	0.2264
629.25	0.2264
629.375	0.2279
629.5	0.2264
629.625	0.2272
629.75	0.2264
629.875	0.2279
630.0	0.2279
630.125	0.2272
630.25	0.2303
630.375	0.2295
630.5	0.2303
630.625	0.2311
630.75	0.2311
630.875	0.2311
631.0	0.2319
631.125	0.2327
631.25	0.235
631.375	0.2382
631.5	0.2468
631.625	0.261
631.75	0.2932
631.875	0.3522
632.0	0.4583
632.125	0.6273
632.25	0.86
632.375	1.136
632.5	1.4001
632.625	1.61
632.75	1.7555
632.875	1.8718
633.0	1.9646
633.125	2.0448
633.25	2.1171
633.375	2.1705
633.5	2.1988
633.625	2.1886
633.75	2.1132
633.875	1.9213
634.0	1.6265
634.125	1.257
634.25	0.9025
634.375	0.6242
634.5	0.4614
634.625	0.3734
634.75	0.3199
634.875	0.2861
635.0	0.2672
635.125	0.2547
635.25	0.2444
635.375	0.2405
635.5	0.2358
635.625	0.2358
635.75	0.2358
635.875	0.235
636.0	0.2358
636.125	0.235
636.25	0.235
636.375	0.235
636.5	0.235
636.625	0.2327
636.75	0.2327
636.875	0.2311
637.0	0.2311
637.125	0.2311
637.25	0.2311
637.375	0.2272
637.5	0.2295
637.625	0.2279
637.75	0.2264
637.875	0.2264
638.0	0.2264
638.125	0.2264
638.25	0.2256
638.375	0.2264
638.5	0.2232
638.625	0.2216
638.75	0.2224
638.875	0.2216
639.0	0.2216
639.125	0.2216
639.25	0.2224
639.375	0.2216
639.5	0.2216
639.625	0.2216
639.75	0.2216
639.875	0.2216
640.0	0.2216
640.125	0.2216
640.25	0.2216
640.375	0.2216
640.5	0.2216
640.625	0.2216
640.75	0.2201
640.875	0.2216
641.0	0.2216
641.125	0.2216
641.25	0.2201
641.375	0.2193
641.5	0.2209
641.625	0.2209
641.75	0.2201
641.875	0.2209
642.0	0.2216
642.125	0.2216
642.25	0.2201
642.375	0.2193
642.5	0.2216
642.625	0.2193
642.75	0.2201
642.875	0.2185
643.0	0.2185
643.125	0.2201
643.25	0.2201
643.375	0.2209
643.5	0.2209
643.625	0.2193
643.75	0.2216
643.875	0.2201
644.0	0.2193
644.125	0.2209
644.25	0.2216
644.375	0.2177
644.5	0.2201
644.625	0.2193
644.75	0.2193
644.875	0.2169
645.0	0.2169
645.125	0.2193
645.25	0.2185
645.375	0.2193
645.5	0.2185
645.625	0.2177
645.75	0.2185
645.875	0.2185
646.0	0.2209
646.125	0.2201
646.25	0.2201
646.375	0.2209
646.5	0.2177
646.625	0.2193
646.75	0.2169
646.875	0.2216
647.0	0.2201
647.125	0.2201
647.25	0.2216
647.375	0.2177
647.5	0.2185
647.625	0.2193
647.75	0.2201
647.875	0.2193
648.0	0.2201
648.125	0.2216
648.25	0.2216
648.375	0.2209
648.5	0.2216
648.625	0.2201
648.75	0.2201
648.875	0.2216
649.0	0.2216
649.125	0.2216
649.25	0.2209
649.375	0.2216
649.5	0.2201
649.625	0.2216
649.75	0.2209
649.875	0.2216
650.0	0.2216
650.125	0.2216
650.25	0.2216
650.375	0.2209
650.5	0.2209
650.625	0.2216
650.75	0.2216
650.875	0.2216
651.0	0.2216
651.125	0.2216
651.25	0.2216
651.375	0.2209
651.5	0.2216
651.625	0.2224
651.75	0.2224
651.875	0.2216
652.0	0.2216
652.125	0.224
652.25	0.2216
652.375	0.2232
652.5	0.2264
652.625	0.2248
652.75	0.2256
652.875	0.2224
653.0	0.2248
653.125	0.2248
653.25	0.2224
653.375	0.224
653.5	0.2224
653.625	0.2216
653.75	0.2216
653.875	0.2232
654.0	0.2216
654.125	0.2248
654.25	0.2232
654.375	0.224
654.5	0.2224
654.625	0.224
654.75	0.224
654.875	0.224
655.0	0.2216
655.125	0.2224
655.25	0.2224
655.375	0.2224
655.5	0.2216
655.625	0.2216
655.75	0.2216
655.875	0.2216
656.0	0.2232
656.125	0.2224
656.25	0.2232
656.375	0.2216
656.5	0.2224
656.625	0.2216
656.75	0.2232
656.875	0.2232
657.0	0.2216
657.125	0.2224
657.25	0.2216
657.375	0.2216
657.5	0.2216
657.625	0.224
657.75	0.2216
657.875	0.2216
658.0	0.2232
658.125	0.2224
658.25	0.2216
658.375	0.2224
658.5	0.2232
658.625	0.2264
658.75	0.2232
658.875	0.2232
659.0	0.224
659.125	0.224
659.25	0.2232
659.375	0.2256
659.5	0.2232
659.625	0.224
659.75	0.2248
659.875	0.2248
660.0	0.2256
660.125	0.224
660.25	0.2232
660.375	0.2232
660.5	0.2216
660.625	0.2224
660.75	0.2216
660.875	0.2216
661.0	0.2216
661.125	0.2209
661.25	0.2216
661.375	0.2216
661.5	0.2216
661.625	0.2216
661.75	0.2201
661.875	0.2209
662.0	0.2216
662.125	0.2216
662.25	0.2209
662.375	0.2201
662.5	0.2216
662.625	0.2224
662.75	0.2216
662.875	0.2216
663.0	0.224
663.125	0.2264
663.25	0.2264
663.375	0.2264
663.5	0.2272
663.625	0.2287
663.75	0.2264
663.875	0.2295
664.0	0.2311
664.125	0.2311
664.25	0.2334
664.375	0.2327
664.5	0.235
664.625	0.2358
664.75	0.2358
664.875	0.2358
665.0	0.2366
665.125	0.2358
665.25	0.2358
665.375	0.2366
665.5	0.2374
665.625	0.2374
665.75	0.2358
665.875	0.2358
666.0	0.2382
666.125	0.2358
666.25	0.2382
666.375	0.2389
666.5	0.2358
666.625	0.2389
666.75	0.2358
666.875	0.2358
667.0	0.2366
667.125	0.2358
667.25	0.2366
667.375	0.2374
667.5	0.2374
667.625	0.2382
667.75	0.2358
667.875	0.2374
668.0	0.2358
668.125	0.2358
668.25	0.2358
668.375	0.2366
668.5	0.2358
668.625	0.2358
668.75	0.2358
668.875	0.2366
669.0	0.2382
669.125	0.2366
669.25	0.2374
669.375	0.2358
669.5	0.2366
669.625	0.2358
669.75	0.2358
669.875	0.2366
670.0	0.2358
670.125	0.2358
670.25	0.2358
670.375	0.2358
670.5	0.2358
670.625	0.2366
670.75	0.2358
670.875	0.2358
671.0	0.2358
671.125	0.2358
671.25	0.2358
671.375	0.2358
671.5	0.2358
671.625	0.2366
671.75	0.2358
671.875	0.2358
672.0	0.2358
672.125	0.2358
672.25	0.2358
672.375	0.2366
672.5	0.2366
672.625	0.2358
672.75	0.2366
672.875	0.2358
673.0	0.2358
673.125	0.2358
673.25	0.2366
673.375	0.2358
673.5	0.235
673.625	0.2374
673.75	0.2374
673.875	0.2374
674.0	0.2366
674.125	0.2366
674.25	0.2366
674.375	0.2358
674.5	0.2358
674.625	0.2374
674.75	0.2358
674.875	0.2358
675.0	0.2366
675.125	0.2358
675.25	0.2382
675.375	0.2366
675.5	0.2374
675.625	0.2358
675.75	0.2389
675.875	0.2382
676.0	0.2374
676.125	0.2382
676.25	0.2382
676.375	0.2382
676.5	0.2366
676.625	0.2397
676.75	0.2374
676.875	0.2389
677.0	0.2389
677.125	0.2389
677.25	0.2366
677.375	0.2389
677.5	0.2358
677.625	0.2366
677.75	0.2358
677.875	0.2358
678.0	0.2358
678.125	0.2358
678.25	0.2358
678.375	0.2358
678.5	0.2358
678.625	0.2358
678.75	0.2358
678.875	0.2358
679.0	0.235
679.125	0.2358
679.25	0.2342
679.375	0.2311
679.5	0.235
679.625	0.2311
679.75	0.2311
679.875	0.2311
680.0	0.2303
680.125	0.2279
680.25	0.2295
680.375	0.2264
680.5	0.2272
680.625	0.2256
680.75	0.2256
680.875	0.2248
681.0	0.2248
681.125	0.2216
681.25	0.2216
681.375	0.2216
681.5	0.2216
681.625	0.2216
681.75	0.2216
681.875	0.2201
682.0	0.2177
682.125	0.2169
682.25	0.2169
682.375	0.2177
682.5	0.2169
682.625	0.2154
682.75	0.2154
682.875	0.213
683.0	0.2122
683.125	0.2122
683.25	0.2138
683.375	0.2146
683.5	0.2138
683.625	0.2154
683.75	0.2146
683.875	0.2146
684.0	0.2161
684.125	0.2169
684.25	0.2169
684.375	0.2169
684.5	0.2161
684.625	0.2169
684.75	0.2169
684.875	0.2161
685.0	0.2161
685.125	0.2169
685.25	0.2169
685.375	0.2169
685.5	0.2169
685.625	0.2169
685.75	0.2161
685.875	0.2169
686.0	0.2169
686.125	0.2169
686.25	0.2169
686.375	0.2169
686.5	0.2177
686.625	0.2169
686.75	0.2169
686.875	0.2169
687.0	0.2169
687.125	0.2169
687.25	0.2169
687.375	0.2177
687.5	0.2169
687.625	0.2169
687.75	0.2169
687.875	0.2169
688.0	0.2177
688.125	0.2169
688.25	0.2185
688.375	0.2169
688.5	0.2177
688.625	0.2169
688.75	0.2185
688.875	0.2169
689.0	0.2169
689.125	0.2169
689.25	0.2177
689.375	0.2169
689.5	0.2177
689.625	0.2177
689.75	0.2177
689.875	0.2185
690.0	0.2169
690.125	0.2177
690.25	0.2185
690.375	0.2169
690.5	0.2177
690.625	0.2169
690.75	0.2169
690.875	0.2169
691.0	0.2177
691.125	0.2177
691.25	0.2177
691.375	0.2169
691.5	0.2177
691.625	0.2169
691.75	0.2169
691.875	0.2169
692.0	0.2161
692.125	0.2169
692.25	0.2169
692.375	0.2169
692.5	0.2169
692.625	0.2169
692.75	0.2169
692.875	0.2169
693.0	0.2169
693.125	0.2146
693.25	0.2154
693.375	0.2169
693.5	0.2161
693.625	0.2169
693.75	0.2169
693.875	0.2154
694.0	0.2138
694.125	0.2161
694.25	0.2161
694.375	0.2154
694.5	0.2154
694.625	0.2161
694.75	0.2154
694.875	0.2146
695.0	0.2169
695.125	0.2154
695.25	0.2169
695.375	0.2122
695.5	0.2154
695.625	0.2146
695.75	0.2122
695.875	0.213
696.0	0.2161
696.125	0.2161
696.25	0.2169
696.375	0.2169
696.5	0.2169
696.625	0.2169
696.75	0.2161
696.875	0.2169
697.0	0.2169
697.125	0.2161
697.25	0.2169
697.375	0.2169
697.5	0.2169
697.625	0.2169
697.75	0.2169
697.875	0.2169
698.0	0.2169
698.125	0.2169
698.25	0.2169
698.375	0.2169
698.5	0.2169
698.625	0.2169
698.75	0.2177
698.875	0.2177
699.0	0.2169
699.125	0.2177
699.25	0.2169
699.375	0.2169
699.5	0.2169
699.625	0.2169
699.75	0.2169
699.875	0.2169
700.0	0.2169
700.125	0.2169
700.25	0.2177
700.375	0.2169
700.5	0.2169
700.625	0.2169
700.75	0.2169
700.875	0.2169
701.0	0.2169
701.125	0.2169
701.25	0.2169
701.375	0.2169
701.5	0.2161
701.625	0.2161
701.75	0.2169
701.875	0.2161
702.0	0.2169
702.125	0.2169
702.25	0.2169
702.375	0.213
702.5	0.2161
702.625	0.2161
702.75	0.2161
702.875	0.2146
703.0	0.2154
703.125	0.2169
703.25	0.2169
703.375	0.2161
703.5	0.2122
703.625	0.2138
703.75	0.2169
703.875	0.2169
704.0	0.2169
704.125	0.2161
704.25	0.2169
704.375	0.2169
704.5	0.2169
704.625	0.2177
704.75	0.2177
704.875	0.2169
705.0	0.2177
705.125	0.2193
705.25	0.2169
705.375	0.2201
705.5	0.2193
705.625	0.2193
705.75	0.2216
705.875	0.2201
706.0	0.2193
706.125	0.2193
706.25	0.2193
706.375	0.2216
706.5	0.2209
706.625	0.2209
706.75	0.2216
706.875	0.2201
707.0	0.2216
707.125	0.2216
707.25	0.2216
707.375	0.2216
707.5	0.2216
707.625	0.2224
707.75	0.2216
707.875	0.2216
708.0	0.2216
708.125	0.2216
708.25	0.2216
708.375	0.2209
708.5	0.2216
708.625	0.2216
708.75	0.2209
708.875	0.2216
709.0	0.2216
709.125	0.2216
709.25	0.2209
709.375	0.2193
709.5	0.2169
709.625	0.2185
709.75	0.2193
709.875	0.2177
710.0	0.2169
710.125	0.2161
710.25	0.2177
710.375	0.2169
710.5	0.2169
710.625	0.2169
710.75	0.2161
710.875	0.2169
711.0	0.2169
711.125	0.2138
711.25	0.2122
711.375	0.2146
711.5	0.2122
711.625	0.2122
711.75	0.2122
711.875	0.2122
712.0	0.2099
712.125	0.2122
712.25	0.2099
712.375	0.2106
712.5	0.2075
712.625	0.2091
712.75	0.2083
712.875	0.2099
713.0	0.2083
713.125	0.2083
713.25	0.2075
713.375	0.2099
713.5	0.2083
713.625	0.2091
713.75	0.2106
713.875	0.2091
714.0	0.2075
714.125	0.2099
714.25	0.2106
714.375	0.2114
714.5	0.2122
714.625	0.2106
714.75	0.2122
714.875	0.2091
715.0	0.2106
715.125	0.2099
715.25	0.2083
715.375	0.2075
715.5	0.2083
715.625	0.2083
715.75	0.2075
715.875	0.2067
716.0	0.2067
716.125	0.2083
716.25	0.2075
716.375	0.2067
716.5	0.2059
716.625	0.2075
716.75	0.2067
716.875	0.2075
717.0	0.2067
717.125	0.2044
717.25	0.2028
717.375	0.2044
717.5	0.2051
717.625	0.2028
717.75	0.2059
717.875	0.2028
718.0	0.2036
718.125	0.2044
718.25	0.2028
718.375	0.2028
718.5	0.2044
718.625	0.2028
718.75	0.2036
718.875	0.2059
719.0	0.2059
719.125	0.2067
719.25	0.2044
719.375	0.2044
719.5	0.2059
719.625	0.2075
719.75	0.2059
719.875	0.2067
720.0	0.2036
720.125	0.2067
720.25	0.2051
720.375	0.2075
720.5	0.2067
720.625	0.2059
720.75	0.2059
720.875	0.2059
721.0	0.2075
721.125	0.2067
721.25	0.2067
721.375	0.2075
721.5	0.2075
721.625	0.2067
721.75	0.2083
721.875	0.2067
722.0	0.2075
722.125	0.2075
722.25	0.2075
722.375	0.2075
722.5	0.2075
722.625	0.2067
722.75	0.2075
722.875	0.2075
723.0	0.2075
723.125	0.2075
723.25	0.2075
723.375	0.2067
723.5	0.2059
723.625	0.2075
723.75	0.2051
723.875	0.2067
724.0	0.2051
724.125	0.2059
724.25	0.2044
724.375	0.2059
724.5	0.2059
724.625	0.2028
724.75	0.2028
724.875	0.2028
725.0	0.2044
725.125	0.2028
725.25	0.2028
725.375	0.2028
725.5	0.2044
725.625	0.2028
725.75	0.2036
725.875	0.2028
726.0	0.2036
726.125	0.2028
726.25	0.2036
726.375	0.2028
726.5	0.2028
726.625	0.2028
726.75	0.2028
726.875	0.202
727.0	0.2028
727.125	0.2028
727.25	0.2028
727.375	0.2028
727.5	0.2004
727.625	0.2028
727.75	0.2028
727.875	0.2044
728.0	0.2051
728.125	0.2044
728.25	0.2028
728.375	0.2044
728.5	0.2036
728.625	0.2044
728.75	0.2036
728.875	0.2028
729.0	0.2036
729.125	0.2044
729.25	0.2028
729.375	0.2044
729.5	0.2044
729.625	0.2075
729.75	0.2075
729.875	0.2075
730.0	0.2075
730.125	0.2083
730.25	0.2099
730.375	0.2091
730.5	0.2114
730.625	0.2075
730.75	0.2091
730.875	0.2106
731.0	0.2075
731.125	0.2075
731.25	0.2075
731.375	0.2067
731.5	0.2059
731.625	0.2036
731.75	0.2044
731.875	0.2036
732.0	0.2028
732.125	0.2028
732.25	0.2004
732.375	0.2028
732.5	0.1988
732.625	0.1981
732.75	0.1981
732.875	0.1981
733.0	0.1981
733.125	0.1933
733.25	0.1965
733.375	0.1933
733.5	0.1933
733.625	0.1933
733.75	0.1933
733.875	0.1933
734.0	0.1933
734.125	0.1926
734.25	0.1933
734.375	0.1933
734.5	0.1933
734.625	0.1926
734.75	0.1933
734.875	0.1933
735.0	0.1933
735.125	0.1933
735.25	0.1949
735.375	0.1933
735.5	0.1973
735.625	0.1973
735.75	0.1957
735.875	0.1973
736.0	0.1981
736.125	0.1973
736.25	0.1981
736.375	0.1965
736.5	0.1981
736.625	0.1981
736.75	0.1981
736.875	0.1981
737.0	0.1981
737.125	0.1965
737.25	0.1981
737.375	0.1988
737.5	0.1988
737.625	0.1988
737.75	0.2004
737.875	0.2028
738.0	0.202
738.125	0.2028
738.25	0.2036
738.375	0.2075
738.5	0.2075
738.625	0.2075
738.75	0.2099
738.875	0.2114
739.0	0.2122
739.125	0.2138
739.25	0.2154
739.375	0.2169
739.5	0.2169
739.625	0.2201
739.75	0.2193
739.875	0.2216
740.0	0.2216
740.125	0.2216
740.25	0.2216
740.375	0.2216
740.5	0.2224
740.625	0.2216
740.75	0.2216
740.875	0.2216
741.0	0.224
741.125	0.224
741.25	0.224
741.375	0.2232
741.5	0.2256
741.625	0.2232
741.75	0.2256
741.875	0.2248
742.0	0.2264
742.125	0.2264
742.25	0.2256
742.375	0.2264
742.5	0.2264
742.625	0.2248
742.75	0.2248
742.875	0.2256
743.0	0.2264
743.125	0.224
743.25	0.2224
743.375	0.2216
743.5	0.2216
743.625	0.2216
743.75	0.2209
743.875	0.2193
744.0	0.2193
744.125	0.2193
744.25	0.2216
744.375	0.2193
744.5	0.2193
744.625	0.2169
744.75	0.2177
744.875	0.2169
745.0	0.2169
745.125	0.2169
745.25	0.2161
745.375	0.213
745.5	0.2122
745.625	0.2091
745.75	0.2106
745.875	0.2075
746.0	0.2059
746.125	0.2067
746.25	0.2067
746.375	0.2044
746.5	0.2036
746.625	0.2036
746.75	0.2028
746.875	0.2028
747.0	0.2028
747.125	0.2004
747.25	0.2004
747.375	0.1996
747.5	0.1981
747.625	0.1981
747.75	0.1981
747.875	0.1981
748.0	0.1981
748.125	0.1981
748.25	0.1981
748.375	0.1981
748.5	0.1981
748.625	0.1973
748.75	0.1981
748.875	0.1957
749.0	0.1965
749.125	0.1973
749.25	0.1973
749.375	0.1973
749.5	0.1981
749.625	0.1965
749.75	0.1973
749.875	0.1973
750.0	0.1981
750.125	0.1981
750.25	0.1973
750.375	0.1973
750.5	0.1981
750.625	0.1981
750.75	0.1981
750.875	0.1981
751.0	0.1981
751.125	0.1981
751.25	0.1981
751.375	0.1981
751.5	0.1981
751.625	0.1981
751.75	0.1981
751.875	0.1981
752.0	0.1996
752.125	0.1981
752.25	0.1981
752.375	0.1981
752.5	0.1981
752.625	0.1996
752.75	0.1981
752.875	0.1981
753.0	0.1981
753.125	0.1988
753.25	0.1981
753.375	0.2004
753.5	0.2012
753.625	0.2004
753.75	0.2028
753.875	0.2051
754.0	0.2044
754.125	0.2067
754.25	0.2075
754.375	0.2075
754.5	0.2083
754.625	0.2075
754.75	0.2083
754.875	0.2075
755.0	0.2091
755.125	0.2083
755.25	0.2075
755.375	0.2075
755.5	0.2051
755.625	0.2028
755.75	0.202
755.875	0.1996
756.0	0.1996
756.125	0.1988
756.25	0.1981
756.375	0.1981
756.5	0.1981
756.625	0.1981
756.75	0.1981
756.875	0.1981
757.0	0.1988
757.125	0.1981
757.25	0.1981
757.375	0.1988
757.5	0.1973
757.625	0.1981
757.75	0.1973
757.875	0.1981
758.0	0.1981
758.125	0.1973
758.25	0.1965
758.375	0.1981
758.5	0.1941
758.625	0.1957
758.75	0.1973
758.875	0.1957
759.0	0.1957
759.125	0.1949
759.25	0.1949
759.375	0.1949
759.5	0.1949
759.625	0.1973
759.75	0.1949
759.875	0.1949
760.0	0.1957
760.125	0.1981
760.25	0.1973
760.375	0.1965
760.5	0.1981
760.625	0.1973
760.75	0.1981
760.875	0.1981
761.0	0.1981
761.125	0.1981
761.25	0.1981
761.375	0.1981
761.5	0.1981
761.625	0.1981
761.75	0.1981
761.875	0.1981
762.0	0.1981
762.125	0.1981
762.25	0.1973
762.375	0.1988
762.5	0.1988
762.625	0.1988
762.75	0.202
762.875	0.202
763.0	0.202
763.125	0.2028
763.25	0.2075
763.375	0.2067
763.5	0.2075
763.625	0.2099
763.75	0.2122
763.875	0.2122
764.0	0.2138
764.125	0.2161
764.25	0.2169
764.375	0.2169
764.5	0.2185
764.625	0.2201
764.75	0.2216
764.875	0.2216
765.0	0.2216
765.125	0.2216
765.25	0.2232
765.375	0.2264
765.5	0.2264
765.625	0.2264
765.75	0.2264
765.875	0.2264
766.0	0.2264
766.125	0.2264
766.25	0.2264
766.375	0.2272
766.5	0.2272
766.625	0.2295
766.75	0.2279
766.875	0.2295
767.0	0.2287
767.125	0.2295
767.25	0.2295
767.375	0.2311
767.5	0.2311
767.625	0.2287
767.75	0.2303
767.875	0.2311
768.0	0.2311
768.125	0.2311
768.25	0.2303
768.375	0.2319
768.5	0.2303
768.625	0.2311
768.75	0.2311
768.875	0.2311
769.0	0.2311
769.125	0.2303
769.25	0.2311
769.375	0.2311
769.5	0.2311
769.625	0.2311
769.75	0.2311
769.875	0.2311
770.0	0.2311
770.125	0.2311
770.25	0.2311
770.375	0.2311
770.5	0.2311
770.625	0.2311
770.75	0.2311
770.875	0.2311
771.0	0.2311
771.125	0.2303
771.25	0.2303
771.375	0.2303
771.5	0.2279
771.625	0.2264
771.75	0.2272
771.875	0.2264
772.0	0.2264
772.125	0.2256
772.25	0.2256
772.375	0.2216
772.5	0.2216
772.625	0.2216
772.75	0.2209
772.875	0.2209
773.0	0.2201
773.125	0.2193
773.25	0.2169
773.375	0.2169
773.5	0.2169
773.625	0.2138
773.75	0.2138
773.875	0.2122
774.0	0.2122
774.125	0.2083
774.25	0.2075
774.375	0.2075
774.5	0.2075
774.625	0.2028
774.75	0.202
774.875	0.2028
775.0	0.2012
775.125	0.2004
775.25	0.2004
775.375	0.1996
775.5	0.1981
775.625	0.1981
775.75	0.1981
775.875	0.1965
776.0	0.1981
776.125	0.1981
776.25	0.1981
776.375	0.1981
776.5	0.1981
776.625	0.1981
776.75	0.1981
776.875	0.1973
777.0	0.1973
777.125	0.1957
777.25	0.1949
777.375	0.1957
777.5	0.1949
777.625	0.1957
777.75	0.1957
777.875	0.1933
778.0	0.1949
778.125	0.1973
778.25	0.1957
778.375	0.1973
778.5	0.1973
778.625	0.1949
778.75	0.1957
778.875	0.1965
779.0	0.1981
779.125	0.1957
779.25	0.1957
779.375	0.1941
779.5	0.1973
779.625	0.1957
779.75	0.1949
779.875	0.1981
780.0	0.1973
780.125	0.1973
780.25	0.1957
780.375	0.1957
780.5	0.1973
780.625	0.1957
780.75	0.1957
780.875	0.1973
781.0	0.1981
781.125	0.1973
781.25	0.1981
781.375	0.1965
781.5	0.1981
781.625	0.1973
781.75	0.1981
781.875	0.1981
782.0	0.1981
782.125	0.1981
782.25	0.1981
782.375	0.1981
782.5	0.1981
782.625	0.1981
782.75	0.1981
782.875	0.1981
783.0	0.1981
783.125	0.1981
783.25	0.1981
783.375	0.1981
783.5	0.1973
783.625	0.1981
783.75	0.1981
783.875	0.1981
784.0	0.1981
784.125	0.1973
784.25	0.1981
784.375	0.1981
784.5	0.1973
784.625	0.1981
784.75	0.1973
784.875	0.1981
785.0	0.1981
785.125	0.1981
785.25	0.1981
785.375	0.1981
785.5	0.1988
785.625	0.1981
785.75	0.1981
785.875	0.1981
786.0	0.1996
786.125	0.1981
786.25	0.1988
786.375	0.1988
786.5	0.1981
786.625	0.1981
786.75	0.1981
786.875	0.2012
787.0	0.1996
787.125	0.1988
787.25	0.1981
787.375	0.1996
787.5	0.1981
787.625	0.2012
787.75	0.1981
787.875	0.1996
788.0	0.1988
788.125	0.1981
788.25	0.1981
788.375	0.1988
788.5	0.1981
788.625	0.1981
788.75	0.1996
788.875	0.1981
789.0	0.1981
789.125	0.1981
789.25	0.1981
789.375	0.1981
789.5	0.1996
789.625	0.1981
789.75	0.1981
789.875	0.1981
790.0	0.1988
790.125	0.1981
790.25	0.1988
790.375	0.1996
790.5	0.1996
790.625	0.1988
790.75	0.1981
790.875	0.1981
791.0	0.1988
791.125	0.1981
791.25	0.2004
791.375	0.1981
791.5	0.1981
791.625	0.1988
791.75	0.1981
791.875	0.1981
792.0	0.1981
792.125	0.1981
792.25	0.1981
792.375	0.1981
792.5	0.1981
792.625	0.1988
792.75	0.1981
792.875	0.1981
793.0	0.1981
793.125	0.1981
793.25	0.1981
793.375	0.1981
793.5	0.1973
793.625	0.1981
793.75	0.1981
793.875	0.1981
794.0	0.1981
794.125	0.1981
794.25	0.1981
794.375	0.1981
794.5	0.1973
794.625	0.1981
794.75	0.1981
794.875	0.1981
795.0	0.1981
795.125	0.1981
795.25	0.1973
795.375	0.1981
795.5	0.1981
795.625	0.1981
795.75	0.1981
795.875	0.1981
796.0	0.1981
796.125	0.1981
796.25	0.1981
796.375	0.1981
796.5	0.1981
796.625	0.1981
796.75	0.2004
796.875	0.2028
797.0	0.2028
797.125	0.2028
797.25	0.2036
797.375	0.2028
797.5	0.2028
797.625	0.2036
797.75	0.2044
797.875	0.2028
798.0	0.2028
798.125	0.2028
798.25	0.2028
798.375	0.2028
798.5	0.202
798.625	0.2004
798.75	0.1988
798.875	0.1981
799.0	0.1981
799.125	0.1981
799.25	0.1973
799.375	0.1981
799.5	0.1957
799.625	0.1965
799.75	0.1973
799.875	0.1957
800.0	0.1973
800.125	0.1957
800.25	0.1981
800.375	0.1981
800.5	0.1957
800.625	0.1965
800.75	0.1981
800.875	0.1981
801.0	0.1981
801.125	0.1981
801.25	0.1981
801.375	0.1981
801.5	0.1981
801.625	0.1973
801.75	0.1981
801.875	0.1981
802.0	0.1981
802.125	0.1981
802.25	0.1965
802.375	0.1981
802.5	0.1981
802.625	0.1941
802.75	0.1949
802.875	0.1973
803.0	0.1933
803.125	0.1941
803.25	0.1941
803.375	0.1933
803.5	0.1933
803.625	0.1933
803.75	0.1933
803.875	0.1941
804.0	0.1933
804.125	0.1933
804.25	0.1933
804.375	0.1933
804.5	0.1933
804.625	0.1933
804.75	0.1933
804.875	0.1933
805.0	0.1933
805.125	0.1933
805.25	0.1926
805.375	0.1933
805.5	0.1933
805.625	0.1926
805.75	0.1933
805.875	0.1933
806.0	0.1933
806.125	0.1933
806.25	0.1933
806.375	0.1933
806.5	0.1933
806.625	0.1933
806.75	0.1933
806.875	0.1918
807.0	0.1933
807.125	0.1933
807.25	0.1933
807.375	0.1933
807.5	0.1918
807.625	0.1926
807.75	0.1926
807.875	0.1926
808.0	0.1926
808.125	0.1933
808.25	0.1918
808.375	0.1926
808.5	0.1902
808.625	0.1918
808.75	0.1918
808.875	0.1926
809.0	0.1918
809.125	0.1918
809.25	0.191
809.375	0.191
809.5	0.1902
809.625	0.1926
809.75	0.1933
809.875	0.1918
810.0	0.1918
810.125	0.1926
810.25	0.191
810.375	0.1933
810.5	0.1918
810.625	0.1926
810.75	0.191
810.875	0.1933
811.0	0.1933
811.125	0.1933
811.25	0.1933
811.375	0.1933
811.5	0.1933
811.625	0.1933
811.75	0.1933
811.875	0.1933
812.0	0.1933
812.125	0.1933
812.25	0.1933
812.375	0.1933
812.5	0.1933
812.625	0.1933
812.75	0.1933
812.875	0.1933
813.0	0.1933
813.125	0.1933
813.25	0.1933
813.375	0.1933
813.5	0.1933
813.625	0.1933
813.75	0.1941
813.875	0.1933
814.0	0.1933
814.125	0.1957
814.25	0.1933
814.375	0.1933
814.5	0.1933
814.625	0.1933
814.75	0.1957
814.875	0.1933
815.0	0.1933
815.125	0.1933
815.25	0.1933
815.375	0.1933
815.5	0.1949
815.625	0.1933
815.75	0.1949
815.875	0.1933
816.0	0.1933
816.125	0.1941
816.25	0.1933
816.375	0.1965
816.5	0.1973
816.625	0.1981
816.75	0.1973
816.875	0.1965
817.0	0.1996
817.125	0.2028
817.25	0.2028
817.375	0.202
817.5	0.2028
817.625	0.2051
817.75	0.2075
817.875	0.2075
818.0	0.2083
818.125	0.2114
818.25	0.2122
818.375	0.2122
818.5	0.213
818.625	0.2169
818.75	0.2169
818.875	0.2169
819.0	0.2161
819.125	0.2177
819.25	0.2169
819.375	0.2185
819.5	0.2216
819.625	0.2185
819.75	0.2169
819.875	0.2177
820.0	0.2216
820.125	0.2216
820.25	0.2193
820.375	0.2209
820.5	0.2209
820.625	0.2177
820.75	0.2193
820.875	0.2201
821.0	0.2209
821.125	0.2216
821.25	0.2209
821.375	0.2209
821.5	0.2193
821.625	0.2201
821.75	0.2177
821.875	0.2177
822.0	0.2177
822.125	0.2169
822.25	0.2185
822.375	0.2177
822.5	0.2169
822.625	0.2169
822.75	0.2154
822.875	0.2138
823.0	0.2146
823.125	0.213
823.25	0.2122
823.375	0.2106
823.5	0.2106
823.625	0.2114
823.75	0.2091
823.875	0.2075
824.0	0.2075
824.125	0.2075
824.25	0.2067
824.375	0.2067
824.5	0.2036
824.625	0.2028
824.75	0.2028
824.875	0.2028
825.0	0.2004
825.125	0.1996
825.25	0.2004
825.375	0.2004
825.5	0.202
825.625	0.1996
825.75	0.2012
825.875	0.202
826.0	0.202
826.125	0.2028
826.25	0.2028
826.375	0.2044
826.5	0.2036
826.625	0.2028
826.75	0.2051
826.875	0.2051
827.0	0.2044
827.125	0.2075
827.25	0.2075
827.375	0.2075
827.5	0.2075
827.625	0.2099
827.75	0.2106
827.875	0.2114
828.0	0.2122
828.125	0.213
828.25	0.2122
828.375	0.213
828.5	0.2138
828.625	0.2169
828.75	0.2161
828.875	0.2169
829.0	0.2169
829.125	0.2169
829.25	0.2169
829.375	0.2169
829.5	0.2154
829.625	0.2169
829.75	0.2169
829.875	0.2169
830.0	0.2169
830.125	0.2169
830.25	0.2169
830.375	0.2161
830.5	0.2169
830.625	0.2169
830.75	0.2169
830.875	0.2169
831.0	0.2169
831.125	0.2169
831.25	0.2169
831.375	0.2169
831.5	0.2169
831.625	0.2161
831.75	0.2161
831.875	0.2169
832.0	0.2169
832.125	0.2169
832.25	0.2161
832.375	0.2169
832.5	0.2169
832.625	0.2169
832.75	0.2169
832.875	0.2169
833.0	0.2161
833.125	0.2169
833.25	0.2146
833.375	0.2169
833.5	0.2169
833.625	0.2161
833.75	0.2169
833.875	0.2169
834.0	0.2161
834.125	0.2177
834.25	0.2169
834.375	0.2169
834.5	0.2169
834.625	0.2161
834.75	0.2154
834.875	0.2161
835.0	0.2169
835.125	0.2169
835.25	0.2146
835.375	0.2154
835.5	0.2161
835.625	0.2154
835.75	0.2161
835.875	0.2169
836.0	0.2161
836.125	0.2146
836.25	0.2138
836.375	0.2154
836.5	0.2146
836.625	0.2169
836.75	0.2154
836.875	0.2161
837.0	0.2146
837.125	0.2161
837.25	0.2161
837.375	0.2169
837.5	0.2169
837.625	0.2138
837.75	0.2169
837.875	0.2154
838.0	0.2154
838.125	0.2169
838.25	0.2154
838.375	0.2161
838.5	0.2161
838.625	0.213
838.75	0.2169
838.875	0.2154
839.0	0.2154
839.125	0.2138
839.25	0.2169
839.375	0.2154
839.5	0.2154
839.625	0.2154
839.75	0.2161
839.875	0.2169
840.0	0.2161
840.125	0.2161
840.25	0.2169
840.375	0.2138
840.5	0.2161
840.625	0.2154
840.75	0.2161
840.875	0.2138
841.0	0.2169
841.125	0.2154
841.25	0.213
841.375	0.213
841.5	0.2138
841.625	0.213
841.75	0.2154
841.875	0.213
842.0	0.2146
842.125	0.2146
842.25	0.2122
842.375	0.2138
842.5	0.2138
842.625	0.213
842.75	0.2122
842.875	0.2138
843.0	0.2122
843.125	0.2122
843.25	0.2122
843.375	0.2122
843.5	0.2122
843.625	0.2122
843.75	0.2122
843.875	0.2122
844.0	0.2122
844.125	0.213
844.25	0.2122
844.375	0.2154
844.5	0.2169
844.625	0.2209
844.75	0.2216
844.875	0.2232
845.0	0.2264
845.125	0.2264
845.25	0.2272
845.375	0.2272
845.5	0.2279
845.625	0.2295
845.75	0.2311
845.875	0.2311
846.0	0.2311
846.125	0.2295
846.25	0.2264
846.375	0.2248
846.5	0.2216
846.625	0.2177
846.75	0.2169
846.875	0.2161
847.0	0.2161
847.125	0.213
847.25	0.2138
847.375	0.2122
847.5	0.2138
847.625	0.213
847.75	0.2146
847.875	0.2122
848.0	0.2106
848.125	0.2122
848.25	0.2122
848.375	0.2122
848.5	0.213
848.625	0.213
848.75	0.2122
848.875	0.2122
849.0	0.213
849.125	0.2122
849.25	0.2138
849.375	0.2138
849.5	0.2138
849.625	0.213
849.75	0.2122
849.875	0.213
850.0	0.2122
850.125	0.2122
850.25	0.2122
850.375	0.213
850.5	0.2122
850.625	0.2122
850.75	0.2154
850.875	0.2138
851.0	0.2138
851.125	0.213
851.25	0.2138
851.375	0.2154
851.5	0.2122
851.625	0.2146
851.75	0.2169
851.875	0.2138
852.0	0.2146
852.125	0.2154
852.25	0.2138
852.375	0.2138
852.5	0.2146
852.625	0.2138
852.75	0.213
852.875	0.2146
853.0	0.2122
853.125	0.2138
853.25	0.2146
853.375	0.2146
853.5	0.2122
853.625	0.213
853.75	0.2138
853.875	0.2154
854.0	0.2122
854.125	0.2138
854.25	0.2146
854.375	0.213
854.5	0.2122
854.625	0.2161
854.75	0.2161
854.875	0.2154
855.0	0.2161
855.125	0.2146
855.25	0.2138
855.375	0.2122
855.5	0.2146
855.625	0.2146
855.75	0.2169
855.875	0.2146
856.0	0.2138
856.125	0.2146
856.25	0.2146
856.375	0.2138
856.5	0.2122
856.625	0.2138
856.75	0.2146
856.875	0.2154
857.0	0.2146
857.125	0.2138
857.25	0.2138
857.375	0.2122
857.5	0.2146
857.625	0.2122
857.75	0.2122
857.875	0.213
858.0	0.2122
858.125	0.2138
858.25	0.2122
858.375	0.2122
858.5	0.2122
858.625	0.2146
858.75	0.2138
858.875	0.213
859.0	0.213
859.125	0.2138
859.25	0.2122
859.375	0.2122
859.5	0.2122
859.625	0.2122
859.75	0.2122
859.875	0.2122
860.0	0.2122
860.125	0.2122
860.25	0.213
860.375	0.2122
860.5	0.2122
860.625	0.213
860.75	0.2122
860.875	0.2122
861.0	0.2122
861.125	0.2122
861.25	0.213
861.375	0.2122
861.5	0.2122
861.625	0.2122
861.75	0.2122
861.875	0.2122
862.0	0.2114
862.125	0.2122
862.25	0.2114
862.375	0.2122
862.5	0.2122
862.625	0.2122
862.75	0.2114
862.875	0.2114
863.0	0.2122
863.125	0.2122
863.25	0.2106
863.375	0.2099
863.5	0.2114
863.625	0.2106
863.75	0.2114
863.875	0.2114
864.0	0.2114
864.125	0.2122
864.25	0.2122
864.375	0.2106
864.5	0.2106
864.625	0.2114
864.75	0.2122
864.875	0.2122
865.0	0.2106
865.125	0.2114
865.25	0.2114
865.375	0.2122
865.5	0.2114
865.625	0.2122
865.75	0.2114
865.875	0.2114
866.0	0.2114
866.125	0.2106
866.25	0.2122
866.375	0.2122
866.5	0.2099
866.625	0.2099
866.75	0.2099
866.875	0.2106
867.0	0.2075
867.125	0.2099
867.25	0.2075
867.375	0.2075
867.5	0.2075
867.625	0.2059
867.75	0.2067
867.875	0.2067
868.0	0.2059
868.125	0.2059
868.25	0.2059
868.375	0.2044
868.5	0.2075
868.625	0.2075
868.75	0.2075
868.875	0.2075
869.0	0.2067
869.125	0.2051
869.25	0.2028
869.375	0.2044
869.5	0.2028
869.625	0.2044
869.75	0.2044
869.875	0.2044
870.0	0.2051
870.125	0.2028
870.25	0.2051
870.375	0.2028
870.5	0.2028
870.625	0.2051
870.75	0.2036
870.875	0.2028
871.0	0.2036
871.125	0.2051
871.25	0.2028
871.375	0.2051
871.5	0.2036
871.625	0.2051
871.75	0.2044
871.875	0.2028
872.0	0.2036
872.125	0.2028
872.25	0.2028
872.375	0.2028
872.5	0.2028
872.625	0.2028
872.75	0.2028
872.875	0.2028
873.0	0.2028
873.125	0.202
873.25	0.2012
873.375	0.2028
873.5	0.202
873.625	0.2004
873.75	0.1988
873.875	0.1981
874.0	0.1981
874.125	0.1988
874.25	0.1981
874.375	0.1981
874.5	0.1981
874.625	0.1973
874.75	0.1957
874.875	0.1981
875.0	0.1973
875.125	0.1981
875.25	0.1949
875.375	0.1949
875.5	0.1949
875.625	0.1949
875.75	0.1957
875.875	0.1941
876.0	0.1949
876.125	0.1949
876.25	0.1941
876.375	0.1941
876.5	0.1949
876.625	0.1965
876.75	0.1957
876.875	0.1957
877.0	0.1965
877.125	0.1941
877.25	0.1957
877.375	0.1981
877.5	0.1973
877.625	0.1973
877.75	0.1981
877.875	0.1981
878.0	0.1988
878.125	0.1988
878.25	0.1996
878.375	0.1996
878.5	0.2028
878.625	0.2012
878.75	0.2028
878.875	0.2028
879.0	0.2036
879.125	0.2051
879.25	0.2051
879.375	0.2075
879.5	0.2075
879.625	0.2075
879.75	0.2091
879.875	0.2114
880.0	0.2099
880.125	0.2114
880.25	0.2122
880.375	0.2138
880.5	0.2154
880.625	0.2161
880.75	0.2169
880.875	0.2169
881.0	0.2169
881.125	0.2177
881.25	0.2169
881.375	0.2209
881.5	0.2193
881.625	0.2209
881.75	0.2216
881.875	0.2216
882.0	0.2216
882.125	0.2216
882.25	0.2224
882.375	0.2232
882.5	0.2232
882.625	0.2264
882.75	0.2256
882.875	0.2264
883.0	0.2264
883.125	0.2264
883.25	0.2264
883.375	0.2264
883.5	0.2272
883.625	0.2264
883.75	0.2264
883.875	0.2264
884.0	0.2279
884.125	0.2264
884.25	0.2279
884.375	0.2295
884.5	0.2287
884.625	0.2295
884.75	0.2264
884.875	0.2279
885.0	0.2279
885.125	0.2287
885.25	0.2279
885.375	0.2272
885.5	0.2303
885.625	0.2279
885.75	0.2264
885.875	0.2264
886.0	0.2279
886.125	0.2272
886.25	0.2272
886.375	0.2279
886.5	0.2279
886.625	0.2279
886.75	0.2295
886.875	0.2264
887.0	0.2264
887.125	0.2264
887.25	0.2264
887.375	0.2279
887.5	0.2264
887.625	0.2272
887.75	0.2272
887.875	0.2279
888.0	0.2287
888.125	0.2264
888.25	0.2264
888.375	0.2287
888.5	0.2264
888.625	0.2272
888.75	0.2264
888.875	0.2264
889.0	0.2264
889.125	0.2279
889.25	0.2272
889.375	0.2264
889.5	0.2272
889.625	0.2272
889.75	0.2264
889.875	0.2264
890.0	0.2264
890.125	0.2264
890.25	0.2264
890.375	0.2264
890.5	0.2248
890.625	0.2248
890.75	0.2256
890.875	0.224
891.0	0.2216
891.125	0.2216
891.25	0.2224
891.375	0.2216
891.5	0.2216
891.625	0.2216
891.75	0.2224
891.875	0.2216
892.0	0.2216
892.125	0.2216
892.25	0.2248
892.375	0.2224
892.5	0.2216
892.625	0.2248
892.75	0.2264
892.875	0.2264
893.0	0.2256
893.125	0.2264
893.25	0.2264
893.375	0.2256
893.5	0.2256
893.625	0.2264
893.75	0.2264
893.875	0.2264
894.0	0.2264
894.125	0.2256
894.25	0.2264
894.375	0.2264
894.5	0.2272
894.625	0.2264
894.75	0.2264
894.875	0.2264
895.0	0.2279
895.125	0.2279
895.25	0.2272
895.375	0.2279
895.5	0.2272
895.625	0.2295
895.75	0.2287
895.875	0.2272
896.0	0.2264
896.125	0.2279
896.25	0.2279
896.375	0.2272
896.5	0.2272
896.625	0.2272
896.75	0.2279
896.875	0.2272
897.0	0.2272
897.125	0.2295
897.25	0.2272
897.375	0.2279
897.5	0.2279
897.625	0.2279
897.75	0.2295
897.875	0.2287
898.0	0.2264
898.125	0.2264
898.25	0.2279
898.375	0.2272
898.5	0.2279
898.625	0.2279
898.75	0.2264
898.875	0.2279
899.0	0.2279
899.125	0.2264
899.25	0.2272
899.375	0.2264
899.5	0.2264
899.625	0.2264
899.75	0.2264
899.875	0.2264
