900.0	0.0809
899.875	0.0801
899.75	0.0801
899.625	0.0801
899.5	0.0817
899.375	0.0801
899.25	0.0801
899.125	0.0801
899.0	0.0817
898.875	0.0801
898.75	0.0801
898.625	0.0809
898.5	0.0801
898.375	0.0817
898.25	0.0809
898.125	0.0809
898.0	0.0801
897.875	0.0809
897.75	0.0801
897.625	0.0809
897.5	0.0801
897.375	0.0801
897.25	0.0809
897.125	0.0809
897.0	0.0801
896.875	0.0825
896.75	0.0809
896.625	0.0817
896.5	0.0817
896.375	0.0817
896.25	0.0825
896.125	0.0825
896.0	0.0833
895.875	0.0809
895.75	0.0809
895.625	0.0849
895.5	0.0825
895.375	0.0817
895.25	0.0849
895.125	0.0825
895.0	0.0817
894.875	0.0849
894.75	0.0825
894.625	0.0825
894.5	0.0817
894.375	0.0825
894.25	0.0833
894.125	0.0841
894.0	0.0841
893.875	0.0849
893.75	0.0833
893.625	0.0849
893.5	0.0849
893.375	0.0849
893.25	0.0849
893.125	0.0849
893.0	0.0841
892.875	0.0849
892.75	0.0849
892.625	0.0856
892.5	0.0849
892.375	0.0849
892.25	0.0849
892.125	0.0849
892.0	0.0849
891.875	0.0849
891.75	0.0849
891.625	0.0849
891.5	0.0849
891.375	0.0849
891.25	0.0849
891.125	0.0849
891.0	0.0856
890.875	0.0856
890.75	0.0849
890.625	0.0856
890.5	0.0849
890.375	0.0849
890.25	0.0849
890.125	0.0856
890.0	0.0849
889.875	0.0849
889.75	0.0849
889.625	0.0856
889.5	0.0864
889.375	0.0864
889.25	0.0849
889.125	0.0849
889.0	0.088
888.875	0.088
888.75	0.0856
888.625	0.0849
888.5	0.0888
888.375	0.0872
888.25	0.0864
888.125	0.0864
888.0	0.0856
887.875	0.0872
887.75	0.0864
887.625	0.088
887.5	0.088
887.375	0.0864
887.25	0.0896
887.125	0.0872
887.0	0.0888
886.875	0.0888
886.75	0.0888
886.625	0.0896
886.5	0.088
886.375	0.0888
886.25	0.0888
886.125	0.0896
886.0	0.0896
885.875	0.0896
885.75	0.0896
885.625	0.0896
885.5	0.0896
885.375	0.0896
885.25	0.0904
885.125	0.0896
885.0	0.0896
884.875	0.0904
884.75	0.0896
884.625	0.0896
884.5	0.0896
884.375	0.0904
884.25	0.0896
884.125	0.0896
884.0	0.0911
883.875	0.0896
883.75	0.0927
883.625	0.0904
883.5	0.0935
883.375	0.0919
883.25	0.0943
883.125	0.0935
883.0	0.0911
882.875	0.0943
882.75	0.0927
882.625	0.0927
882.5	0.0904
882.375	0.0904
882.25	0.0943
882.125	0.0919
882.0	0.0943
881.875	0.0927
881.75	0.0943
881.625	0.0943
881.5	0.0943
881.375	0.0943
881.25	0.0943
881.125	0.0943
881.0	0.0943
880.875	0.0943
880.75	0.0943
880.625	0.0943
880.5	0.0943
880.375	0.0943
880.25	0.0959
880.125	0.0943
880.0	0.0959
879.875	0.0943
879.75	0.0966
879.625	0.0951
879.5	0.0951
879.375	0.0951
879.25	0.0982
879.125	0.0959
879.0	0.0959
878.875	0.0951
878.75	0.0974
878.625	0.0951
878.5	0.0974
878.375	0.0951
878.25	0.0959
878.125	0.0959
878.0	0.0982
877.875	0.0974
877.75	0.0966
877.625	0.0974
877.5	0.099
877.375	0.099
877.25	0.099
877.125	0.099
877.0	0.099
876.875	0.0974
876.75	0.099
876.625	0.0982
876.5	0.099
876.375	0.0982
876.25	0.0998
876.125	0.099
876.0	0.099
875.875	0.099
875.75	0.099
875.625	0.099
875.5	0.099
875.375	0.0982
875.25	0.099
875.125	0.0982
875.0	0.0998
874.875	0.099
874.75	0.099
874.625	0.099
874.5	0.0998
874.375	0.099
874.25	0.099
874.125	0.099
874.0	0.1006
873.875	0.1014
873.75	0.099
873.625	0.0998
873.5	0.099
873.375	0.0998
873.25	0.1006
873.125	0.0998
873.0	0.0998
872.875	0.099
872.75	0.1006
872.625	0.1006
872.5	0.1037
872.375	0.1014
872.25	0.1037
872.125	0.1006
872.0	0.1014
871.875	0.1029
871.75	0.1022
871.625	0.0998
871.5	0.1014
871.375	0.1014
871.25	0.1006
871.125	0.1029
871.0	0.1014
870.875	0.1029
870.75	0.1006
870.625	0.1014
870.5	0.1022
870.375	0.1006
870.25	0.1022
870.125	0.1029
870.0	0.1014
869.875	0.1014
869.75	0.1022
869.625	0.0998
869.5	0.1029
869.375	0.1029
869.25	0.1014
869.125	0.1022
869.0	0.1006
868.875	0.1014
868.75	0.0998
868.625	0.1022
868.5	0.1006
868.375	0.1014
868.25	0.1022
868.125	0.1037
868.0	0.099
867.875	0.1022
867.75	0.1006
867.625	0.1014
867.5	0.1022
867.375	0.1014
867.25	0.0998
867.125	0.099
867.0	0.1014
866.875	0.099
866.75	0.1006
866.625	0.0998
866.5	0.099
866.375	0.0982
866.25	0.1006
866.125	0.1006
866.0	0.0998
865.875	0.099
865.75	0.1014
865.625	0.099
865.5	0.1006
865.375	0.0998
865.25	0.099
865.125	0.099
865.0	0.099
864.875	0.099
864.75	0.099
864.625	0.099
864.5	0.099
864.375	0.099
864.25	0.099
864.125	0.099
864.0	0.099
863.875	0.0998
863.75	0.099
863.625	0.099
863.5	0.099
863.375	0.099
863.25	0.099
863.125	0.099
863.0	0.0974
862.875	0.099
862.75	0.099
862.625	0.099
862.5	0.0982
862.375	0.099
862.25	0.0974
862.125	0.0966
862.0	0.0966
861.875	0.0982
861.75	0.0959
861.625	0.0974
861.5	0.0959
861.375	0.0943
861.25	0.0966
861.125	0.0959
861.0	0.0959
860.875	0.0943
860.75	0.0966
860.625	0.0959
860.5	0.0966
860.375	0.0951
860.25	0.0959
860.125	0.0951
860.0	0.0951
859.875	0.0943
859.75	0.0943
859.625	0.0943
859.5	0.0943
859.375	0.0943
859.25	0.0943
859.125	0.0943
859.0	0.0943
858.875	0.0943
858.75	0.0943
858.625	0.0943
858.5	0.0943
858.375	0.0943
858.25	0.0943
858.125	0.0943
858.0	0.0927
857.875	0.0935
857.75	0.0943
857.625	0.0943
857.5	0.0943
857.375	0.0919
857.25	0.0935
857.125	0.0927
857.0	0.0943
856.875	0.0943
856.75	0.0919
856.625	0.0919
856.5	0.0943
856.375	0.0927
856.25	0.0927
856.125	0.0911
856.0	0.0919
855.875	0.0919
855.75	0.0919
855.625	0.0904
855.5	0.0919
855.375	0.0919
855.25	0.0904
855.125	0.0911
855.0	0.0896
854.875	0.0896
854.75	0.0911
854.625	0.0911
854.5	0.0904
854.375	0.0896
854.25	0.0904
854.125	0.0904
854.0	0.0896
853.875	0.0904
853.75	0.0896
853.625	0.0896
853.5	0.0896
853.375	0.0904
853.25	0.0888
853.125	0.0904
853.0	0.0896
852.875	0.0896
852.75	0.0896
852.625	0.0896
852.5	0.0896
852.375	0.0888
852.25	0.0888
852.125	0.0896
852.0	0.0896
851.875	0.088
851.75	0.0896
851.625	0.088
851.5	0.088
851.375	0.0888
851.25	0.088
851.125	0.0888
851.0	0.088
850.875	0.0864
850.75	0.0872
850.625	0.0872
850.5	0.0872
850.375	0.0872
850.25	0.0864
850.125	0.0856
850.0	0.0849
849.875	0.088
849.75	0.0864
849.625	0.0864
849.5	0.0856
849.375	0.0864
849.25	0.0849
849.125	0.0849
849.0	0.0856
848.875	0.0849
848.75	0.0856
848.625	0.0849
848.5	0.0849
848.375	0.0849
848.25	0.0849
848.125	0.0849
848.0	0.0849
847.875	0.0856
847.75	0.0856
847.625	0.0864
847.5	0.0849
847.375	0.0864
847.25	0.0849
847.125	0.0856
847.0	0.0849
846.875	0.0849
846.75	0.0849
846.625	0.0849
846.5	0.0849
846.375	0.0841
846.25	0.0849
846.125	0.0849
846.0	0.0849
845.875	0.0849
845.75	0.0849
845.625	0.0849
845.5	0.0849
845.375	0.0849
845.25	0.0849
845.125	0.0849
845.0	0.0841
844.875	0.0849
844.75	0.0849
844.625	0.0849
844.5	0.0841
844.375	0.0841
844.25	0.0849
844.125	0.0849
844.0	0.0833
843.875	0.0849
843.75	0.0849
843.625	0.0841
843.5	0.0849
843.375	0.0841
843.25	0.0841
843.125	0.0849
843.0	0.0849
842.875	0.0841
842.75	0.0849
842.625	0.0841
842.5	0.0841
842.375	0.0849
842.25	0.0833
842.125	0.0825
842.0	0.0825
841.875	0.0833
841.75	0.0833
841.625	0.0817
841.5	0.0809
841.375	0.0825
841.25	0.0809
841.125	0.0809
841.0	0.0817
840.875	0.0809
840.75	0.0801
840.625	0.0825
840.5	0.0817
840.375	0.0809
840.25	0.0809
840.125	0.0801
840.0	0.0817
839.875	0.0801
839.75	0.0801
839.625	0.0809
839.5	0.0801
839.375	0.0801
839.25	0.0801
839.125	0.0801
839.0	0.0794
838.875	0.0809
838.75	0.0801
838.625	0.0801
838.5	0.0801
838.375	0.0809
838.25	0.0809
838.125	0.0801
838.0	0.0809
837.875	0.0809
837.75	0.0801
837.625	0.0794
837.5	0.0794
837.375	0.0801
837.25	0.0801
837.125	0.0801
837.0	0.0801
836.875	0.0801
836.75	0.0801
836.625	0.0794
836.5	0.0801
836.375	0.0801
836.25	0.0794
836.125	0.077
836.0	0.077
835.875	0.0794
835.75	0.0786
835.625	0.0786
835.5	0.0794
835.375	0.0778
835.25	0.0778
835.125	0.0778
835.0	0.0794
834.875	0.0786
834.75	0.0786
834.625	0.0778
834.5	0.0778
834.375	0.077
834.25	0.0786
834.125	0.0778
834.0	0.0762
833.875	0.0754
833.75	0.0754
833.625	0.077
833.5	0.077
833.375	0.0778
833.25	0.0754
833.125	0.0762
833.0	0.0754
832.875	0.077
832.75	0.0754
832.625	0.0754
832.5	0.0754
832.375	0.0754
832.25	0.0754
832.125	0.0778
832.0	0.0754
831.875	0.077
831.75	0.077
831.625	0.077
831.5	0.0754
831.375	0.0754
831.25	0.0754
831.125	0.0754
831.0	0.0754
830.875	0.077
830.75	0.0754
830.625	0.0754
830.5	0.0754
830.375	0.0754
830.25	0.0754
830.125	0.0754
830.0	0.0754
829.875	0.0754
829.75	0.0746
829.625	0.0754
829.5	0.0754
829.375	0.0762
829.25	0.0746
829.125	0.0754
829.0	0.0754
828.875	0.0754
828.75	0.0754
828.625	0.0754
828.5	0.0754
828.375	0.0754
828.25	0.0754
828.125	0.0754
828.0	0.0754
827.875	0.0754
827.75	0.0754
827.625	0.0754
827.5	0.0746
827.375	0.0754
827.25	0.0754
827.125	0.0754
827.0	0.0754
826.875	0.0754
826.75	0.0754
826.625	0.0754
826.5	0.0762
826.375	0.0754
826.25	0.0754
826.125	0.0754
826.0	0.0754
825.875	0.0754
825.75	0.0754
825.625	0.0754
825.5	0.0754
825.375	0.0754
825.25	0.0754
825.125	0.0746
825.0	0.0754
824.875	0.0754
824.75	0.0746
824.625	0.0754
824.5	0.0754
824.375	0.0754
824.25	0.0754
824.125	0.0746
824.0	0.0754
823.875	0.0746
823.75	0.0754
823.625	0.0754
823.5	0.0754
823.375	0.0754
823.25	0.0754
823.125	0.0754
823.0	0.0754
822.875	0.0754
822.75	0.0754
822.625	0.0746
822.5	0.0754
822.375	0.0754
822.25	0.0738
822.125	0.0731
822.0	0.0754
821.875	0.0746
821.75	0.0754
821.625	0.0754
821.5	0.0754
821.375	0.0738
821.25	0.0731
821.125	0.0754
821.0	0.0754
820.875	0.0746
820.75	0.0754
820.625	0.0746
820.5	0.0731
820.375	0.0754
820.25	0.0723
820.125	0.0746
820.0	0.0738
819.875	0.0754
819.75	0.0738
819.625	0.0738
819.5	0.0731
819.375	0.0738
819.25	0.0746
819.125	0.0746
819.0	0.0707
818.875	0.0746
818.75	0.0731
818.625	0.0723
818.5	0.0715
818.375	0.0707
818.25	0.0723
818.125	0.0707
818.0	0.0723
817.875	0.0723
817.75	0.0715
817.625	0.0723
817.5	0.0731
817.375	0.0723
817.25	0.0707
817.125	0.0715
817.0	0.0707
816.875	0.0723
816.75	0.0707
816.625	0.0715
816.5	0.0723
816.375	0.0707
816.25	0.0707
816.125	0.0707
816.0	0.0723
815.875	0.0715
815.75	0.0715
815.625	0.0707
815.5	0.0707
815.375	0.0707
815.25	0.0707
815.125	0.0707
815.0	0.0707
814.875	0.0707
814.75	0.0715
814.625	0.0707
814.5	0.0707
814.375	0.0707
814.25	0.0707
814.125	0.0707
814.0	0.0707
813.875	0.0707
813.75	0.0707
813.625	0.0715
813.5	0.0707
813.375	0.0707
813.25	0.0707
813.125	0.0707
813.0	0.0707
812.875	0.0707
812.75	0.0707
812.625	0.0707
812.5	0.0707
812.375	0.0707
812.25	0.0707
812.125	0.0707
812.0	0.0707
811.875	0.0707
811.75	0.0707
811.625	0.0707
811.5	0.0707
811.375	0.0707
811.25	0.0707
811.125	0.0699
811.0	0.0699
810.875	0.0707
810.75	0.0707
810.625	0.0707
810.5	0.0707
810.375	0.0707
810.25	0.0707
810.125	0.0707
810.0	0.0707
809.875	0.0707
809.75	0.0707
809.625	0.0707
809.5	0.0707
809.375	0.0707
809.25	0.0707
809.125	0.0707
809.0	0.0707
808.875	0.0707
808.75	0.0699
808.625	0.0707
808.5	0.0699
808.375	0.0707
808.25	0.0699
808.125	0.0707
808.0	0.0707
807.875	0.0699
807.75	0.0707
807.625	0.0707
807.5	0.0699
807.375	0.0691
807.25	0.0699
807.125	0.0699
807.0	0.0699
806.875	0.0707
806.75	0.0707
806.625	0.0707
806.5	0.0707
806.375	0.0691
806.25	0.0699
806.125	0.0707
806.0	0.0707
805.875	0.0707
805.75	0.0707
805.625	0.0707
805.5	0.0691
805.375	0.0707
805.25	0.0683
805.125	0.0707
805.0	0.0683
804.875	0.0707
804.75	0.0676
804.625	0.0668
804.5	0.0691
804.375	0.0691
804.25	0.0676
804.125	0.0691
804.0	0.0699
803.875	0.0707
803.75	0.0699
803.625	0.0707
803.5	0.0676
803.375	0.0683
803.25	0.0683
803.125	0.0699
803.0	0.0707
802.875	0.0699
802.75	0.0691
802.625	0.0683
802.5	0.0683
802.375	0.0676
802.25	0.0699
802.125	0.0668
802.0	0.0691
801.875	0.0683
801.75	0.0699
801.625	0.0683
801.5	0.0668
801.375	0.0668
801.25	0.0668
801.125	0.0691
801.0	0.0683
800.875	0.0668
800.75	0.0676
800.625	0.0676
800.5	0.0691
800.375	0.0676
800.25	0.0676
800.125	0.0676
800.0	0.0676
799.875	0.0676
799.75	0.066
799.625	0.0676
799.5	0.0683
799.375	0.0691
799.25	0.0668
799.125	0.066
799.0	0.0676
798.875	0.0676
798.75	0.0668
798.625	0.0699
798.5	0.066
798.375	0.0691
798.25	0.0668
798.125	0.0676
798.0	0.0668
797.875	0.0668
797.75	0.0676
797.625	0.0668
797.5	0.0668
797.375	0.0683
797.25	0.0683
797.125	0.0668
797.0	0.066
796.875	0.066
796.75	0.0683
796.625	0.066
796.5	0.0668
796.375	0.066
796.25	0.0683
796.125	0.0676
796.0	0.0676
795.875	0.066
795.75	0.0683
795.625	0.066
795.5	0.0676
795.375	0.0668
795.25	0.0668
795.125	0.0668
795.0	0.0676
794.875	0.066
794.75	0.0668
794.625	0.066
794.5	0.066
794.375	0.0691
794.25	0.0676
794.125	0.066
794.0	0.0668
793.875	0.066
793.75	0.0668
793.625	0.0676
793.5	0.066
793.375	0.0676
793.25	0.066
793.125	0.0668
793.0	0.066
792.875	0.066
792.75	0.066
792.625	0.0676
792.5	0.066
792.375	0.066
792.25	0.0668
792.125	0.066
792.0	0.0676
791.875	0.066
791.75	0.0668
791.625	0.066
791.5	0.066
791.375	0.0668
791.25	0.066
791.125	0.066
791.0	0.0668
790.875	0.066
790.75	0.0652
790.625	0.066
790.5	0.066
790.375	0.066
790.25	0.066
790.125	0.066
790.0	0.066
789.875	0.066
789.75	0.066
789.625	0.0683
789.5	0.066
789.375	0.0668
789.25	0.0676
789.125	0.066
789.0	0.0668
788.875	0.066
788.75	0.066
788.625	0.066
788.5	0.066
788.375	0.066
788.25	0.066
788.125	0.066
788.0	0.066
787.875	0.066
787.75	0.066
787.625	0.066
787.5	0.066
787.375	0.066
787.25	0.066
787.125	0.066
787.0	0.066
786.875	0.066
786.75	0.066
786.625	0.066
786.5	0.0683
786.375	0.066
786.25	0.066
786.125	0.066
786.0	0.066
785.875	0.066
785.75	0.066
785.625	0.066
785.5	0.066
785.375	0.066
785.25	0.066
785.125	0.066
785.0	0.066
784.875	0.066
784.75	0.066
784.625	0.066
784.5	0.0668
784.375	0.0668
784.25	0.066
784.125	0.066
784.0	0.066
783.875	0.066
783.75	0.066
783.625	0.066
783.5	0.066
783.375	0.0668
783.25	0.066
783.125	0.066
783.0	0.066
782.875	0.066
782.75	0.066
782.625	0.066
782.5	0.066
782.375	0.066
782.25	0.066
782.125	0.0652
782.0	0.066
781.875	0.0652
781.75	0.066
781.625	0.066
781.5	0.0668
781.375	0.066
781.25	0.066
781.125	0.066
781.0	0.066
780.875	0.066
780.75	0.0668
780.625	0.066
780.5	0.066
780.375	0.066
780.25	0.0668
780.125	0.066
780.0	0.066
779.875	0.066
779.75	0.066
779.625	0.066
779.5	0.066
779.375	0.0668
779.25	0.066
779.125	0.066
779.0	0.066
778.875	0.066
778.75	0.066
778.625	0.066
778.5	0.066
778.375	0.066
778.25	0.066
778.125	0.066
778.0	0.066
777.875	0.066
777.75	0.066
777.625	0.066
777.5	0.066
777.375	0.066
777.25	0.0668
777.125	0.066
777.0	0.066
776.875	0.066
776.75	0.066
776.625	0.066
776.5	0.066
776.375	0.066
776.25	0.0668
776.125	0.066
776.0	0.066
775.875	0.066
775.75	0.066
775.625	0.066
775.5	0.066
775.375	0.066
775.25	0.066
775.125	0.0668
775.0	0.066
774.875	0.066
774.75	0.066
774.625	0.066
774.5	0.066
774.375	0.066
774.25	0.066
774.125	0.066
774.0	0.066
773.875	0.066
773.75	0.066
773.625	0.066
773.5	0.066
773.375	0.0676
773.25	0.066
773.125	0.066
773.0	0.0668
772.875	0.066
772.75	0.066
772.625	0.066
772.5	0.066
772.375	0.066
772.25	0.066
772.125	0.066
772.0	0.066
771.875	0.066
771.75	0.066
771.625	0.066
771.5	0.066
771.375	0.066
771.25	0.066
771.125	0.066
771.0	0.066
770.875	0.066
770.75	0.066
770.625	0.066
770.5	0.066
770.375	0.066
770.25	0.066
770.125	0.066
770.0	0.066
769.875	0.066
769.75	0.066
769.625	0.0668
769.5	0.066
769.375	0.066
769.25	0.066
769.125	0.066
769.0	0.066
768.875	0.066
768.75	0.066
768.625	0.066
768.5	0.066
768.375	0.066
768.25	0.0636
768.125	0.066
768.0	0.066
767.875	0.066
767.75	0.066
767.625	0.066
767.5	0.066
767.375	0.066
767.25	0.066
767.125	0.066
767.0	0.066
766.875	0.066
766.75	0.066
766.625	0.066
766.5	0.0644
766.375	0.066
766.25	0.066
766.125	0.066
766.0	0.066
765.875	0.066
765.75	0.066
765.625	0.0652
765.5	0.066
765.375	0.066
765.25	0.066
765.125	0.066
765.0	0.0652
764.875	0.066
764.75	0.0668
764.625	0.066
764.5	0.0652
764.375	0.066
764.25	0.066
764.125	0.066
764.0	0.066
763.875	0.066
763.75	0.066
763.625	0.066
763.5	0.066
763.375	0.066
763.25	0.066
763.125	0.066
763.0	0.066
762.875	0.066
762.75	0.066
762.625	0.066
762.5	0.066
762.375	0.066
762.25	0.066
762.125	0.0668
762.0	0.066
761.875	0.066
761.75	0.0668
761.625	0.066
761.5	0.066
761.375	0.066
761.25	0.0668
761.125	0.066
761.0	0.066
760.875	0.066
760.75	0.066
760.625	0.066
760.5	0.066
760.375	0.066
760.25	0.0668
760.125	0.066
760.0	0.066
759.875	0.066
759.75	0.066
759.625	0.066
759.5	0.0652
759.375	0.066
759.25	0.066
759.125	0.066
759.0	0.066
758.875	0.0652
758.75	0.066
758.625	0.066
758.5	0.066
758.375	0.066
758.25	0.066
758.125	0.0644
758.0	0.066
757.875	0.066
757.75	0.066
757.625	0.066
757.5	0.066
757.375	0.066
757.25	0.066
757.125	0.066
757.0	0.066
756.875	0.066
756.75	0.066
756.625	0.066
756.5	0.0668
756.375	0.066
756.25	0.066
756.125	0.066
756.0	0.066
755.875	0.066
755.75	0.066
755.625	0.066
755.5	0.066
755.375	0.066
755.25	0.066
755.125	0.066
755.0	0.066
754.875	0.066
754.75	0.066
754.625	0.066
754.5	0.066
754.375	0.066
754.25	0.066
754.125	0.0668
754.0	0.066
753.875	0.066
753.75	0.0668
753.625	0.066
753.5	0.066
753.375	0.066
753.25	0.0676
753.125	0.066
753.0	0.0668
752.875	0.066
752.75	0.066
752.625	0.066
752.5	0.0676
752.375	0.066
752.25	0.066
752.125	0.0676
752.0	0.066
751.875	0.066
751.75	0.066
751.625	0.066
751.5	0.066
751.375	0.0676
751.25	0.066
751.125	0.066
751.0	0.066
750.875	0.066
750.75	0.066
750.625	0.066
750.5	0.066
750.375	0.066
750.25	0.066
750.125	0.066
750.0	0.066
749.875	0.066
749.75	0.066
749.625	0.066
749.5	0.066
749.375	0.066
749.25	0.066
749.125	0.066
749.0	0.066
748.875	0.0668
748.75	0.0668
748.625	0.066
748.5	0.066
748.375	0.066
748.25	0.066
748.125	0.0676
748.0	0.066
747.875	0.066
747.75	0.066
747.625	0.0668
747.5	0.066
747.375	0.066
747.25	0.066
747.125	0.066
747.0	0.066
746.875	0.066
746.75	0.0668
746.625	0.066
746.5	0.066
746.375	0.066
746.25	0.0676
746.125	0.066
746.0	0.0668
745.875	0.066
745.75	0.066
745.625	0.066
745.5	0.066
745.375	0.066
745.25	0.066
745.125	0.066
745.0	0.0683
744.875	0.0676
744.75	0.0668
744.625	0.0668
744.5	0.066
744.375	0.066
744.25	0.0668
744.125	0.066
744.0	0.066
743.875	0.066
743.75	0.0668
743.625	0.066
743.5	0.066
743.375	0.066
743.25	0.066
743.125	0.066
743.0	0.066
742.875	0.066
742.75	0.066
742.625	0.066
742.5	0.066
742.375	0.0683
742.25	0.066
742.125	0.0668
742.0	0.066
741.875	0.066
741.75	0.0676
741.625	0.066
741.5	0.0676
741.375	0.066
741.25	0.066
741.125	0.066
741.0	0.066
740.875	0.066
740.75	0.066
740.625	0.066
740.5	0.0676
740.375	0.066
740.25	0.066
740.125	0.066
740.0	0.0668
739.875	0.0668
739.75	0.0668
739.625	0.066
739.5	0.0676
739.375	0.066
739.25	0.0668
739.125	0.066
739.0	0.066
738.875	0.066
738.75	0.0668
738.625	0.066
738.5	0.0668
738.375	0.0668
738.25	0.066
738.125	0.0676
738.0	0.066
737.875	0.0668
737.75	0.066
737.625	0.0668
737.5	0.066
737.375	0.066
737.25	0.066
737.125	0.066
737.0	0.066
736.875	0.0683
736.75	0.0668
736.625	0.0668
736.5	0.066
736.375	0.0668
736.25	0.066
736.125	0.066
736.0	0.066
735.875	0.066
735.75	0.066
735.625	0.066
735.5	0.0676
735.375	0.0668
735.25	0.0668
735.125	0.0668
735.0	0.066
734.875	0.066
734.75	0.0691
734.625	0.0668
734.5	0.0668
734.375	0.066
734.25	0.066
734.125	0.0676
734.0	0.066
733.875	0.0676
733.75	0.0668
733.625	0.0668
733.5	0.0668
733.375	0.066
733.25	0.0668
733.125	0.0668
733.0	0.066
732.875	0.066
732.75	0.066
732.625	0.0668
732.5	0.0683
732.375	0.0668
732.25	0.0668
732.125	0.066
732.0	0.0683
731.875	0.0676
731.75	0.0683
731.625	0.066
731.5	0.0668
731.375	0.0668
731.25	0.066
731.125	0.0668
731.0	0.0668
730.875	0.0676
730.75	0.0676
730.625	0.0683
730.5	0.0676
730.375	0.066
730.25	0.066
730.125	0.0668
730.0	0.0676
729.875	0.0707
729.75	0.0668
729.625	0.0668
729.5	0.0676
729.375	0.0683
729.25	0.066
729.125	0.066
729.0	0.0668
728.875	0.0699
728.75	0.0668
728.625	0.0676
728.5	0.0683
728.375	0.0668
728.25	0.0676
728.125	0.066
728.0	0.0668
727.875	0.0668
727.75	0.0668
727.625	0.0668
727.5	0.0676
727.375	0.0668
727.25	0.0676
727.125	0.066
727.0	0.066
726.875	0.0683
726.75	0.066
726.625	0.066
726.5	0.066
726.375	0.066
726.25	0.0676
726.125	0.0676
726.0	0.0668
725.875	0.066
725.75	0.066
725.625	0.0683
725.5	0.0668
725.375	0.0683
725.25	0.0676
725.125	0.0676
725.0	0.0676
724.875	0.0691
724.75	0.0668
724.625	0.066
724.5	0.0683
724.375	0.0676
724.25	0.066
724.125	0.0683
724.0	0.0676
723.875	0.066
723.75	0.0691
723.625	0.066
723.5	0.0668
723.375	0.0683
723.25	0.0676
723.125	0.0668
723.0	0.0668
722.875	0.0668
722.75	0.0668
722.625	0.0676
722.5	0.0676
722.375	0.0683
722.25	0.066
722.125	0.0676
722.0	0.0683
721.875	0.0676
721.75	0.0676
721.625	0.0676
721.5	0.0676
721.375	0.066
721.25	0.0676
721.125	0.0683
721.0	0.0668
720.875	0.066
720.75	0.0668
720.625	0.0691
720.5	0.0691
720.375	0.0668
720.25	0.0676
720.125	0.0668
720.0	0.0683
719.875	0.0699
719.75	0.066
719.625	0.0668
719.5	0.0676
719.375	0.0668
719.25	0.0668
719.125	0.0699
719.0	0.066
718.875	0.0683
718.75	0.0676
718.625	0.0668
718.5	0.0668
718.375	0.0683
718.25	0.0676
718.125	0.0676
718.0	0.0683
717.875	0.0668
717.75	0.0676
717.625	0.0683
717.5	0.0683
717.375	0.0699
717.25	0.0676
717.125	0.0683
717.0	0.0691
716.875	0.0691
716.75	0.0676
716.625	0.0676
716.5	0.0683
716.375	0.0683
716.25	0.0691
716.125	0.0683
716.0	0.0683
715.875	0.0691
715.75	0.0691
715.625	0.0707
715.5	0.0691
715.375	0.0691
715.25	0.0691
715.125	0.0699
715.0	0.0707
714.875	0.0683
714.75	0.0683
714.625	0.0699
714.5	0.0676
714.375	0.0691
714.25	0.0691
714.125	0.0676
714.0	0.0676
713.875	0.0676
713.75	0.0683
713.625	0.0683
713.5	0.0683
713.375	0.0668
713.25	0.0699
713.125	0.0691
713.0	0.0683
712.875	0.0668
712.75	0.0676
712.625	0.0683
712.5	0.0683
712.375	0.0676
712.25	0.0668
712.125	0.0676
712.0	0.0683
711.875	0.0691
711.75	0.0676
711.625	0.0676
711.5	0.0691
711.375	0.0691
711.25	0.0676
711.125	0.0691
711.0	0.0668
710.875	0.0676
710.75	0.0668
710.625	0.0691
710.5	0.0668
710.375	0.0676
710.25	0.066
710.125	0.0668
710.0	0.0683
709.875	0.0683
709.75	0.0628
709.625	0.0621
709.5	0.0628
709.375	0.0628
709.25	0.0621
709.125	0.0621
709.0	0.0636
708.875	0.0644
708.75	0.066
708.625	0.066
708.5	0.066
708.375	0.066
708.25	0.066
708.125	0.0683
708.0	0.0691
707.875	0.0707
707.75	0.0707
707.625	0.0699
707.5	0.0707
707.375	0.0707
707.25	0.0707
707.125	0.0707
707.0	0.0707
706.875	0.0707
706.75	0.0707
706.625	0.0699
706.5	0.0699
706.375	0.0691
706.25	0.0707
706.125	0.0707
706.0	0.0707
705.875	0.0707
705.75	0.0707
705.625	0.0707
705.5	0.0707
705.375	0.0715
705.25	0.0707
705.125	0.0707
705.0	0.0707
704.875	0.0707
704.75	0.0707
704.625	0.0707
704.5	0.0707
704.375	0.0715
704.25	0.0715
704.125	0.0707
704.0	0.0715
703.875	0.0723
703.75	0.0738
703.625	0.0707
703.5	0.0707
703.375	0.0707
703.25	0.0731
703.125	0.0715
703.0	0.0754
702.875	0.0731
702.75	0.0731
702.625	0.0754
702.5	0.0731
702.375	0.0754
702.25	0.0754
702.125	0.0754
702.0	0.0754
701.875	0.0754
701.75	0.0754
701.625	0.0746
701.5	0.0754
701.375	0.0754
701.25	0.0754
701.125	0.0754
701.0	0.0754
700.875	0.0754
700.75	0.0746
700.625	0.0754
700.5	0.0762
700.375	0.0754
700.25	0.0754
700.125	0.0754
700.0	0.0754
699.875	0.0754
699.75	0.0754
699.625	0.0754
699.5	0.0754
699.375	0.0754
699.25	0.0754
699.125	0.0778
699.0	0.0754
698.875	0.0754
698.75	0.0754
698.625	0.0754
698.5	0.0754
698.375	0.077
698.25	0.0762
698.125	0.0762
698.0	0.0754
697.875	0.0754
697.75	0.0762
697.625	0.0778
697.5	0.077
697.375	0.0778
697.25	0.0778
697.125	0.0801
697.0	0.0786
696.875	0.0786
696.75	0.0801
696.625	0.0794
696.5	0.0794
696.375	0.0794
696.25	0.0794
696.125	0.0801
696.0	0.0794
695.875	0.0801
695.75	0.0801
695.625	0.0801
695.5	0.0801
695.375	0.0801
695.25	0.0801
695.125	0.0801
695.0	0.0801
694.875	0.0794
694.75	0.0801
694.625	0.0801
694.5	0.0801
694.375	0.0801
694.25	0.0801
694.125	0.0801
694.0	0.0801
693.875	0.0801
693.75	0.0801
693.625	0.0801
693.5	0.0801
693.375	0.0801
693.25	0.0801
693.125	0.0801
693.0	0.0801
692.875	0.0809
692.75	0.0801
692.625	0.0801
692.5	0.0825
692.375	0.0801
692.25	0.0817
692.125	0.0809
692.0	0.0833
691.875	0.0833
691.75	0.0825
691.625	0.0809
691.5	0.0833
691.375	0.0817
691.25	0.0825
691.125	0.0825
691.0	0.0833
690.875	0.0833
690.75	0.0841
690.625	0.0849
690.5	0.0849
690.375	0.0841
690.25	0.0849
690.125	0.0849
690.0	0.0833
689.875	0.0849
689.75	0.0849
689.625	0.0849
689.5	0.0849
689.375	0.0849
689.25	0.0849
689.125	0.0849
689.0	0.0849
688.875	0.0849
688.75	0.0849
688.625	0.0849
688.5	0.0849
688.375	0.0849
688.25	0.0849
688.125	0.0864
688.0	0.0849
687.875	0.0856
687.75	0.0864
687.625	0.0856
687.5	0.0856
687.375	0.0849
687.25	0.0864
687.125	0.0864
687.0	0.0849
686.875	0.0872
686.75	0.0849
686.625	0.0872
686.5	0.0849
686.375	0.0856
686.25	0.0872
686.125	0.0864
686.0	0.088
685.875	0.088
685.75	0.0896
685.625	0.0888
685.5	0.0872
685.375	0.0864
685.25	0.0888
685.125	0.0896
685.0	0.0888
684.875	0.088
684.75	0.0896
684.625	0.0896
684.5	0.0896
684.375	0.0896
684.25	0.0896
684.125	0.0896
684.0	0.0896
683.875	0.0896
683.75	0.0896
683.625	0.0896
683.5	0.0896
683.375	0.0896
683.25	0.0896
683.125	0.0896
683.0	0.0904
682.875	0.0904
682.75	0.0896
682.625	0.0919
682.5	0.0911
682.375	0.0927
682.25	0.0935
682.125	0.0927
682.0	0.0911
681.875	0.0935
681.75	0.0943
681.625	0.0943
681.5	0.0919
681.375	0.0943
681.25	0.0935
681.125	0.0943
681.0	0.0943
680.875	0.0935
680.75	0.0943
680.625	0.0943
680.5	0.0943
680.375	0.0943
680.25	0.0943
680.125	0.0943
680.0	0.0943
679.875	0.0943
679.75	0.0959
679.625	0.0943
679.5	0.0959
679.375	0.0943
679.25	0.0959
679.125	0.0966
679.0	0.0959
678.875	0.0974
678.75	0.0943
678.625	0.0959
678.5	0.0959
678.375	0.099
678.25	0.0974
678.125	0.099
678.0	0.099
677.875	0.099
677.75	0.099
677.625	0.099
677.5	0.099
677.375	0.099
677.25	0.099
677.125	0.099
677.0	0.099
676.875	0.099
676.75	0.099
676.625	0.099
676.5	0.1006
676.375	0.099
676.25	0.099
676.125	0.099
676.0	0.1006
675.875	0.1014
675.75	0.1014
675.625	0.1014
675.5	0.1029
675.375	0.1006
675.25	0.1014
675.125	0.1022
675.0	0.1029
674.875	0.1029
674.75	0.1037
674.625	0.1037
674.5	0.1037
674.375	0.1045
674.25	0.1037
674.125	0.1037
674.0	0.1037
673.875	0.1037
673.75	0.1037
673.625	0.1045
673.5	0.1045
673.375	0.1053
673.25	0.1053
673.125	0.1045
673.0	0.1061
672.875	0.1045
672.75	0.1077
672.625	0.1053
672.5	0.1061
672.375	0.1061
672.25	0.1069
672.125	0.1084
672.0	0.1061
671.875	0.1084
671.75	0.1084
671.625	0.1084
671.5	0.11
671.375	0.1084
671.25	0.1084
671.125	0.1084
671.0	0.1084
670.875	0.1084
670.75	0.1084
670.625	0.11
670.5	0.11
670.375	0.1092
670.25	0.1116
670.125	0.1116
670.0	0.1132
669.875	0.11
669.75	0.1132
669.625	0.1132
669.5	0.1108
669.375	0.1132
669.25	0.1132
669.125	0.1132
669.0	0.1132
668.875	0.1132
668.75	0.1132
668.625	0.1132
668.5	0.1139
668.375	0.1147
668.25	0.1132
668.125	0.1155
668.0	0.1163
667.875	0.1139
667.75	0.1163
667.625	0.1179
667.5	0.1171
667.375	0.1179
667.25	0.1171
667.125	0.1179
667.0	0.1179
666.875	0.1179
666.75	0.1163
666.625	0.1179
666.5	0.1187
666.375	0.1179
666.25	0.1179
666.125	0.1194
666.0	0.1187
665.875	0.1179
665.75	0.1194
665.625	0.1202
665.5	0.1226
665.375	0.1218
665.25	0.1226
665.125	0.1218
665.0	0.1226
664.875	0.1226
664.75	0.1226
664.625	0.1226
664.5	0.1226
664.375	0.1226
664.25	0.1226
664.125	0.1226
664.0	0.1226
663.875	0.1226
663.75	0.1234
663.625	0.1234
663.5	0.1234
663.375	0.1226
663.25	0.1265
663.125	0.1273
663.0	0.1273
662.875	0.1273
662.75	0.1273
662.625	0.1273
662.5	0.1273
662.375	0.1273
662.25	0.1273
662.125	0.1289
662.0	0.1273
661.875	0.1289
661.75	0.1273
661.625	0.1289
661.5	0.1312
661.375	0.1297
661.25	0.1297
661.125	0.1305
661.0	0.1312
660.875	0.132
660.75	0.132
660.625	0.132
660.5	0.132
660.375	0.132
660.25	0.132
660.125	0.1328
660.0	0.132
659.875	0.1336
659.75	0.132
659.625	0.1344
659.5	0.1344
659.375	0.1336
659.25	0.1367
659.125	0.1352
659.0	0.136
658.875	0.1352
658.75	0.1367
658.625	0.1367
658.5	0.136
658.375	0.1367
658.25	0.1367
658.125	0.1391
658.0	0.1375
657.875	0.1375
657.75	0.1407
657.625	0.1375
657.5	0.1399
657.375	0.1415
657.25	0.1415
657.125	0.1407
657.0	0.1415
656.875	0.1415
656.75	0.1415
656.625	0.143
656.5	0.1415
656.375	0.1415
656.25	0.1438
656.125	0.1415
656.0	0.1422
655.875	0.1422
655.75	0.1438
655.625	0.143
655.5	0.1462
655.375	0.1462
655.25	0.1462
655.125	0.1462
655.0	0.1462
654.875	0.1462
654.75	0.1462
654.625	0.1462
654.5	0.1462
654.375	0.147
654.25	0.1493
654.125	0.1477
654.0	0.1509
653.875	0.1485
653.75	0.1501
653.625	0.1509
653.5	0.1509
653.375	0.1493
653.25	0.1509
653.125	0.1509
653.0	0.1509
652.875	0.1525
652.75	0.1525
652.625	0.1517
652.5	0.1509
652.375	0.1533
652.25	0.1556
652.125	0.1533
652.0	0.1556
651.875	0.1556
651.75	0.1556
651.625	0.1556
651.5	0.1572
651.375	0.1564
651.25	0.1572
651.125	0.1603
651.0	0.1603
650.875	0.1603
650.75	0.1595
650.625	0.1603
650.5	0.1603
650.375	0.1619
650.25	0.1627
650.125	0.1635
650.0	0.1635
649.875	0.165
649.75	0.165
649.625	0.165
649.5	0.1658
649.375	0.165
649.25	0.165
649.125	0.1674
649.0	0.1658
648.875	0.1666
648.75	0.169
648.625	0.1698
648.5	0.169
648.375	0.1698
648.25	0.1698
648.125	0.1698
648.0	0.1713
647.875	0.1729
647.75	0.1737
647.625	0.1737
647.5	0.1745
647.375	0.1745
647.25	0.1745
647.125	0.1753
647.0	0.1768
646.875	0.1776
646.75	0.1768
646.625	0.1784
646.5	0.1792
646.375	0.1792
646.25	0.1792
646.125	0.1792
646.0	0.1792
645.875	0.1792
645.75	0.18
645.625	0.1839
645.5	0.18
645.375	0.1823
645.25	0.1847
645.125	0.1839
645.0	0.1839
644.875	0.1839
644.75	0.1847
644.625	0.1863
644.5	0.1863
644.375	0.1886
644.25	0.1878
644.125	0.1878
644.0	0.1871
643.875	0.1886
643.75	0.1902
643.625	0.1902
643.5	0.191
643.375	0.1926
643.25	0.1926
643.125	0.1933
643.0	0.1933
642.875	0.1933
642.75	0.1949
642.625	0.1957
642.5	0.1973
642.375	0.1981
642.25	0.1981
642.125	0.1988
642.0	0.1988
641.875	0.1981
641.75	0.1996
641.625	0.2028
641.5	0.2028
641.375	0.2028
641.25	0.2028
641.125	0.2028
641.0	0.2044
640.875	0.2059
640.75	0.2036
640.625	0.2067
640.5	0.2075
640.375	0.2067
640.25	0.2075
640.125	0.2083
640.0	0.2091
639.875	0.2091
639.75	0.2099
639.625	0.2122
639.5	0.2122
639.375	0.213
639.25	0.2138
639.125	0.2138
639.0	0.2154
638.875	0.2177
638.75	0.2169
638.625	0.2169
638.5	0.2177
638.375	0.2177
638.25	0.2201
638.125	0.2216
638.0	0.2216
637.875	0.2216
637.75	0.2216
637.625	0.2216
637.5	0.224
637.375	0.2264
637.25	0.2264
637.125	0.2264
637.0	0.2272
636.875	0.2264
636.75	0.2264
636.625	0.2287
636.5	0.2303
636.375	0.2311
636.25	0.2311
636.125	0.2319
636.0	0.2319
635.875	0.235
635.75	0.2358
635.625	0.2358
635.5	0.2358
635.375	0.2358
635.25	0.2374
635.125	0.2405
635.0	0.2397
634.875	0.2405
634.75	0.2413
634.625	0.2413
634.5	0.2444
634.375	0.2452
634.25	0.2444
634.125	0.2452
634.0	0.2468
633.875	0.2468
633.75	0.2492
633.625	0.25
633.5	0.25
633.375	0.2515
633.25	0.2523
633.125	0.2531
633.0	0.2547
632.875	0.2547
632.75	0.2547
632.625	0.2578
632.5	0.2555
632.375	0.2594
632.25	0.2594
632.125	0.2602
632.0	0.2594
631.875	0.2633
631.75	0.2641
631.625	0.2625
631.5	0.2641
631.375	0.2665
631.25	0.2657
631.125	0.2688
631.0	0.2688
630.875	0.2688
630.75	0.2712
630.625	0.2712
630.5	0.2727
630.375	0.2727
630.25	0.2735
630.125	0.2743
630.0	0.2767
629.875	0.2783
629.75	0.2783
629.625	0.2783
629.5	0.2783
629.375	0.2814
629.25	0.283
629.125	0.283
629.0	0.2838
628.875	0.2853
628.75	0.2869
628.625	0.2885
628.5	0.2877
628.375	0.2885
628.25	0.2924
628.125	0.2924
628.0	0.2924
627.875	0.2924
627.75	0.2932
627.625	0.2948
627.5	0.2955
627.375	0.2963
627.25	0.2971
627.125	0.3018
627.0	0.3018
626.875	0.3018
626.75	0.3018
626.625	0.3018
626.5	0.3026
626.375	0.3066
626.25	0.3058
626.125	0.3066
626.0	0.3081
625.875	0.3089
625.75	0.3113
625.625	0.3113
625.5	0.3121
625.375	0.3136
625.25	0.3144
625.125	0.316
625.0	0.316
624.875	0.316
624.75	0.3183
624.625	0.3191
624.5	0.3207
624.375	0.3215
624.25	0.3207
624.125	0.3254
624.0	0.3246
623.875	0.3254
623.75	0.3254
623.625	0.327
623.5	0.3278
623.375	0.3301
623.25	0.3301
623.125	0.3317
623.0	0.3325
622.875	0.3341
622.75	0.3349
622.625	0.3349
622.5	0.3364
622.375	0.338
622.25	0.3396
622.125	0.3411
622.0	0.3404
621.875	0.3435
621.75	0.3435
621.625	0.3443
621.5	0.3443
621.375	0.349
621.25	0.3482
621.125	0.3482
621.0	0.349
620.875	0.3522
620.75	0.3537
620.625	0.3537
620.5	0.3561
620.375	0.3577
620.25	0.3584
620.125	0.3584
620.0	0.3608
619.875	0.3584
619.75	0.3632
619.625	0.3632
619.5	0.3632
619.375	0.3647
619.25	0.3679
619.125	0.3679
619.0	0.3687
618.875	0.3694
618.75	0.3718
618.625	0.3726
618.5	0.3726
618.375	0.3742
618.25	0.3773
618.125	0.3765
618.0	0.3781
617.875	0.3773
617.75	0.3797
617.625	0.3797
617.5	0.3828
617.375	0.3844
617.25	0.3844
617.125	0.3867
617.0	0.3875
616.875	0.3867
616.75	0.3915
616.625	0.3915
616.5	0.3915
616.375	0.3915
616.25	0.3946
616.125	0.3962
616.0	0.397
615.875	0.397
615.75	0.3993
615.625	0.4009
615.5	0.4025
615.375	0.4033
615.25	0.4056
615.125	0.4056
615.0	0.4064
614.875	0.4064
614.75	0.4088
614.625	0.4103
614.5	0.4103
614.375	0.4119
614.25	0.4135
614.125	0.4158
614.0	0.4182
613.875	0.4198
613.75	0.4198
613.625	0.4205
613.5	0.4237
613.375	0.4245
613.25	0.4261
613.125	0.4253
613.0	0.4261
612.875	0.4292
612.75	0.4292
612.625	0.4316
612.5	0.4339
612.375	0.4339
612.25	0.4339
612.125	0.4355
612.0	0.4378
611.875	0.4378
611.75	0.4386
611.625	0.441
611.5	0.4418
611.375	0.4433
611.25	0.4441
611.125	0.4449
611.0	0.4481
610.875	0.4481
610.75	0.4504
610.625	0.4528
610.5	0.4528
610.375	0.4528
610.25	0.4559
610.125	0.4567
610.0	0.4575
609.875	0.4606
609.75	0.4622
609.625	0.4622
609.5	0.4638
609.375	0.4669
609.25	0.4669
609.125	0.4669
609.0	0.4685
608.875	0.4716
608.75	0.4709
608.625	0.4716
608.5	0.474
608.375	0.4772
608.25	0.4764
608.125	0.4811
608.0	0.4811
607.875	0.4811
607.75	0.4827
607.625	0.485
607.5	0.4858
607.375	0.4858
607.25	0.4889
607.125	0.4905
607.0	0.4905
606.875	0.4921
606.75	0.4944
606.625	0.4944
606.5	0.496
606.375	0.4984
606.25	0.5
606.125	0.5
606.0	0.5031
605.875	0.5047
605.75	0.5047
605.625	0.507
605.5	0.5086
605.375	0.5094
605.25	0.5102
605.125	0.5102
605.0	0.5141
604.875	0.5141
604.75	0.5149
604.625	0.5188
604.5	0.5188
604.375	0.5212
604.25	0.5227
604.125	0.5235
604.0	0.5251
603.875	0.5283
603.75	0.5283
603.625	0.5283
603.5	0.529
603.375	0.533
603.25	0.533
603.125	0.533
603.0	0.5345
602.875	0.5377
602.75	0.5385
602.625	0.5385
602.5	0.54
602.375	0.54
602.25	0.5416
602.125	0.5424
602.0	0.5455
601.875	0.5471
601.75	0.5471
601.625	0.5479
601.5	0.5511
601.375	0.5518
601.25	0.5526
601.125	0.5534
601.0	0.5566
600.875	0.5566
600.75	0.5573
600.625	0.5613
600.5	0.5605
600.375	0.5613
600.25	0.5636
600.125	0.566
600.0	0.5668
599.875	0.5691
599.75	0.5707
599.625	0.5707
599.5	0.5723
599.375	0.5754
599.25	0.5746
599.125	0.5754
599.0	0.5786
598.875	0.5786
598.75	0.5801
598.625	0.5825
598.5	0.5841
598.375	0.5849
598.25	0.5856
598.125	0.5864
598.0	0.5896
597.875	0.5896
597.75	0.5904
597.625	0.5943
597.5	0.5943
597.375	0.5951
597.25	0.5982
597.125	0.599
597.0	0.599
596.875	0.6029
596.75	0.6037
596.625	0.6045
596.5	0.6053
596.375	0.6084
596.25	0.6084
596.125	0.6092
596.0	0.6124
595.875	0.6132
595.75	0.6139
595.625	0.6179
595.5	0.6179
595.375	0.6187
595.25	0.6202
595.125	0.6234
595.0	0.6226
594.875	0.6265
594.75	0.6273
594.625	0.6273
594.5	0.6305
594.375	0.632
594.25	0.632
594.125	0.6336
594.0	0.636
593.875	0.6367
593.75	0.6383
593.625	0.6399
593.5	0.6415
593.375	0.6415
593.25	0.6454
593.125	0.6446
593.0	0.6462
592.875	0.6462
592.75	0.6493
592.625	0.6509
592.5	0.6509
592.375	0.6525
592.25	0.6556
592.125	0.6556
592.0	0.658
591.875	0.6572
591.75	0.6603
591.625	0.6595
591.5	0.6619
591.375	0.6627
591.25	0.6643
591.125	0.665
591.0	0.6674
590.875	0.6698
590.75	0.6698
590.625	0.6705
590.5	0.6729
590.375	0.6745
590.25	0.6745
590.125	0.6792
590.0	0.6792
589.875	0.6808
589.75	0.6839
589.625	0.6839
589.5	0.6878
589.375	0.6886
589.25	0.691
589.125	0.691
589.0	0.6933
588.875	0.6981
588.75	0.6981
588.625	0.6996
588.5	0.7004
588.375	0.7012
588.25	0.7036
588.125	0.7075
588.0	0.7075
587.875	0.7075
587.75	0.7091
587.625	0.7122
587.5	0.7122
587.375	0.7154
587.25	0.7154
587.125	0.7169
587.0	0.7169
586.875	0.7209
586.75	0.7216
586.625	0.7216
586.5	0.7248
586.375	0.7264
586.25	0.7264
586.125	0.7272
586.0	0.7272
585.875	0.7311
585.75	0.7311
585.625	0.7319
585.5	0.7327
585.375	0.735
585.25	0.7358
585.125	0.7366
585.0	0.7358
584.875	0.7366
584.75	0.7389
584.625	0.7405
584.5	0.7405
584.375	0.7413
584.25	0.7405
584.125	0.7429
584.0	0.7452
583.875	0.7452
583.75	0.7444
583.625	0.7444
583.5	0.7452
583.375	0.7437
583.25	0.7437
583.125	0.7452
583.0	0.7452
582.875	0.7452
582.75	0.7452
582.625	0.7452
582.5	0.7452
582.375	0.7452
582.25	0.7452
582.125	0.7452
582.0	0.7452
581.875	0.7452
581.75	0.7437
581.625	0.7444
581.5	0.7437
581.375	0.7421
581.25	0.7405
581.125	0.7405
581.0	0.7374
580.875	0.7389
580.75	0.7358
580.625	0.7366
580.5	0.7358
580.375	0.7358
580.25	0.7358
580.125	0.7342
580.0	0.7319
579.875	0.7327
579.75	0.7311
579.625	0.7311
579.5	0.7311
579.375	0.7295
579.25	0.7295
579.125	0.7279
579.0	0.7264
578.875	0.7279
578.75	0.7264
578.625	0.7272
578.5	0.7272
578.375	0.7272
578.25	0.7264
578.125	0.7264
578.0	0.7264
577.875	0.7264
577.75	0.7248
577.625	0.724
577.5	0.7256
577.375	0.7216
577.25	0.7224
577.125	0.724
577.0	0.7216
576.875	0.7216
576.75	0.7216
576.625	0.7224
576.5	0.7216
576.375	0.7216
576.25	0.7216
576.125	0.7216
576.0	0.7216
575.875	0.7216
575.75	0.7216
575.625	0.7209
575.5	0.7216
575.375	0.7193
575.25	0.7201
575.125	0.7169
575.0	0.7177
574.875	0.7185
574.75	0.7177
574.625	0.7169
574.5	0.7177
574.375	0.7169
574.25	0.7169
574.125	0.7169
574.0	0.7146
573.875	0.7138
573.75	0.713
573.625	0.7122
573.5	0.7122
573.375	0.7106
573.25	0.7099
573.125	0.7075
573.0	0.7075
572.875	0.7075
572.75	0.7028
572.625	0.7028
572.5	0.702
572.375	0.702
572.25	0.6981
572.125	0.6981
572.0	0.6973
571.875	0.6949
571.75	0.6933
571.625	0.691
571.5	0.6886
571.375	0.6886
571.25	0.6871
571.125	0.6839
571.0	0.6808
570.875	0.6792
570.75	0.6768
570.625	0.6745
570.5	0.6737
570.375	0.6713
570.25	0.6698
570.125	0.6674
570.0	0.665
569.875	0.6619
569.75	0.6603
569.625	0.6595
569.5	0.6556
569.375	0.6533
569.25	0.6509
569.125	0.6493
569.0	0.6462
568.875	0.643
568.75	0.6415
568.625	0.6383
568.5	0.6367
568.375	0.6344
568.25	0.6328
568.125	0.632
568.0	0.6281
567.875	0.6273
567.75	0.6234
567.625	0.6218
567.5	0.6194
567.375	0.6179
567.25	0.6147
567.125	0.6132
567.0	0.61
566.875	0.6077
566.75	0.6053
566.625	0.6037
566.5	0.5998
566.375	0.599
566.25	0.5974
566.125	0.5943
566.0	0.5919
565.875	0.588
565.75	0.5856
565.625	0.5833
565.5	0.5801
565.375	0.5754
565.25	0.5738
565.125	0.5707
565.0	0.566
564.875	0.566
564.75	0.5621
564.625	0.5566
564.5	0.5566
564.375	0.5503
564.25	0.5463
564.125	0.5424
564.0	0.5377
563.875	0.533
563.75	0.529
563.625	0.5235
563.5	0.5212
563.375	0.5165
563.25	0.5141
563.125	0.5094
563.0	0.5039
562.875	0.5007
562.75	0.4952
562.625	0.4905
562.5	0.4866
562.375	0.4827
562.25	0.4795
562.125	0.4748
562.0	0.4716
561.875	0.4669
561.75	0.463
561.625	0.4599
561.5	0.4559
561.375	0.4528
561.25	0.4488
561.125	0.4441
561.0	0.4433
560.875	0.4386
560.75	0.4347
560.625	0.4331
560.5	0.4292
560.375	0.4268
560.25	0.4245
560.125	0.4198
560.0	0.4158
559.875	0.4158
559.75	0.4127
559.625	0.4103
559.5	0.408
559.375	0.4064
559.25	0.404
559.125	0.4009
559.0	0.4009
558.875	0.4001
558.75	0.397
558.625	0.3946
558.5	0.3915
558.375	0.3915
558.25	0.3875
558.125	0.3867
558.0	0.3828
557.875	0.3797
557.75	0.3773
557.625	0.3765
557.5	0.3726
557.375	0.371
557.25	0.3679
557.125	0.3647
557.0	0.3624
556.875	0.3584
556.75	0.3561
556.625	0.3537
556.5	0.3514
556.375	0.3466
556.25	0.3427
556.125	0.3411
556.0	0.3388
555.875	0.3349
555.75	0.3325
555.625	0.3301
555.5	0.327
555.375	0.3254
555.25	0.3223
555.125	0.3207
555.0	0.3176
554.875	0.316
554.75	0.3144
554.625	0.3113
554.5	0.3113
554.375	0.3073
554.25	0.3058
554.125	0.3042
554.0	0.3058
553.875	0.3026
553.75	0.3018
553.625	0.3026
553.5	0.3018
553.375	0.3018
553.25	0.3034
553.125	0.3034
553.0	0.3042
552.875	0.3066
552.75	0.3066
552.625	0.3081
552.5	0.3113
552.375	0.3121
552.25	0.316
552.125	0.3199
552.0	0.3231
551.875	0.3246
551.75	0.3286
551.625	0.3309
551.5	0.3349
551.375	0.338
551.25	0.3427
551.125	0.3451
551.0	0.3498
550.875	0.3545
550.75	0.3592
550.625	0.3632
550.5	0.3679
550.375	0.371
550.25	0.3726
550.125	0.3789
550.0	0.382
549.875	0.3867
549.75	0.3875
549.625	0.3915
549.5	0.3962
549.375	0.3962
549.25	0.3962
549.125	0.4009
549.0	0.4009
548.875	0.4033
548.75	0.4033
548.625	0.4056
548.5	0.4056
548.375	0.4056
548.25	0.4056
548.125	0.4056
548.0	0.4056
547.875	0.4048
547.75	0.4048
547.625	0.4048
547.5	0.4017
547.375	0.4009
547.25	0.4009
547.125	0.4009
547.0	0.3993
546.875	0.397
546.75	0.3962
546.625	0.3962
546.5	0.3946
546.375	0.3915
546.25	0.3915
546.125	0.3891
546.0	0.3867
545.875	0.3867
545.75	0.386
545.625	0.3828
545.5	0.382
545.375	0.382
545.25	0.3789
545.125	0.3805
545.0	0.3773
544.875	0.3773
544.75	0.3765
544.625	0.375
544.5	0.3742
544.375	0.3726
544.25	0.3726
544.125	0.3726
544.0	0.3726
543.875	0.3726
543.75	0.371
543.625	0.3687
543.5	0.3687
543.375	0.3671
543.25	0.3679
543.125	0.3679
543.0	0.3679
542.875	0.3639
542.75	0.3632
542.625	0.3632
542.5	0.3624
542.375	0.3632
542.25	0.36
542.125	0.36
542.0	0.3592
541.875	0.3584
541.75	0.3584
541.625	0.3584
541.5	0.3577
541.375	0.3584
541.25	0.3569
541.125	0.3584
541.0	0.3608
540.875	0.3584
540.75	0.3584
540.625	0.3632
540.5	0.3632
540.375	0.3663
540.25	0.3679
540.125	0.3726
540.0	0.3773
539.875	0.3789
539.75	0.386
539.625	0.3883
539.5	0.3954
539.375	0.4001
539.25	0.408
539.125	0.4143
539.0	0.4237
538.875	0.4292
538.75	0.4386
538.625	0.4457
538.5	0.4544
538.375	0.463
538.25	0.4724
538.125	0.4819
538.0	0.4913
537.875	0.5015
537.75	0.5117
537.625	0.5235
537.5	0.5338
537.375	0.544
537.25	0.555
537.125	0.5636
537.0	0.5746
536.875	0.5849
536.75	0.5927
536.625	0.6037
536.5	0.61
536.375	0.6226
536.25	0.632
536.125	0.6391
536.0	0.6462
535.875	0.654
535.75	0.6619
535.625	0.669
535.5	0.6745
535.375	0.68
535.25	0.6871
535.125	0.6933
535.0	0.6981
534.875	0.7028
534.75	0.7075
534.625	0.7083
534.5	0.713
534.375	0.7169
534.25	0.7216
534.125	0.7264
534.0	0.7264
533.875	0.7311
533.75	0.7319
533.625	0.7358
533.5	0.7366
533.375	0.7382
533.25	0.7397
533.125	0.7405
533.0	0.7405
532.875	0.7421
532.75	0.7429
532.625	0.7452
532.5	0.7444
532.375	0.7452
532.25	0.7452
532.125	0.7452
532.0	0.7452
531.875	0.7476
531.75	0.7484
531.625	0.75
531.5	0.75
531.375	0.75
531.25	0.7523
531.125	0.7547
531.0	0.7547
530.875	0.7547
530.75	0.7547
530.625	0.7547
530.5	0.7562
530.375	0.757
530.25	0.7594
530.125	0.7594
530.0	0.7594
529.875	0.7594
529.75	0.7594
529.625	0.7594
529.5	0.7602
529.375	0.7594
529.25	0.7594
529.125	0.761
529.0	0.7594
528.875	0.7594
528.75	0.7594
528.625	0.7594
528.5	0.7602
528.375	0.7586
528.25	0.7586
528.125	0.7586
528.0	0.7547
527.875	0.757
527.75	0.7555
527.625	0.7562
527.5	0.7555
527.375	0.7578
527.25	0.7555
527.125	0.7547
527.0	0.7555
526.875	0.7547
526.75	0.7547
526.625	0.7547
526.5	0.7547
526.375	0.7547
526.25	0.7547
526.125	0.7539
526.0	0.7547
525.875	0.7562
525.75	0.7547
525.625	0.7547
525.5	0.7547
525.375	0.7547
525.25	0.7547
525.125	0.7547
525.0	0.7547
524.875	0.7547
524.75	0.7523
524.625	0.7539
524.5	0.7539
524.375	0.7531
524.25	0.75
524.125	0.7523
524.0	0.7507
523.875	0.75
523.75	0.7507
523.625	0.75
523.5	0.75
523.375	0.75
523.25	0.75
523.125	0.7492
523.0	0.75
522.875	0.7484
522.75	0.7468
522.625	0.7468
522.5	0.7452
522.375	0.7468
522.25	0.7476
522.125	0.7452
522.0	0.746
521.875	0.7452
521.75	0.7452
521.625	0.7452
521.5	0.7452
521.375	0.7452
521.25	0.7452
521.125	0.7405
521.0	0.7444
520.875	0.7429
520.75	0.7429
520.625	0.7429
520.5	0.7405
520.375	0.7413
520.25	0.7405
520.125	0.7405
520.0	0.7405
519.875	0.7405
519.75	0.7405
519.625	0.7405
519.5	0.7397
519.375	0.7405
519.25	0.7382
519.125	0.7374
519.0	0.7382
518.875	0.7382
518.75	0.7374
518.625	0.7358
518.5	0.7358
518.375	0.7358
518.25	0.7358
518.125	0.7358
518.0	0.7366
517.875	0.7358
517.75	0.7358
517.625	0.7319
517.5	0.7319
517.375	0.7334
517.25	0.7311
517.125	0.7311
517.0	0.7303
516.875	0.7311
516.75	0.7311
516.625	0.7319
516.5	0.7272
516.375	0.7311
516.25	0.7287
516.125	0.7295
516.0	0.7272
515.875	0.7264
515.75	0.7264
515.625	0.7264
515.5	0.7264
515.375	0.7264
515.25	0.7256
515.125	0.7264
515.0	0.7264
514.875	0.7264
514.75	0.7256
514.625	0.7256
514.5	0.7248
514.375	0.7224
514.25	0.7224
514.125	0.7216
514.0	0.7216
513.875	0.7216
513.75	0.7216
513.625	0.7177
513.5	0.7169
513.375	0.7169
513.25	0.7169
513.125	0.7169
513.0	0.7161
512.875	0.7138
512.75	0.7138
512.625	0.7122
512.5	0.7122
512.375	0.7122
512.25	0.7099
512.125	0.7083
512.0	0.7091
511.875	0.7067
511.75	0.7075
511.625	0.7067
511.5	0.7059
511.375	0.7028
511.25	0.7028
511.125	0.7012
511.0	0.702
510.875	0.6981
510.75	0.6981
510.625	0.6973
510.5	0.6973
510.375	0.6949
510.25	0.6933
510.125	0.6918
510.0	0.6894
509.875	0.6886
509.75	0.6886
509.625	0.6871
509.5	0.6847
509.375	0.6855
509.25	0.6839
509.125	0.6823
509.0	0.6792
508.875	0.6792
508.75	0.6792
508.625	0.6761
508.5	0.6745
508.375	0.6737
508.25	0.6698
508.125	0.6698
508.0	0.6666
507.875	0.6658
507.75	0.665
507.625	0.6635
507.5	0.6603
507.375	0.6588
507.25	0.6572
507.125	0.6556
507.0	0.6533
506.875	0.6509
506.75	0.6501
506.625	0.6462
506.5	0.6438
506.375	0.6407
506.25	0.6407
506.125	0.6367
506.0	0.6352
505.875	0.6336
505.75	0.632
505.625	0.6289
505.5	0.6273
505.375	0.6234
505.25	0.6226
505.125	0.6202
505.0	0.6179
504.875	0.6132
504.75	0.6132
504.625	0.6084
504.5	0.6077
504.375	0.6053
504.25	0.6022
504.125	0.599
504.0	0.599
503.875	0.5959
503.75	0.5943
503.625	0.5896
503.5	0.5849
503.375	0.5849
503.25	0.5817
503.125	0.5762
503.0	0.5754
502.875	0.5738
502.75	0.5707
502.625	0.5683
502.5	0.566
502.375	0.5628
502.25	0.5605
502.125	0.5573
502.0	0.5566
501.875	0.5542
501.75	0.5518
501.625	0.5479
501.5	0.5471
501.375	0.5463
501.25	0.5424
501.125	0.5424
501.0	0.54
500.875	0.5377
500.75	0.5377
500.625	0.5361
500.5	0.5345
500.375	0.533
500.25	0.5322
500.125	0.529
500.0	0.5298
499.875	0.5283
499.75	0.5283
499.625	0.5275
499.5	0.5275
499.375	0.5259
499.25	0.5235
499.125	0.5235
499.0	0.5235
498.875	0.5235
498.75	0.5204
498.625	0.5204
498.5	0.5188
498.375	0.5188
498.25	0.5188
498.125	0.5188
498.0	0.5188
497.875	0.5172
497.75	0.5188
497.625	0.5157
497.5	0.5157
497.375	0.5141
497.25	0.5141
497.125	0.5141
497.0	0.5157
496.875	0.5149
496.75	0.5165
496.625	0.518
496.5	0.5165
496.375	0.518
496.25	0.5188
496.125	0.5188
496.0	0.5188
495.875	0.5188
495.75	0.5188
495.625	0.5204
495.5	0.5204
495.375	0.5188
495.25	0.5196
495.125	0.5196
495.0	0.5204
494.875	0.5212
494.75	0.5227
494.625	0.5235
494.5	0.522
494.375	0.5235
494.25	0.5235
494.125	0.522
494.0	0.5235
493.875	0.5235
493.75	0.5243
493.625	0.5251
493.5	0.5283
493.375	0.5275
493.25	0.5283
493.125	0.5283
493.0	0.5298
492.875	0.5322
492.75	0.5338
492.625	0.533
492.5	0.5345
492.375	0.5377
492.25	0.5377
492.125	0.5393
492.0	0.5424
491.875	0.5448
491.75	0.5471
491.625	0.5471
491.5	0.5503
491.375	0.5518
491.25	0.5558
491.125	0.5566
491.0	0.5589
490.875	0.5613
490.75	0.5621
490.625	0.566
490.5	0.566
490.375	0.5676
490.25	0.5707
490.125	0.5723
490.0	0.5746
489.875	0.5754
489.75	0.5762
489.625	0.5794
489.5	0.5801
489.375	0.5801
489.25	0.5817
489.125	0.5801
489.0	0.5817
488.875	0.5849
488.75	0.5825
488.625	0.5833
488.5	0.5849
488.375	0.5849
488.25	0.5841
488.125	0.5841
488.0	0.5833
487.875	0.5825
487.75	0.5825
487.625	0.5825
487.5	0.5801
487.375	0.5801
487.25	0.5801
487.125	0.5801
487.0	0.5801
486.875	0.5778
486.75	0.577
486.625	0.5762
486.5	0.5754
486.375	0.5754
486.25	0.5754
486.125	0.5746
486.0	0.5707
485.875	0.5707
485.75	0.5683
485.625	0.5676
485.5	0.566
485.375	0.566
485.25	0.5636
485.125	0.5636
485.0	0.5605
484.875	0.5605
484.75	0.5573
484.625	0.5573
484.5	0.5566
484.375	0.5558
484.25	0.5518
484.125	0.5518
484.0	0.5495
483.875	0.5471
483.75	0.5471
483.625	0.5471
483.5	0.544
483.375	0.5424
483.25	0.5424
483.125	0.5416
483.0	0.5424
482.875	0.5385
482.75	0.5385
482.625	0.5377
482.5	0.5369
482.375	0.5345
482.25	0.533
482.125	0.533
482.0	0.533
481.875	0.533
481.75	0.5322
481.625	0.5283
481.5	0.5306
481.375	0.529
481.25	0.529
481.125	0.529
481.0	0.5298
480.875	0.5298
480.75	0.5283
480.625	0.5298
480.5	0.5298
480.375	0.5306
480.25	0.5322
480.125	0.5322
480.0	0.533
479.875	0.533
479.75	0.533
479.625	0.533
479.5	0.5353
479.375	0.5369
479.25	0.5377
479.125	0.5369
479.0	0.5393
478.875	0.5377
478.75	0.5377
478.625	0.5393
478.5	0.5393
478.375	0.5424
478.25	0.5424
478.125	0.5432
478.0	0.544
477.875	0.544
477.75	0.5455
477.625	0.5432
477.5	0.5471
477.375	0.5471
477.25	0.5471
477.125	0.5471
477.0	0.5471
476.875	0.5471
476.75	0.5487
476.625	0.5471
476.5	0.5487
476.375	0.5495
476.25	0.5487
476.125	0.5487
476.0	0.5479
475.875	0.5479
475.75	0.5479
475.625	0.5479
475.5	0.5471
475.375	0.5471
475.25	0.5471
475.125	0.5471
475.0	0.5471
474.875	0.5471
474.75	0.544
474.625	0.5448
474.5	0.5432
474.375	0.5424
474.25	0.5448
474.125	0.5424
474.0	0.5424
473.875	0.5416
473.75	0.5408
473.625	0.54
473.5	0.5393
473.375	0.54
473.25	0.5393
473.125	0.5377
473.0	0.5377
472.875	0.5377
472.75	0.5361
472.625	0.5353
472.5	0.5345
472.375	0.5338
472.25	0.533
472.125	0.533
472.0	0.533
471.875	0.5314
471.75	0.5298
471.625	0.5314
471.5	0.5283
471.375	0.5283
471.25	0.5283
471.125	0.5283
471.0	0.5283
470.875	0.5275
470.75	0.5251
470.625	0.5243
470.5	0.5235
470.375	0.5235
470.25	0.5227
470.125	0.522
470.0	0.5196
469.875	0.5188
469.75	0.518
469.625	0.5188
469.5	0.5149
469.375	0.5149
469.25	0.5141
469.125	0.5141
469.0	0.5141
468.875	0.5133
468.75	0.5094
468.625	0.511
468.5	0.5094
468.375	0.5086
468.25	0.5062
468.125	0.5047
468.0	0.5047
467.875	0.5047
467.75	0.5031
467.625	0.5023
467.5	0.5015
467.375	0.4992
467.25	0.4984
467.125	0.5
467.0	0.4952
466.875	0.4952
466.75	0.4952
466.625	0.4952
466.5	0.4921
466.375	0.4905
466.25	0.4905
466.125	0.4905
466.0	0.4874
465.875	0.4858
465.75	0.4858
465.625	0.4858
465.5	0.4827
465.375	0.4811
465.25	0.4811
465.125	0.4811
465.0	0.4787
464.875	0.4779
464.75	0.4764
464.625	0.4764
464.5	0.474
464.375	0.4716
464.25	0.4716
464.125	0.4701
464.0	0.4669
463.875	0.4669
463.75	0.4661
463.625	0.4654
463.5	0.4622
463.375	0.4622
463.25	0.4614
463.125	0.4606
463.0	0.4575
462.875	0.4575
462.75	0.4544
462.625	0.4551
462.5	0.4528
462.375	0.4528
462.25	0.4528
462.125	0.4528
462.0	0.4488
461.875	0.4473
461.75	0.4473
461.625	0.4457
461.5	0.4441
461.375	0.4433
461.25	0.4426
461.125	0.4418
461.0	0.4402
460.875	0.4394
460.75	0.4378
460.625	0.4355
460.5	0.4347
460.375	0.4355
460.25	0.4331
460.125	0.4316
460.0	0.4292
459.875	0.4292
459.75	0.4284
459.625	0.4261
459.5	0.4245
459.375	0.4245
459.25	0.4245
459.125	0.4198
459.0	0.4221
458.875	0.4205
458.75	0.419
458.625	0.415
458.5	0.415
458.375	0.415
458.25	0.4143
458.125	0.4103
458.0	0.4103
457.875	0.408
457.75	0.408
457.625	0.4072
457.5	0.4048
457.375	0.4056
457.25	0.4056
457.125	0.4009
457.0	0.4009
456.875	0.3993
456.75	0.3993
456.625	0.3977
456.5	0.3962
456.375	0.3962
456.25	0.3938
456.125	0.3915
456.0	0.3915
455.875	0.3899
455.75	0.3883
455.625	0.3867
455.5	0.3867
455.375	0.3867
455.25	0.382
455.125	0.3828
455.0	0.382
454.875	0.3812
454.75	0.3773
454.625	0.3781
454.5	0.3773
454.375	0.3773
454.25	0.3773
454.125	0.3726
454.0	0.3726
453.875	0.3718
453.75	0.3718
453.625	0.3687
453.5	0.3679
453.375	0.3671
453.25	0.3647
453.125	0.3632
453.0	0.3632
452.875	0.3632
452.75	0.3608
452.625	0.3608
452.5	0.3592
452.375	0.3569
452.25	0.3569
452.125	0.3561
452.0	0.3545
451.875	0.3545
451.75	0.3529
451.625	0.3529
451.5	0.3506
451.375	0.3506
451.25	0.349
451.125	0.349
451.0	0.3482
450.875	0.349
450.75	0.349
450.625	0.3443
450.5	0.3459
450.375	0.3443
450.25	0.3435
450.125	0.3443
450.0	0.3443
449.875	0.3411
449.75	0.3396
449.625	0.3396
449.5	0.3396
449.375	0.3396
449.25	0.3388
449.125	0.3388
449.0	0.3356
448.875	0.3356
448.75	0.3364
448.625	0.3356
448.5	0.3349
448.375	0.3349
448.25	0.3349
448.125	0.3364
448.0	0.3349
447.875	0.3349
447.75	0.3349
447.625	0.3333
447.5	0.3333
447.375	0.3325
447.25	0.3317
447.125	0.3325
447.0	0.3317
446.875	0.3317
446.75	0.3341
446.625	0.3325
446.5	0.3341
446.375	0.3333
446.25	0.3349
446.125	0.3349
446.0	0.3349
445.875	0.3341
445.75	0.3349
445.625	0.3349
445.5	0.3356
445.375	0.3349
445.25	0.3364
445.125	0.3364
445.0	0.3396
444.875	0.3396
444.75	0.3396
444.625	0.3396
444.5	0.3404
444.375	0.3396
444.25	0.3404
444.125	0.3396
444.0	0.3435
443.875	0.3435
443.75	0.3443
443.625	0.3443
443.5	0.3443
443.375	0.3451
443.25	0.3466
443.125	0.349
443.0	0.3482
442.875	0.349
442.75	0.349
442.625	0.349
442.5	0.349
442.375	0.3498
442.25	0.3514
442.125	0.3522
442.0	0.3537
441.875	0.3553
441.75	0.3577
441.625	0.3577
441.5	0.3584
441.375	0.36
441.25	0.3608
441.125	0.3632
441.0	0.3647
440.875	0.3663
440.75	0.3671
440.625	0.3679
440.5	0.3726
440.375	0.3726
440.25	0.3742
440.125	0.3765
440.0	0.3773
439.875	0.3797
439.75	0.382
439.625	0.382
439.5	0.386
439.375	0.3867
439.25	0.3883
439.125	0.3915
439.0	0.3922
438.875	0.3922
438.75	0.3962
438.625	0.397
438.5	0.397
438.375	0.4009
438.25	0.4017
438.125	0.4056
438.0	0.4056
437.875	0.4095
437.75	0.4103
437.625	0.4103
437.5	0.4143
437.375	0.415
437.25	0.415
437.125	0.4166
437.0	0.4198
436.875	0.4205
436.75	0.4245
436.625	0.4245
436.5	0.4245
436.375	0.4284
436.25	0.43
436.125	0.4308
436.0	0.4339
435.875	0.4339
435.75	0.4386
435.625	0.4386
435.5	0.441
435.375	0.4433
435.25	0.4441
435.125	0.4449
435.0	0.4473
434.875	0.4496
434.75	0.4504
434.625	0.4528
434.5	0.4528
434.375	0.4567
434.25	0.4583
434.125	0.4622
434.0	0.4622
433.875	0.4654
433.75	0.4669
433.625	0.4669
433.5	0.4709
433.375	0.4716
433.25	0.4732
433.125	0.4764
433.0	0.4764
432.875	0.4803
432.75	0.4819
432.625	0.485
432.5	0.4858
432.375	0.4889
432.25	0.4897
432.125	0.4905
432.0	0.4952
431.875	0.4976
431.75	0.4992
431.625	0.5
431.5	0.5
431.375	0.5047
431.25	0.5078
431.125	0.5102
431.0	0.5141
430.875	0.5149
430.75	0.5188
430.625	0.5212
430.5	0.5235
430.375	0.5275
430.25	0.529
430.125	0.533
430.0	0.5361
429.875	0.5377
429.75	0.5424
429.625	0.5471
429.5	0.5495
429.375	0.5518
429.25	0.5566
429.125	0.5613
429.0	0.566
428.875	0.5707
428.75	0.5754
428.625	0.5778
428.5	0.5801
428.375	0.5872
428.25	0.5896
428.125	0.5943
428.0	0.599
427.875	0.6029
427.75	0.6053
427.625	0.61
427.5	0.6163
427.375	0.6179
427.25	0.6257
427.125	0.6289
427.0	0.6328
426.875	0.6375
426.75	0.6422
426.625	0.6462
426.5	0.6517
426.375	0.6556
426.25	0.6603
426.125	0.6643
426.0	0.6705
425.875	0.6745
425.75	0.6792
425.625	0.6839
425.5	0.6886
425.375	0.6926
425.25	0.6981
425.125	0.7012
425.0	0.7028
424.875	0.7099
424.75	0.7122
424.625	0.7169
424.5	0.7224
424.375	0.724
424.25	0.7295
424.125	0.7319
424.0	0.7358
423.875	0.7405
423.75	0.7452
423.625	0.7468
423.5	0.75
423.375	0.7547
423.25	0.7547
423.125	0.7594
423.0	0.7625
422.875	0.7649
422.75	0.7688
422.625	0.7696
422.5	0.7735
422.375	0.7735
422.25	0.7775
422.125	0.779
422.0	0.7798
421.875	0.783
421.75	0.783
421.625	0.7838
421.5	0.7861
421.375	0.7869
421.25	0.7877
421.125	0.7877
421.0	0.7877
420.875	0.7893
420.75	0.7877
420.625	0.7877
420.5	0.7869
420.375	0.7853
420.25	0.7845
420.125	0.7845
420.0	0.783
419.875	0.783
419.75	0.783
419.625	0.7814
419.5	0.779
419.375	0.7783
419.25	0.7767
419.125	0.7735
419.0	0.7735
418.875	0.7696
418.75	0.7696
418.625	0.7672
418.5	0.7649
418.375	0.7617
418.25	0.7594
418.125	0.7562
418.0	0.7547
417.875	0.75
417.75	0.75
417.625	0.7452
417.5	0.7429
417.375	0.7389
417.25	0.7342
417.125	0.7303
417.0	0.7264
416.875	0.7216
416.75	0.7201
416.625	0.7161
416.5	0.7099
416.375	0.7075
416.25	0.7028
416.125	0.6988
416.0	0.6933
415.875	0.6886
415.75	0.6839
415.625	0.6808
415.5	0.6776
415.375	0.6713
415.25	0.6698
415.125	0.6603
415.0	0.6588
414.875	0.6556
414.75	0.6485
414.625	0.6446
414.5	0.6383
414.375	0.6352
414.25	0.6305
414.125	0.6242
414.0	0.6202
413.875	0.6155
413.75	0.6092
413.625	0.6069
413.5	0.6014
413.375	0.5982
413.25	0.5927
413.125	0.588
413.0	0.5833
412.875	0.5794
412.75	0.5715
412.625	0.5676
412.5	0.5628
412.375	0.5566
412.25	0.5526
412.125	0.5471
412.0	0.5416
411.875	0.5377
411.75	0.5322
411.625	0.5283
411.5	0.5227
411.375	0.5165
411.25	0.511
411.125	0.5055
411.0	0.5015
410.875	0.4952
410.75	0.4921
410.625	0.4889
410.5	0.4811
410.375	0.4779
410.25	0.4748
410.125	0.4709
410.0	0.4669
409.875	0.4606
409.75	0.4575
409.625	0.4528
409.5	0.4481
409.375	0.4449
409.25	0.4426
409.125	0.4378
409.0	0.4339
408.875	0.43
408.75	0.4284
408.625	0.4245
408.5	0.4205
408.375	0.4174
408.25	0.4127
408.125	0.4111
408.0	0.4072
407.875	0.4056
407.75	0.4009
407.625	0.3962
407.5	0.3954
407.375	0.3915
407.25	0.3883
407.125	0.3867
407.0	0.382
406.875	0.3805
406.75	0.3773
406.625	0.375
406.5	0.3718
406.375	0.371
406.25	0.3655
406.125	0.3624
406.0	0.36
405.875	0.3577
405.75	0.3537
405.625	0.3506
405.5	0.349
405.375	0.3459
405.25	0.3443
405.125	0.3396
405.0	0.3396
404.875	0.3349
404.75	0.3325
404.625	0.3301
404.5	0.3254
404.375	0.3254
404.25	0.3215
404.125	0.3183
404.0	0.3152
403.875	0.3136
403.75	0.3113
403.625	0.3066
403.5	0.3018
403.375	0.3018
403.25	0.3003
403.125	0.2971
403.0	0.2948
402.875	0.2924
402.75	0.2893
402.625	0.2877
402.5	0.2845
402.375	0.283
402.25	0.2806
402.125	0.2775
402.0	0.2735
401.875	0.272
401.75	0.2704
401.625	0.2665
401.5	0.2649
401.375	0.2625
401.25	0.2594
401.125	0.2586
401.0	0.2562
400.875	0.2547
400.75	0.2515
400.625	0.25
400.5	0.2468
400.375	0.2452
400.25	0.2413
400.125	0.2405
400.0	0.2397
399.875	0.2358
399.75	0.2358
399.625	0.2342
399.5	0.2311
399.375	0.2311
399.25	0.2287
399.125	0.2264
399.0	0.2264
398.875	0.2264
398.75	0.2256
398.625	0.2224
398.5	0.2216
398.375	0.2216
398.25	0.2216
398.125	0.2193
398.0	0.2185
397.875	0.2177
397.75	0.2169
397.625	0.2169
397.5	0.2161
397.375	0.2138
397.25	0.2122
397.125	0.2122
397.0	0.2122
396.875	0.2091
396.75	0.2083
396.625	0.2083
396.5	0.2075
396.375	0.2051
396.25	0.2028
396.125	0.2028
396.0	0.2004
395.875	0.1988
395.75	0.1981
395.625	0.1981
395.5	0.1949
395.375	0.1933
395.25	0.1933
395.125	0.1926
395.0	0.1894
394.875	0.1886
394.75	0.1886
394.625	0.1871
394.5	0.1847
394.375	0.1839
394.25	0.1839
394.125	0.1808
394.0	0.1808
393.875	0.1792
393.75	0.1792
393.625	0.1768
393.5	0.1745
393.375	0.1737
393.25	0.1737
393.125	0.1713
393.0	0.1698
392.875	0.1698
392.75	0.169
392.625	0.165
392.5	0.165
392.375	0.1635
392.25	0.1627
392.125	0.1611
392.0	0.1611
391.875	0.1603
391.75	0.1588
391.625	0.1564
391.5	0.1564
391.375	0.1556
391.25	0.1556
391.125	0.1517
391.0	0.1509
390.875	0.1517
390.75	0.1509
390.625	0.1485
390.5	0.1493
390.375	0.147
390.25	0.1462
390.125	0.1462
390.0	0.1462
389.875	0.1415
389.75	0.1415
389.625	0.1415
389.5	0.1407
389.375	0.1407
389.25	0.1375
389.125	0.1375
389.0	0.1367
388.875	0.136
388.75	0.1344
388.625	0.1336
388.5	0.1328
388.375	0.1305
388.25	0.132
388.125	0.132
388.0	0.1305
387.875	0.1289
387.75	0.1273
387.625	0.1273
387.5	0.1273
387.375	0.125
387.25	0.1234
387.125	0.125
387.0	0.1226
386.875	0.1226
386.75	0.1226
386.625	0.1202
386.5	0.1194
386.375	0.1179
386.25	0.1179
386.125	0.1179
386.0	0.1163
385.875	0.1163
385.75	0.1171
385.625	0.1147
385.5	0.1132
385.375	0.1139
385.25	0.1132
385.125	0.1132
385.0	0.1116
384.875	0.1092
384.75	0.11
384.625	0.1084
384.5	0.1084
384.375	0.1084
384.25	0.1053
384.125	0.1061
384.0	0.1053
383.875	0.1045
383.75	0.1045
383.625	0.1037
383.5	0.1029
383.375	0.1029
383.25	0.1029
383.125	0.1037
383.0	0.1037
382.875	0.1006
382.75	0.1006
382.625	0.1006
382.5	0.099
382.375	0.099
382.25	0.0974
382.125	0.0966
382.0	0.0966
381.875	0.0959
381.75	0.0951
381.625	0.0959
381.5	0.0951
381.375	0.0943
381.25	0.0943
381.125	0.0943
381.0	0.0943
380.875	0.0935
380.75	0.0935
380.625	0.0927
380.5	0.0911
380.375	0.0896
380.25	0.0904
380.125	0.0896
380.0	0.0896
379.875	0.0896
379.75	0.0896
379.625	0.0896
379.5	0.0872
379.375	0.0872
379.25	0.088
379.125	0.0864
379.0	0.0856
378.875	0.0849
378.75	0.0849
378.625	0.0856
378.5	0.0849
378.375	0.0849
378.25	0.0849
378.125	0.0833
378.0	0.0849
377.875	0.0849
377.75	0.0849
377.625	0.0825
377.5	0.0833
377.375	0.0809
377.25	0.0809
377.125	0.0801
377.0	0.0801
376.875	0.0809
376.75	0.0801
376.625	0.0825
376.5	0.0801
376.375	0.0794
376.25	0.0801
376.125	0.0794
376.0	0.0801
375.875	0.0794
375.75	0.0801
375.625	0.0794
375.5	0.077
375.375	0.0778
375.25	0.0762
375.125	0.0754
375.0	0.077
374.875	0.0762
374.75	0.0754
374.625	0.0778
374.5	0.0754
374.375	0.0754
374.25	0.0762
374.125	0.0754
374.0	0.0754
373.875	0.0754
373.75	0.0754
373.625	0.0754
373.5	0.0746
373.375	0.0746
373.25	0.0754
373.125	0.0754
373.0	0.0746
372.875	0.0754
372.75	0.0746
372.625	0.0754
372.5	0.0746
372.375	0.0754
372.25	0.0754
372.125	0.0754
372.0	0.0738
371.875	0.0754
371.75	0.0746
371.625	0.0746
371.5	0.0746
371.375	0.0723
371.25	0.0731
371.125	0.0715
371.0	0.0723
370.875	0.0723
370.75	0.0715
370.625	0.0707
370.5	0.0707
370.375	0.0707
370.25	0.0723
370.125	0.0715
370.0	0.0707
369.875	0.0723
369.75	0.0707
369.625	0.0723
369.5	0.0707
369.375	0.0707
369.25	0.0707
369.125	0.0707
369.0	0.0707
368.875	0.0707
368.75	0.0707
368.625	0.0707
368.5	0.0707
368.375	0.0707
368.25	0.0707
368.125	0.0707
368.0	0.0707
367.875	0.0707
367.75	0.0691
367.625	0.0707
367.5	0.0707
367.375	0.0707
367.25	0.0699
367.125	0.0707
367.0	0.0707
366.875	0.0707
366.75	0.0707
366.625	0.0707
366.5	0.0683
366.375	0.0699
366.25	0.0699
366.125	0.0699
366.0	0.0707
365.875	0.0699
365.75	0.0699
365.625	0.0707
365.5	0.0691
365.375	0.0683
365.25	0.0699
365.125	0.0683
365.0	0.0699
364.875	0.0699
364.75	0.0699
364.625	0.0691
364.5	0.0691
364.375	0.0683
364.25	0.0699
364.125	0.0707
364.0	0.0707
363.875	0.0676
363.75	0.0691
363.625	0.0683
363.5	0.0699
363.375	0.0691
363.25	0.0691
363.125	0.0691
363.0	0.0676
362.875	0.0699
362.75	0.0683
362.625	0.0683
362.5	0.0683
362.375	0.0676
362.25	0.0676
362.125	0.0683
362.0	0.0676
361.875	0.0676
361.75	0.0691
361.625	0.0683
361.5	0.0668
361.375	0.0707
361.25	0.0691
361.125	0.0683
361.0	0.0683
360.875	0.0691
360.75	0.0676
360.625	0.0676
360.5	0.0668
360.375	0.0676
360.25	0.0668
360.125	0.0668
360.0	0.0668
359.875	0.0683
359.75	0.0691
359.625	0.0676
359.5	0.0676
359.375	0.0683
359.25	0.0676
359.125	0.0676
359.0	0.066
358.875	0.066
358.75	0.066
358.625	0.0668
358.5	0.0691
358.375	0.0668
358.25	0.0676
358.125	0.0691
358.0	0.0676
357.875	0.0676
357.75	0.0683
357.625	0.0668
357.5	0.0668
357.375	0.0668
357.25	0.0668
357.125	0.0668
357.0	0.066
356.875	0.0691
356.75	0.0668
356.625	0.0676
356.5	0.066
356.375	0.0668
356.25	0.066
356.125	0.066
356.0	0.066
355.875	0.066
355.75	0.0683
355.625	0.066
355.5	0.0691
355.375	0.0668
355.25	0.066
355.125	0.0683
355.0	0.066
354.875	0.0668
354.75	0.0668
354.625	0.0668
354.5	0.066
354.375	0.0676
354.25	0.066
354.125	0.066
354.0	0.066
353.875	0.0668
353.75	0.0668
353.625	0.066
353.5	0.0676
353.375	0.0691
353.25	0.066
353.125	0.0683
353.0	0.0668
352.875	0.0676
352.75	0.066
352.625	0.066
352.5	0.0676
352.375	0.066
352.25	0.0676
352.125	0.0668
352.0	0.0668
351.875	0.0668
351.75	0.0668
351.625	0.066
351.5	0.0683
351.375	0.066
351.25	0.066
351.125	0.066
351.0	0.066
350.875	0.0668
350.75	0.066
350.625	0.0683
350.5	0.066
350.375	0.0676
350.25	0.066
350.125	0.0668
350.0	0.066
349.875	0.0668
349.75	0.0668
349.625	0.0668
349.5	0.066
349.375	0.066
349.25	0.066
349.125	0.0668
349.0	0.0668
348.875	0.066
348.75	0.0668
348.625	0.066
348.5	0.0676
348.375	0.066
348.25	0.066
348.125	0.066
348.0	0.0683
347.875	0.066
347.75	0.066
347.625	0.066
347.5	0.0668
347.375	0.066
347.25	0.066
347.125	0.0676
347.0	0.066
346.875	0.0668
346.75	0.066
346.625	0.0676
346.5	0.0668
346.375	0.0668
346.25	0.0668
346.125	0.066
346.0	0.066
345.875	0.0668
345.75	0.066
345.625	0.066
345.5	0.066
345.375	0.066
345.25	0.0668
345.125	0.0668
345.0	0.0668
344.875	0.066
344.75	0.066
344.625	0.066
344.5	0.0668
344.375	0.066
344.25	0.0676
344.125	0.066
344.0	0.066
343.875	0.0668
343.75	0.066
343.625	0.066
343.5	0.0668
343.375	0.066
343.25	0.0668
343.125	0.066
343.0	0.066
342.875	0.0668
342.75	0.066
342.625	0.0676
342.5	0.066
342.375	0.066
342.25	0.066
342.125	0.066
342.0	0.066
341.875	0.066
341.75	0.066
341.625	0.066
341.5	0.0683
341.375	0.066
341.25	0.066
341.125	0.066
341.0	0.066
340.875	0.066
340.75	0.0668
340.625	0.0668
340.5	0.066
340.375	0.0668
340.25	0.0668
340.125	0.0668
340.0	0.066
339.875	0.066
339.75	0.066
339.625	0.066
339.5	0.066
339.375	0.066
339.25	0.066
339.125	0.066
339.0	0.066
338.875	0.066
338.75	0.0668
338.625	0.066
338.5	0.066
338.375	0.066
338.25	0.066
338.125	0.066
338.0	0.066
337.875	0.066
337.75	0.0668
337.625	0.0668
337.5	0.0668
337.375	0.0668
337.25	0.066
337.125	0.066
337.0	0.066
336.875	0.066
336.75	0.066
336.625	0.0668
336.5	0.066
336.375	0.066
336.25	0.066
336.125	0.0668
336.0	0.066
335.875	0.066
335.75	0.066
335.625	0.0676
335.5	0.0668
335.375	0.066
335.25	0.066
335.125	0.0668
335.0	0.066
334.875	0.066
334.75	0.066
334.625	0.066
334.5	0.066
334.375	0.066
334.25	0.066
334.125	0.066
334.0	0.066
333.875	0.066
333.75	0.066
333.625	0.066
333.5	0.0652
333.375	0.0676
333.25	0.066
333.125	0.0676
333.0	0.066
332.875	0.066
332.75	0.066
332.625	0.066
332.5	0.066
332.375	0.066
332.25	0.066
332.125	0.066
332.0	0.066
331.875	0.066
331.75	0.0668
331.625	0.066
331.5	0.066
331.375	0.066
331.25	0.0668
331.125	0.066
331.0	0.066
330.875	0.066
330.75	0.066
330.625	0.066
330.5	0.0676
330.375	0.066
330.25	0.066
330.125	0.066
330.0	0.066
329.875	0.066
329.75	0.066
329.625	0.0676
329.5	0.0668
329.375	0.066
329.25	0.0668
329.125	0.066
329.0	0.0652
328.875	0.066
328.75	0.066
328.625	0.0668
328.5	0.066
328.375	0.0676
328.25	0.0668
328.125	0.066
328.0	0.066
327.875	0.0668
327.75	0.0668
327.625	0.0668
327.5	0.066
327.375	0.066
327.25	0.066
327.125	0.066
327.0	0.066
326.875	0.066
326.75	0.066
326.625	0.066
326.5	0.0668
326.375	0.066
326.25	0.066
326.125	0.0683
326.0	0.0668
325.875	0.066
325.75	0.0668
325.625	0.066
325.5	0.066
325.375	0.0668
325.25	0.066
325.125	0.066
325.0	0.066
324.875	0.066
324.75	0.066
324.625	0.0668
324.5	0.066
324.375	0.066
324.25	0.066
324.125	0.066
324.0	0.066
323.875	0.066
323.75	0.0668
323.625	0.066
323.5	0.0668
323.375	0.066
323.25	0.066
323.125	0.066
323.0	0.066
322.875	0.066
322.75	0.066
322.625	0.066
322.5	0.066
322.375	0.066
322.25	0.066
322.125	0.066
322.0	0.066
321.875	0.066
321.75	0.066
321.625	0.0668
321.5	0.066
321.375	0.066
321.25	0.066
321.125	0.066
321.0	0.0668
320.875	0.066
320.75	0.066
320.625	0.066
320.5	0.066
320.375	0.066
320.25	0.066
320.125	0.066
320.0	0.066
319.875	0.0668
319.75	0.066
319.625	0.0668
319.5	0.0668
319.375	0.066
319.25	0.066
319.125	0.0676
319.0	0.066
318.875	0.066
318.75	0.066
318.625	0.066
318.5	0.066
318.375	0.0668
318.25	0.066
318.125	0.066
318.0	0.0668
317.875	0.066
317.75	0.0652
317.625	0.066
317.5	0.0652
317.375	0.066
317.25	0.0621
317.125	0.0613
317.0	0.0613
316.875	0.0613
316.75	0.0605
316.625	0.0613
316.5	0.0613
316.375	0.0605
316.25	0.0597
316.125	0.0613
316.0	0.0597
315.875	0.0597
315.75	0.0597
315.625	0.0613
315.5	0.0589
315.375	0.0589
315.25	0.0589
315.125	0.0589
315.0	0.0589
314.875	0.0613
314.75	0.0613
314.625	0.0605
314.5	0.0605
314.375	0.0613
314.25	0.0613
314.125	0.0597
314.0	0.0597
313.875	0.0613
313.75	0.0613
313.625	0.0597
313.5	0.0613
313.375	0.0613
313.25	0.0613
313.125	0.0628
313.0	0.0621
312.875	0.0621
312.75	0.0621
312.625	0.0644
312.5	0.0652
312.375	0.066
312.25	0.0652
312.125	0.0652
312.0	0.066
311.875	0.066
311.75	0.066
311.625	0.066
311.5	0.066
311.375	0.066
311.25	0.0652
311.125	0.066
311.0	0.0644
310.875	0.066
310.75	0.066
310.625	0.066
310.5	0.066
310.375	0.066
310.25	0.066
310.125	0.0652
310.0	0.066
309.875	0.066
309.75	0.066
309.625	0.0644
309.5	0.066
309.375	0.066
309.25	0.066
309.125	0.066
309.0	0.066
308.875	0.066
308.75	0.066
308.625	0.066
308.5	0.066
308.375	0.066
308.25	0.066
308.125	0.066
308.0	0.066
307.875	0.066
307.75	0.066
307.625	0.066
307.5	0.0652
307.375	0.066
307.25	0.066
307.125	0.0652
307.0	0.066
306.875	0.066
306.75	0.066
306.625	0.0668
306.5	0.066
306.375	0.066
306.25	0.066
306.125	0.066
306.0	0.066
305.875	0.066
305.75	0.066
305.625	0.066
305.5	0.066
305.375	0.0668
305.25	0.066
305.125	0.066
305.0	0.066
304.875	0.0652
304.75	0.066
304.625	0.066
304.5	0.066
304.375	0.066
304.25	0.066
304.125	0.066
304.0	0.066
303.875	0.066
303.75	0.066
303.625	0.066
303.5	0.0668
303.375	0.066
303.25	0.066
303.125	0.0652
303.0	0.066
302.875	0.066
302.75	0.066
302.625	0.066
302.5	0.066
302.375	0.066
302.25	0.066
302.125	0.066
302.0	0.066
301.875	0.066
301.75	0.066
301.625	0.066
301.5	0.066
301.375	0.066
301.25	0.066
301.125	0.066
301.0	0.066
300.875	0.066
300.75	0.066
300.625	0.066
300.5	0.066
300.375	0.066
300.25	0.066
300.125	0.066
