300.0	0.0683
300.125	0.0676
300.25	0.0676
300.375	0.0699
300.5	0.0683
300.625	0.0676
300.75	0.0683
300.875	0.0676
301.0	0.0683
301.125	0.0676
301.25	0.0676
301.375	0.0683
301.5	0.0668
301.625	0.0699
301.75	0.0683
301.875	0.0699
302.0	0.0683
302.125	0.0676
302.25	0.0699
302.375	0.0683
302.5	0.0707
302.625	0.0683
302.75	0.0699
302.875	0.0683
303.0	0.0691
303.125	0.0691
303.25	0.0668
303.375	0.0676
303.5	0.0683
303.625	0.0683
303.75	0.0691
303.875	0.0691
304.0	0.0676
304.125	0.0683
304.25	0.0707
304.375	0.0699
304.5	0.0683
304.625	0.0683
304.75	0.0699
304.875	0.0676
305.0	0.0676
305.125	0.0699
305.25	0.0699
305.375	0.0691
305.5	0.0691
305.625	0.0699
305.75	0.0683
305.875	0.0707
306.0	0.0691
306.125	0.0683
306.25	0.0699
306.375	0.0699
306.5	0.0683
306.625	0.0707
306.75	0.0676
306.875	0.0691
307.0	0.0699
307.125	0.0691
307.25	0.0683
307.375	0.0691
307.5	0.0683
307.625	0.0699
307.75	0.0683
307.875	0.0699
308.0	0.0699
308.125	0.0699
308.25	0.0691
308.375	0.0691
308.5	0.0699
308.625	0.0699
308.75	0.0691
308.875	0.0707
309.0	0.0691
309.125	0.0683
309.25	0.0707
309.375	0.0691
309.5	0.0691
309.625	0.0683
309.75	0.0699
309.875	0.0699
310.0	0.0699
310.125	0.0699
310.25	0.0699
310.375	0.0683
310.5	0.0699
310.625	0.0691
310.75	0.0676
310.875	0.0691
311.0	0.0691
311.125	0.0691
311.25	0.0699
311.375	0.0699
311.5	0.0683
311.625	0.0699
311.75	0.0691
311.875	0.0683
312.0	0.0707
312.125	0.0676
312.25	0.0699
312.375	0.0707
312.5	0.0707
312.625	0.0707
312.75	0.0691
312.875	0.0691
313.0	0.0699
313.125	0.0699
313.25	0.0707
313.375	0.0699
313.5	0.0683
313.625	0.0691
313.75	0.0676
313.875	0.0707
314.0	0.0683
314.125	0.0699
314.25	0.0691
314.375	0.0699
314.5	0.0691
314.625	0.0707
314.75	0.0668
314.875	0.0683
315.0	0.0691
315.125	0.0691
315.25	0.0691
315.375	0.0691
315.5	0.0676
315.625	0.0691
315.75	0.0691
315.875	0.0683
316.0	0.0668
316.125	0.0676
316.25	0.0699
316.375	0.0691
316.5	0.0676
316.625	0.0683
316.75	0.0691
316.875	0.0668
317.0	0.0676
317.125	0.0707
317.25	0.0668
317.375	0.0683
317.5	0.0691
317.625	0.0683
317.75	0.0691
317.875	0.0676
318.0	0.0699
318.125	0.0691
318.25	0.0668
318.375	0.0683
318.5	0.0676
318.625	0.0683
318.75	0.0699
318.875	0.0691
319.0	0.0668
319.125	0.0691
319.25	0.0699
319.375	0.0691
319.5	0.0707
319.625	0.0691
319.75	0.0699
319.875	0.0691
320.0	0.0676
320.125	0.0683
320.25	0.0676
320.375	0.0676
320.5	0.0676
320.625	0.0707
320.75	0.0691
320.875	0.0676
321.0	0.0699
321.125	0.0683
321.25	0.0683
321.375	0.0676
321.5	0.0668
321.625	0.0691
321.75	0.0699
321.875	0.0691
322.0	0.0699
322.125	0.0699
322.25	0.0668
322.375	0.0699
322.5	0.0676
322.625	0.0683
322.75	0.066
322.875	0.0683
323.0	0.0691
323.125	0.0676
323.25	0.0699
323.375	0.0683
323.5	0.0668
323.625	0.0691
323.75	0.0683
323.875	0.0691
324.0	0.0683
324.125	0.0683
324.25	0.0691
324.375	0.0676
324.5	0.0676
324.625	0.0707
324.75	0.0683
324.875	0.0676
325.0	0.0676
325.125	0.0683
325.25	0.0691
325.375	0.0676
325.5	0.0683
325.625	0.0691
325.75	0.0668
325.875	0.0668
326.0	0.0699
326.125	0.0683
326.25	0.0676
326.375	0.0668
326.5	0.0683
326.625	0.0676
326.75	0.0676
326.875	0.0691
327.0	0.0691
327.125	0.0691
327.25	0.0676
327.375	0.0683
327.5	0.0699
327.625	0.0691
327.75	0.0683
327.875	0.0676
328.0	0.0683
328.125	0.0676
328.25	0.0699
328.375	0.066
328.5	0.0676
328.625	0.0683
328.75	0.0691
328.875	0.0691
329.0	0.0683
329.125	0.0699
329.25	0.0683
329.375	0.0699
329.5	0.0691
329.625	0.0691
329.75	0.0699
329.875	0.0683
330.0	0.0691
330.125	0.0707
330.25	0.0707
330.375	0.0691
330.5	0.0691
330.625	0.0707
330.75	0.0699
330.875	0.0699
331.0	0.0699
331.125	0.0691
331.25	0.0691
331.375	0.0707
331.5	0.0699
331.625	0.0691
331.75	0.0707
331.875	0.0691
332.0	0.0707
332.125	0.0691
332.25	0.0707
332.375	0.0683
332.5	0.0699
332.625	0.0707
332.75	0.0699
332.875	0.0699
333.0	0.0699
333.125	0.0691
333.25	0.0699
333.375	0.0691
333.5	0.0691
333.625	0.0707
333.75	0.0691
333.875	0.0707
334.0	0.0699
334.125	0.0699
334.25	0.0707
334.375	0.0699
334.5	0.0699
334.625	0.0691
334.75	0.0707
334.875	0.0691
335.0	0.0691
335.125	0.0699
335.25	0.0699
335.375	0.0683
335.5	0.0699
335.625	0.0699
335.75	0.0699
335.875	0.0683
336.0	0.0707
336.125	0.0707
336.25	0.0691
336.375	0.0683
336.5	0.0699
336.625	0.0691
336.75	0.0699
336.875	0.0699
337.0	0.0699
337.125	0.0707
337.25	0.0699
337.375	0.0707
337.5	0.0707
337.625	0.0691
337.75	0.0683
337.875	0.0707
338.0	0.0699
338.125	0.0707
338.25	0.0691
338.375	0.0691
338.5	0.0707
338.625	0.0699
338.75	0.0707
338.875	0.0691
339.0	0.0707
339.125	0.0691
339.25	0.0683
339.375	0.0707
339.5	0.0691
339.625	0.0699
339.75	0.0707
339.875	0.0699
340.0	0.0668
340.125	0.0683
340.25	0.0683
340.375	0.0691
340.5	0.0707
340.625	0.0707
340.75	0.0707
340.875	0.0699
341.0	0.0707
341.125	0.0691
341.25	0.0683
341.375	0.0707
341.5	0.0699
341.625	0.0707
341.75	0.0707
341.875	0.0676
342.0	0.0691
342.125	0.0707
342.25	0.0699
342.375	0.0683
342.5	0.0699
342.625	0.0699
342.75	0.0691
342.875	0.0707
343.0	0.0683
343.125	0.0699
343.25	0.0707
343.375	0.0707
343.5	0.0707
343.625	0.0699
343.75	0.0699
343.875	0.0707
344.0	0.0699
344.125	0.0707
344.25	0.0699
344.375	0.0707
344.5	0.0707
344.625	0.0699
344.75	0.0699
344.875	0.0707
345.0	0.0707
345.125	0.0707
345.25	0.0699
345.375	0.0683
345.5	0.0699
345.625	0.0699
345.75	0.0707
345.875	0.0699
346.0	0.0707
346.125	0.0707
346.25	0.0691
346.375	0.0707
346.5	0.0707
346.625	0.0707
346.75	0.0707
346.875	0.0707
347.0	0.0699
347.125	0.0699
347.25	0.0707
347.375	0.0699
347.5	0.0707
347.625	0.0707
347.75	0.0707
347.875	0.0699
348.0	0.0707
348.125	0.0707
348.25	0.0707
348.375	0.0699
348.5	0.0707
348.625	0.0707
348.75	0.0707
348.875	0.0707
349.0	0.0707
349.125	0.0707
349.25	0.0707
349.375	0.0707
349.5	0.0707
349.625	0.0707
349.75	0.0699
349.875	0.0707
350.0	0.0707
350.125	0.0707
350.25	0.0707
350.375	0.0707
350.5	0.0707
350.625	0.0707
350.75	0.0707
350.875	0.0707
351.0	0.0707
351.125	0.0707
351.25	0.0707
351.375	0.0707
351.5	0.0707
351.625	0.0707
351.75	0.0707
351.875	0.0707
352.0	0.0707
352.125	0.0715
352.25	0.0707
352.375	0.0707
352.5	0.0707
352.625	0.0699
352.75	0.0707
352.875	0.0707
353.0	0.0707
353.125	0.0707
353.25	0.0707
353.375	0.0707
353.5	0.0707
353.625	0.0707
353.75	0.0707
353.875	0.0707
354.0	0.0707
354.125	0.0707
354.25	0.0707
354.375	0.0707
354.5	0.0707
354.625	0.0707
354.75	0.0707
354.875	0.0715
355.0	0.0707
355.125	0.0707
355.25	0.0707
355.375	0.0707
355.5	0.0707
355.625	0.0707
355.75	0.0707
355.875	0.0707
356.0	0.0707
356.125	0.0707
356.25	0.0707
356.375	0.0707
356.5	0.0707
356.625	0.0707
356.75	0.0707
356.875	0.0707
357.0	0.0707
357.125	0.0707
357.25	0.0707
357.375	0.0715
357.5	0.0707
357.625	0.0707
357.75	0.0707
357.875	0.0707
358.0	0.0715
358.125	0.0707
358.25	0.0707
358.375	0.0707
358.5	0.0707
358.625	0.0707
358.75	0.0707
358.875	0.0707
359.0	0.0707
359.125	0.0707
359.25	0.0707
359.375	0.0707
359.5	0.0707
359.625	0.0715
359.75	0.0707
359.875	0.0715
360.0	0.0707
360.125	0.0707
360.25	0.0715
360.375	0.0715
360.5	0.0715
360.625	0.0707
360.75	0.0707
360.875	0.0707
361.0	0.0707
361.125	0.0707
361.25	0.0715
361.375	0.0723
361.5	0.0707
361.625	0.0715
361.75	0.0707
361.875	0.0715
362.0	0.0715
362.125	0.0723
362.25	0.0715
362.375	0.0715
362.5	0.0715
362.625	0.0723
362.75	0.0723
362.875	0.0707
363.0	0.0715
363.125	0.0707
363.25	0.0707
363.375	0.0723
363.5	0.0723
363.625	0.0723
363.75	0.0707
363.875	0.0707
364.0	0.0715
364.125	0.0731
364.25	0.0707
364.375	0.0723
364.5	0.0707
364.625	0.0707
364.75	0.0707
364.875	0.0723
365.0	0.0723
365.125	0.0723
365.25	0.0715
365.375	0.0723
365.5	0.0715
365.625	0.0715
365.75	0.0738
365.875	0.0731
366.0	0.0738
366.125	0.0738
366.25	0.0723
366.375	0.0723
366.5	0.0738
366.625	0.0746
366.75	0.0731
366.875	0.0731
367.0	0.0746
367.125	0.0746
367.25	0.0738
367.375	0.0738
367.5	0.0715
367.625	0.0754
367.75	0.0754
367.875	0.0738
368.0	0.0754
368.125	0.0754
368.25	0.0746
368.375	0.0707
368.5	0.0731
368.625	0.0754
368.75	0.0746
368.875	0.0723
369.0	0.0738
369.125	0.0731
369.25	0.0738
369.375	0.0746
369.5	0.0754
369.625	0.0754
369.75	0.0754
369.875	0.0738
370.0	0.0754
370.125	0.0746
370.25	0.0754
370.375	0.0754
370.5	0.0754
370.625	0.0754
370.75	0.0738
370.875	0.0754
371.0	0.0754
371.125	0.0738
371.25	0.0754
371.375	0.0754
371.5	0.0754
371.625	0.0746
371.75	0.0746
371.875	0.0754
372.0	0.0754
372.125	0.0754
372.25	0.0754
372.375	0.0754
372.5	0.0754
372.625	0.0754
372.75	0.0754
372.875	0.0754
373.0	0.0746
373.125	0.0754
373.25	0.0754
373.375	0.0754
373.5	0.0754
373.625	0.0754
373.75	0.0738
373.875	0.0754
374.0	0.0754
374.125	0.0754
374.25	0.0754
374.375	0.0754
374.5	0.0762
374.625	0.0754
374.75	0.0762
374.875	0.0754
375.0	0.0754
375.125	0.0754
375.25	0.0762
375.375	0.0754
375.5	0.0762
375.625	0.0754
375.75	0.0762
375.875	0.0754
376.0	0.0762
376.125	0.0762
376.25	0.0762
376.375	0.0754
376.5	0.0762
376.625	0.077
376.75	0.0754
376.875	0.0762
377.0	0.0754
377.125	0.077
377.25	0.0794
377.375	0.0786
377.5	0.0786
377.625	0.0794
377.75	0.0794
377.875	0.0794
378.0	0.0801
378.125	0.0786
378.25	0.0794
378.375	0.0801
378.5	0.0809
378.625	0.0801
378.75	0.0801
378.875	0.0801
379.0	0.0801
379.125	0.0817
379.25	0.0801
379.375	0.0801
379.5	0.0801
379.625	0.0809
379.75	0.0809
379.875	0.0833
380.0	0.0817
380.125	0.0841
380.25	0.0833
380.375	0.0849
380.5	0.0849
380.625	0.0849
380.75	0.0849
380.875	0.0841
381.0	0.0849
381.125	0.0856
381.25	0.0856
381.375	0.0849
381.5	0.0849
381.625	0.0849
381.75	0.0849
381.875	0.0856
382.0	0.0864
382.125	0.0872
382.25	0.088
382.375	0.0896
382.5	0.0896
382.625	0.0896
382.75	0.0896
382.875	0.0896
383.0	0.0896
383.125	0.0911
383.25	0.0919
383.375	0.0927
383.5	0.0919
383.625	0.0927
383.75	0.0935
383.875	0.0943
384.0	0.0951
384.125	0.0943
384.25	0.0943
384.375	0.0943
384.5	0.0966
384.625	0.0951
384.75	0.099
384.875	0.0982
385.0	0.0982
385.125	0.099
385.25	0.1006
385.375	0.1006
385.5	0.1022
385.625	0.1022
385.75	0.1029
385.875	0.1037
386.0	0.1037
386.125	0.1069
386.25	0.1037
386.375	0.1053
386.5	0.1061
386.625	0.1084
386.75	0.1084
386.875	0.1084
387.0	0.1084
387.125	0.1092
387.25	0.11
387.375	0.1116
387.5	0.1124
387.625	0.1132
387.75	0.1132
387.875	0.1155
388.0	0.1171
388.125	0.1179
388.25	0.1179
388.375	0.1179
388.5	0.1179
388.625	0.1202
388.75	0.1226
388.875	0.1226
389.0	0.1226
389.125	0.1226
389.25	0.1257
389.375	0.1273
389.5	0.1273
389.625	0.1281
389.75	0.1312
389.875	0.132
390.0	0.132
390.125	0.132
390.25	0.136
390.375	0.1344
390.5	0.1367
390.625	0.1367
390.75	0.1391
390.875	0.1415
391.0	0.1415
391.125	0.1415
391.25	0.1438
391.375	0.1462
391.5	0.1462
391.625	0.1493
391.75	0.1493
391.875	0.1501
392.0	0.1533
392.125	0.1533
392.25	0.1556
392.375	0.1564
392.5	0.1588
392.625	0.1595
392.75	0.1611
392.875	0.165
393.0	0.165
393.125	0.165
393.25	0.1682
393.375	0.1698
393.5	0.1737
393.625	0.1745
393.75	0.1768
393.875	0.1792
394.0	0.1792
394.125	0.1816
394.25	0.1839
394.375	0.1839
394.5	0.1886
394.625	0.1886
394.75	0.1902
394.875	0.1933
395.0	0.1965
395.125	0.1965
395.25	0.1996
395.375	0.2028
395.5	0.2051
395.625	0.2075
395.75	0.2083
395.875	0.2106
396.0	0.213
396.125	0.2169
396.25	0.2169
396.375	0.2216
396.5	0.2224
396.625	0.2256
396.75	0.2272
396.875	0.2303
397.0	0.2342
397.125	0.2358
397.25	0.2382
397.375	0.2405
397.5	0.2444
397.625	0.2476
397.75	0.2507
397.875	0.2531
398.0	0.2547
398.125	0.2594
398.25	0.2594
398.375	0.2641
398.5	0.2688
398.625	0.2735
398.75	0.2735
398.875	0.2783
399.0	0.2814
399.125	0.2853
399.25	0.2885
399.375	0.2908
399.5	0.2932
399.625	0.2971
399.75	0.3018
399.875	0.305
400.0	0.3089
400.125	0.3113
400.25	0.3168
400.375	0.3215
400.5	0.3254
400.625	0.3294
400.75	0.3317
400.875	0.3349
401.0	0.3396
401.125	0.3427
401.25	0.349
401.375	0.349
401.5	0.3569
401.625	0.3616
401.75	0.3655
401.875	0.3687
402.0	0.3742
402.125	0.3789
402.25	0.3828
402.375	0.3891
402.5	0.3954
402.625	0.3985
402.75	0.404
402.875	0.4088
403.0	0.415
403.125	0.4198
403.25	0.4245
403.375	0.4323
403.5	0.4371
403.625	0.4433
403.75	0.4481
403.875	0.4528
404.0	0.4591
404.125	0.4646
404.25	0.4716
404.375	0.4764
404.5	0.4827
404.625	0.4905
404.75	0.4952
404.875	0.5031
405.0	0.5094
405.125	0.5141
405.25	0.522
405.375	0.529
405.5	0.5353
405.625	0.5432
405.75	0.5511
405.875	0.5558
406.0	0.566
406.125	0.5731
406.25	0.5801
406.375	0.5896
406.5	0.5959
406.625	0.6037
406.75	0.6108
406.875	0.6179
407.0	0.6273
407.125	0.6352
407.25	0.6438
407.375	0.6517
407.5	0.6619
407.625	0.6698
407.75	0.6776
407.875	0.6886
408.0	0.6965
408.125	0.7036
408.25	0.7146
408.375	0.7216
408.5	0.7334
408.625	0.7437
408.75	0.7539
408.875	0.7625
409.0	0.7735
409.125	0.783
409.25	0.7932
409.375	0.8026
409.5	0.8144
409.625	0.8246
409.75	0.8349
409.875	0.8443
410.0	0.8577
410.125	0.8687
410.25	0.8805
410.375	0.8915
410.5	0.9033
410.625	0.9119
410.75	0.9229
410.875	0.9355
411.0	0.9465
411.125	0.9591
411.25	0.9701
411.375	0.9842
411.5	0.996
411.625	1.0078
411.75	1.0204
411.875	1.0353
412.0	1.0479
412.125	1.0589
412.25	1.0738
412.375	1.088
412.5	1.1006
412.625	1.1147
412.75	1.1273
412.875	1.143
413.0	1.1556
413.125	1.1705
413.25	1.1886
413.375	1.2051
413.5	1.2201
413.625	1.2342
413.75	1.2476
413.875	1.2665
414.0	1.2767
414.125	1.2955
414.25	1.3097
414.375	1.3262
414.5	1.3427
414.625	1.3569
414.75	1.3765
414.875	1.3907
415.0	1.4103
415.125	1.4268
415.25	1.4433
415.375	1.4614
415.5	1.4772
415.625	1.4968
415.75	1.5133
415.875	1.533
416.0	1.5518
416.125	1.5683
416.25	1.5872
416.375	1.6061
416.5	1.6257
416.625	1.6462
416.75	1.6666
416.875	1.6894
417.0	1.7059
417.125	1.7303
417.25	1.75
417.375	1.7696
417.5	1.7948
417.625	1.8113
417.75	1.8341
417.875	1.8545
418.0	1.8781
418.125	1.9025
418.25	1.9245
418.375	1.9496
418.5	1.9716
418.625	1.9968
418.75	2.0212
418.875	2.044
419.0	2.0715
419.125	2.0935
419.25	2.1202
419.375	2.1501
419.5	2.1753
419.625	2.2059
419.75	2.2334
419.875	2.2602
420.0	2.2893
420.125	2.3191
420.25	2.3522
420.375	2.3828
420.5	2.4158
420.625	2.4465
420.75	2.4811
420.875	2.5157
421.0	2.5424
421.125	2.5723
421.25	2.6061
421.375	2.6383
421.5	2.6808
421.625	2.7059
421.75	2.7484
421.875	2.7759
422.0	2.8073
422.125	2.8466
422.25	2.8694
422.375	2.9158
422.5	2.9347
422.625	2.9811
422.75	3.0062
422.875	3.0385
423.0	3.0794
423.125	3.1037
423.25	3.1493
423.375	3.1753
423.5	3.2224
423.625	3.261
423.75	3.3204
423.875	3.3605
424.0	3.384
424.125	3.4048
424.25	3.4595
424.375	3.498
424.5	3.535
424.625	3.5688
424.75	3.6089
424.875	3.638
425.0	3.6789
425.125	3.7142
425.25	3.7465
425.375	3.7858
425.5	3.8164
425.625	3.855
425.75	3.8856
425.875	3.9226
426.0	3.9579
426.125	3.9902
426.25	4.0263
426.375	4.057
426.5	4.0916
426.625	4.127
426.75	4.1584
426.875	4.1883
427.0	4.2197
427.125	4.2488
427.25	4.2811
427.375	4.3101
427.5	4.3432
427.625	4.3715
427.75	4.3982
427.875	4.4218
428.0	4.4454
428.125	4.4544
428.25	4.4917
428.375	4.5256
428.5	4.5491
428.625	4.568
428.75	4.5853
428.875	4.6057
429.0	4.6262
429.125	4.6411
429.25	4.6639
429.375	4.6765
429.5	4.6906
429.625	4.7048
429.75	4.7142
429.875	4.7229
430.0	4.7307
430.125	4.7433
430.25	4.7488
430.375	4.7528
430.5	4.7614
430.625	4.763
430.75	4.763
430.875	4.7653
431.0	4.7638
431.125	4.7614
431.25	4.7535
431.375	4.741
431.5	4.7315
431.625	4.7244
431.75	4.7213
431.875	4.7087
432.0	4.7009
432.125	4.6883
432.25	4.6781
432.375	4.6608
432.5	4.6435
432.625	4.627
432.75	4.6097
432.875	4.5916
433.0	4.5719
433.125	4.5523
433.25	4.5311
433.375	4.5083
433.5	4.4847
433.625	4.4595
433.75	4.4422
433.875	4.4233
434.0	4.3966
434.125	4.3699
434.25	4.3432
434.375	4.3117
434.5	4.2834
434.625	4.2551
434.75	4.2244
434.875	4.1985
435.0	4.1639
435.125	4.1333
435.25	4.1018
435.375	4.0696
435.5	4.0405
435.625	4.0083
435.75	3.9744
435.875	3.943
436.0	3.91
436.125	3.877
436.25	3.8455
436.375	3.8141
436.5	3.7811
436.625	3.7488
436.75	3.7166
436.875	3.6859
437.0	3.6545
437.125	3.6238
437.25	3.5932
437.375	3.5633
437.5	3.5311
437.625	3.5012
437.75	3.4689
437.875	3.443
438.0	3.4123
438.125	3.3856
438.25	3.3565
438.375	3.329
438.5	3.2743
438.625	3.2484
438.75	3.2209
438.875	3.1926
439.0	3.1682
439.125	3.1422
439.25	3.1179
439.375	3.0927
439.5	3.0691
439.625	3.0455
439.75	3.0235
439.875	3.0
440.0	2.9748
440.125	2.9544
440.25	2.9316
440.375	2.9119
440.5	2.8899
440.625	2.8687
440.75	2.8506
440.875	2.8294
441.0	2.8089
441.125	2.7893
441.25	2.7704
441.375	2.7531
441.5	2.7334
441.625	2.713
441.75	2.6902
441.875	2.6713
442.0	2.6548
442.125	2.6375
442.25	2.621
442.375	2.6053
442.5	2.5888
442.625	2.5731
442.75	2.5613
442.875	2.544
443.0	2.529
443.125	2.5125
443.25	2.4968
443.375	2.4834
443.5	2.4716
443.625	2.4559
443.75	2.4418
443.875	2.4276
444.0	2.4166
444.125	2.4072
444.25	2.3962
444.375	2.3836
444.5	2.3702
444.625	2.3584
444.75	2.3419
444.875	2.3286
445.0	2.316
445.125	2.3034
445.25	2.2916
445.375	2.2806
445.5	2.2665
445.625	2.2547
445.75	2.2413
445.875	2.2287
446.0	2.2154
446.125	2.2028
446.25	2.191
446.375	2.1776
446.5	2.1666
446.625	2.154
446.75	2.1422
446.875	2.1305
447.0	2.1187
447.125	2.1069
447.25	2.0974
447.375	2.0833
447.5	2.0731
447.625	2.0613
447.75	2.0479
447.875	2.0361
448.0	2.0251
448.125	2.0125
448.25	2.0015
448.375	1.9897
448.5	1.9779
448.625	1.9661
448.75	1.9536
448.875	1.9449
449.0	1.9316
449.125	1.9205
449.25	1.9072
449.375	1.8977
449.5	1.886
449.625	1.875
449.75	1.8655
449.875	1.8545
450.0	1.8435
450.125	1.8309
450.25	1.8199
450.375	1.8097
450.5	1.7995
450.625	1.7893
450.75	1.7806
450.875	1.7688
451.0	1.7594
451.125	1.7476
451.25	1.7397
451.375	1.7279
451.5	1.7177
451.625	1.7091
451.75	1.6996
451.875	1.6878
452.0	1.6768
452.125	1.6658
452.25	1.6564
452.375	1.6477
452.5	1.6399
452.625	1.6305
452.75	1.6226
452.875	1.6147
453.0	1.6061
453.125	1.5982
453.25	1.5896
453.375	1.5833
453.5	1.5762
453.625	1.5683
453.75	1.5605
453.875	1.5534
454.0	1.5455
454.125	1.5393
454.25	1.5314
454.375	1.5259
454.5	1.5212
454.625	1.5149
454.75	1.5102
454.875	1.5039
455.0	1.5
455.125	1.4905
455.25	1.4858
455.375	1.4819
455.5	1.4756
455.625	1.4716
455.75	1.4654
455.875	1.4591
456.0	1.4544
456.125	1.452
456.25	1.4481
456.375	1.4418
456.5	1.4386
456.625	1.4339
456.75	1.4292
456.875	1.4253
457.0	1.4237
457.125	1.4198
457.25	1.4174
457.375	1.4119
457.5	1.4103
457.625	1.4064
457.75	1.4056
457.875	1.4009
458.0	1.397
458.125	1.3962
458.25	1.3938
458.375	1.3915
458.5	1.3891
458.625	1.3867
458.75	1.3844
458.875	1.382
459.0	1.382
459.125	1.3781
459.25	1.3773
459.375	1.3765
459.5	1.3757
459.625	1.375
459.75	1.3726
459.875	1.3726
460.0	1.3694
460.125	1.3694
460.25	1.3679
460.375	1.3679
460.5	1.3663
460.625	1.3639
460.75	1.3632
460.875	1.3632
461.0	1.3632
461.125	1.3632
461.25	1.3632
461.375	1.3632
461.5	1.3632
461.625	1.3624
461.75	1.36
461.875	1.3592
462.0	1.3569
462.125	1.3577
462.25	1.3561
462.375	1.3584
462.5	1.3584
462.625	1.3569
462.75	1.3584
462.875	1.3577
463.0	1.3584
463.125	1.3577
463.25	1.3584
463.375	1.3584
463.5	1.3584
463.625	1.3584
463.75	1.3584
463.875	1.3608
464.0	1.3616
464.125	1.36
464.25	1.3624
464.375	1.3671
464.5	1.3671
464.625	1.3671
464.75	1.3679
464.875	1.3679
465.0	1.3679
465.125	1.3702
465.25	1.3718
465.375	1.3726
465.5	1.3726
465.625	1.3734
465.75	1.3726
465.875	1.3726
466.0	1.3773
466.125	1.3773
466.25	1.3781
466.375	1.3789
466.5	1.382
466.625	1.382
466.75	1.382
466.875	1.3844
467.0	1.3852
467.125	1.3852
467.25	1.3867
467.375	1.3875
467.5	1.3915
467.625	1.3915
467.75	1.3915
467.875	1.3922
468.0	1.3954
468.125	1.3962
468.25	1.3962
468.375	1.4001
468.5	1.4009
468.625	1.4009
468.75	1.4009
468.875	1.4056
469.0	1.4056
469.125	1.4072
469.25	1.4103
469.375	1.4103
469.5	1.415
469.625	1.415
469.75	1.415
469.875	1.415
470.0	1.419
470.125	1.4198
470.25	1.4245
470.375	1.4245
470.5	1.4253
470.625	1.4292
470.75	1.4292
470.875	1.4339
471.0	1.4339
471.125	1.4339
471.25	1.4378
471.375	1.4394
471.5	1.441
471.625	1.4433
471.75	1.4433
471.875	1.4481
472.0	1.4481
472.125	1.4496
472.25	1.4481
472.375	1.4488
472.5	1.4496
472.625	1.4544
472.75	1.4575
472.875	1.4583
473.0	1.4622
473.125	1.4622
473.25	1.4646
473.375	1.4669
473.5	1.4693
473.625	1.4724
473.75	1.4724
473.875	1.4764
474.0	1.4764
474.125	1.4811
474.25	1.4811
474.375	1.4858
474.5	1.4858
474.625	1.4905
474.75	1.4952
474.875	1.4984
475.0	1.5
475.125	1.5
475.25	1.5047
475.375	1.5055
475.5	1.5078
475.625	1.5094
475.75	1.5125
475.875	1.5141
476.0	1.5188
476.125	1.5196
476.25	1.5235
476.375	1.5243
476.5	1.5283
476.625	1.5298
476.75	1.5298
476.875	1.533
477.0	1.5361
477.125	1.5377
477.25	1.5424
477.375	1.5424
477.5	1.5471
477.625	1.5471
477.75	1.5487
477.875	1.5518
478.0	1.5542
478.125	1.5566
478.25	1.5581
478.375	1.5613
478.5	1.5613
478.625	1.5652
478.75	1.566
478.875	1.5707
479.0	1.5707
479.125	1.5715
479.25	1.5754
479.375	1.5801
479.5	1.5801
479.625	1.5809
479.75	1.5849
479.875	1.5888
480.0	1.5896
480.125	1.5896
480.25	1.5943
480.375	1.5943
480.5	1.5966
480.625	1.599
480.75	1.6006
480.875	1.6037
481.0	1.6037
481.125	1.6084
481.25	1.6084
481.375	1.6132
481.5	1.6132
481.625	1.6147
481.75	1.6179
481.875	1.6194
482.0	1.6187
482.125	1.6179
482.25	1.6187
482.375	1.6226
482.5	1.6234
482.625	1.6273
482.75	1.6273
482.875	1.6297
483.0	1.632
483.125	1.632
483.25	1.636
483.375	1.6367
483.5	1.6399
483.625	1.6415
483.75	1.6415
483.875	1.6446
484.0	1.647
484.125	1.6462
484.25	1.6509
484.375	1.6509
484.5	1.6556
484.625	1.6603
484.75	1.6619
484.875	1.6619
485.0	1.665
485.125	1.665
485.25	1.6674
485.375	1.6698
485.5	1.6705
485.625	1.6705
485.75	1.6745
485.875	1.6745
486.0	1.6753
486.125	1.6792
486.25	1.6792
486.375	1.68
486.5	1.6823
486.625	1.6839
486.75	1.6839
486.875	1.6863
487.0	1.6886
487.125	1.6886
487.25	1.6894
487.375	1.6902
487.5	1.6933
487.625	1.6933
487.75	1.6933
487.875	1.6965
488.0	1.6981
488.125	1.6988
488.25	1.7004
488.375	1.7028
488.5	1.7028
488.625	1.7051
488.75	1.7075
488.875	1.7059
489.0	1.7075
489.125	1.7075
489.25	1.7075
489.375	1.7122
489.5	1.7122
489.625	1.7122
489.75	1.713
489.875	1.7138
490.0	1.7169
490.125	1.7169
490.25	1.7169
490.375	1.7169
490.5	1.7193
490.625	1.7193
490.75	1.7193
490.875	1.7216
491.0	1.7216
491.125	1.7264
491.25	1.7248
491.375	1.7264
491.5	1.7264
491.625	1.7272
491.75	1.7287
491.875	1.7311
492.0	1.7311
492.125	1.7311
492.25	1.7319
492.375	1.7279
492.5	1.7279
492.625	1.7264
492.75	1.7279
492.875	1.7311
493.0	1.7303
493.125	1.7311
493.25	1.7311
493.375	1.7334
493.5	1.735
493.625	1.7334
493.75	1.7342
493.875	1.7358
494.0	1.7358
494.125	1.7358
494.25	1.7358
494.375	1.7358
494.5	1.7374
494.625	1.7382
494.75	1.7389
494.875	1.7429
495.0	1.7452
495.125	1.7452
495.25	1.7452
495.375	1.7452
495.5	1.7452
495.625	1.746
495.75	1.7452
495.875	1.7484
496.0	1.7468
496.125	1.75
496.25	1.7476
496.375	1.75
496.5	1.7492
496.625	1.75
496.75	1.75
496.875	1.7492
497.0	1.75
497.125	1.75
497.25	1.75
497.375	1.75
497.5	1.75
497.625	1.75
497.75	1.75
497.875	1.75
498.0	1.7523
498.125	1.75
498.25	1.75
498.375	1.75
498.5	1.75
498.625	1.7515
498.75	1.7507
498.875	1.7515
499.0	1.75
499.125	1.75
499.25	1.75
499.375	1.75
499.5	1.75
499.625	1.75
499.75	1.7507
499.875	1.75
500.0	1.75
500.125	1.7492
500.25	1.75
500.375	1.75
500.5	1.7492
500.625	1.7484
500.75	1.7484
500.875	1.75
501.0	1.75
501.125	1.7492
501.25	1.75
501.375	1.7476
501.5	1.7468
501.625	1.7468
501.75	1.7484
501.875	1.7468
502.0	1.7452
502.125	1.7452
502.25	1.746
502.375	1.7452
502.5	1.7452
502.625	1.7452
502.75	1.7405
502.875	1.7382
503.0	1.7374
503.125	1.7389
503.25	1.7358
503.375	1.7389
503.5	1.7358
503.625	1.7358
503.75	1.7358
503.875	1.7358
504.0	1.7358
504.125	1.7358
504.25	1.7334
504.375	1.7358
504.5	1.7358
504.625	1.7342
504.75	1.7327
504.875	1.7311
505.0	1.7311
505.125	1.7311
505.25	1.7358
505.375	1.7358
505.5	1.7358
505.625	1.7342
505.75	1.7342
505.875	1.7334
506.0	1.7311
506.125	1.7311
506.25	1.7319
506.375	1.7311
506.5	1.7295
506.625	1.7272
506.75	1.7264
506.875	1.7248
507.0	1.724
507.125	1.7256
507.25	1.7224
507.375	1.7216
507.5	1.7216
507.625	1.7224
507.75	1.7209
507.875	1.7216
508.0	1.7201
508.125	1.7169
508.25	1.7169
508.375	1.7169
508.5	1.7169
508.625	1.7169
508.75	1.7146
508.875	1.7154
509.0	1.7138
509.125	1.7122
509.25	1.7122
509.375	1.7122
509.5	1.7122
509.625	1.7083
509.75	1.7091
509.875	1.7075
510.0	1.7075
510.125	1.7091
510.25	1.7067
510.375	1.7059
510.5	1.7028
510.625	1.7044
510.75	1.7028
510.875	1.7028
511.0	1.702
511.125	1.702
511.25	1.6996
511.375	1.6996
511.5	1.6981
511.625	1.6988
511.75	1.6957
511.875	1.6949
512.0	1.6933
512.125	1.6933
512.25	1.6933
512.375	1.691
512.5	1.6902
512.625	1.6878
512.75	1.6839
512.875	1.6831
513.0	1.6808
513.125	1.6808
513.25	1.68
513.375	1.6792
513.5	1.6784
513.625	1.6761
513.75	1.6745
513.875	1.6745
514.0	1.6745
514.125	1.6737
514.25	1.6698
514.375	1.6698
514.5	1.6698
514.625	1.6698
514.75	1.6666
514.875	1.6666
515.0	1.665
515.125	1.6674
515.25	1.6698
515.375	1.6698
515.5	1.6666
515.625	1.665
515.75	1.665
515.875	1.6635
516.0	1.6603
516.125	1.6603
516.25	1.6603
516.375	1.6588
516.5	1.6572
516.625	1.6556
516.75	1.6556
516.875	1.6548
517.0	1.6548
517.125	1.6509
517.25	1.6509
517.375	1.6509
517.5	1.6477
517.625	1.6462
517.75	1.6462
517.875	1.6462
518.0	1.6454
518.125	1.6422
518.25	1.6415
518.375	1.6399
518.5	1.6415
518.625	1.6383
518.75	1.6367
518.875	1.6367
519.0	1.6344
519.125	1.6336
519.25	1.632
519.375	1.632
519.5	1.6312
519.625	1.6289
519.75	1.6273
519.875	1.6257
520.0	1.6234
520.125	1.6226
520.25	1.6226
520.375	1.621
520.5	1.6179
520.625	1.6179
520.75	1.6155
520.875	1.6147
521.0	1.6139
521.125	1.6139
521.25	1.6124
521.375	1.6124
521.5	1.6092
521.625	1.6084
521.75	1.6077
521.875	1.6069
522.0	1.6037
522.125	1.6037
522.25	1.6037
522.375	1.6014
522.5	1.599
522.625	1.599
522.75	1.5959
522.875	1.5951
523.0	1.5904
523.125	1.5856
523.25	1.5864
523.375	1.5849
523.5	1.5849
523.625	1.5841
523.75	1.5825
523.875	1.5801
524.0	1.5801
524.125	1.577
524.25	1.5754
524.375	1.5754
524.5	1.5754
524.625	1.5731
524.75	1.5723
524.875	1.5707
525.0	1.5699
525.125	1.566
525.25	1.5668
525.375	1.5668
525.5	1.5691
525.625	1.5668
525.75	1.5683
525.875	1.5644
526.0	1.5621
526.125	1.5621
526.25	1.5613
526.375	1.5605
526.5	1.5581
526.625	1.5566
526.75	1.5566
526.875	1.555
527.0	1.5542
527.125	1.5518
527.25	1.5511
527.375	1.5503
527.5	1.5471
527.625	1.5471
527.75	1.5463
527.875	1.5424
528.0	1.544
528.125	1.5424
528.25	1.5424
528.375	1.5377
528.5	1.5377
528.625	1.5361
528.75	1.5353
528.875	1.533
529.0	1.533
529.125	1.5314
529.25	1.5314
529.375	1.5283
529.5	1.5283
529.625	1.5275
529.75	1.5243
529.875	1.5235
530.0	1.5235
530.125	1.5204
530.25	1.5188
530.375	1.5188
530.5	1.518
530.625	1.5149
530.75	1.5141
530.875	1.5133
531.0	1.511
531.125	1.5117
531.25	1.5094
531.375	1.5094
531.5	1.5078
531.625	1.5055
531.75	1.5047
531.875	1.5039
532.0	1.5
532.125	1.5
532.25	1.5
532.375	1.4952
532.5	1.4952
532.625	1.4944
532.75	1.4905
532.875	1.4874
533.0	1.4858
533.125	1.4827
533.25	1.4811
533.375	1.4811
533.5	1.4811
533.625	1.4787
533.75	1.4764
533.875	1.4764
534.0	1.4756
534.125	1.4732
534.25	1.4724
534.375	1.4716
534.5	1.4693
534.625	1.4669
534.75	1.4669
534.875	1.4646
535.0	1.4622
535.125	1.463
535.25	1.4622
535.375	1.4622
535.5	1.4622
535.625	1.4622
535.75	1.4622
535.875	1.4583
536.0	1.4575
536.125	1.4559
536.25	1.4536
536.375	1.4528
536.5	1.4528
536.625	1.4504
536.75	1.4488
536.875	1.4481
537.0	1.4473
537.125	1.4433
537.25	1.4433
537.375	1.4433
537.5	1.4426
537.625	1.4402
537.75	1.441
537.875	1.4386
538.0	1.4363
538.125	1.4339
538.25	1.4339
538.375	1.4331
538.5	1.43
538.625	1.4308
538.75	1.4292
538.875	1.4284
539.0	1.4268
539.125	1.4245
539.25	1.4245
539.375	1.4205
539.5	1.4229
539.625	1.4198
539.75	1.4198
539.875	1.4198
540.0	1.4166
540.125	1.415
540.25	1.4111
540.375	1.4111
540.5	1.4103
540.625	1.4088
540.75	1.4072
540.875	1.4072
541.0	1.4056
541.125	1.4033
541.25	1.4025
541.375	1.4009
541.5	1.4009
541.625	1.4001
541.75	1.3985
541.875	1.3962
542.0	1.3946
542.125	1.3946
542.25	1.3922
542.375	1.3915
542.5	1.3891
542.625	1.3883
542.75	1.3875
542.875	1.3867
543.0	1.3867
543.125	1.3828
543.25	1.3773
543.375	1.3765
543.5	1.3757
543.625	1.375
543.75	1.3742
543.875	1.3726
544.0	1.3702
544.125	1.3694
544.25	1.3679
544.375	1.3679
544.5	1.3679
544.625	1.3632
544.75	1.3632
544.875	1.3624
545.0	1.3632
545.125	1.3584
545.25	1.3584
545.375	1.3584
545.5	1.3569
545.625	1.3561
545.75	1.3577
545.875	1.3577
546.0	1.3545
546.125	1.3537
546.25	1.3514
546.375	1.3529
546.5	1.3506
546.625	1.349
546.75	1.3482
546.875	1.3459
547.0	1.3443
547.125	1.3443
547.25	1.3427
547.375	1.3404
547.5	1.3396
547.625	1.3396
547.75	1.3388
547.875	1.3356
548.0	1.3349
548.125	1.3349
548.25	1.3341
548.375	1.3301
548.5	1.3301
548.625	1.3301
548.75	1.3294
548.875	1.3262
549.0	1.3254
549.125	1.3238
549.25	1.3223
549.375	1.3207
549.5	1.3207
549.625	1.3183
549.75	1.3183
549.875	1.316
550.0	1.316
550.125	1.3144
550.25	1.3113
550.375	1.3113
550.5	1.3113
550.625	1.3113
550.75	1.3081
550.875	1.3066
551.0	1.3066
551.125	1.3058
551.25	1.3018
551.375	1.3026
551.5	1.3018
551.625	1.3011
551.75	1.2979
551.875	1.2971
552.0	1.2963
552.125	1.2948
552.25	1.2924
552.375	1.2924
552.5	1.2932
552.625	1.2885
552.75	1.2877
552.875	1.2877
553.0	1.2861
553.125	1.2845
553.25	1.283
553.375	1.283
553.5	1.279
553.625	1.2767
553.75	1.2743
553.875	1.2735
554.0	1.2735
554.125	1.2735
554.25	1.2704
554.375	1.2688
554.5	1.2704
554.625	1.2672
554.75	1.2672
554.875	1.2641
555.0	1.2641
555.125	1.2633
555.25	1.261
555.375	1.2602
555.5	1.2594
555.625	1.257
555.75	1.2594
555.875	1.2562
556.0	1.2586
556.125	1.2586
556.25	1.2594
556.375	1.2555
556.5	1.2547
556.625	1.2547
556.75	1.2523
556.875	1.2507
557.0	1.25
557.125	1.25
557.25	1.2468
557.375	1.2452
557.5	1.246
557.625	1.2444
557.75	1.2444
557.875	1.2421
558.0	1.2413
558.125	1.2397
558.25	1.2389
558.375	1.2358
558.5	1.2358
558.625	1.2358
558.75	1.2358
558.875	1.2319
559.0	1.2311
559.125	1.2311
559.25	1.2295
559.375	1.2264
559.5	1.2272
559.625	1.2264
559.75	1.2256
559.875	1.224
560.0	1.2216
560.125	1.2216
560.25	1.2201
560.375	1.2185
560.5	1.2169
560.625	1.2169
560.75	1.2146
560.875	1.213
561.0	1.213
561.125	1.2122
561.25	1.2122
561.375	1.2099
561.5	1.2075
561.625	1.2075
561.75	1.2075
561.875	1.2028
562.0	1.2028
562.125	1.2028
562.25	1.2028
562.375	1.1988
562.5	1.1981
562.625	1.1981
562.75	1.1949
562.875	1.1949
563.0	1.1933
563.125	1.1933
563.25	1.1933
563.375	1.1886
563.5	1.1863
563.625	1.1839
563.75	1.1839
563.875	1.18
564.0	1.1792
564.125	1.1792
564.25	1.1776
564.375	1.1753
564.5	1.1745
564.625	1.1745
564.75	1.1737
564.875	1.1729
565.0	1.1698
565.125	1.1698
565.25	1.1698
565.375	1.1674
565.5	1.165
565.625	1.165
565.75	1.165
565.875	1.165
566.0	1.165
566.125	1.165
566.25	1.1619
566.375	1.1619
566.5	1.1603
566.625	1.1603
566.75	1.1603
566.875	1.1603
567.0	1.1572
567.125	1.1556
567.25	1.1556
567.375	1.1548
567.5	1.154
567.625	1.1533
567.75	1.1525
567.875	1.1509
568.0	1.1501
568.125	1.1501
568.25	1.1462
568.375	1.1446
568.5	1.1446
568.625	1.1415
568.75	1.1415
568.875	1.1415
569.0	1.1415
569.125	1.1383
569.25	1.1367
569.375	1.1367
569.5	1.1367
569.625	1.1344
569.75	1.132
569.875	1.132
570.0	1.132
570.125	1.1289
570.25	1.1281
570.375	1.1281
570.5	1.1273
570.625	1.1265
570.75	1.125
570.875	1.1226
571.0	1.1226
571.125	1.1226
571.25	1.1202
571.375	1.1187
571.5	1.1179
571.625	1.1171
571.75	1.1147
571.875	1.1132
572.0	1.1132
572.125	1.1132
572.25	1.1108
572.375	1.1084
572.5	1.1084
572.625	1.1084
572.75	1.1053
572.875	1.1045
573.0	1.1037
573.125	1.1037
573.25	1.1006
573.375	1.099
573.5	1.0998
573.625	1.0974
573.75	1.0935
573.875	1.0927
574.0	1.0904
574.125	1.0896
574.25	1.0896
574.375	1.0896
574.5	1.0872
574.625	1.0864
574.75	1.0849
574.875	1.0833
575.0	1.0817
575.125	1.0801
575.25	1.0801
575.375	1.077
575.5	1.0754
575.625	1.0754
575.75	1.0754
575.875	1.0738
576.0	1.0715
576.125	1.0707
576.25	1.0731
576.375	1.0715
576.5	1.0715
576.625	1.0683
576.75	1.0683
576.875	1.0683
577.0	1.066
577.125	1.066
577.25	1.0636
577.375	1.0613
577.5	1.0613
577.625	1.0613
577.75	1.0589
577.875	1.0573
578.0	1.0566
578.125	1.0566
578.25	1.0534
578.375	1.0534
578.5	1.0518
578.625	1.0518
578.75	1.0487
578.875	1.0487
579.0	1.0471
579.125	1.0455
579.25	1.0455
579.375	1.0424
579.5	1.0424
579.625	1.0424
579.75	1.0385
579.875	1.0385
580.0	1.0385
580.125	1.0369
580.25	1.0338
580.375	1.033
580.5	1.033
580.625	1.0298
580.75	1.029
580.875	1.029
581.0	1.0283
581.125	1.0267
581.25	1.0251
581.375	1.0235
581.5	1.0235
581.625	1.0227
581.75	1.0188
581.875	1.0188
582.0	1.0188
582.125	1.0157
582.25	1.0157
582.375	1.0149
582.5	1.0125
582.625	1.011
582.75	1.0094
582.875	1.0094
583.0	1.007
583.125	1.0047
583.25	1.0047
583.375	1.0039
583.5	1.0023
583.625	1.0007
583.75	1.0
583.875	0.9984
584.0	0.9952
584.125	0.9952
584.25	0.9952
584.375	0.9929
584.5	0.9905
584.625	0.9866
584.75	0.9858
584.875	0.9827
585.0	0.9858
585.125	0.9811
585.25	0.9811
585.375	0.9811
585.5	0.9795
585.625	0.9764
585.75	0.9764
585.875	0.974
586.0	0.9724
586.125	0.9716
586.25	0.9709
586.375	0.9709
586.5	0.9677
586.625	0.9669
586.75	0.9661
586.875	0.9669
587.0	0.9669
587.125	0.9654
587.25	0.9622
587.375	0.9622
587.5	0.9614
587.625	0.9575
587.75	0.9575
587.875	0.9575
588.0	0.9551
588.125	0.9536
588.25	0.952
588.375	0.952
588.5	0.9488
588.625	0.9473
588.75	0.9481
588.875	0.9441
589.0	0.9433
589.125	0.9433
589.25	0.9418
589.375	0.9386
589.5	0.9386
589.625	0.9355
589.75	0.9347
589.875	0.9339
590.0	0.93
590.125	0.9292
590.25	0.9284
590.375	0.9253
590.5	0.9245
590.625	0.9237
590.75	0.9205
590.875	0.9198
591.0	0.9198
591.125	0.9174
591.25	0.915
591.375	0.915
591.5	0.915
591.625	0.9119
591.75	0.9103
591.875	0.9103
592.0	0.908
592.125	0.9056
592.25	0.9056
592.375	0.904
592.5	0.9025
592.625	0.9009
592.75	0.9009
592.875	0.8993
593.0	0.897
593.125	0.8962
593.25	0.8962
593.375	0.8922
593.5	0.8915
593.625	0.8915
593.75	0.8891
593.875	0.8883
594.0	0.8867
594.125	0.886
594.25	0.8828
594.375	0.882
594.5	0.8781
594.625	0.8765
594.75	0.8765
594.875	0.8773
595.0	0.8726
595.125	0.8718
595.25	0.8702
595.375	0.8679
595.5	0.8679
595.625	0.8647
595.75	0.8647
595.875	0.8632
596.0	0.8624
596.125	0.8584
596.25	0.8592
596.375	0.8584
596.5	0.8561
596.625	0.8537
596.75	0.8537
596.875	0.8537
597.0	0.8537
597.125	0.8537
597.25	0.849
597.375	0.8498
597.5	0.8474
597.625	0.8451
597.75	0.8443
597.875	0.8443
598.0	0.8404
598.125	0.8396
598.25	0.8396
598.375	0.8396
598.5	0.8349
598.625	0.8349
598.75	0.8349
598.875	0.8301
599.0	0.8301
599.125	0.8286
599.25	0.8278
599.375	0.8254
599.5	0.8254
599.625	0.8238
599.75	0.8207
599.875	0.8207
600.0	0.8199
600.125	0.8168
600.25	0.816
600.375	0.8144
600.5	0.8136
600.625	0.8113
600.75	0.8113
600.875	0.8089
601.0	0.8081
601.125	0.8066
601.25	0.8026
601.375	0.8018
601.5	0.8018
601.625	0.7995
601.75	0.7987
601.875	0.7971
602.0	0.7955
602.125	0.7924
602.25	0.7924
602.375	0.7924
602.5	0.7885
602.625	0.7877
602.75	0.7861
602.875	0.7853
603.0	0.783
603.125	0.783
603.25	0.7822
603.375	0.7783
603.5	0.7783
603.625	0.7775
603.75	0.7735
603.875	0.7735
604.0	0.772
604.125	0.7704
604.25	0.7688
604.375	0.7688
604.5	0.7657
604.625	0.7625
604.75	0.7602
604.875	0.7586
605.0	0.7555
605.125	0.7562
605.25	0.7547
605.375	0.7531
605.5	0.75
605.625	0.75
605.75	0.7492
605.875	0.7452
606.0	0.7452
606.125	0.7452
606.25	0.7405
606.375	0.7413
606.5	0.7397
606.625	0.7382
606.75	0.7374
606.875	0.7358
607.0	0.7342
607.125	0.7334
607.25	0.7319
607.375	0.7311
607.5	0.7311
607.625	0.7279
607.75	0.7264
607.875	0.7248
608.0	0.7224
608.125	0.7216
608.25	0.7216
608.375	0.7193
608.5	0.7169
608.625	0.7169
608.75	0.7138
608.875	0.7122
609.0	0.7122
609.125	0.7075
609.25	0.7075
609.375	0.7075
609.5	0.7067
609.625	0.7028
609.75	0.7028
609.875	0.7004
610.0	0.6988
610.125	0.6981
610.25	0.6941
610.375	0.6949
610.5	0.6933
610.625	0.6926
610.75	0.6886
610.875	0.6886
611.0	0.6878
611.125	0.6839
611.25	0.6839
611.375	0.6831
611.5	0.6808
611.625	0.6792
611.75	0.6792
611.875	0.6761
612.0	0.6745
612.125	0.6745
612.25	0.6713
612.375	0.6698
612.5	0.6698
612.625	0.669
612.75	0.6658
612.875	0.6666
613.0	0.6627
613.125	0.6643
613.25	0.6611
613.375	0.6595
613.5	0.6603
613.625	0.6548
613.75	0.6556
613.875	0.654
614.0	0.6517
614.125	0.6509
614.25	0.647
614.375	0.6477
614.5	0.6446
614.625	0.6446
614.75	0.6415
614.875	0.6415
615.0	0.6383
615.125	0.6367
615.25	0.6352
615.375	0.6344
615.5	0.632
615.625	0.632
615.75	0.6281
615.875	0.6273
616.0	0.6273
616.125	0.6257
616.25	0.6234
616.375	0.6226
616.5	0.621
616.625	0.6179
616.75	0.6179
616.875	0.6163
617.0	0.6139
617.125	0.6132
617.25	0.6132
617.375	0.6092
617.5	0.6084
617.625	0.6077
617.75	0.6077
617.875	0.6045
618.0	0.6037
618.125	0.6037
618.25	0.5998
618.375	0.5998
618.5	0.599
618.625	0.5966
618.75	0.5951
618.875	0.5935
619.0	0.5935
619.125	0.5919
619.25	0.5896
619.375	0.5888
619.5	0.588
619.625	0.5864
619.75	0.5849
619.875	0.5833
620.0	0.5801
620.125	0.5801
620.25	0.5794
620.375	0.5754
620.5	0.5754
620.625	0.5754
620.75	0.5731
620.875	0.5707
621.0	0.5699
621.125	0.5676
621.25	0.566
621.375	0.566
621.5	0.5636
621.625	0.5628
621.75	0.5613
621.875	0.5597
622.0	0.5589
622.125	0.5566
622.25	0.5566
622.375	0.5558
622.5	0.5518
622.625	0.5518
622.75	0.5511
622.875	0.5471
623.0	0.5471
623.125	0.5471
623.25	0.544
623.375	0.5424
623.5	0.5424
623.625	0.5416
623.75	0.5385
623.875	0.5377
624.0	0.5377
624.125	0.5361
624.25	0.5338
624.375	0.5322
624.5	0.5314
624.625	0.529
624.75	0.5283
624.875	0.5283
625.0	0.5243
625.125	0.5235
625.25	0.522
625.375	0.522
625.5	0.5188
625.625	0.5188
625.75	0.5188
625.875	0.5172
626.0	0.5141
626.125	0.5141
626.25	0.5125
626.375	0.5102
626.5	0.5094
626.625	0.5086
626.75	0.507
626.875	0.5047
627.0	0.5039
627.125	0.5
627.25	0.5
627.375	0.5007
627.5	0.5
627.625	0.5
627.75	0.4976
627.875	0.4952
628.0	0.4952
628.125	0.4944
628.25	0.4921
628.375	0.4905
628.5	0.4905
628.625	0.4889
628.75	0.4858
628.875	0.4858
629.0	0.4858
629.125	0.4827
629.25	0.4811
629.375	0.4811
629.5	0.4811
629.625	0.4764
629.75	0.4764
629.875	0.4764
630.0	0.4732
630.125	0.4716
630.25	0.4716
630.375	0.4709
630.5	0.4677
630.625	0.4669
630.75	0.4669
630.875	0.4646
631.0	0.4638
631.125	0.4622
631.25	0.4622
631.375	0.4606
631.5	0.4583
631.625	0.4575
631.75	0.4567
631.875	0.4536
632.0	0.4528
632.125	0.4528
632.25	0.4512
632.375	0.4481
632.5	0.4481
632.625	0.4481
632.75	0.4465
632.875	0.4433
633.0	0.4441
633.125	0.4418
633.25	0.441
633.375	0.4386
633.5	0.4378
633.625	0.4371
633.75	0.4347
633.875	0.4347
634.0	0.4339
634.125	0.4339
634.25	0.4316
634.375	0.43
634.5	0.4292
634.625	0.4268
634.75	0.4245
634.875	0.4253
635.0	0.4245
635.125	0.4213
635.25	0.4198
635.375	0.4198
635.5	0.4174
635.625	0.4182
635.75	0.415
635.875	0.415
636.0	0.4143
636.125	0.4119
636.25	0.4103
636.375	0.4095
636.5	0.4095
636.625	0.4072
636.75	0.4056
636.875	0.4048
637.0	0.4056
637.125	0.4009
637.25	0.4009
637.375	0.3993
637.5	0.397
637.625	0.3977
637.75	0.3962
637.875	0.3962
638.0	0.3954
638.125	0.3946
638.25	0.3915
638.375	0.3915
638.5	0.3915
638.625	0.3891
638.75	0.3883
638.875	0.3867
639.0	0.386
639.125	0.3844
639.25	0.382
639.375	0.382
639.5	0.382
639.625	0.3812
639.75	0.3781
639.875	0.3773
640.0	0.3773
640.125	0.3765
640.25	0.3726
640.375	0.3726
640.5	0.3726
640.625	0.3718
640.75	0.3702
640.875	0.3687
641.0	0.3679
641.125	0.3679
641.25	0.3655
641.375	0.3632
641.5	0.3632
641.625	0.3632
641.75	0.36
641.875	0.3592
642.0	0.3584
642.125	0.3577
642.25	0.3569
642.375	0.3561
642.5	0.3537
642.625	0.3537
642.75	0.3537
642.875	0.3514
643.0	0.349
643.125	0.349
643.25	0.349
643.375	0.349
643.5	0.3459
643.625	0.3443
643.75	0.3443
643.875	0.3443
644.0	0.3404
644.125	0.3419
644.25	0.3396
644.375	0.3396
644.5	0.3396
644.625	0.3364
644.75	0.3364
644.875	0.3349
645.0	0.3349
645.125	0.3333
645.25	0.3325
645.375	0.3301
645.5	0.3301
645.625	0.3301
645.75	0.327
645.875	0.3254
646.0	0.3262
646.125	0.3254
646.25	0.3254
646.375	0.3231
646.5	0.3207
646.625	0.3207
646.75	0.3199
646.875	0.3191
647.0	0.3176
647.125	0.3183
647.25	0.316
647.375	0.316
647.5	0.3144
647.625	0.3113
647.75	0.3136
647.875	0.3113
648.0	0.3121
648.125	0.3113
648.25	0.3113
648.375	0.3097
648.5	0.3089
648.625	0.3066
648.75	0.3066
648.875	0.3058
649.0	0.3026
649.125	0.3026
649.25	0.3026
649.375	0.3018
649.5	0.3018
649.625	0.3003
649.75	0.2995
649.875	0.2979
650.0	0.2971
650.125	0.2971
650.25	0.2963
650.375	0.2963
650.5	0.294
650.625	0.2924
650.75	0.2924
650.875	0.2924
651.0	0.2924
651.125	0.2908
651.25	0.2893
651.375	0.2885
651.5	0.2877
651.625	0.2877
651.75	0.2877
651.875	0.2853
652.0	0.2845
652.125	0.283
652.25	0.283
652.375	0.2822
652.5	0.283
652.625	0.283
652.75	0.2806
652.875	0.279
653.0	0.2783
653.125	0.2783
653.25	0.2783
653.375	0.2775
653.5	0.2751
653.625	0.2743
653.75	0.2735
653.875	0.2735
654.0	0.2727
654.125	0.2712
654.25	0.2712
654.375	0.2696
654.5	0.2696
654.625	0.2688
654.75	0.2688
654.875	0.268
655.0	0.2665
655.125	0.2649
655.25	0.2657
655.375	0.2641
655.5	0.2641
655.625	0.2641
655.75	0.2641
655.875	0.2602
656.0	0.2625
656.125	0.2594
656.25	0.2594
656.375	0.2578
656.5	0.257
656.625	0.2578
656.75	0.257
656.875	0.2547
657.0	0.2547
657.125	0.2547
657.25	0.2547
657.375	0.2547
657.5	0.2547
657.625	0.2507
657.75	0.25
657.875	0.2523
658.0	0.25
658.125	0.25
658.25	0.25
658.375	0.2468
658.5	0.2492
658.625	0.2452
658.75	0.2452
658.875	0.2452
659.0	0.2452
659.125	0.2452
659.25	0.2452
659.375	0.2452
659.5	0.2413
659.625	0.2405
659.75	0.2405
659.875	0.2405
660.0	0.2397
660.125	0.2374
660.25	0.2374
660.375	0.2366
660.5	0.2358
660.625	0.2358
660.75	0.2358
660.875	0.2358
661.0	0.235
661.125	0.2319
661.25	0.2319
661.375	0.2311
661.5	0.2311
661.625	0.2311
661.75	0.2295
661.875	0.2303
662.0	0.2272
662.125	0.2279
662.25	0.2264
662.375	0.2264
662.5	0.2264
662.625	0.2264
662.75	0.2264
662.875	0.224
663.0	0.2216
663.125	0.2216
663.25	0.2216
663.375	0.2216
663.5	0.2216
663.625	0.2216
663.75	0.2193
663.875	0.2169
664.0	0.2193
664.125	0.2169
664.25	0.2169
664.375	0.2185
664.5	0.2169
664.625	0.2169
664.75	0.2146
664.875	0.2138
665.0	0.213
665.125	0.2122
665.25	0.2122
665.375	0.2122
665.5	0.2106
665.625	0.2122
665.75	0.2075
665.875	0.2083
666.0	0.2083
666.125	0.2083
666.25	0.2075
666.375	0.2075
666.5	0.2059
666.625	0.2051
666.75	0.2067
666.875	0.2051
667.0	0.2028
667.125	0.2028
667.25	0.2028
667.375	0.2028
667.5	0.2012
667.625	0.1996
667.75	0.1988
667.875	0.1988
668.0	0.1981
668.125	0.1981
668.25	0.1981
668.375	0.1981
668.5	0.1981
668.625	0.1973
668.75	0.1981
668.875	0.1933
669.0	0.1941
669.125	0.1933
669.25	0.1933
669.375	0.1933
669.5	0.191
669.625	0.191
669.75	0.1918
669.875	0.191
670.0	0.1894
670.125	0.1894
670.25	0.1886
670.375	0.1894
670.5	0.1886
670.625	0.1878
670.75	0.1855
670.875	0.1863
671.0	0.1863
671.125	0.1847
671.25	0.1839
671.375	0.1839
671.5	0.1831
671.625	0.1839
671.75	0.1823
671.875	0.1808
672.0	0.1823
672.125	0.1792
672.25	0.1792
672.375	0.1792
672.5	0.1784
672.625	0.1792
672.75	0.1784
672.875	0.1792
673.0	0.1761
673.125	0.1768
673.25	0.1768
673.375	0.1745
673.5	0.1745
673.625	0.1745
673.75	0.1745
673.875	0.1737
674.0	0.1745
674.125	0.1737
674.25	0.1721
674.375	0.1713
674.5	0.1721
674.625	0.1698
674.75	0.1698
674.875	0.1698
675.0	0.169
675.125	0.1698
675.25	0.1666
675.375	0.1682
675.5	0.1674
675.625	0.1658
675.75	0.165
675.875	0.165
676.0	0.165
676.125	0.1627
676.25	0.1635
676.375	0.1643
676.5	0.1627
676.625	0.1603
676.75	0.1603
676.875	0.1619
677.0	0.1603
677.125	0.1603
677.25	0.1595
677.375	0.1595
677.5	0.1603
677.625	0.1603
677.75	0.1603
677.875	0.1564
678.0	0.158
678.125	0.1556
678.25	0.1556
678.375	0.1556
678.5	0.1556
678.625	0.1556
678.75	0.1556
678.875	0.1548
679.0	0.1548
679.125	0.1533
679.25	0.1525
679.375	0.1509
679.5	0.1509
679.625	0.1509
679.75	0.1509
679.875	0.1501
680.0	0.1509
680.125	0.1501
680.25	0.1493
680.375	0.1493
680.5	0.1485
680.625	0.1485
680.75	0.1477
680.875	0.1462
681.0	0.1462
681.125	0.1462
681.25	0.1462
681.375	0.1462
681.5	0.1462
681.625	0.1462
681.75	0.1446
681.875	0.1422
682.0	0.1446
682.125	0.1422
682.25	0.1415
682.375	0.1422
682.5	0.143
682.625	0.1415
682.75	0.1415
682.875	0.1415
683.0	0.1415
683.125	0.1407
683.25	0.1407
683.375	0.1367
683.5	0.1367
683.625	0.1367
683.75	0.1367
683.875	0.1367
684.0	0.1367
684.125	0.1367
684.25	0.136
684.375	0.136
684.5	0.1367
684.625	0.1344
684.75	0.1367
684.875	0.1336
685.0	0.1328
685.125	0.132
685.25	0.132
685.375	0.132
685.5	0.132
685.625	0.132
685.75	0.1312
685.875	0.132
686.0	0.132
686.125	0.1305
686.25	0.1289
686.375	0.1281
686.5	0.1305
686.625	0.1281
686.75	0.1273
686.875	0.1273
687.0	0.1273
687.125	0.1273
687.25	0.1273
687.375	0.1273
687.5	0.1265
687.625	0.1273
687.75	0.1234
687.875	0.1265
688.0	0.1242
688.125	0.1226
688.25	0.1234
688.375	0.1234
688.5	0.1242
688.625	0.1226
688.75	0.1226
688.875	0.1234
689.0	0.1226
689.125	0.1226
689.25	0.1226
689.375	0.1226
689.5	0.1226
689.625	0.1226
689.75	0.121
689.875	0.1226
690.0	0.1218
690.125	0.1179
690.25	0.1179
690.375	0.1187
690.5	0.1179
690.625	0.1179
690.75	0.1179
690.875	0.1179
691.0	0.1179
691.125	0.1179
691.25	0.1179
691.375	0.1179
691.5	0.1171
691.625	0.1171
691.75	0.1179
691.875	0.1155
692.0	0.1171
692.125	0.1163
692.25	0.1163
692.375	0.1147
692.5	0.1147
692.625	0.1132
692.75	0.1132
692.875	0.1132
693.0	0.1132
693.125	0.1132
693.25	0.1132
693.375	0.1132
693.5	0.1132
693.625	0.1108
693.75	0.1116
693.875	0.1116
694.0	0.1116
694.125	0.1108
694.25	0.1108
694.375	0.1116
694.5	0.1092
694.625	0.11
694.75	0.1084
694.875	0.1084
695.0	0.11
695.125	0.1084
695.25	0.11
695.375	0.1084
695.5	0.1084
695.625	0.1084
695.75	0.1084
695.875	0.1084
696.0	0.1077
696.125	0.1084
696.25	0.1061
696.375	0.1069
696.5	0.1061
696.625	0.1069
696.75	0.1053
696.875	0.1037
697.0	0.1053
697.125	0.1037
697.25	0.1069
697.375	0.1061
697.5	0.1037
697.625	0.1037
697.75	0.1045
697.875	0.1053
698.0	0.1037
698.125	0.1037
698.25	0.1037
698.375	0.1037
698.5	0.1037
698.625	0.1029
698.75	0.1037
698.875	0.1037
699.0	0.1037
699.125	0.1014
699.25	0.1037
699.375	0.1029
699.5	0.1029
699.625	0.1037
699.75	0.1022
699.875	0.0998
700.0	0.0998
700.125	0.1006
700.25	0.0998
700.375	0.099
700.5	0.1006
700.625	0.0998
700.75	0.099
700.875	0.099
701.0	0.099
701.125	0.0998
701.25	0.099
701.375	0.099
701.5	0.099
701.625	0.099
701.75	0.099
701.875	0.0982
702.0	0.099
702.125	0.099
702.25	0.0982
702.375	0.0974
702.5	0.0974
702.625	0.0966
702.75	0.0966
702.875	0.0974
703.0	0.0959
703.125	0.0966
703.25	0.0974
703.375	0.0951
703.5	0.0951
703.625	0.0943
703.75	0.0943
703.875	0.0943
704.0	0.0951
704.125	0.0943
704.25	0.0943
704.375	0.0943
704.5	0.0943
704.625	0.0951
704.75	0.0943
704.875	0.0943
705.0	0.0935
705.125	0.0943
705.25	0.0943
705.375	0.0935
705.5	0.0943
705.625	0.0943
705.75	0.0911
705.875	0.0943
706.0	0.0927
706.125	0.0935
706.25	0.0911
706.375	0.0919
706.5	0.0896
706.625	0.0935
706.75	0.0919
706.875	0.0919
707.0	0.0919
707.125	0.0919
707.25	0.0919
707.375	0.0904
707.5	0.0911
707.625	0.0911
707.75	0.0896
707.875	0.0904
708.0	0.0896
708.125	0.0896
708.25	0.0896
708.375	0.0896
708.5	0.0896
708.625	0.088
708.75	0.0896
708.875	0.0904
709.0	0.0896
709.125	0.0896
709.25	0.0896
709.375	0.0888
709.5	0.0896
709.625	0.0888
709.75	0.0888
709.875	0.0872
710.0	0.088
710.125	0.0864
710.25	0.0872
710.375	0.0856
710.5	0.088
710.625	0.088
710.75	0.0872
710.875	0.0864
711.0	0.0856
711.125	0.0864
711.25	0.0856
711.375	0.0849
711.5	0.0864
711.625	0.088
711.75	0.0849
711.875	0.0849
712.0	0.0849
712.125	0.0849
712.25	0.0849
712.375	0.0849
712.5	0.0849
712.625	0.0849
712.75	0.0849
712.875	0.0849
713.0	0.0849
713.125	0.0849
713.25	0.0849
713.375	0.0849
713.5	0.0849
713.625	0.0849
713.75	0.0849
713.875	0.0833
714.0	0.0849
714.125	0.0841
714.25	0.0849
714.375	0.0833
714.5	0.0849
714.625	0.0849
714.75	0.0849
714.875	0.0817
715.0	0.0841
715.125	0.0841
715.25	0.0817
715.375	0.0841
715.5	0.0825
715.625	0.0833
715.75	0.0809
715.875	0.0825
716.0	0.0809
716.125	0.0809
716.25	0.0817
716.375	0.0817
716.5	0.0817
716.625	0.0817
716.75	0.0801
716.875	0.0809
717.0	0.0801
717.125	0.0801
717.25	0.0801
717.375	0.0817
717.5	0.0801
717.625	0.0801
717.75	0.0801
717.875	0.0801
718.0	0.0801
718.125	0.0801
718.25	0.0809
718.375	0.0801
718.5	0.0801
718.625	0.0801
718.75	0.0801
718.875	0.0801
719.0	0.0794
719.125	0.0801
719.25	0.0801
719.375	0.0801
719.5	0.0801
719.625	0.0786
719.75	0.0801
719.875	0.0801
720.0	0.0801
720.125	0.0794
720.25	0.0794
720.375	0.0801
720.5	0.0794
720.625	0.0801
720.75	0.0794
720.875	0.0754
721.0	0.0786
721.125	0.0801
721.25	0.0762
721.375	0.0794
721.5	0.0778
721.625	0.0786
721.75	0.077
721.875	0.0762
722.0	0.0778
722.125	0.077
722.25	0.0778
722.375	0.077
722.5	0.0786
722.625	0.0778
722.75	0.0754
722.875	0.0786
723.0	0.077
723.125	0.0778
723.25	0.0762
723.375	0.0786
723.5	0.0754
723.625	0.077
723.75	0.077
723.875	0.0754
724.0	0.0754
724.125	0.0762
724.25	0.077
724.375	0.0762
724.5	0.0762
724.625	0.0754
724.75	0.0754
724.875	0.0754
725.0	0.0754
725.125	0.0754
725.25	0.077
725.375	0.0754
725.5	0.0754
725.625	0.0762
725.75	0.0754
725.875	0.0754
726.0	0.0754
726.125	0.0754
726.25	0.0754
726.375	0.0754
726.5	0.0754
726.625	0.0754
726.75	0.077
726.875	0.0762
727.0	0.0754
727.125	0.0754
727.25	0.0754
727.375	0.0754
727.5	0.0754
727.625	0.0754
727.75	0.0754
727.875	0.0754
728.0	0.0754
728.125	0.0754
728.25	0.0754
728.375	0.0746
728.5	0.0754
728.625	0.0754
728.75	0.0754
728.875	0.0754
729.0	0.0754
729.125	0.0754
729.25	0.0754
729.375	0.0754
729.5	0.0754
729.625	0.0746
729.75	0.0754
729.875	0.0746
730.0	0.0754
730.125	0.0754
730.25	0.0754
730.375	0.0746
730.5	0.0738
730.625	0.0754
730.75	0.0754
730.875	0.0754
731.0	0.0754
731.125	0.0754
731.25	0.0731
731.375	0.0746
731.5	0.0754
731.625	0.0754
731.75	0.0738
731.875	0.0746
732.0	0.0738
732.125	0.0754
732.25	0.0731
732.375	0.0731
732.5	0.0731
732.625	0.0746
732.75	0.0738
732.875	0.0707
733.0	0.0731
733.125	0.0738
733.25	0.0723
733.375	0.0746
733.5	0.0723
733.625	0.0723
733.75	0.0738
733.875	0.0707
734.0	0.0731
734.125	0.0731
734.25	0.0731
734.375	0.0738
734.5	0.0723
734.625	0.0731
734.75	0.0723
734.875	0.0715
735.0	0.0723
735.125	0.0707
735.25	0.0715
735.375	0.0723
735.5	0.0715
735.625	0.0715
735.75	0.0707
735.875	0.0715
736.0	0.0715
736.125	0.0707
736.25	0.0707
736.375	0.0707
736.5	0.0731
736.625	0.0738
736.75	0.0707
736.875	0.0715
737.0	0.0715
737.125	0.0707
737.25	0.0707
737.375	0.0715
737.5	0.0707
737.625	0.0699
737.75	0.0715
737.875	0.0707
738.0	0.0707
738.125	0.0707
738.25	0.0707
738.375	0.0707
738.5	0.0707
738.625	0.0707
738.75	0.0707
738.875	0.0707
739.0	0.0707
739.125	0.0707
739.25	0.0707
739.375	0.0715
739.5	0.0707
739.625	0.0707
739.75	0.0707
739.875	0.0707
740.0	0.0707
740.125	0.0707
740.25	0.0707
740.375	0.0707
740.5	0.0707
740.625	0.0707
740.75	0.0707
740.875	0.0707
741.0	0.0707
741.125	0.0707
741.25	0.0707
741.375	0.0707
741.5	0.0707
741.625	0.0707
741.75	0.0699
741.875	0.0707
742.0	0.0707
742.125	0.0707
742.25	0.0707
742.375	0.0723
742.5	0.0707
742.625	0.0707
742.75	0.0707
742.875	0.0707
743.0	0.0707
743.125	0.0707
743.25	0.0707
743.375	0.0707
743.5	0.0707
743.625	0.0707
743.75	0.0699
743.875	0.0707
744.0	0.0707
744.125	0.0707
744.25	0.0707
744.375	0.0707
744.5	0.0707
744.625	0.0707
744.75	0.0707
744.875	0.0707
745.0	0.0707
745.125	0.0707
745.25	0.0707
745.375	0.0707
745.5	0.0707
745.625	0.0691
745.75	0.0707
745.875	0.0699
746.0	0.0707
746.125	0.0691
746.25	0.0699
746.375	0.0707
746.5	0.0707
746.625	0.0699
746.75	0.0699
746.875	0.0707
747.0	0.0691
747.125	0.0707
747.25	0.0691
747.375	0.0707
747.5	0.0691
747.625	0.0699
747.75	0.0707
747.875	0.0699
748.0	0.0691
748.125	0.0699
748.25	0.0683
748.375	0.0707
748.5	0.0699
748.625	0.0699
748.75	0.0691
748.875	0.0707
749.0	0.0707
749.125	0.0699
749.25	0.0699
749.375	0.0707
749.5	0.0707
749.625	0.0691
749.75	0.0676
749.875	0.0699
750.0	0.0707
750.125	0.0707
750.25	0.0699
750.375	0.0699
750.5	0.0699
750.625	0.0699
750.75	0.0707
750.875	0.0676
751.0	0.0691
751.125	0.0683
751.25	0.0676
751.375	0.0668
751.5	0.0683
751.625	0.0676
751.75	0.0683
751.875	0.0707
752.0	0.0691
752.125	0.0691
752.25	0.0676
752.375	0.0691
752.5	0.0699
752.625	0.0683
752.75	0.0691
752.875	0.0683
753.0	0.0668
753.125	0.0683
753.25	0.0668
753.375	0.0683
753.5	0.0676
753.625	0.0676
753.75	0.0683
753.875	0.0699
754.0	0.0683
754.125	0.0683
754.25	0.0676
754.375	0.0683
754.5	0.0668
754.625	0.0683
754.75	0.0676
754.875	0.0691
755.0	0.0683
755.125	0.0691
755.25	0.0707
755.375	0.0707
755.5	0.0676
755.625	0.0676
755.75	0.0676
755.875	0.0683
756.0	0.0683
756.125	0.0676
756.25	0.0676
756.375	0.0683
756.5	0.0668
756.625	0.0707
756.75	0.0676
756.875	0.0683
757.0	0.0699
757.125	0.0676
757.25	0.0707
757.375	0.0676
757.5	0.0683
757.625	0.0699
757.75	0.0676
757.875	0.0683
758.0	0.0668
758.125	0.0676
758.25	0.0683
758.375	0.0707
758.5	0.0676
758.625	0.0691
758.75	0.0683
758.875	0.0691
759.0	0.0683
759.125	0.0676
759.25	0.066
759.375	0.0699
759.5	0.0691
759.625	0.0676
759.75	0.0676
759.875	0.0691
760.0	0.0683
760.125	0.0668
760.25	0.0676
760.375	0.0668
760.5	0.0707
760.625	0.0683
760.75	0.0676
760.875	0.0676
761.0	0.0691
761.125	0.0676
761.25	0.0668
761.375	0.0668
761.5	0.0683
761.625	0.0668
761.75	0.0676
761.875	0.0683
762.0	0.066
762.125	0.0668
762.25	0.0668
762.375	0.066
762.5	0.0676
762.625	0.0683
762.75	0.0668
762.875	0.0691
763.0	0.0691
763.125	0.066
763.25	0.0691
763.375	0.0683
763.5	0.0668
763.625	0.0683
763.75	0.0668
763.875	0.0668
764.0	0.0683
764.125	0.0676
764.25	0.0683
764.375	0.0668
764.5	0.0676
764.625	0.0676
764.75	0.0676
764.875	0.0668
765.0	0.0676
765.125	0.0668
765.25	0.0683
765.375	0.0683
765.5	0.0668
765.625	0.0683
765.75	0.066
765.875	0.0668
766.0	0.0676
766.125	0.0668
766.25	0.066
766.375	0.0676
766.5	0.0676
766.625	0.0668
766.75	0.0676
766.875	0.066
767.0	0.0668
767.125	0.0676
767.25	0.066
767.375	0.0668
767.5	0.066
767.625	0.0683
767.75	0.0683
767.875	0.0668
768.0	0.0668
768.125	0.066
768.25	0.0683
768.375	0.0668
768.5	0.066
768.625	0.0683
768.75	0.066
768.875	0.0676
769.0	0.0676
769.125	0.0668
769.25	0.066
769.375	0.0668
769.5	0.0676
769.625	0.0683
769.75	0.0668
769.875	0.0676
770.0	0.0676
770.125	0.0676
770.25	0.0691
770.375	0.066
770.5	0.0676
770.625	0.066
770.75	0.0676
770.875	0.0676
771.0	0.0668
771.125	0.0668
771.25	0.0676
771.375	0.0676
771.5	0.066
771.625	0.0668
771.75	0.0676
771.875	0.0668
772.0	0.066
772.125	0.0676
772.25	0.066
772.375	0.066
772.5	0.0668
772.625	0.0676
772.75	0.066
772.875	0.0676
773.0	0.066
773.125	0.0668
773.25	0.066
773.375	0.0668
773.5	0.0668
773.625	0.0668
773.75	0.0668
773.875	0.066
774.0	0.0668
774.125	0.0668
774.25	0.0668
774.375	0.066
774.5	0.066
774.625	0.0668
774.75	0.066
774.875	0.0676
775.0	0.0668
775.125	0.0668
775.25	0.0676
775.375	0.066
775.5	0.066
775.625	0.0668
775.75	0.066
775.875	0.0668
776.0	0.066
776.125	0.066
776.25	0.0676
776.375	0.066
776.5	0.0668
776.625	0.066
776.75	0.0668
776.875	0.066
777.0	0.066
777.125	0.0699
777.25	0.0676
777.375	0.066
777.5	0.0668
777.625	0.066
777.75	0.0676
777.875	0.0668
778.0	0.066
778.125	0.066
778.25	0.0676
778.375	0.0676
778.5	0.0668
778.625	0.0668
778.75	0.0676
778.875	0.0676
779.0	0.0676
779.125	0.0668
779.25	0.0668
779.375	0.0668
779.5	0.0668
779.625	0.0683
779.75	0.066
779.875	0.0676
780.0	0.0676
780.125	0.0676
780.25	0.066
780.375	0.066
780.5	0.0676
780.625	0.0668
780.75	0.066
780.875	0.066
781.0	0.0668
781.125	0.0676
781.25	0.066
781.375	0.066
781.5	0.0683
781.625	0.0676
781.75	0.0668
781.875	0.066
782.0	0.0676
782.125	0.0668
782.25	0.0676
782.375	0.0676
782.5	0.066
782.625	0.0668
782.75	0.0676
782.875	0.066
783.0	0.0676
783.125	0.0699
783.25	0.0683
783.375	0.0668
783.5	0.0676
783.625	0.066
783.75	0.0668
783.875	0.0676
784.0	0.0668
784.125	0.0668
784.25	0.0676
784.375	0.0676
784.5	0.0691
784.625	0.0676
784.75	0.0676
784.875	0.0691
785.0	0.066
785.125	0.0676
785.25	0.066
785.375	0.0676
785.5	0.066
785.625	0.0676
785.75	0.0668
785.875	0.0691
786.0	0.066
786.125	0.066
786.25	0.0683
786.375	0.0691
786.5	0.0691
786.625	0.0676
786.75	0.0668
786.875	0.0683
787.0	0.0683
787.125	0.0676
787.25	0.0683
787.375	0.0691
787.5	0.0676
787.625	0.0668
787.75	0.0683
787.875	0.0683
788.0	0.0676
788.125	0.0676
788.25	0.0683
788.375	0.0683
788.5	0.0668
788.625	0.0691
788.75	0.0668
788.875	0.0668
789.0	0.0668
789.125	0.066
789.25	0.066
789.375	0.0691
789.5	0.0683
789.625	0.0683
789.75	0.0668
789.875	0.0668
790.0	0.0683
790.125	0.0699
790.25	0.0676
790.375	0.0683
790.5	0.0683
790.625	0.0691
790.75	0.0707
790.875	0.0668
791.0	0.0683
791.125	0.0668
791.25	0.0691
791.375	0.0699
791.5	0.0683
791.625	0.0691
791.75	0.0676
791.875	0.0707
792.0	0.0691
792.125	0.0676
792.25	0.0676
792.375	0.0699
792.5	0.0699
792.625	0.0691
792.75	0.0691
792.875	0.0707
793.0	0.0699
793.125	0.0707
793.25	0.0699
793.375	0.0676
793.5	0.0683
793.625	0.0691
793.75	0.0699
793.875	0.0676
794.0	0.0683
794.125	0.0691
794.25	0.0699
794.375	0.0691
794.5	0.0691
794.625	0.0699
794.75	0.0683
794.875	0.0691
795.0	0.0699
795.125	0.0707
795.25	0.0707
795.375	0.0691
795.5	0.0691
795.625	0.0691
795.75	0.0699
795.875	0.0707
796.0	0.0707
796.125	0.0707
796.25	0.0699
796.375	0.0699
796.5	0.0691
796.625	0.0707
796.75	0.0691
796.875	0.0707
797.0	0.0691
797.125	0.0707
797.25	0.0699
797.375	0.0707
797.5	0.0699
797.625	0.0699
797.75	0.0707
797.875	0.0707
798.0	0.0707
798.125	0.0707
798.25	0.0707
798.375	0.0707
798.5	0.0691
798.625	0.0707
798.75	0.0699
798.875	0.0707
799.0	0.0707
799.125	0.0707
799.25	0.0707
799.375	0.0707
799.5	0.0707
799.625	0.0707
799.75	0.0707
799.875	0.0707
800.0	0.0707
800.125	0.0699
800.25	0.0707
800.375	0.0707
800.5	0.0707
800.625	0.0715
800.75	0.0707
800.875	0.0707
801.0	0.0707
801.125	0.0707
801.25	0.0715
801.375	0.0707
801.5	0.0707
801.625	0.0707
801.75	0.0715
801.875	0.0707
802.0	0.0707
802.125	0.0707
802.25	0.0707
802.375	0.0707
802.5	0.0707
802.625	0.0715
802.75	0.0707
802.875	0.0707
803.0	0.0707
803.125	0.0707
803.25	0.0723
803.375	0.0707
803.5	0.0707
803.625	0.0707
803.75	0.0715
803.875	0.0715
804.0	0.0707
804.125	0.0715
804.25	0.0707
804.375	0.0715
804.5	0.0707
804.625	0.0707
804.75	0.0707
804.875	0.0723
805.0	0.0707
805.125	0.0715
805.25	0.0707
805.375	0.0731
805.5	0.0715
805.625	0.0723
805.75	0.0715
805.875	0.0707
806.0	0.0715
806.125	0.0707
806.25	0.0707
806.375	0.0715
806.5	0.0731
806.625	0.0707
806.75	0.0707
806.875	0.0707
807.0	0.0715
807.125	0.0731
807.25	0.0731
807.375	0.0715
807.5	0.0754
807.625	0.0731
807.75	0.0738
807.875	0.0754
808.0	0.0723
808.125	0.0723
808.25	0.0754
808.375	0.0754
808.5	0.0754
808.625	0.0738
808.75	0.0746
808.875	0.0723
809.0	0.0754
809.125	0.0754
809.25	0.0731
809.375	0.0754
809.5	0.0754
809.625	0.0731
809.75	0.0754
809.875	0.0754
810.0	0.0754
810.125	0.0746
810.25	0.0754
810.375	0.0754
810.5	0.0746
810.625	0.0754
810.75	0.0754
810.875	0.0754
811.0	0.0746
811.125	0.0762
811.25	0.0754
811.375	0.0754
811.5	0.0754
811.625	0.0754
811.75	0.0754
811.875	0.0754
812.0	0.0754
812.125	0.0762
812.25	0.0754
812.375	0.0754
812.5	0.0754
812.625	0.0754
812.75	0.0754
812.875	0.0754
813.0	0.0746
813.125	0.0754
813.25	0.0754
813.375	0.0762
813.5	0.0754
813.625	0.0786
813.75	0.0754
813.875	0.0754
814.0	0.0762
814.125	0.0754
814.25	0.0762
814.375	0.0778
814.5	0.0762
814.625	0.0778
814.75	0.077
814.875	0.0778
815.0	0.0762
815.125	0.0754
815.25	0.0778
815.375	0.0762
815.5	0.0762
815.625	0.0794
815.75	0.077
815.875	0.077
816.0	0.077
816.125	0.0762
816.25	0.0754
816.375	0.0786
816.5	0.077
816.625	0.0778
816.75	0.077
816.875	0.0794
817.0	0.0778
817.125	0.0786
817.25	0.077
817.375	0.0794
817.5	0.0778
817.625	0.0794
817.75	0.0794
817.875	0.0786
818.0	0.0786
818.125	0.0794
818.25	0.0801
818.375	0.0794
818.5	0.0786
818.625	0.077
818.75	0.0809
818.875	0.0801
819.0	0.0801
819.125	0.0809
819.25	0.0786
819.375	0.0801
819.5	0.0801
819.625	0.0801
819.75	0.0801
819.875	0.0801
820.0	0.0801
820.125	0.0801
820.25	0.0801
820.375	0.0801
820.5	0.0801
820.625	0.0801
820.75	0.0801
820.875	0.0809
821.0	0.0801
821.125	0.0817
821.25	0.0817
821.375	0.0817
821.5	0.0817
821.625	0.0817
821.75	0.0825
821.875	0.0817
822.0	0.0841
822.125	0.0833
822.25	0.0833
822.375	0.0849
822.5	0.0833
822.625	0.0841
822.75	0.0841
822.875	0.0849
823.0	0.0841
823.125	0.0849
823.25	0.0841
823.375	0.0841
823.5	0.0841
823.625	0.0849
823.75	0.0849
823.875	0.0849
824.0	0.0849
824.125	0.0849
824.25	0.0849
824.375	0.0849
824.5	0.0849
824.625	0.0841
824.75	0.0849
824.875	0.0849
825.0	0.0849
825.125	0.0849
825.25	0.0849
825.375	0.0864
825.5	0.0849
825.625	0.0849
825.75	0.0849
825.875	0.0849
826.0	0.0849
826.125	0.0856
826.25	0.0864
826.375	0.088
826.5	0.0864
826.625	0.0849
826.75	0.0864
826.875	0.0856
827.0	0.0872
827.125	0.0872
827.25	0.088
827.375	0.0872
827.5	0.0888
827.625	0.0872
827.75	0.088
827.875	0.0896
828.0	0.0896
828.125	0.0896
828.25	0.0896
828.375	0.0888
828.5	0.0896
828.625	0.0911
828.75	0.0888
828.875	0.0896
829.0	0.0896
829.125	0.0896
829.25	0.0896
829.375	0.0904
829.5	0.0919
829.625	0.0896
829.75	0.0911
829.875	0.0927
830.0	0.0911
830.125	0.0927
830.25	0.0919
830.375	0.0935
830.5	0.0927
830.625	0.0911
830.75	0.0927
830.875	0.0935
831.0	0.0943
831.125	0.0943
831.25	0.0935
831.375	0.0935
831.5	0.0935
831.625	0.0943
831.75	0.0943
831.875	0.0943
832.0	0.0943
832.125	0.0943
832.25	0.0943
832.375	0.0951
832.5	0.0951
832.625	0.0951
832.75	0.0943
832.875	0.0966
833.0	0.0959
833.125	0.0959
833.25	0.0951
833.375	0.0974
833.5	0.0959
833.625	0.0966
833.75	0.0966
833.875	0.0966
834.0	0.099
834.125	0.099
834.25	0.099
834.375	0.099
834.5	0.0998
834.625	0.099
834.75	0.0982
834.875	0.099
835.0	0.099
835.125	0.099
835.25	0.0998
835.375	0.0998
835.5	0.099
835.625	0.099
835.75	0.1006
835.875	0.1022
836.0	0.1014
836.125	0.1037
836.25	0.1029
836.375	0.1037
836.5	0.1037
836.625	0.1037
836.75	0.1037
836.875	0.1037
837.0	0.1037
837.125	0.1037
837.25	0.1037
837.375	0.1045
837.5	0.1045
837.625	0.1037
837.75	0.1045
837.875	0.1045
838.0	0.1037
838.125	0.1037
838.25	0.1061
838.375	0.1069
838.5	0.1077
838.625	0.1077
838.75	0.1084
838.875	0.1077
839.0	0.1077
839.125	0.1077
839.25	0.1077
839.375	0.1084
839.5	0.1092
839.625	0.1084
839.75	0.1084
839.875	0.1092
840.0	0.1084
840.125	0.1084
840.25	0.11
840.375	0.1084
840.5	0.11
840.625	0.1108
840.75	0.1116
840.875	0.1124
841.0	0.1124
841.125	0.1132
841.25	0.1132
841.375	0.1132
841.5	0.1132
841.625	0.1132
841.75	0.1132
841.875	0.1132
842.0	0.1139
842.125	0.1155
842.25	0.1132
842.375	0.1132
842.5	0.1139
842.625	0.1155
842.75	0.1171
842.875	0.1163
843.0	0.1163
843.125	0.1179
843.25	0.1179
843.375	0.1171
843.5	0.1179
843.625	0.1187
843.75	0.1179
843.875	0.1187
844.0	0.1202
844.125	0.121
844.25	0.1202
844.375	0.1218
844.5	0.1218
844.625	0.1226
844.75	0.1226
844.875	0.1226
845.0	0.1234
845.125	0.1234
845.25	0.1226
845.375	0.1226
845.5	0.1226
845.625	0.1226
845.75	0.1242
845.875	0.1234
846.0	0.1234
846.125	0.1234
846.25	0.1234
846.375	0.1265
846.5	0.1257
846.625	0.1257
846.75	0.1273
846.875	0.1257
847.0	0.1273
847.125	0.1273
847.25	0.1273
847.375	0.1273
847.5	0.1273
847.625	0.1281
847.75	0.1273
847.875	0.1281
848.0	0.1281
848.125	0.1289
848.25	0.1312
848.375	0.1289
848.5	0.1305
848.625	0.1305
848.75	0.1289
848.875	0.1305
849.0	0.1312
849.125	0.132
849.25	0.132
849.375	0.132
849.5	0.132
849.625	0.1312
849.75	0.132
849.875	0.132
850.0	0.1336
850.125	0.1344
850.25	0.1328
850.375	0.1336
850.5	0.1367
850.625	0.1336
850.75	0.1367
850.875	0.1367
851.0	0.1367
851.125	0.1367
851.25	0.1367
851.375	0.1375
851.5	0.1367
851.625	0.1391
851.75	0.1391
851.875	0.1399
852.0	0.1415
852.125	0.1415
852.25	0.1415
852.375	0.1422
852.5	0.1415
852.625	0.1438
852.75	0.1415
852.875	0.1422
853.0	0.143
853.125	0.1438
853.25	0.143
853.375	0.1454
853.5	0.1446
853.625	0.1454
853.75	0.1462
853.875	0.1477
854.0	0.1462
854.125	0.147
854.25	0.1485
854.375	0.1493
854.5	0.1485
854.625	0.1501
854.75	0.1501
854.875	0.1509
855.0	0.1509
855.125	0.1509
855.25	0.1509
855.375	0.1509
855.5	0.1533
855.625	0.1533
855.75	0.1517
855.875	0.154
856.0	0.1533
856.125	0.1548
856.25	0.1548
856.375	0.1556
856.5	0.1556
856.625	0.1556
856.75	0.1556
856.875	0.1564
857.0	0.1572
857.125	0.1588
857.25	0.1595
857.375	0.1588
857.5	0.1603
857.625	0.1595
857.75	0.1603
857.875	0.1603
858.0	0.1603
858.125	0.1603
858.25	0.1603
858.375	0.1627
858.5	0.1627
858.625	0.165
858.75	0.1635
858.875	0.165
859.0	0.165
859.125	0.165
859.25	0.165
859.375	0.165
859.5	0.1666
859.625	0.1682
859.75	0.1674
859.875	0.169
860.0	0.1698
860.125	0.1698
860.25	0.1698
860.375	0.1705
860.5	0.169
860.625	0.1705
860.75	0.1713
860.875	0.1737
861.0	0.1737
861.125	0.1745
861.25	0.1745
861.375	0.1745
861.5	0.1745
861.625	0.1753
861.75	0.1768
861.875	0.1792
862.0	0.1792
862.125	0.1792
862.25	0.1792
862.375	0.1792
862.5	0.1792
862.625	0.1816
862.75	0.1808
862.875	0.1808
863.0	0.1831
863.125	0.1839
863.25	0.1831
863.375	0.1847
863.5	0.1847
863.625	0.1871
863.75	0.1871
863.875	0.1886
864.0	0.1886
864.125	0.1886
864.25	0.1886
864.375	0.1902
864.5	0.1886
864.625	0.1918
864.75	0.1918
864.875	0.1926
865.0	0.1933
865.125	0.1941
865.25	0.1949
865.375	0.1941
865.5	0.1957
865.625	0.1973
865.75	0.1957
865.875	0.1981
866.0	0.1981
866.125	0.1996
866.25	0.1981
866.375	0.2004
866.5	0.2012
866.625	0.202
866.75	0.2028
866.875	0.2028
867.0	0.2028
867.125	0.2028
867.25	0.2036
867.375	0.2075
867.5	0.2059
867.625	0.2075
867.75	0.2075
867.875	0.2083
868.0	0.2075
868.125	0.2091
868.25	0.2099
868.375	0.2106
868.5	0.2122
868.625	0.2114
868.75	0.2122
868.875	0.2122
869.0	0.2154
869.125	0.2161
869.25	0.2161
869.375	0.2169
869.5	0.2169
869.625	0.2169
869.75	0.2177
869.875	0.2185
870.0	0.2185
870.125	0.2201
870.25	0.2209
870.375	0.2216
870.5	0.2216
870.625	0.2232
870.75	0.2224
870.875	0.2264
871.0	0.2264
871.125	0.2264
871.25	0.2264
871.375	0.2264
871.5	0.2264
871.625	0.2279
871.75	0.2279
871.875	0.2279
872.0	0.2295
872.125	0.2311
872.25	0.2311
872.375	0.2327
872.5	0.2319
872.625	0.2327
872.75	0.2334
872.875	0.235
873.0	0.2358
873.125	0.235
873.25	0.2358
873.375	0.2358
873.5	0.2358
873.625	0.2382
873.75	0.2374
873.875	0.2382
874.0	0.2405
874.125	0.2405
874.25	0.2405
874.375	0.2405
874.5	0.2405
874.625	0.2405
874.75	0.2444
874.875	0.2452
875.0	0.2452
875.125	0.246
875.25	0.2468
875.375	0.2452
875.5	0.246
875.625	0.2484
875.75	0.2492
875.875	0.25
876.0	0.25
876.125	0.25
876.25	0.2515
876.375	0.2515
876.5	0.2523
876.625	0.2547
876.75	0.2547
876.875	0.2539
877.0	0.2547
877.125	0.2562
877.25	0.2562
877.375	0.257
877.5	0.2594
877.625	0.2578
877.75	0.2594
877.875	0.2594
878.0	0.2594
878.125	0.2617
878.25	0.2617
878.375	0.261
878.5	0.2641
878.625	0.2641
878.75	0.2641
878.875	0.2641
879.0	0.2641
879.125	0.2649
879.25	0.2657
879.375	0.2641
879.5	0.2657
879.625	0.2688
879.75	0.2688
879.875	0.2672
880.0	0.268
880.125	0.2688
880.25	0.2688
880.375	0.2688
880.5	0.2696
880.625	0.2688
880.75	0.2688
880.875	0.2712
881.0	0.2704
881.125	0.2712
881.25	0.2735
881.375	0.2727
881.5	0.2727
881.625	0.2727
881.75	0.2735
881.875	0.2735
882.0	0.2735
882.125	0.2735
882.25	0.2735
882.375	0.2735
882.5	0.2743
882.625	0.2743
882.75	0.2735
882.875	0.2767
883.0	0.2735
883.125	0.2743
883.25	0.2735
883.375	0.2743
883.5	0.2751
883.625	0.2735
883.75	0.2759
883.875	0.2735
884.0	0.2751
884.125	0.2743
884.25	0.2743
884.375	0.2743
884.5	0.2735
884.625	0.2735
884.75	0.2759
884.875	0.2751
885.0	0.2751
885.125	0.2743
885.25	0.2743
885.375	0.2735
885.5	0.2735
885.625	0.2735
885.75	0.2735
885.875	0.2727
886.0	0.2735
886.125	0.2743
886.25	0.2735
886.375	0.2735
886.5	0.2735
886.625	0.2735
886.75	0.2735
886.875	0.2727
887.0	0.272
887.125	0.2704
887.25	0.2712
887.375	0.2688
887.5	0.2704
887.625	0.2688
887.75	0.2688
887.875	0.2688
888.0	0.2672
888.125	0.2688
888.25	0.2665
888.375	0.2649
888.5	0.2641
888.625	0.2641
888.75	0.2641
888.875	0.2641
889.0	0.2641
889.125	0.2641
889.25	0.2633
889.375	0.2641
889.5	0.2617
889.625	0.261
889.75	0.2594
889.875	0.2594
890.0	0.2578
890.125	0.2562
890.25	0.2594
890.375	0.2578
890.5	0.257
890.625	0.2547
890.75	0.2547
890.875	0.2547
891.0	0.2547
891.125	0.2539
891.25	0.2523
891.375	0.2507
891.5	0.25
891.625	0.2507
891.75	0.25
891.875	0.2492
892.0	0.2484
892.125	0.2452
892.25	0.246
892.375	0.2452
892.5	0.2444
892.625	0.2452
892.75	0.2429
892.875	0.2429
893.0	0.2421
893.125	0.2405
893.25	0.2405
893.375	0.2405
893.5	0.2405
893.625	0.2389
893.75	0.2382
893.875	0.2374
894.0	0.2358
894.125	0.2358
894.25	0.2358
894.375	0.2358
894.5	0.2334
894.625	0.2319
894.75	0.2311
894.875	0.2311
895.0	0.2311
895.125	0.2311
895.25	0.2279
895.375	0.2264
895.5	0.2264
895.625	0.2264
895.75	0.2264
895.875	0.2248
896.0	0.224
896.125	0.2248
896.25	0.2216
896.375	0.2216
896.5	0.2216
896.625	0.2216
896.75	0.2216
896.875	0.2201
897.0	0.2177
897.125	0.2185
897.25	0.2169
897.375	0.2169
897.5	0.2177
897.625	0.2169
897.75	0.2169
897.875	0.2169
898.0	0.2138
898.125	0.2138
898.25	0.2122
898.375	0.213
898.5	0.2122
898.625	0.2122
898.75	0.2114
898.875	0.2122
899.0	0.2114
899.125	0.2114
899.25	0.2091
899.375	0.2075
899.5	0.2083
899.625	0.2075
899.75	0.2067
899.875	0.2051
