300.0	1.5683
300.125	1.5628
300.25	1.5573
300.375	1.5511
300.5	1.5424
300.625	1.5353
300.75	1.5251
300.875	1.5165
301.0	1.507
301.125	1.4992
301.25	1.4905
301.375	1.4811
301.5	1.4716
301.625	1.4622
301.75	1.4536
301.875	1.4449
302.0	1.4363
302.125	1.4284
302.25	1.4198
302.375	1.4111
302.5	1.404
302.625	1.393
302.75	1.3852
302.875	1.3773
303.0	1.3687
303.125	1.36
303.25	1.3529
303.375	1.3443
303.5	1.3356
303.625	1.3286
303.75	1.3207
303.875	1.3121
304.0	1.3058
304.125	1.2971
304.25	1.2885
304.375	1.2814
304.5	1.2743
304.625	1.2657
304.75	1.257
304.875	1.2523
305.0	1.2437
305.125	1.2366
305.25	1.2272
305.375	1.2209
305.5	1.2138
305.625	1.2059
305.75	1.1981
305.875	1.1918
306.0	1.1839
306.125	1.1784
306.25	1.1698
306.375	1.1627
306.5	1.1556
306.625	1.1485
306.75	1.1422
306.875	1.136
307.0	1.1297
307.125	1.1226
307.25	1.1163
307.375	1.1084
307.5	1.1037
307.625	1.0966
307.75	1.0896
307.875	1.0825
308.0	1.0746
308.125	1.0699
308.25	1.0621
308.375	1.0566
308.5	1.0495
308.625	1.0455
308.75	1.0385
308.875	1.033
309.0	1.0283
309.125	1.0235
309.25	1.018
309.375	1.0141
309.5	1.0047
309.625	1.0031
309.75	0.9976
309.875	0.9913
310.0	0.9858
310.125	0.9811
310.25	0.9764
310.375	0.9764
310.5	0.9716
310.625	0.9669
310.75	0.9638
310.875	0.9583
311.0	0.9544
311.125	0.9488
311.25	0.9441
311.375	0.9433
311.5	0.9386
311.625	0.9339
311.75	0.9292
311.875	0.9261
312.0	0.9245
312.125	0.9198
312.25	0.9158
312.375	0.9119
312.5	0.9103
312.625	0.9056
312.75	0.9048
312.875	0.9009
313.0	0.8985
313.125	0.8962
313.25	0.8915
313.375	0.8915
313.5	0.8867
313.625	0.8852
313.75	0.882
313.875	0.8805
314.0	0.8773
314.125	0.8773
314.25	0.875
314.375	0.8734
314.5	0.8702
314.625	0.8679
314.75	0.8679
314.875	0.8647
315.0	0.8632
315.125	0.8632
315.25	0.86
315.375	0.8584
315.5	0.8584
315.625	0.8584
315.75	0.8577
315.875	0.8537
316.0	0.8537
316.125	0.8537
316.25	0.8537
316.375	0.8529
316.5	0.8514
316.625	0.849
316.75	0.849
316.875	0.849
317.0	0.849
317.125	0.8482
317.25	0.849
317.375	0.849
317.5	0.8474
317.625	0.8482
317.75	0.8482
317.875	0.8459
318.0	0.8459
318.125	0.8474
318.25	0.8443
318.375	0.8474
318.5	0.8482
318.625	0.8443
318.75	0.8443
318.875	0.8451
319.0	0.8466
319.125	0.8443
319.25	0.8443
319.375	0.8443
319.5	0.8443
319.625	0.8443
319.75	0.8451
319.875	0.8443
320.0	0.8443
320.125	0.8459
320.25	0.8443
320.375	0.8459
320.5	0.8482
320.625	0.849
320.75	0.849
320.875	0.849
321.0	0.849
321.125	0.849
321.25	0.8498
321.375	0.8522
321.5	0.8537
321.625	0.8537
321.75	0.8577
321.875	0.8561
322.0	0.8584
322.125	0.8584
322.25	0.8584
322.375	0.8584
322.5	0.86
322.625	0.8616
322.75	0.8632
322.875	0.8632
323.0	0.8632
323.125	0.8655
323.25	0.8671
323.375	0.8671
323.5	0.8671
323.625	0.8687
323.75	0.8679
323.875	0.8694
324.0	0.8718
324.125	0.8726
324.25	0.8726
324.375	0.8765
324.5	0.8765
324.625	0.8773
324.75	0.8773
324.875	0.8789
325.0	0.8805
325.125	0.882
325.25	0.882
325.375	0.8852
325.5	0.886
325.625	0.8867
325.75	0.8867
325.875	0.8899
326.0	0.8915
326.125	0.8915
326.25	0.8922
326.375	0.8962
326.5	0.8962
326.625	0.8962
326.75	0.8962
326.875	0.9001
327.0	0.9009
327.125	0.9033
327.25	0.9048
327.375	0.9056
327.5	0.9056
327.625	0.9103
327.75	0.9103
327.875	0.9103
328.0	0.915
328.125	0.915
328.25	0.9158
328.375	0.9198
328.5	0.9198
328.625	0.9198
328.75	0.9245
328.875	0.9245
329.0	0.9253
329.125	0.9268
329.25	0.9292
329.375	0.9316
329.5	0.9331
329.625	0.9339
329.75	0.9371
329.875	0.9378
330.0	0.9386
330.125	0.9402
330.25	0.941
330.375	0.941
330.5	0.9433
330.625	0.9433
330.75	0.9473
330.875	0.9481
331.0	0.9488
331.125	0.9528
331.25	0.9528
331.375	0.9559
331.5	0.9559
331.625	0.9575
331.75	0.9606
331.875	0.9614
332.0	0.9622
332.125	0.9646
332.25	0.9669
332.375	0.9677
332.5	0.9716
332.625	0.9716
332.75	0.9764
332.875	0.9795
333.0	0.9811
333.125	0.9811
333.25	0.9834
333.375	0.985
333.5	0.9858
333.625	0.9889
333.75	0.9905
333.875	0.9913
334.0	0.9952
334.125	0.9952
334.25	0.996
334.375	0.996
334.5	1.0
334.625	1.0023
334.75	1.0047
334.875	1.0047
335.0	1.0086
335.125	1.0094
335.25	1.011
335.375	1.0133
335.5	1.0141
335.625	1.0141
335.75	1.0172
335.875	1.0188
336.0	1.0196
336.125	1.0235
336.25	1.0235
336.375	1.0251
336.5	1.0283
336.625	1.0283
336.75	1.0298
336.875	1.033
337.0	1.033
337.125	1.0345
337.25	1.0377
337.375	1.0377
337.5	1.0408
337.625	1.0424
337.75	1.0424
337.875	1.0448
338.0	1.0463
338.125	1.0471
338.25	1.0487
338.375	1.0503
338.5	1.0518
338.625	1.0534
338.75	1.055
338.875	1.0566
339.0	1.0566
339.125	1.0589
339.25	1.0613
339.375	1.0621
339.5	1.0644
339.625	1.066
339.75	1.066
339.875	1.0676
340.0	1.0707
340.125	1.0707
340.25	1.0707
340.375	1.0754
340.5	1.0754
340.625	1.0754
340.75	1.0762
340.875	1.0762
341.0	1.0762
341.125	1.0762
341.25	1.0794
341.375	1.0801
341.5	1.0801
341.625	1.0841
341.75	1.0849
341.875	1.0849
342.0	1.0872
342.125	1.0896
342.25	1.0896
342.375	1.0896
342.5	1.0919
342.625	1.0935
342.75	1.0943
342.875	1.0943
343.0	1.0951
343.125	1.099
343.25	1.099
343.375	1.1029
343.5	1.1037
343.625	1.1045
343.75	1.1077
343.875	1.1084
344.0	1.1084
344.125	1.1077
344.25	1.1092
344.375	1.1124
344.5	1.1132
344.625	1.1132
344.75	1.1139
344.875	1.1179
345.0	1.1171
345.125	1.1179
345.25	1.1179
345.375	1.1179
345.5	1.1187
345.625	1.1226
345.75	1.1226
345.875	1.1226
346.0	1.1226
346.125	1.1242
346.25	1.1257
346.375	1.1273
346.5	1.1273
346.625	1.1273
346.75	1.1273
346.875	1.1289
347.0	1.1297
347.125	1.132
347.25	1.132
347.375	1.132
347.5	1.1328
347.625	1.1328
347.75	1.1352
347.875	1.136
348.0	1.1352
348.125	1.1367
348.25	1.1383
348.375	1.1367
348.5	1.1407
348.625	1.1415
348.75	1.1415
348.875	1.1422
349.0	1.1415
349.125	1.1415
349.25	1.1422
349.375	1.1438
349.5	1.143
349.625	1.143
349.75	1.1462
349.875	1.1462
350.0	1.1462
350.125	1.1462
350.25	1.1477
350.375	1.1485
350.5	1.1501
350.625	1.1493
350.75	1.1501
350.875	1.1509
351.0	1.1493
351.125	1.1509
351.25	1.1509
351.375	1.1509
351.5	1.1509
351.625	1.1517
351.75	1.1556
351.875	1.1548
352.0	1.1533
352.125	1.1509
352.25	1.1509
352.375	1.1509
352.5	1.1509
352.625	1.1517
352.75	1.1525
352.875	1.1525
353.0	1.1533
353.125	1.1525
353.25	1.1548
353.375	1.1556
353.5	1.1556
353.625	1.1556
353.75	1.1548
353.875	1.1548
354.0	1.1556
354.125	1.1556
354.25	1.1556
354.375	1.1556
354.5	1.1564
354.625	1.1603
354.75	1.1603
354.875	1.1603
355.0	1.1603
355.125	1.1603
355.25	1.1603
355.375	1.1603
355.5	1.1603
355.625	1.1603
355.75	1.1603
355.875	1.1603
356.0	1.1603
356.125	1.1603
356.25	1.1603
356.375	1.1603
356.5	1.1603
356.625	1.1603
356.75	1.1603
356.875	1.1603
357.0	1.1603
357.125	1.1619
357.25	1.1603
357.375	1.1603
357.5	1.1603
357.625	1.1619
357.75	1.1603
357.875	1.1603
358.0	1.1603
358.125	1.1603
358.25	1.1603
358.375	1.1603
358.5	1.1603
358.625	1.1603
358.75	1.1603
358.875	1.1603
359.0	1.1603
359.125	1.1603
359.25	1.1603
359.375	1.1595
359.5	1.1603
359.625	1.1603
359.75	1.1603
359.875	1.1595
360.0	1.1595
360.125	1.1603
360.25	1.158
360.375	1.1588
360.5	1.1595
360.625	1.1572
360.75	1.158
360.875	1.1564
361.0	1.1564
361.125	1.1556
361.25	1.1572
361.375	1.1556
361.5	1.1556
361.625	1.1556
361.75	1.1556
361.875	1.1556
362.0	1.154
362.125	1.1548
362.25	1.1556
362.375	1.1548
362.5	1.1548
362.625	1.1548
362.75	1.1525
362.875	1.1525
363.0	1.1525
363.125	1.1509
363.25	1.1493
363.375	1.147
363.5	1.1462
363.625	1.147
363.75	1.1462
363.875	1.147
364.0	1.1462
364.125	1.1462
364.25	1.1462
364.375	1.1462
364.5	1.1454
364.625	1.1422
364.75	1.143
364.875	1.1422
365.0	1.1415
365.125	1.1438
365.25	1.1415
365.375	1.1415
365.5	1.1415
365.625	1.1415
365.75	1.1415
365.875	1.1422
366.0	1.1438
366.125	1.1415
366.25	1.1422
366.375	1.1415
366.5	1.1415
366.625	1.1415
366.75	1.1407
366.875	1.1375
367.0	1.1383
367.125	1.1391
367.25	1.1383
367.375	1.1367
367.5	1.1367
367.625	1.1367
367.75	1.132
367.875	1.1336
368.0	1.1344
368.125	1.132
368.25	1.132
368.375	1.132
368.5	1.132
368.625	1.132
368.75	1.1305
368.875	1.1305
369.0	1.1297
369.125	1.1273
369.25	1.1273
369.375	1.1273
369.5	1.1273
369.625	1.1265
369.75	1.1257
369.875	1.1226
370.0	1.1234
370.125	1.1226
370.25	1.1226
370.375	1.1202
370.5	1.1187
370.625	1.1194
370.75	1.1179
370.875	1.1179
371.0	1.1179
371.125	1.1171
371.25	1.1163
371.375	1.1155
371.5	1.1147
371.625	1.1132
371.75	1.1132
371.875	1.1132
372.0	1.1124
372.125	1.1116
372.25	1.11
372.375	1.1084
372.5	1.1084
372.625	1.1084
372.75	1.1077
372.875	1.1045
373.0	1.1069
373.125	1.1045
373.25	1.1037
373.375	1.1037
373.5	1.1037
373.625	1.1037
373.75	1.1022
373.875	1.1022
374.0	1.099
374.125	1.099
374.25	1.099
374.375	1.0959
374.5	1.0927
374.625	1.0904
374.75	1.0904
374.875	1.0896
375.0	1.0896
375.125	1.0896
375.25	1.0896
375.375	1.0888
375.5	1.0849
375.625	1.0849
375.75	1.0864
375.875	1.0849
376.0	1.0849
376.125	1.0849
376.25	1.0841
376.375	1.0801
376.5	1.0801
376.625	1.0801
376.75	1.0801
376.875	1.0809
377.0	1.0817
377.125	1.0801
377.25	1.0801
377.375	1.0794
377.5	1.0778
377.625	1.0754
377.75	1.0762
377.875	1.0754
378.0	1.0746
378.125	1.0731
378.25	1.0723
378.375	1.0707
378.5	1.0707
378.625	1.0699
378.75	1.0676
378.875	1.0668
379.0	1.0683
379.125	1.0668
379.25	1.066
379.375	1.066
379.5	1.066
379.625	1.0628
379.75	1.0628
379.875	1.0613
380.0	1.0613
380.125	1.0605
380.25	1.0597
380.375	1.0573
380.5	1.0566
380.625	1.0566
380.75	1.0566
380.875	1.0566
381.0	1.055
381.125	1.0542
381.25	1.0518
381.375	1.0518
381.5	1.0518
381.625	1.0518
381.75	1.0495
381.875	1.0471
382.0	1.0471
382.125	1.0479
382.25	1.0471
382.375	1.0471
382.5	1.0448
382.625	1.0448
382.75	1.0424
382.875	1.0432
383.0	1.0424
383.125	1.0416
383.25	1.0377
383.375	1.0377
383.5	1.0377
383.625	1.0377
383.75	1.0377
383.875	1.0369
384.0	1.0345
384.125	1.033
384.25	1.033
384.375	1.033
384.5	1.0314
384.625	1.0298
384.75	1.0283
384.875	1.0283
385.0	1.0283
385.125	1.0283
385.25	1.0267
385.375	1.0235
385.5	1.0227
385.625	1.0188
385.75	1.0188
385.875	1.0188
386.0	1.0188
386.125	1.018
386.25	1.0172
386.375	1.0149
386.5	1.0141
386.625	1.0141
386.75	1.0133
386.875	1.0125
387.0	1.0094
387.125	1.0094
387.25	1.0094
387.375	1.0094
387.5	1.007
387.625	1.0055
387.75	1.0055
387.875	1.0047
388.0	1.0062
388.125	1.0047
388.25	1.0047
388.375	1.0055
388.5	1.0023
388.625	1.0015
388.75	1.0
388.875	1.0
389.0	1.0
389.125	1.0
389.25	0.9968
389.375	0.9968
389.5	0.9952
389.625	0.9937
389.75	0.9944
389.875	0.9929
390.0	0.9905
390.125	0.9905
390.25	0.9905
390.375	0.9905
390.5	0.9858
390.625	0.9858
390.75	0.9858
390.875	0.9858
391.0	0.9858
391.125	0.985
391.25	0.9819
391.375	0.9811
391.5	0.9811
391.625	0.9811
391.75	0.9811
391.875	0.9764
392.0	0.9764
392.125	0.9764
392.25	0.9764
392.375	0.9764
392.5	0.9716
392.625	0.9716
392.75	0.9716
392.875	0.9716
393.0	0.9709
393.125	0.9693
393.25	0.9669
393.375	0.9669
393.5	0.9669
393.625	0.9661
393.75	0.9638
393.875	0.9622
394.0	0.9622
394.125	0.9622
394.25	0.9606
394.375	0.9599
394.5	0.9583
394.625	0.9575
394.75	0.9575
394.875	0.9575
395.0	0.9528
395.125	0.9551
395.25	0.9536
395.375	0.9528
395.5	0.9528
395.625	0.9504
395.75	0.9481
395.875	0.9481
396.0	0.9481
396.125	0.9481
396.25	0.9481
396.375	0.9441
396.5	0.9433
396.625	0.9402
396.75	0.9386
396.875	0.9378
397.0	0.9378
397.125	0.9363
397.25	0.9355
397.375	0.9339
397.5	0.9339
397.625	0.9339
397.75	0.9323
397.875	0.93
398.0	0.9308
398.125	0.93
398.25	0.9284
398.375	0.9276
398.5	0.9245
398.625	0.9245
398.75	0.9245
398.875	0.9245
399.0	0.9237
399.125	0.9261
399.25	0.9245
399.375	0.9245
399.5	0.9229
399.625	0.9198
399.75	0.9198
399.875	0.9198
400.0	0.9166
400.125	0.9174
400.25	0.9166
400.375	0.915
400.5	0.915
400.625	0.915
400.75	0.9135
400.875	0.9111
401.0	0.9103
401.125	0.9103
401.25	0.9103
401.375	0.908
401.5	0.9056
401.625	0.9056
401.75	0.9056
401.875	0.9056
402.0	0.9056
402.125	0.9033
402.25	0.9048
402.375	0.9009
402.5	0.9009
402.625	0.8993
402.75	0.8993
402.875	0.8962
403.0	0.8962
403.125	0.8962
403.25	0.8946
403.375	0.8938
403.5	0.8915
403.625	0.8915
403.75	0.8915
403.875	0.8907
404.0	0.8899
404.125	0.8891
404.25	0.8875
404.375	0.8867
404.5	0.8867
404.625	0.886
404.75	0.8852
404.875	0.8852
405.0	0.8828
405.125	0.8828
405.25	0.882
405.375	0.8805
405.5	0.8797
405.625	0.8773
405.75	0.8797
405.875	0.8773
406.0	0.8765
406.125	0.8773
406.25	0.8726
406.375	0.8726
406.5	0.8726
406.625	0.8718
406.75	0.8702
406.875	0.8694
407.0	0.8679
407.125	0.8687
407.25	0.8671
407.375	0.8639
407.5	0.8624
407.625	0.8632
407.75	0.8608
407.875	0.8632
408.0	0.8608
408.125	0.8584
408.25	0.8584
408.375	0.8584
408.5	0.8584
408.625	0.8577
408.75	0.8545
408.875	0.8537
409.0	0.8537
409.125	0.8529
409.25	0.8529
409.375	0.8506
409.5	0.849
409.625	0.8498
409.75	0.849
409.875	0.8498
410.0	0.849
410.125	0.849
410.25	0.849
410.375	0.849
410.5	0.8466
410.625	0.8443
410.75	0.8443
410.875	0.8443
411.0	0.8443
411.125	0.8435
411.25	0.8435
411.375	0.8396
411.5	0.8396
411.625	0.8396
411.75	0.8396
411.875	0.8396
412.0	0.8372
412.125	0.8356
412.25	0.8341
412.375	0.8349
412.5	0.8333
412.625	0.8333
412.75	0.8301
412.875	0.8301
413.0	0.8301
413.125	0.8301
413.25	0.8301
413.375	0.8278
413.5	0.827
413.625	0.8254
413.75	0.8254
413.875	0.8254
414.0	0.8231
414.125	0.8223
414.25	0.8215
414.375	0.8207
414.5	0.8207
414.625	0.8183
414.75	0.8199
414.875	0.8183
415.0	0.816
415.125	0.816
415.25	0.816
415.375	0.816
415.5	0.8144
415.625	0.8144
415.75	0.8121
415.875	0.8113
416.0	0.8113
416.125	0.8105
416.25	0.8081
416.375	0.8066
416.5	0.8066
416.625	0.8066
416.75	0.8066
416.875	0.8058
417.0	0.8034
417.125	0.8026
417.25	0.8018
417.375	0.8026
417.5	0.8018
417.625	0.7995
417.75	0.7995
417.875	0.7979
418.0	0.7971
418.125	0.7971
418.25	0.7963
418.375	0.7963
418.5	0.794
418.625	0.7916
418.75	0.7893
418.875	0.7877
419.0	0.7885
419.125	0.7877
419.25	0.7877
419.375	0.7877
419.5	0.7853
419.625	0.7845
419.75	0.783
419.875	0.7838
420.0	0.783
420.125	0.783
420.25	0.7814
420.375	0.779
420.5	0.779
420.625	0.7783
420.75	0.7783
420.875	0.7783
421.0	0.7783
421.125	0.7783
421.25	0.7783
421.375	0.7759
421.5	0.7775
421.625	0.7743
421.75	0.7735
421.875	0.7735
422.0	0.7735
422.125	0.7735
422.25	0.7704
422.375	0.7688
422.5	0.7688
422.625	0.7688
422.75	0.7688
422.875	0.7672
423.0	0.7649
423.125	0.7641
423.25	0.7641
423.375	0.7641
423.5	0.7633
423.625	0.761
423.75	0.761
423.875	0.7594
424.0	0.7594
424.125	0.7594
424.25	0.7594
424.375	0.757
424.5	0.757
424.625	0.7562
424.75	0.7547
424.875	0.7547
425.0	0.7547
425.125	0.7547
425.25	0.7531
425.375	0.7507
425.5	0.7507
425.625	0.75
425.75	0.75
425.875	0.75
426.0	0.746
426.125	0.7468
426.25	0.7452
426.375	0.7452
426.5	0.7452
426.625	0.7452
426.75	0.7437
426.875	0.7444
427.0	0.7413
427.125	0.7405
427.25	0.7405
427.375	0.7405
427.5	0.7382
427.625	0.7382
427.75	0.7366
427.875	0.7358
428.0	0.7358
428.125	0.735
428.25	0.735
428.375	0.7342
428.5	0.7358
428.625	0.7311
428.75	0.7311
428.875	0.7311
429.0	0.7279
429.125	0.7272
429.25	0.7264
429.375	0.7248
429.5	0.7232
429.625	0.7232
429.75	0.7216
429.875	0.7216
430.0	0.7216
430.125	0.7209
430.25	0.7185
430.375	0.7193
430.5	0.7177
430.625	0.7169
430.75	0.7169
430.875	0.7169
431.0	0.7161
431.125	0.7138
431.25	0.7122
431.375	0.7122
431.5	0.7122
431.625	0.7122
431.75	0.7122
431.875	0.7122
432.0	0.7114
432.125	0.7099
432.25	0.7099
432.375	0.7075
432.5	0.7075
432.625	0.7075
432.75	0.7075
432.875	0.7051
433.0	0.7051
433.125	0.7028
433.25	0.7028
433.375	0.7028
433.5	0.7028
433.625	0.7028
433.75	0.6981
433.875	0.6988
434.0	0.6981
434.125	0.6988
434.25	0.6973
434.375	0.6973
434.5	0.6957
434.625	0.6933
434.75	0.6949
434.875	0.6933
435.0	0.6933
435.125	0.6933
435.25	0.6918
435.375	0.6902
435.5	0.6894
435.625	0.6886
435.75	0.6886
435.875	0.6871
436.0	0.6878
436.125	0.6855
436.25	0.6847
436.375	0.6847
436.5	0.6839
436.625	0.6816
436.75	0.6792
436.875	0.68
437.0	0.6792
437.125	0.6792
437.25	0.6792
437.375	0.6792
437.5	0.6792
437.625	0.6761
437.75	0.6753
437.875	0.6745
438.0	0.6745
438.125	0.6737
438.25	0.6721
438.375	0.6698
438.5	0.6698
438.625	0.6698
438.75	0.6698
438.875	0.6698
439.0	0.6674
439.125	0.665
439.25	0.665
439.375	0.6627
439.5	0.665
439.625	0.6627
439.75	0.6635
439.875	0.6603
440.0	0.6611
440.125	0.6603
440.25	0.6588
440.375	0.6556
440.5	0.6556
440.625	0.6556
440.75	0.6533
440.875	0.6517
441.0	0.6509
441.125	0.6509
441.25	0.6509
441.375	0.6493
441.5	0.6477
441.625	0.6462
441.75	0.6462
441.875	0.6462
442.0	0.6446
442.125	0.643
442.25	0.6415
442.375	0.6415
442.5	0.6415
442.625	0.6415
442.75	0.6407
442.875	0.6415
443.0	0.6415
443.125	0.6407
443.25	0.6383
443.375	0.6391
443.5	0.6367
443.625	0.636
443.75	0.6352
443.875	0.632
444.0	0.6328
444.125	0.632
444.25	0.632
444.375	0.632
444.5	0.6273
444.625	0.6281
444.75	0.6273
444.875	0.6273
445.0	0.6257
445.125	0.6242
445.25	0.6226
445.375	0.6226
445.5	0.6226
445.625	0.621
445.75	0.6218
445.875	0.6187
446.0	0.6179
446.125	0.6179
446.25	0.6171
446.375	0.6171
446.5	0.6139
446.625	0.6147
446.75	0.6132
446.875	0.6132
447.0	0.6124
447.125	0.6124
447.25	0.61
447.375	0.6084
447.5	0.6084
447.625	0.6084
447.75	0.6053
447.875	0.6045
448.0	0.6037
448.125	0.6037
448.25	0.6037
448.375	0.6029
448.5	0.599
448.625	0.599
448.75	0.599
448.875	0.5982
449.0	0.599
449.125	0.5951
449.25	0.5943
449.375	0.5943
449.5	0.5943
449.625	0.5919
449.75	0.5896
449.875	0.5896
450.0	0.5896
450.125	0.5896
450.25	0.5896
450.375	0.5856
450.5	0.5849
450.625	0.5849
450.75	0.5849
450.875	0.5833
451.0	0.5833
451.125	0.5801
451.25	0.5801
451.375	0.5786
451.5	0.577
451.625	0.5754
451.75	0.5754
451.875	0.5738
452.0	0.5731
452.125	0.5707
452.25	0.5707
452.375	0.5707
452.5	0.5691
452.625	0.5683
452.75	0.566
452.875	0.566
453.0	0.5652
453.125	0.5613
453.25	0.5613
453.375	0.5621
453.5	0.5613
453.625	0.5613
453.75	0.5589
453.875	0.5566
454.0	0.5566
454.125	0.5581
454.25	0.5581
454.375	0.5566
454.5	0.555
454.625	0.5534
454.75	0.5526
454.875	0.5518
455.0	0.5511
455.125	0.5518
455.25	0.5495
455.375	0.5487
455.5	0.5479
455.625	0.5463
455.75	0.5471
455.875	0.5455
456.0	0.5424
456.125	0.5424
456.25	0.5416
456.375	0.5424
456.5	0.54
456.625	0.5377
456.75	0.5377
456.875	0.5377
457.0	0.5369
457.125	0.5353
457.25	0.533
457.375	0.5322
457.5	0.533
457.625	0.5314
457.75	0.529
457.875	0.5283
458.0	0.5283
458.125	0.5283
458.25	0.5259
458.375	0.5251
458.5	0.5235
458.625	0.5235
458.75	0.5235
458.875	0.5204
459.0	0.5204
459.125	0.5196
459.25	0.5188
459.375	0.5188
459.5	0.518
459.625	0.5149
459.75	0.5141
459.875	0.5141
460.0	0.5141
460.125	0.5094
460.25	0.5094
460.375	0.5094
460.5	0.5086
460.625	0.5078
460.75	0.5078
460.875	0.5062
461.0	0.5047
461.125	0.5047
461.25	0.5039
461.375	0.5015
461.5	0.5007
461.625	0.5
461.75	0.5
461.875	0.4992
462.0	0.4968
462.125	0.4952
462.25	0.4952
462.375	0.4952
462.5	0.4921
462.625	0.4913
462.75	0.4913
462.875	0.4897
463.0	0.4858
463.125	0.4858
463.25	0.485
463.375	0.4834
463.5	0.4827
463.625	0.4811
463.75	0.4811
463.875	0.4795
464.0	0.4787
464.125	0.4772
464.25	0.4756
464.375	0.4764
464.5	0.4764
464.625	0.474
464.75	0.4716
464.875	0.4716
465.0	0.4716
465.125	0.4701
465.25	0.4677
465.375	0.4669
465.5	0.4669
465.625	0.4669
465.75	0.4669
465.875	0.4654
466.0	0.4622
466.125	0.4622
466.25	0.4614
466.375	0.4622
466.5	0.4583
466.625	0.4575
466.75	0.4575
466.875	0.4551
467.0	0.4544
467.125	0.4528
467.25	0.4528
467.375	0.4528
467.5	0.4528
467.625	0.4504
467.75	0.4504
467.875	0.4481
468.0	0.4473
468.125	0.4473
468.25	0.4449
468.375	0.4449
468.5	0.4433
468.625	0.4433
468.75	0.4433
468.875	0.4386
469.0	0.4386
469.125	0.4386
469.25	0.4386
469.375	0.4347
469.5	0.4339
469.625	0.4331
469.75	0.4339
469.875	0.4323
470.0	0.4316
470.125	0.43
470.25	0.4292
470.375	0.4292
470.5	0.4245
470.625	0.4253
470.75	0.4245
470.875	0.4237
471.0	0.4237
471.125	0.4221
471.25	0.4198
471.375	0.4198
471.5	0.419
471.625	0.4166
471.75	0.4158
471.875	0.415
472.0	0.415
472.125	0.4127
472.25	0.4119
472.375	0.4103
472.5	0.4103
472.625	0.4088
472.75	0.4088
472.875	0.4056
473.0	0.4056
473.125	0.4056
473.25	0.4056
473.375	0.4033
473.5	0.4017
473.625	0.4009
473.75	0.4001
473.875	0.397
474.0	0.3962
474.125	0.3962
474.25	0.3946
474.375	0.3938
474.5	0.393
474.625	0.3915
474.75	0.3915
474.875	0.3915
475.0	0.3875
475.125	0.3883
475.25	0.3867
475.375	0.3867
475.5	0.386
475.625	0.3852
475.75	0.3828
475.875	0.3812
476.0	0.3812
476.125	0.3805
476.25	0.382
476.375	0.3781
476.5	0.3773
476.625	0.3773
476.75	0.3757
476.875	0.3765
477.0	0.3742
477.125	0.3726
477.25	0.3726
477.375	0.371
477.5	0.3694
477.625	0.3702
477.75	0.3679
477.875	0.3687
478.0	0.3671
478.125	0.3663
478.25	0.3647
478.375	0.3632
478.5	0.3632
478.625	0.3608
478.75	0.3608
478.875	0.3592
479.0	0.3584
479.125	0.3584
479.25	0.3584
479.375	0.3537
479.5	0.3545
479.625	0.3537
479.75	0.3537
479.875	0.3529
480.0	0.3506
480.125	0.3498
480.25	0.349
480.375	0.3482
480.5	0.349
480.625	0.3459
480.75	0.3451
480.875	0.3443
481.0	0.3443
481.125	0.3435
481.25	0.3411
481.375	0.3404
481.5	0.3404
481.625	0.3388
481.75	0.338
481.875	0.3356
482.0	0.3356
482.125	0.3349
482.25	0.3341
482.375	0.3325
482.5	0.3309
482.625	0.3309
482.75	0.3301
482.875	0.3301
483.0	0.3301
483.125	0.3286
483.25	0.3254
483.375	0.3254
483.5	0.3254
483.625	0.3254
483.75	0.3207
483.875	0.3223
484.0	0.3207
484.125	0.3207
484.25	0.3191
484.375	0.3199
484.5	0.3183
484.625	0.316
484.75	0.316
484.875	0.3144
485.0	0.3128
485.125	0.3121
485.25	0.3121
485.375	0.3113
485.5	0.3105
485.625	0.3073
485.75	0.3073
485.875	0.3066
486.0	0.3066
486.125	0.305
486.25	0.3042
486.375	0.3034
486.5	0.3018
486.625	0.3018
486.75	0.3018
486.875	0.2987
487.0	0.2995
487.125	0.2979
487.25	0.2971
487.375	0.2971
487.5	0.2971
487.625	0.2955
487.75	0.2948
487.875	0.294
488.0	0.2924
488.125	0.2924
488.25	0.2916
488.375	0.2893
488.5	0.2893
488.625	0.2877
488.75	0.2877
488.875	0.2877
489.0	0.2845
489.125	0.283
489.25	0.283
489.375	0.283
489.5	0.283
489.625	0.2822
489.75	0.2798
489.875	0.279
490.0	0.2783
490.125	0.2759
490.25	0.2783
490.375	0.2735
490.5	0.2743
490.625	0.2735
490.75	0.2735
490.875	0.2735
491.0	0.2735
491.125	0.2704
491.25	0.2688
491.375	0.2688
491.5	0.2672
491.625	0.2665
491.75	0.2649
491.875	0.2641
492.0	0.2641
492.125	0.2641
492.25	0.2633
492.375	0.2625
492.5	0.2602
492.625	0.261
492.75	0.2586
492.875	0.2594
493.0	0.2547
493.125	0.2578
493.25	0.257
493.375	0.2555
493.5	0.2547
493.625	0.2531
493.75	0.2547
493.875	0.2539
494.0	0.2523
494.125	0.25
494.25	0.25
494.375	0.25
494.5	0.2484
494.625	0.2452
494.75	0.2452
494.875	0.2452
495.0	0.2444
495.125	0.2452
495.25	0.2429
495.375	0.2429
495.5	0.2405
495.625	0.2397
495.75	0.2405
495.875	0.2374
496.0	0.2374
496.125	0.2358
496.25	0.2358
496.375	0.2358
496.5	0.2342
496.625	0.235
496.75	0.2319
496.875	0.2311
497.0	0.2311
497.125	0.2311
497.25	0.2287
497.375	0.2279
497.5	0.2272
497.625	0.2264
497.75	0.2272
497.875	0.2264
498.0	0.2248
498.125	0.2264
498.25	0.2256
498.375	0.2216
498.5	0.2224
498.625	0.2216
498.75	0.2209
498.875	0.2216
499.0	0.2209
499.125	0.2201
499.25	0.2177
499.375	0.2169
499.5	0.2169
499.625	0.2161
499.75	0.2161
499.875	0.2161
500.0	0.2138
500.125	0.2122
500.25	0.2122
500.375	0.2114
500.5	0.2106
500.625	0.2114
500.75	0.2083
500.875	0.2106
501.0	0.2075
501.125	0.2083
501.25	0.2075
501.375	0.2075
501.5	0.2044
501.625	0.2044
501.75	0.2044
501.875	0.2028
502.0	0.2028
502.125	0.2028
502.25	0.2004
502.375	0.1996
502.5	0.2004
502.625	0.1981
502.75	0.1973
502.875	0.1973
503.0	0.1981
503.125	0.1957
503.25	0.1957
503.375	0.1933
503.5	0.1933
503.625	0.1941
503.75	0.1918
503.875	0.1918
504.0	0.1918
504.125	0.1902
504.25	0.1918
504.375	0.1886
504.5	0.1886
504.625	0.1886
504.75	0.1878
504.875	0.1863
505.0	0.1878
505.125	0.1855
505.25	0.1839
505.375	0.1839
505.5	0.1839
505.625	0.1839
505.75	0.1831
505.875	0.1831
506.0	0.1792
506.125	0.1792
506.25	0.1792
506.375	0.1792
506.5	0.1792
506.625	0.1792
506.75	0.1784
506.875	0.1776
507.0	0.1761
507.125	0.1745
507.25	0.1745
507.375	0.1745
507.5	0.1745
507.625	0.1721
507.75	0.1745
507.875	0.1713
508.0	0.1705
508.125	0.1698
508.25	0.1698
508.375	0.1698
508.5	0.1698
508.625	0.1698
508.75	0.1682
508.875	0.1674
509.0	0.1682
509.125	0.1674
509.25	0.165
509.375	0.165
509.5	0.1658
509.625	0.1643
509.75	0.165
509.875	0.1635
510.0	0.1627
510.125	0.1603
510.25	0.1611
510.375	0.1627
510.5	0.1603
510.625	0.1603
510.75	0.1603
510.875	0.1603
511.0	0.1603
511.125	0.1603
511.25	0.1572
511.375	0.1564
511.5	0.1556
511.625	0.158
511.75	0.1548
511.875	0.1556
512.0	0.154
512.125	0.1548
512.25	0.154
512.375	0.1533
512.5	0.1517
512.625	0.1509
512.75	0.1525
512.875	0.1509
513.0	0.1517
513.125	0.1509
513.25	0.1493
513.375	0.1501
513.5	0.1501
513.625	0.1477
513.75	0.1477
513.875	0.1477
514.0	0.1485
514.125	0.1462
514.25	0.1462
514.375	0.147
514.5	0.1454
514.625	0.1462
514.75	0.1462
514.875	0.143
515.0	0.1446
515.125	0.143
515.25	0.1422
515.375	0.1422
515.5	0.1415
515.625	0.1415
515.75	0.1415
515.875	0.1415
516.0	0.1407
516.125	0.1399
516.25	0.1391
516.375	0.1367
516.5	0.1383
516.625	0.1367
516.75	0.1367
516.875	0.1367
517.0	0.1367
517.125	0.1367
517.25	0.1336
517.375	0.136
517.5	0.1336
517.625	0.132
517.75	0.1336
517.875	0.132
518.0	0.132
518.125	0.132
518.25	0.1312
518.375	0.1289
518.5	0.1305
518.625	0.1289
518.75	0.1273
518.875	0.1273
519.0	0.1273
519.125	0.1273
519.25	0.1273
519.375	0.1265
519.5	0.1257
519.625	0.1234
519.75	0.125
519.875	0.1242
520.0	0.1242
520.125	0.125
520.25	0.1226
520.375	0.1226
520.5	0.1234
520.625	0.1226
520.75	0.1226
520.875	0.1226
521.0	0.1226
521.125	0.1194
521.25	0.1194
521.375	0.1187
521.5	0.1179
521.625	0.1179
521.75	0.1179
521.875	0.1179
522.0	0.1163
522.125	0.1171
522.25	0.1171
522.375	0.1155
522.5	0.1139
522.625	0.1147
522.75	0.1132
522.875	0.1139
523.0	0.1132
523.125	0.1132
523.25	0.1132
523.375	0.1132
523.5	0.1108
523.625	0.1116
523.75	0.11
523.875	0.1108
524.0	0.11
524.125	0.1084
524.25	0.1084
524.375	0.1084
524.5	0.1084
524.625	0.1084
524.75	0.1084
524.875	0.1077
525.0	0.1069
525.125	0.1084
525.25	0.1037
525.375	0.1061
525.5	0.1045
525.625	0.1045
525.75	0.1037
525.875	0.1037
526.0	0.1029
526.125	0.1037
526.25	0.1029
526.375	0.1037
526.5	0.1037
526.625	0.1014
526.75	0.1029
526.875	0.1006
527.0	0.099
527.125	0.1006
527.25	0.099
527.375	0.099
527.5	0.099
527.625	0.0982
527.75	0.0982
527.875	0.0982
528.0	0.0966
528.125	0.0974
528.25	0.0966
528.375	0.0974
528.5	0.0943
528.625	0.0927
528.75	0.0935
528.875	0.0935
529.0	0.0943
529.125	0.0943
529.25	0.0919
529.375	0.0927
529.5	0.0935
529.625	0.0904
529.75	0.0927
529.875	0.0919
530.0	0.0896
530.125	0.0896
530.25	0.0904
530.375	0.0896
530.5	0.0888
530.625	0.0896
530.75	0.0888
530.875	0.088
531.0	0.0872
531.125	0.0888
531.25	0.088
531.375	0.0849
531.5	0.0856
531.625	0.0849
531.75	0.0849
531.875	0.0849
532.0	0.0849
532.125	0.0849
532.25	0.0849
532.375	0.0849
532.5	0.0849
532.625	0.0841
532.75	0.0833
532.875	0.0825
533.0	0.0809
533.125	0.0801
533.25	0.0801
533.375	0.0809
533.5	0.0801
533.625	0.0801
533.75	0.0801
533.875	0.0801
534.0	0.0801
534.125	0.0794
534.25	0.0786
534.375	0.0801
534.5	0.077
534.625	0.0786
534.75	0.0754
534.875	0.0754
535.0	0.0762
535.125	0.0754
535.25	0.0754
535.375	0.0754
535.5	0.0754
535.625	0.0746
535.75	0.0754
535.875	0.0754
536.0	0.0754
536.125	0.0754
536.25	0.0754
536.375	0.0754
536.5	0.0731
536.625	0.0738
536.75	0.0715
536.875	0.0707
537.0	0.0707
537.125	0.0707
537.25	0.0715
537.375	0.0707
537.5	0.0707
537.625	0.0707
537.75	0.0691
537.875	0.0699
538.0	0.0707
538.125	0.0683
538.25	0.0683
538.375	0.0676
538.5	0.0691
538.625	0.0683
538.75	0.0683
538.875	0.0668
539.0	0.066
539.125	0.066
539.25	0.066
539.375	0.066
539.5	0.066
539.625	0.066
539.75	0.066
539.875	0.066
540.0	0.0652
540.125	0.066
540.25	0.066
540.375	0.0652
540.5	0.0644
540.625	0.0652
540.75	0.0628
540.875	0.0621
541.0	0.0621
541.125	0.0621
541.25	0.0613
541.375	0.0613
541.5	0.0613
541.625	0.0621
541.75	0.0613
541.875	0.0613
542.0	0.0613
542.125	0.0605
542.25	0.0605
542.375	0.0605
542.5	0.0605
542.625	0.0597
542.75	0.0613
542.875	0.0597
543.0	0.0581
543.125	0.0573
543.25	0.0581
543.375	0.0573
543.5	0.0581
543.625	0.0597
543.75	0.0566
543.875	0.0558
544.0	0.0573
544.125	0.0566
544.25	0.0573
544.375	0.0566
544.5	0.0566
544.625	0.0566
544.75	0.0566
544.875	0.0558
545.0	0.0566
545.125	0.055
545.25	0.0558
545.375	0.0534
545.5	0.0534
545.625	0.0542
545.75	0.0526
545.875	0.0542
546.0	0.0518
546.125	0.0518
546.25	0.0518
546.375	0.0518
546.5	0.0518
546.625	0.0518
546.75	0.0518
546.875	0.0518
547.0	0.0518
547.125	0.0518
547.25	0.0518
547.375	0.0487
547.5	0.0518
547.625	0.0495
547.75	0.0503
547.875	0.0511
548.0	0.0487
548.125	0.0495
548.25	0.0479
548.375	0.0479
548.5	0.0479
548.625	0.0503
548.75	0.0495
548.875	0.0471
549.0	0.0471
549.125	0.0471
549.25	0.0471
549.375	0.0471
549.5	0.0487
549.625	0.0471
549.75	0.0471
549.875	0.0471
550.0	0.0471
550.125	0.0471
550.25	0.0471
550.375	0.0471
550.5	0.0463
550.625	0.0455
550.75	0.0455
550.875	0.0448
551.0	0.0463
551.125	0.0455
551.25	0.044
551.375	0.0432
551.5	0.044
551.625	0.0448
551.75	0.0432
551.875	0.0424
552.0	0.0424
552.125	0.0424
552.25	0.044
552.375	0.0424
552.5	0.0424
552.625	0.0424
552.75	0.0424
552.875	0.0408
553.0	0.0424
553.125	0.0424
553.25	0.0416
553.375	0.0424
553.5	0.0424
553.625	0.0416
553.75	0.0416
553.875	0.0408
554.0	0.0408
554.125	0.0408
554.25	0.0424
554.375	0.0416
554.5	0.0408
554.625	0.04
554.75	0.0408
554.875	0.0377
555.0	0.0408
555.125	0.0385
555.25	0.0385
555.375	0.0385
555.5	0.04
555.625	0.0385
555.75	0.0385
555.875	0.0393
556.0	0.04
556.125	0.0377
556.25	0.0385
556.375	0.0377
556.5	0.0385
556.625	0.0377
556.75	0.0377
556.875	0.0369
557.0	0.0377
557.125	0.0377
557.25	0.0377
557.375	0.0377
557.5	0.0369
557.625	0.0385
557.75	0.0369
557.875	0.0353
558.0	0.0369
558.125	0.0369
558.25	0.0353
558.375	0.0345
558.5	0.0377
558.625	0.0353
558.75	0.0369
558.875	0.0345
559.0	0.0345
559.125	0.033
559.25	0.0345
559.375	0.0353
559.5	0.033
559.625	0.0338
559.75	0.0353
559.875	0.033
560.0	0.033
560.125	0.0345
560.25	0.0338
560.375	0.0338
560.5	0.033
560.625	0.033
560.75	0.033
560.875	0.033
561.0	0.0338
561.125	0.033
561.25	0.033
561.375	0.033
561.5	0.033
561.625	0.033
561.75	0.033
561.875	0.033
562.0	0.033
562.125	0.033
562.25	0.0322
562.375	0.033
562.5	0.033
562.625	0.0314
562.75	0.0322
562.875	0.033
563.0	0.0314
563.125	0.0322
563.25	0.033
563.375	0.0314
563.5	0.0314
563.625	0.0306
563.75	0.029
563.875	0.0306
564.0	0.0322
564.125	0.0298
564.25	0.029
564.375	0.0306
564.5	0.0283
564.625	0.0314
564.75	0.0298
564.875	0.029
565.0	0.0283
565.125	0.0298
565.25	0.0298
565.375	0.029
565.5	0.0298
565.625	0.0283
565.75	0.0283
565.875	0.0298
566.0	0.029
566.125	0.0298
566.25	0.029
566.375	0.029
566.5	0.0298
566.625	0.0283
566.75	0.0283
566.875	0.0283
567.0	0.0283
567.125	0.0275
567.25	0.0283
567.375	0.0283
567.5	0.0283
567.625	0.0283
567.75	0.0283
567.875	0.0283
568.0	0.0283
568.125	0.0283
568.25	0.0275
568.375	0.0283
568.5	0.0283
568.625	0.0275
568.75	0.0283
568.875	0.0275
569.0	0.0267
569.125	0.0283
569.25	0.0283
569.375	0.0259
569.5	0.0275
569.625	0.0267
569.75	0.0267
569.875	0.0267
570.0	0.0275
570.125	0.0275
570.25	0.0275
570.375	0.0259
570.5	0.0275
570.625	0.0267
570.75	0.0267
570.875	0.0251
571.0	0.0267
571.125	0.0251
571.25	0.0251
571.375	0.0235
571.5	0.0235
571.625	0.0251
571.75	0.0251
571.875	0.0251
572.0	0.0243
572.125	0.0243
572.25	0.0235
572.375	0.0235
572.5	0.0235
572.625	0.0243
572.75	0.0235
572.875	0.0251
573.0	0.0251
573.125	0.0243
573.25	0.0235
573.375	0.0243
573.5	0.0259
573.625	0.0235
573.75	0.0235
573.875	0.0235
574.0	0.0243
574.125	0.0235
574.25	0.0227
574.375	0.0227
574.5	0.0235
574.625	0.0235
574.75	0.0235
574.875	0.0243
575.0	0.0235
575.125	0.0235
575.25	0.0235
575.375	0.0235
575.5	0.0235
575.625	0.0235
575.75	0.0235
575.875	0.0235
576.0	0.0235
576.125	0.0235
576.25	0.0227
576.375	0.0235
576.5	0.0235
576.625	0.0235
576.75	0.0227
576.875	0.0235
577.0	0.0235
577.125	0.0227
577.25	0.0235
577.375	0.0227
577.5	0.0227
577.625	0.0227
577.75	0.022
577.875	0.0227
578.0	0.0227
578.125	0.0227
578.25	0.0212
578.375	0.022
578.5	0.0235
578.625	0.0235
578.75	0.0204
578.875	0.0227
579.0	0.0196
579.125	0.0212
579.25	0.0227
579.375	0.0204
579.5	0.0212
579.625	0.0212
579.75	0.0204
579.875	0.0212
580.0	0.0212
580.125	0.0188
580.25	0.0204
580.375	0.0204
580.5	0.0188
580.625	0.0188
580.75	0.0212
580.875	0.0204
581.0	0.0196
581.125	0.0188
581.25	0.0204
581.375	0.0188
581.5	0.0188
581.625	0.0204
581.75	0.0196
581.875	0.0196
582.0	0.0204
582.125	0.0188
582.25	0.0188
582.375	0.0204
582.5	0.0204
582.625	0.0188
582.75	0.0204
582.875	0.0188
583.0	0.0196
583.125	0.0212
583.25	0.0196
583.375	0.0196
583.5	0.0188
583.625	0.0188
583.75	0.0188
583.875	0.0188
584.0	0.0188
584.125	0.0188
584.25	0.0188
584.375	0.0196
584.5	0.0204
584.625	0.0188
584.75	0.018
584.875	0.0204
585.0	0.0188
585.125	0.0196
585.25	0.0188
585.375	0.0188
585.5	0.0188
585.625	0.0204
585.75	0.0196
585.875	0.0188
586.0	0.0188
586.125	0.0188
586.25	0.0188
586.375	0.0188
586.5	0.0188
586.625	0.0188
586.75	0.018
586.875	0.0188
587.0	0.0188
587.125	0.0188
587.25	0.018
587.375	0.0188
587.5	0.0188
587.625	0.0188
587.75	0.0188
587.875	0.0188
588.0	0.018
588.125	0.0188
588.25	0.0188
588.375	0.0188
588.5	0.0188
588.625	0.0188
588.75	0.0188
588.875	0.0188
589.0	0.0188
589.125	0.0188
589.25	0.0188
589.375	0.0188
589.5	0.0172
589.625	0.018
589.75	0.0188
589.875	0.018
590.0	0.0188
590.125	0.0188
590.25	0.0188
590.375	0.0172
590.5	0.0188
590.625	0.018
590.75	0.018
590.875	0.0188
591.0	0.018
591.125	0.018
591.25	0.0165
591.375	0.0188
591.5	0.0188
591.625	0.0188
591.75	0.0165
591.875	0.018
592.0	0.0188
592.125	0.0188
592.25	0.0188
592.375	0.018
592.5	0.0172
592.625	0.0165
592.75	0.0165
592.875	0.0172
593.0	0.0157
593.125	0.0157
593.25	0.0188
593.375	0.0172
593.5	0.018
593.625	0.0172
593.75	0.0165
593.875	0.0188
594.0	0.018
594.125	0.018
594.25	0.018
594.375	0.0188
594.5	0.0188
594.625	0.0172
594.75	0.018
594.875	0.018
595.0	0.0157
595.125	0.018
595.25	0.0165
595.375	0.0165
595.5	0.0165
595.625	0.0165
595.75	0.0157
595.875	0.0165
596.0	0.0172
596.125	0.0172
596.25	0.0172
596.375	0.0157
596.5	0.0165
596.625	0.0157
596.75	0.0157
596.875	0.0141
597.0	0.0165
597.125	0.018
597.25	0.0149
597.375	0.0165
597.5	0.0141
597.625	0.0172
597.75	0.0165
597.875	0.0149
598.0	0.0149
598.125	0.0149
598.25	0.0149
598.375	0.0157
598.5	0.0157
598.625	0.0157
598.75	0.0172
598.875	0.0172
599.0	0.0165
599.125	0.0157
599.25	0.0172
599.375	0.0141
599.5	0.0165
599.625	0.0141
599.75	0.0141
599.875	0.0165
600.0	0.0141
600.125	0.0157
600.25	0.0149
600.375	0.0165
600.5	0.0157
600.625	0.0157
600.75	0.0141
600.875	0.0188
601.0	0.0149
601.125	0.0157
601.25	0.0149
601.375	0.0157
601.5	0.0141
601.625	0.0172
601.75	0.0149
601.875	0.0157
602.0	0.0141
602.125	0.0157
602.25	0.0141
602.375	0.0149
602.5	0.0141
602.625	0.0141
602.75	0.0149
602.875	0.0149
603.0	0.0165
603.125	0.0172
603.25	0.0165
603.375	0.0157
603.5	0.0141
603.625	0.0141
603.75	0.0141
603.875	0.0141
604.0	0.0165
604.125	0.0141
604.25	0.0149
604.375	0.0141
604.5	0.0141
604.625	0.0149
604.75	0.0149
604.875	0.0149
605.0	0.0149
605.125	0.0141
605.25	0.0141
605.375	0.0141
605.5	0.0149
605.625	0.0141
605.75	0.0141
605.875	0.0141
606.0	0.0141
606.125	0.0141
606.25	0.0141
606.375	0.0141
606.5	0.0141
606.625	0.0141
606.75	0.0141
606.875	0.0141
607.0	0.0149
607.125	0.0141
607.25	0.0157
607.375	0.0141
607.5	0.0141
607.625	0.0141
607.75	0.0141
607.875	0.0141
608.0	0.0141
608.125	0.0141
608.25	0.0149
608.375	0.0141
608.5	0.0141
608.625	0.0141
608.75	0.0141
608.875	0.0141
609.0	0.0141
609.125	0.0141
609.25	0.0157
609.375	0.0149
609.5	0.0141
609.625	0.0149
609.75	0.0141
609.875	0.0141
610.0	0.0141
610.125	0.0141
610.25	0.0141
610.375	0.0141
610.5	0.0141
610.625	0.0141
610.75	0.0141
610.875	0.0141
611.0	0.0141
611.125	0.0141
611.25	0.0141
611.375	0.0149
611.5	0.0141
611.625	0.0141
611.75	0.0133
611.875	0.0141
612.0	0.0157
612.125	0.0149
612.25	0.0141
612.375	0.0141
612.5	0.0141
612.625	0.0141
612.75	0.0141
612.875	0.0149
613.0	0.0141
613.125	0.0141
613.25	0.0141
613.375	0.0141
613.5	0.0141
613.625	0.0149
613.75	0.0141
613.875	0.0141
614.0	0.0141
614.125	0.0141
614.25	0.0149
614.375	0.0141
614.5	0.0149
614.625	0.0141
614.75	0.0149
614.875	0.0141
615.0	0.0133
615.125	0.0141
615.25	0.0141
615.375	0.0141
615.5	0.0141
615.625	0.0133
615.75	0.0141
615.875	0.0149
616.0	0.0141
616.125	0.0141
616.25	0.0141
616.375	0.0133
616.5	0.0141
616.625	0.0141
616.75	0.0141
616.875	0.0141
617.0	0.0141
617.125	0.0141
617.25	0.0141
617.375	0.0133
617.5	0.0133
617.625	0.0133
617.75	0.0141
617.875	0.0141
618.0	0.0141
618.125	0.0141
618.25	0.0141
618.375	0.0141
618.5	0.0141
618.625	0.0133
618.75	0.0141
618.875	0.0141
619.0	0.0141
619.125	0.0141
619.25	0.0141
619.375	0.0141
619.5	0.0141
619.625	0.0141
619.75	0.0141
619.875	0.0141
620.0	0.0141
620.125	0.0141
620.25	0.0141
620.375	0.0141
620.5	0.0141
620.625	0.0141
620.75	0.0141
620.875	0.0149
621.0	0.0141
621.125	0.0133
621.25	0.0141
621.375	0.0141
621.5	0.0141
621.625	0.0141
621.75	0.0141
621.875	0.0141
622.0	0.0141
622.125	0.0141
622.25	0.0141
622.375	0.0141
622.5	0.0141
622.625	0.0141
622.75	0.0141
622.875	0.0133
623.0	0.0141
623.125	0.0141
623.25	0.0141
623.375	0.0141
623.5	0.0141
623.625	0.0133
623.75	0.0117
623.875	0.0133
624.0	0.0141
624.125	0.0141
624.25	0.0141
624.375	0.0141
624.5	0.0125
624.625	0.0141
624.75	0.0133
624.875	0.0133
625.0	0.0141
625.125	0.0141
625.25	0.0141
625.375	0.0141
625.5	0.0125
625.625	0.0141
625.75	0.0141
625.875	0.0141
626.0	0.0141
626.125	0.0141
626.25	0.0133
626.375	0.0149
626.5	0.0133
626.625	0.0149
626.75	0.0125
626.875	0.0141
627.0	0.0141
627.125	0.0141
627.25	0.0141
627.375	0.0141
627.5	0.0141
627.625	0.0141
627.75	0.0149
627.875	0.0141
628.0	0.0141
628.125	0.0141
628.25	0.0141
628.375	0.0141
628.5	0.0141
628.625	0.0141
628.75	0.0141
628.875	0.0133
629.0	0.0141
629.125	0.0141
629.25	0.0133
629.375	0.0133
629.5	0.0141
629.625	0.0133
629.75	0.0141
629.875	0.0141
630.0	0.0141
630.125	0.0141
630.25	0.0141
630.375	0.0141
630.5	0.0141
630.625	0.0141
630.75	0.0125
630.875	0.0141
631.0	0.0141
631.125	0.0133
631.25	0.0141
631.375	0.0141
631.5	0.0141
631.625	0.0133
631.75	0.0141
631.875	0.0141
632.0	0.0141
632.125	0.0125
632.25	0.0117
632.375	0.0141
632.5	0.0141
632.625	0.0149
632.75	0.0141
632.875	0.0141
633.0	0.0141
633.125	0.0141
633.25	0.0141
633.375	0.0141
633.5	0.0141
633.625	0.0141
633.75	0.0141
633.875	0.0141
634.0	0.0141
634.125	0.0117
634.25	0.0133
634.375	0.0141
634.5	0.0133
634.625	0.0133
634.75	0.0141
634.875	0.0141
635.0	0.0141
635.125	0.0141
635.25	0.0141
635.375	0.0141
635.5	0.0133
635.625	0.0133
635.75	0.0141
635.875	0.0125
636.0	0.0141
636.125	0.0141
636.25	0.0141
636.375	0.0141
636.5	0.0133
636.625	0.0141
636.75	0.0141
636.875	0.0141
637.0	0.0133
637.125	0.0141
637.25	0.0141
637.375	0.0141
637.5	0.0141
637.625	0.0141
637.75	0.0141
637.875	0.0141
638.0	0.0133
638.125	0.0141
638.25	0.0141
638.375	0.0141
638.5	0.0141
638.625	0.0141
638.75	0.0141
638.875	0.0141
639.0	0.0141
639.125	0.0141
639.25	0.0125
639.375	0.0141
639.5	0.0141
639.625	0.0133
639.75	0.0141
639.875	0.0141
640.0	0.0141
640.125	0.0141
640.25	0.0141
640.375	0.0125
640.5	0.0141
640.625	0.0133
640.75	0.0141
640.875	0.0141
641.0	0.0141
641.125	0.0125
641.25	0.0141
641.375	0.0141
641.5	0.0141
641.625	0.0141
641.75	0.0141
641.875	0.0133
642.0	0.0141
642.125	0.0141
642.25	0.0141
642.375	0.0141
642.5	0.0141
642.625	0.0141
642.75	0.0141
642.875	0.0141
643.0	0.0141
643.125	0.0141
643.25	0.0133
643.375	0.0141
643.5	0.0141
643.625	0.0141
643.75	0.0141
643.875	0.0141
644.0	0.0141
644.125	0.0141
644.25	0.0141
644.375	0.0141
644.5	0.0141
644.625	0.0141
644.75	0.0141
644.875	0.0149
645.0	0.0149
645.125	0.0141
645.25	0.0141
645.375	0.0141
645.5	0.0141
645.625	0.0141
645.75	0.0141
645.875	0.0141
646.0	0.0141
646.125	0.0133
646.25	0.0157
646.375	0.0141
646.5	0.0141
646.625	0.0141
646.75	0.0141
646.875	0.0141
647.0	0.0141
647.125	0.0141
647.25	0.0141
647.375	0.0141
647.5	0.0141
647.625	0.0141
647.75	0.0141
647.875	0.0141
648.0	0.0141
648.125	0.0133
648.25	0.0141
648.375	0.0133
648.5	0.0141
648.625	0.0141
648.75	0.0141
648.875	0.0141
649.0	0.0141
649.125	0.0149
649.25	0.0141
649.375	0.0141
649.5	0.0141
649.625	0.0149
649.75	0.0141
649.875	0.0141
650.0	0.0141
650.125	0.0141
650.25	0.0141
650.375	0.0141
650.5	0.0149
650.625	0.0141
650.75	0.0141
650.875	0.0141
651.0	0.0141
651.125	0.0141
651.25	0.0141
651.375	0.0141
651.5	0.0141
651.625	0.0141
651.75	0.0141
651.875	0.0141
652.0	0.0141
652.125	0.0141
652.25	0.0157
652.375	0.0141
652.5	0.0141
652.625	0.0149
652.75	0.0141
652.875	0.0141
653.0	0.0141
653.125	0.0141
653.25	0.0157
653.375	0.0141
653.5	0.0165
653.625	0.0141
653.75	0.0149
653.875	0.0149
654.0	0.0141
654.125	0.0141
654.25	0.0141
654.375	0.0141
654.5	0.0141
654.625	0.0141
654.75	0.0149
654.875	0.0141
655.0	0.0141
655.125	0.0149
655.25	0.0141
655.375	0.0157
655.5	0.0157
655.625	0.0141
655.75	0.0141
655.875	0.0141
656.0	0.0157
656.125	0.0149
656.25	0.0141
656.375	0.0149
656.5	0.0149
656.625	0.0165
656.75	0.0149
656.875	0.0141
657.0	0.0149
657.125	0.0149
657.25	0.0149
657.375	0.0157
657.5	0.0141
657.625	0.0157
657.75	0.0149
657.875	0.0141
658.0	0.0149
658.125	0.0149
658.25	0.0149
658.375	0.0157
658.5	0.0165
658.625	0.0172
658.75	0.0165
658.875	0.0157
659.0	0.0157
659.125	0.0172
659.25	0.0165
659.375	0.0149
659.5	0.0172
659.625	0.0157
659.75	0.0149
659.875	0.0165
660.0	0.0172
660.125	0.0172
660.25	0.0141
660.375	0.0157
660.5	0.0165
660.625	0.0157
660.75	0.018
660.875	0.0172
661.0	0.0157
661.125	0.0165
661.25	0.0165
661.375	0.0172
661.5	0.0172
661.625	0.0165
661.75	0.0165
661.875	0.0157
662.0	0.0188
662.125	0.0172
662.25	0.0165
662.375	0.0172
662.5	0.0165
662.625	0.0165
662.75	0.0149
662.875	0.0157
663.0	0.018
663.125	0.0172
663.25	0.0188
663.375	0.0165
663.5	0.018
663.625	0.018
663.75	0.018
663.875	0.0165
664.0	0.018
664.125	0.018
664.25	0.0172
664.375	0.0188
664.5	0.018
664.625	0.018
664.75	0.018
664.875	0.018
665.0	0.0172
665.125	0.018
665.25	0.0188
665.375	0.0188
665.5	0.018
665.625	0.0172
665.75	0.018
665.875	0.018
666.0	0.0188
666.125	0.018
666.25	0.018
666.375	0.0188
666.5	0.0188
666.625	0.0188
666.75	0.0165
666.875	0.018
667.0	0.0188
667.125	0.0188
667.25	0.0188
667.375	0.0188
667.5	0.0188
667.625	0.0165
667.75	0.0188
667.875	0.0196
668.0	0.0188
668.125	0.0188
668.25	0.0188
668.375	0.018
668.5	0.0188
668.625	0.018
668.75	0.0188
668.875	0.0188
669.0	0.0188
669.125	0.0188
669.25	0.018
669.375	0.0188
669.5	0.0188
669.625	0.0188
669.75	0.0188
669.875	0.0188
670.0	0.0188
670.125	0.0188
670.25	0.0196
670.375	0.0188
670.5	0.0188
670.625	0.0188
670.75	0.0196
670.875	0.0188
671.0	0.0204
671.125	0.0196
671.25	0.0188
671.375	0.0188
671.5	0.0188
671.625	0.0188
671.75	0.0188
671.875	0.0196
672.0	0.0188
672.125	0.0188
672.25	0.0188
672.375	0.0188
672.5	0.0212
672.625	0.0188
672.75	0.0196
672.875	0.0196
673.0	0.0196
673.125	0.0188
673.25	0.0196
673.375	0.0196
673.5	0.0204
673.625	0.0204
673.75	0.0196
673.875	0.0204
674.0	0.0196
674.125	0.0212
674.25	0.0196
674.375	0.0227
674.5	0.0204
674.625	0.0212
674.75	0.0212
674.875	0.0204
675.0	0.0204
675.125	0.0212
675.25	0.0227
675.375	0.0227
675.5	0.022
675.625	0.022
675.75	0.0212
675.875	0.0204
676.0	0.022
676.125	0.0235
676.25	0.0227
676.375	0.0227
676.5	0.0235
676.625	0.0227
676.75	0.0235
676.875	0.0235
677.0	0.0235
677.125	0.022
677.25	0.0227
677.375	0.0235
677.5	0.0235
677.625	0.0235
677.75	0.0227
677.875	0.0235
678.0	0.0235
678.125	0.0235
678.25	0.0235
678.375	0.0235
678.5	0.0235
678.625	0.0235
678.75	0.0235
678.875	0.0235
679.0	0.0235
679.125	0.0235
679.25	0.0235
679.375	0.022
679.5	0.0243
679.625	0.0235
679.75	0.0235
679.875	0.0235
680.0	0.0235
680.125	0.0243
680.25	0.0235
680.375	0.0243
680.5	0.0235
680.625	0.0235
680.75	0.0243
680.875	0.0243
681.0	0.0235
681.125	0.0235
681.25	0.0235
681.375	0.0251
681.5	0.0243
681.625	0.0251
681.75	0.0251
681.875	0.0267
682.0	0.0251
682.125	0.0251
682.25	0.0259
682.375	0.0243
682.5	0.0259
682.625	0.0275
682.75	0.0251
682.875	0.0267
683.0	0.0267
683.125	0.0259
683.25	0.0267
683.375	0.0259
683.5	0.0275
683.625	0.0275
683.75	0.0275
683.875	0.0283
684.0	0.0275
684.125	0.0283
684.25	0.0275
684.375	0.0283
684.5	0.0283
684.625	0.0275
684.75	0.0283
684.875	0.0275
685.0	0.0283
685.125	0.0283
685.25	0.0283
685.375	0.0283
685.5	0.0283
685.625	0.0283
685.75	0.0283
685.875	0.0283
686.0	0.0283
686.125	0.0283
686.25	0.0283
686.375	0.0283
686.5	0.0283
686.625	0.029
686.75	0.0283
686.875	0.0283
687.0	0.0283
687.125	0.0306
687.25	0.0298
687.375	0.0283
687.5	0.029
687.625	0.0283
687.75	0.0283
687.875	0.0306
688.0	0.0306
688.125	0.0306
688.25	0.0314
688.375	0.029
688.5	0.0298
688.625	0.0306
688.75	0.0314
688.875	0.0306
689.0	0.0306
689.125	0.0322
689.25	0.0306
689.375	0.0322
689.5	0.0322
689.625	0.0322
689.75	0.0322
689.875	0.0322
690.0	0.0322
690.125	0.0322
690.25	0.0322
690.375	0.033
690.5	0.033
690.625	0.033
690.75	0.033
690.875	0.033
691.0	0.033
691.125	0.0338
691.25	0.033
691.375	0.0338
691.5	0.0345
691.625	0.033
691.75	0.0338
691.875	0.0338
692.0	0.0338
692.125	0.0345
692.25	0.0361
692.375	0.0345
692.5	0.0338
692.625	0.0338
692.75	0.033
692.875	0.0345
693.0	0.0377
693.125	0.0377
693.25	0.0377
693.375	0.0377
693.5	0.0369
693.625	0.0377
693.75	0.0377
693.875	0.0377
694.0	0.0377
694.125	0.0385
694.25	0.0369
694.375	0.0393
694.5	0.0369
694.625	0.0385
694.75	0.0377
694.875	0.0377
695.0	0.0377
695.125	0.0393
695.25	0.0377
695.375	0.04
695.5	0.0377
695.625	0.04
695.75	0.0385
695.875	0.0393
696.0	0.0377
696.125	0.04
696.25	0.04
696.375	0.0416
696.5	0.0416
696.625	0.0424
696.75	0.0408
696.875	0.0416
697.0	0.0416
697.125	0.0408
697.25	0.0416
697.375	0.0424
697.5	0.0424
697.625	0.0424
697.75	0.0432
697.875	0.0416
698.0	0.0424
698.125	0.0424
698.25	0.0424
698.375	0.0432
698.5	0.044
698.625	0.0432
698.75	0.0432
698.875	0.0424
699.0	0.044
699.125	0.0448
699.25	0.0455
699.375	0.0448
699.5	0.0463
699.625	0.0471
699.75	0.0463
699.875	0.0471
700.0	0.0463
700.125	0.0471
700.25	0.0471
700.375	0.0471
700.5	0.0471
700.625	0.0471
700.75	0.0471
700.875	0.0471
701.0	0.0471
701.125	0.0471
701.25	0.0479
701.375	0.0479
701.5	0.0487
701.625	0.0471
701.75	0.0471
701.875	0.0479
702.0	0.0479
702.125	0.0487
702.25	0.0495
702.375	0.0503
702.5	0.0503
702.625	0.0518
702.75	0.0495
702.875	0.0518
703.0	0.0518
703.125	0.0518
703.25	0.0511
703.375	0.0518
703.5	0.0503
703.625	0.0518
703.75	0.0518
703.875	0.0526
704.0	0.0518
704.125	0.0534
704.25	0.0542
704.375	0.0534
704.5	0.0526
704.625	0.0518
704.75	0.0518
704.875	0.0542
705.0	0.0542
705.125	0.055
705.25	0.055
705.375	0.0558
705.5	0.055
705.625	0.0526
705.75	0.055
705.875	0.0542
706.0	0.0573
706.125	0.0558
706.25	0.0566
706.375	0.0566
706.5	0.0566
706.625	0.0566
706.75	0.0566
706.875	0.0566
707.0	0.0566
707.125	0.0566
707.25	0.0589
707.375	0.0589
707.5	0.0573
707.625	0.0589
707.75	0.0597
707.875	0.0581
708.0	0.0581
708.125	0.0581
708.25	0.0581
708.375	0.0605
708.5	0.0613
708.625	0.0613
708.75	0.0613
708.875	0.0613
709.0	0.0613
709.125	0.0613
709.25	0.0613
709.375	0.0613
709.5	0.0621
709.625	0.0613
709.75	0.0613
709.875	0.0636
710.0	0.0652
710.125	0.0636
710.25	0.066
710.375	0.0652
710.5	0.066
710.625	0.066
710.75	0.0652
710.875	0.066
711.0	0.066
711.125	0.066
711.25	0.0652
711.375	0.0668
711.5	0.066
711.625	0.0668
711.75	0.0683
711.875	0.0668
712.0	0.0676
712.125	0.0683
712.25	0.0691
712.375	0.0691
712.5	0.0691
712.625	0.0707
712.75	0.0691
712.875	0.0707
713.0	0.0707
713.125	0.0707
713.25	0.0707
713.375	0.0707
713.5	0.0707
713.625	0.0723
713.75	0.0715
713.875	0.0707
714.0	0.0731
714.125	0.0723
714.25	0.0723
714.375	0.0754
714.5	0.0754
714.625	0.0746
714.75	0.0754
714.875	0.0746
715.0	0.0754
715.125	0.0754
715.25	0.0762
715.375	0.0754
715.5	0.0754
715.625	0.0762
715.75	0.0754
715.875	0.0754
716.0	0.0778
716.125	0.077
716.25	0.0794
716.375	0.0794
716.5	0.0801
716.625	0.0786
716.75	0.0801
716.875	0.0801
717.0	0.0801
717.125	0.0801
717.25	0.0801
717.375	0.0817
717.5	0.0817
717.625	0.0825
717.75	0.0833
717.875	0.0833
718.0	0.0841
718.125	0.0849
718.25	0.0841
718.375	0.0841
718.5	0.0849
718.625	0.0856
718.75	0.0849
718.875	0.0849
719.0	0.0856
719.125	0.0872
719.25	0.0896
719.375	0.0888
719.5	0.0896
719.625	0.0896
719.75	0.0896
719.875	0.0896
720.0	0.0896
720.125	0.0919
720.25	0.0896
720.375	0.0904
720.5	0.0904
720.625	0.0943
720.75	0.0919
720.875	0.0943
721.0	0.0927
721.125	0.0935
721.25	0.0943
721.375	0.0959
721.5	0.0943
721.625	0.0951
721.75	0.0951
721.875	0.0943
722.0	0.0959
722.125	0.0974
722.25	0.0982
722.375	0.099
722.5	0.099
722.625	0.099
722.75	0.099
722.875	0.1006
723.0	0.099
723.125	0.099
723.25	0.1022
723.375	0.1029
723.5	0.1037
723.625	0.1037
723.75	0.1037
723.875	0.1045
724.0	0.1037
724.125	0.1037
724.25	0.1037
724.375	0.1053
724.5	0.1045
724.625	0.1084
724.75	0.1084
724.875	0.1077
725.0	0.1084
725.125	0.1084
725.25	0.1084
725.375	0.1084
725.5	0.1092
725.625	0.11
725.75	0.1124
725.875	0.1116
726.0	0.1116
726.125	0.1132
726.25	0.1132
726.375	0.1132
726.5	0.1132
726.625	0.1155
726.75	0.1132
726.875	0.1147
727.0	0.1147
727.125	0.1163
727.25	0.1179
727.375	0.1163
727.5	0.1171
727.625	0.1163
727.75	0.1187
727.875	0.1187
728.0	0.1179
728.125	0.1194
728.25	0.1202
728.375	0.1226
728.5	0.121
728.625	0.1226
728.75	0.1218
728.875	0.1226
729.0	0.1226
729.125	0.1226
729.25	0.1226
729.375	0.1226
729.5	0.1242
729.625	0.1234
729.75	0.1265
729.875	0.1242
730.0	0.1265
730.125	0.1257
730.25	0.1273
730.375	0.1273
730.5	0.1273
730.625	0.1273
730.75	0.1273
730.875	0.1273
731.0	0.1289
731.125	0.1273
731.25	0.1312
731.375	0.132
731.5	0.1312
731.625	0.1305
731.75	0.1312
731.875	0.1305
732.0	0.132
732.125	0.132
732.25	0.1312
732.375	0.1328
732.5	0.132
732.625	0.1336
732.75	0.1352
732.875	0.1344
733.0	0.1344
733.125	0.1344
733.25	0.1367
733.375	0.136
733.5	0.136
733.625	0.1367
733.75	0.1367
733.875	0.1383
734.0	0.1383
734.125	0.1367
734.25	0.1367
734.375	0.1391
734.5	0.1367
734.625	0.1391
734.75	0.1407
734.875	0.1399
735.0	0.1415
735.125	0.1415
735.25	0.1415
735.375	0.1415
735.5	0.1415
735.625	0.1415
735.75	0.1415
735.875	0.1415
736.0	0.1415
736.125	0.1422
736.25	0.1415
736.375	0.1415
736.5	0.143
736.625	0.143
736.75	0.1438
736.875	0.143
737.0	0.1446
737.125	0.1422
737.25	0.143
737.375	0.143
737.5	0.1415
737.625	0.1446
737.75	0.1446
737.875	0.1422
738.0	0.1454
738.125	0.1462
738.25	0.1462
738.375	0.1454
738.5	0.1462
738.625	0.1462
738.75	0.1462
738.875	0.1462
739.0	0.1438
739.125	0.1454
739.25	0.1462
739.375	0.1454
739.5	0.1454
739.625	0.1462
739.75	0.1446
739.875	0.1462
740.0	0.1462
740.125	0.1462
740.25	0.1446
740.375	0.1438
740.5	0.1454
740.625	0.1446
740.75	0.1462
740.875	0.1454
741.0	0.1446
741.125	0.1454
741.25	0.1454
741.375	0.1462
741.5	0.1454
741.625	0.1446
741.75	0.1454
741.875	0.143
742.0	0.143
742.125	0.1438
742.25	0.143
742.375	0.1422
742.5	0.143
742.625	0.1438
742.75	0.1415
742.875	0.1415
743.0	0.1422
743.125	0.1422
743.25	0.1415
743.375	0.1415
743.5	0.1415
743.625	0.1415
743.75	0.1415
743.875	0.1415
744.0	0.1415
744.125	0.1415
744.25	0.1407
744.375	0.1407
744.5	0.1391
744.625	0.1375
744.75	0.1399
744.875	0.1383
745.0	0.1375
745.125	0.1375
745.25	0.1375
745.375	0.1383
745.5	0.1367
745.625	0.1367
745.75	0.1352
745.875	0.1367
746.0	0.136
746.125	0.1344
746.25	0.1336
746.375	0.1328
746.5	0.132
746.625	0.1336
746.75	0.132
746.875	0.132
747.0	0.132
747.125	0.132
747.25	0.1312
747.375	0.1312
747.5	0.1305
747.625	0.132
747.75	0.132
747.875	0.1312
748.0	0.1289
748.125	0.1289
748.25	0.1289
748.375	0.1273
748.5	0.1273
748.625	0.1265
748.75	0.1273
748.875	0.1242
749.0	0.1257
749.125	0.1234
749.25	0.1226
749.375	0.1234
749.5	0.1226
749.625	0.1242
749.75	0.1226
749.875	0.1234
750.0	0.1226
750.125	0.1202
750.25	0.121
750.375	0.1194
750.5	0.1179
750.625	0.1179
750.75	0.1202
750.875	0.1179
751.0	0.1179
751.125	0.1179
751.25	0.1155
751.375	0.1171
751.5	0.1155
751.625	0.1155
751.75	0.1163
751.875	0.1132
752.0	0.1132
752.125	0.1147
752.25	0.1132
752.375	0.1132
752.5	0.1132
752.625	0.1116
752.75	0.1124
752.875	0.11
753.0	0.1116
753.125	0.11
753.25	0.11
753.375	0.11
753.5	0.1084
753.625	0.1084
753.75	0.1084
753.875	0.1084
754.0	0.1084
754.125	0.1084
754.25	0.1077
754.375	0.1069
754.5	0.1053
754.625	0.1045
754.75	0.1045
754.875	0.1037
755.0	0.1061
755.125	0.1037
755.25	0.1037
755.375	0.1037
755.5	0.1037
755.625	0.1029
755.75	0.1037
755.875	0.1037
756.0	0.1037
756.125	0.1022
756.25	0.1014
756.375	0.1022
756.5	0.099
756.625	0.099
756.75	0.1006
756.875	0.099
757.0	0.099
757.125	0.0982
757.25	0.0982
757.375	0.0974
757.5	0.0982
757.625	0.099
757.75	0.0966
757.875	0.0959
758.0	0.0959
758.125	0.0943
758.25	0.0959
758.375	0.0951
758.5	0.0943
758.625	0.0943
758.75	0.0943
758.875	0.0935
759.0	0.0935
759.125	0.0935
759.25	0.0943
759.375	0.0904
759.5	0.0935
759.625	0.0904
759.75	0.0904
759.875	0.0896
760.0	0.0904
760.125	0.0896
760.25	0.0896
760.375	0.0896
760.5	0.0896
760.625	0.0896
760.75	0.0888
760.875	0.0872
761.0	0.088
761.125	0.0864
761.25	0.0864
761.375	0.0849
761.5	0.0864
761.625	0.0856
761.75	0.0849
761.875	0.0864
762.0	0.0841
762.125	0.0849
762.25	0.0849
762.375	0.0849
762.5	0.0841
762.625	0.0849
762.75	0.0849
762.875	0.0841
763.0	0.0849
763.125	0.0817
763.25	0.0833
763.375	0.0825
763.5	0.0817
763.625	0.0801
763.75	0.0817
763.875	0.0801
764.0	0.0801
764.125	0.0794
764.25	0.0801
764.375	0.0778
764.5	0.0801
764.625	0.0794
764.75	0.0786
764.875	0.0794
765.0	0.0778
765.125	0.077
765.25	0.0778
765.375	0.0762
765.5	0.0762
765.625	0.0754
765.75	0.0754
765.875	0.0754
766.0	0.0754
766.125	0.0754
766.25	0.0754
766.375	0.0754
766.5	0.0754
766.625	0.0754
766.75	0.0754
766.875	0.0754
767.0	0.0754
767.125	0.0754
767.25	0.0754
767.375	0.0746
767.5	0.0754
767.625	0.0731
767.75	0.0746
767.875	0.0731
768.0	0.0723
768.125	0.0723
768.25	0.0715
768.375	0.0715
768.5	0.0707
768.625	0.0707
768.75	0.0715
768.875	0.0707
769.0	0.0707
769.125	0.0707
769.25	0.0707
769.375	0.0676
769.5	0.0707
769.625	0.0707
769.75	0.0699
769.875	0.0699
770.0	0.0699
770.125	0.0668
770.25	0.0683
770.375	0.0676
770.5	0.0676
770.625	0.0683
770.75	0.0668
770.875	0.066
771.0	0.0676
771.125	0.0668
771.25	0.066
771.375	0.0668
771.5	0.0668
771.625	0.066
771.75	0.066
771.875	0.066
772.0	0.066
772.125	0.0652
772.25	0.066
772.375	0.066
772.5	0.066
772.625	0.066
772.75	0.0652
772.875	0.066
773.0	0.0652
773.125	0.0644
773.25	0.0636
773.375	0.0644
773.5	0.0613
773.625	0.0613
773.75	0.0621
773.875	0.0621
774.0	0.0613
774.125	0.0613
774.25	0.0613
774.375	0.0613
774.5	0.0613
774.625	0.0613
774.75	0.0613
774.875	0.0613
775.0	0.0613
775.125	0.0597
775.25	0.0605
775.375	0.0589
775.5	0.0613
775.625	0.0589
775.75	0.0605
775.875	0.0581
776.0	0.0589
776.125	0.0597
776.25	0.0581
776.375	0.0573
776.5	0.0573
776.625	0.0581
776.75	0.0573
776.875	0.0566
777.0	0.0566
777.125	0.0566
777.25	0.0589
777.375	0.0566
777.5	0.0558
777.625	0.0566
777.75	0.0566
777.875	0.0566
778.0	0.055
778.125	0.0566
778.25	0.0566
778.375	0.0558
778.5	0.0566
778.625	0.0566
778.75	0.055
778.875	0.0566
779.0	0.0558
779.125	0.0558
779.25	0.0558
779.375	0.0558
779.5	0.0558
779.625	0.055
779.75	0.0542
779.875	0.055
780.0	0.0566
780.125	0.055
780.25	0.0566
780.375	0.0534
780.5	0.0526
780.625	0.0534
780.75	0.0534
780.875	0.0534
781.0	0.0526
781.125	0.0534
781.25	0.0534
781.375	0.0518
781.5	0.0526
781.625	0.0518
781.75	0.0518
781.875	0.0534
782.0	0.0518
782.125	0.0518
782.25	0.0518
782.375	0.0518
782.5	0.0511
782.625	0.0511
782.75	0.0518
782.875	0.0518
783.0	0.0518
783.125	0.0503
783.25	0.0518
783.375	0.0518
783.5	0.0503
783.625	0.0503
783.75	0.0503
783.875	0.0487
784.0	0.0503
784.125	0.0479
784.25	0.0479
784.375	0.0503
784.5	0.0479
784.625	0.0471
784.75	0.0495
784.875	0.0479
785.0	0.0487
785.125	0.0479
785.25	0.0471
785.375	0.0471
785.5	0.0471
785.625	0.0487
785.75	0.0471
785.875	0.0471
786.0	0.0471
786.125	0.0479
786.25	0.0471
786.375	0.0471
786.5	0.0471
786.625	0.0471
786.75	0.0471
786.875	0.0471
787.0	0.0463
787.125	0.0471
787.25	0.0471
787.375	0.0471
787.5	0.0471
787.625	0.0471
787.75	0.0471
787.875	0.0471
788.0	0.0471
788.125	0.0471
788.25	0.0463
788.375	0.0448
788.5	0.0455
788.625	0.0448
788.75	0.0471
788.875	0.044
789.0	0.0455
789.125	0.0455
789.25	0.0448
789.375	0.0448
789.5	0.0432
789.625	0.0432
789.75	0.044
789.875	0.0432
790.0	0.044
790.125	0.0432
790.25	0.0424
790.375	0.0424
790.5	0.0424
790.625	0.044
790.75	0.0424
790.875	0.0424
791.0	0.0424
791.125	0.0424
791.25	0.0424
791.375	0.0424
791.5	0.0424
791.625	0.0432
791.75	0.0424
791.875	0.0424
792.0	0.0424
792.125	0.0424
792.25	0.0408
792.375	0.0424
792.5	0.0424
792.625	0.0424
792.75	0.0416
792.875	0.0416
793.0	0.0424
793.125	0.0424
793.25	0.0424
793.375	0.0424
793.5	0.0424
793.625	0.0408
793.75	0.0424
793.875	0.0424
794.0	0.0424
794.125	0.0424
794.25	0.0416
794.375	0.0424
794.5	0.04
794.625	0.0408
794.75	0.0424
794.875	0.0424
795.0	0.0416
795.125	0.0393
795.25	0.0416
795.375	0.0377
795.5	0.0408
795.625	0.0393
795.75	0.04
795.875	0.04
796.0	0.0385
796.125	0.0393
796.25	0.04
796.375	0.0377
796.5	0.0385
796.625	0.0377
796.75	0.0385
796.875	0.0408
797.0	0.0385
797.125	0.0408
797.25	0.0385
797.375	0.0377
797.5	0.0377
797.625	0.0385
797.75	0.0377
797.875	0.0393
798.0	0.0393
798.125	0.0377
798.25	0.0377
798.375	0.0377
798.5	0.0377
798.625	0.0385
798.75	0.0385
798.875	0.0377
799.0	0.04
799.125	0.0377
799.25	0.0377
799.375	0.0377
799.5	0.0385
799.625	0.0377
799.75	0.0385
799.875	0.0393
800.0	0.0369
800.125	0.0385
800.25	0.0377
800.375	0.0377
800.5	0.0377
800.625	0.0377
800.75	0.0377
800.875	0.0385
801.0	0.0377
801.125	0.0377
801.25	0.0377
801.375	0.0377
801.5	0.0385
801.625	0.0377
801.75	0.0369
801.875	0.0369
802.0	0.0377
802.125	0.0377
802.25	0.0377
802.375	0.0377
802.5	0.0377
802.625	0.0377
802.75	0.0377
802.875	0.0377
803.0	0.0377
803.125	0.0369
803.25	0.0377
803.375	0.0377
803.5	0.0377
803.625	0.0377
803.75	0.0377
803.875	0.0369
804.0	0.0377
804.125	0.0377
804.25	0.0377
804.375	0.0377
804.5	0.0377
804.625	0.0377
804.75	0.0377
804.875	0.0377
805.0	0.0369
805.125	0.0377
805.25	0.0377
805.375	0.0377
805.5	0.0377
805.625	0.0377
805.75	0.0377
805.875	0.0377
806.0	0.0377
806.125	0.0377
806.25	0.0377
806.375	0.0369
806.5	0.0377
806.625	0.0377
806.75	0.0377
806.875	0.0377
807.0	0.0377
807.125	0.0377
807.25	0.0377
807.375	0.0377
807.5	0.0361
807.625	0.0353
807.75	0.0369
807.875	0.0361
808.0	0.0377
808.125	0.0369
808.25	0.0361
808.375	0.0377
808.5	0.0369
808.625	0.0369
808.75	0.0369
808.875	0.0369
809.0	0.0377
809.125	0.0369
809.25	0.0377
809.375	0.0353
809.5	0.0361
809.625	0.0377
809.75	0.0369
809.875	0.0361
810.0	0.0369
810.125	0.0353
810.25	0.0361
810.375	0.0377
810.5	0.0353
810.625	0.0361
810.75	0.0369
810.875	0.0345
811.0	0.0361
811.125	0.0345
811.25	0.0353
811.375	0.0369
811.5	0.0377
811.625	0.0369
811.75	0.0377
811.875	0.0361
812.0	0.0345
812.125	0.0369
812.25	0.0353
812.375	0.0361
812.5	0.0353
812.625	0.0369
812.75	0.0338
812.875	0.0353
813.0	0.0338
813.125	0.0353
813.25	0.0353
813.375	0.0353
813.5	0.0377
813.625	0.0353
813.75	0.0345
813.875	0.0377
814.0	0.0338
814.125	0.0353
814.25	0.0345
814.375	0.0353
814.5	0.0353
814.625	0.0345
814.75	0.0353
814.875	0.0338
815.0	0.0369
815.125	0.0361
815.25	0.033
815.375	0.0345
815.5	0.0338
815.625	0.0353
815.75	0.0361
815.875	0.0345
816.0	0.0345
816.125	0.0338
816.25	0.0369
816.375	0.0345
816.5	0.0353
816.625	0.0345
816.75	0.0345
816.875	0.033
817.0	0.0361
817.125	0.0361
817.25	0.033
817.375	0.0361
817.5	0.0353
817.625	0.0338
817.75	0.033
817.875	0.0338
818.0	0.033
818.125	0.0377
818.25	0.0345
818.375	0.0338
818.5	0.0345
818.625	0.0338
818.75	0.0353
818.875	0.033
819.0	0.0369
819.125	0.033
819.25	0.0369
819.375	0.033
819.5	0.0361
819.625	0.0345
819.75	0.033
819.875	0.033
820.0	0.0345
820.125	0.033
820.25	0.033
820.375	0.0338
820.5	0.033
820.625	0.033
820.75	0.0338
820.875	0.0338
821.0	0.0338
821.125	0.033
821.25	0.033
821.375	0.033
821.5	0.0345
821.625	0.0338
821.75	0.0338
821.875	0.0353
822.0	0.033
822.125	0.033
822.25	0.0345
822.375	0.0345
822.5	0.033
822.625	0.0338
822.75	0.033
822.875	0.0338
823.0	0.0345
823.125	0.033
823.25	0.0353
823.375	0.0338
823.5	0.0338
823.625	0.0338
823.75	0.033
823.875	0.033
824.0	0.033
824.125	0.033
824.25	0.0338
824.375	0.033
824.5	0.0338
824.625	0.033
824.75	0.033
824.875	0.033
825.0	0.033
825.125	0.0338
825.25	0.033
825.375	0.033
825.5	0.033
825.625	0.0338
825.75	0.033
825.875	0.0338
826.0	0.0338
826.125	0.033
826.25	0.033
826.375	0.033
826.5	0.033
826.625	0.033
826.75	0.033
826.875	0.0338
827.0	0.0338
827.125	0.0338
827.25	0.033
827.375	0.033
827.5	0.033
827.625	0.033
827.75	0.033
827.875	0.0338
828.0	0.033
828.125	0.033
828.25	0.033
828.375	0.033
828.5	0.033
828.625	0.0338
828.75	0.033
828.875	0.033
829.0	0.033
829.125	0.0314
829.25	0.0338
829.375	0.033
829.5	0.033
829.625	0.033
829.75	0.033
829.875	0.0338
830.0	0.033
830.125	0.033
830.25	0.033
830.375	0.033
830.5	0.033
830.625	0.033
830.75	0.033
830.875	0.033
831.0	0.033
831.125	0.033
831.25	0.033
831.375	0.0338
831.5	0.0322
831.625	0.033
831.75	0.033
831.875	0.0322
832.0	0.033
832.125	0.033
832.25	0.033
832.375	0.033
832.5	0.0314
832.625	0.0338
832.75	0.033
832.875	0.033
833.0	0.033
833.125	0.0306
833.25	0.033
833.375	0.0298
833.5	0.033
833.625	0.033
833.75	0.0322
833.875	0.033
834.0	0.0322
834.125	0.033
834.25	0.033
834.375	0.033
834.5	0.0338
834.625	0.033
834.75	0.033
834.875	0.033
835.0	0.0322
835.125	0.033
835.25	0.033
835.375	0.033
835.5	0.0322
835.625	0.0314
835.75	0.033
835.875	0.033
836.0	0.033
836.125	0.033
836.25	0.0314
836.375	0.0322
836.5	0.0322
836.625	0.0322
836.75	0.033
836.875	0.0322
837.0	0.033
837.125	0.0314
837.25	0.033
837.375	0.033
837.5	0.0338
837.625	0.033
837.75	0.033
837.875	0.0322
838.0	0.033
838.125	0.0322
838.25	0.0322
838.375	0.0322
838.5	0.033
838.625	0.0322
838.75	0.0314
838.875	0.0322
839.0	0.0345
839.125	0.0338
839.25	0.033
839.375	0.0314
839.5	0.033
839.625	0.033
839.75	0.033
839.875	0.033
840.0	0.033
840.125	0.033
840.25	0.033
840.375	0.033
840.5	0.0322
840.625	0.0322
840.75	0.033
840.875	0.0338
841.0	0.033
841.125	0.033
841.25	0.033
841.375	0.033
841.5	0.033
841.625	0.033
841.75	0.033
841.875	0.033
842.0	0.0298
842.125	0.033
842.25	0.0322
842.375	0.0322
842.5	0.0322
842.625	0.033
842.75	0.033
842.875	0.0322
843.0	0.033
843.125	0.0314
843.25	0.0314
843.375	0.033
843.5	0.0314
843.625	0.0322
843.75	0.0322
843.875	0.033
844.0	0.0314
844.125	0.0314
844.25	0.0298
844.375	0.0314
844.5	0.033
844.625	0.033
844.75	0.033
844.875	0.0306
845.0	0.0322
845.125	0.0322
845.25	0.033
845.375	0.0322
845.5	0.033
845.625	0.033
845.75	0.033
845.875	0.0314
846.0	0.033
846.125	0.033
846.25	0.0338
846.375	0.0322
846.5	0.033
846.625	0.033
846.75	0.033
846.875	0.033
847.0	0.033
847.125	0.0338
847.25	0.0322
847.375	0.033
847.5	0.033
847.625	0.033
847.75	0.033
847.875	0.033
848.0	0.033
848.125	0.0345
848.25	0.0345
848.375	0.033
848.5	0.0353
848.625	0.033
848.75	0.0338
848.875	0.0345
849.0	0.033
849.125	0.033
849.25	0.0338
849.375	0.033
849.5	0.0345
849.625	0.0338
849.75	0.033
849.875	0.0353
850.0	0.033
850.125	0.033
850.25	0.0338
850.375	0.033
850.5	0.0338
850.625	0.0338
850.75	0.0345
850.875	0.033
851.0	0.0338
851.125	0.033
851.25	0.0338
851.375	0.033
851.5	0.033
851.625	0.0353
851.75	0.033
851.875	0.0345
852.0	0.0338
852.125	0.0353
852.25	0.033
852.375	0.0345
852.5	0.0345
852.625	0.0338
852.75	0.0369
852.875	0.0338
853.0	0.0345
853.125	0.0353
853.25	0.0345
853.375	0.0345
853.5	0.0338
853.625	0.0353
853.75	0.0345
853.875	0.0338
854.0	0.033
854.125	0.0353
854.25	0.0353
854.375	0.0338
854.5	0.0338
854.625	0.033
854.75	0.0338
854.875	0.0338
855.0	0.033
855.125	0.0361
855.25	0.033
855.375	0.0338
855.5	0.033
855.625	0.0345
855.75	0.0353
855.875	0.0345
856.0	0.0345
856.125	0.033
856.25	0.033
856.375	0.0338
856.5	0.0338
856.625	0.0361
856.75	0.0345
856.875	0.033
857.0	0.0345
857.125	0.0353
857.25	0.0353
857.375	0.0345
857.5	0.0338
857.625	0.033
857.75	0.0353
857.875	0.0353
858.0	0.0345
858.125	0.0361
858.25	0.0338
858.375	0.033
858.5	0.0345
858.625	0.0338
858.75	0.0345
858.875	0.0353
859.0	0.0353
859.125	0.0345
859.25	0.0345
859.375	0.0338
859.5	0.0345
859.625	0.0345
859.75	0.0338
859.875	0.0338
860.0	0.0345
860.125	0.0345
860.25	0.0369
860.375	0.0353
860.5	0.0361
860.625	0.033
860.75	0.0353
860.875	0.0345
861.0	0.0338
861.125	0.0353
861.25	0.0361
861.375	0.0338
861.5	0.033
861.625	0.0338
861.75	0.0353
861.875	0.0345
862.0	0.0345
862.125	0.0361
862.25	0.0361
862.375	0.0361
862.5	0.0338
862.625	0.0369
862.75	0.0361
862.875	0.0353
863.0	0.0361
863.125	0.0353
863.25	0.0369
863.375	0.0338
863.5	0.0353
863.625	0.0353
863.75	0.0345
863.875	0.0353
864.0	0.0353
864.125	0.0338
864.25	0.0353
864.375	0.0361
864.5	0.0345
864.625	0.0345
864.75	0.033
864.875	0.0353
865.0	0.0345
865.125	0.0353
865.25	0.0353
865.375	0.0361
865.5	0.0361
865.625	0.0361
865.75	0.0345
865.875	0.0361
866.0	0.0361
866.125	0.0361
866.25	0.0338
866.375	0.0361
866.5	0.0353
866.625	0.0361
866.75	0.0353
866.875	0.0353
867.0	0.0369
867.125	0.0338
867.25	0.0353
867.375	0.0353
867.5	0.0345
867.625	0.0338
867.75	0.0345
867.875	0.0369
868.0	0.0353
868.125	0.0345
868.25	0.0369
868.375	0.033
868.5	0.0361
868.625	0.0345
868.75	0.0361
868.875	0.0361
869.0	0.0361
869.125	0.0361
869.25	0.0369
869.375	0.0353
869.5	0.0353
869.625	0.0361
869.75	0.0353
869.875	0.0361
870.0	0.0353
870.125	0.0353
870.25	0.0361
870.375	0.0353
870.5	0.0353
870.625	0.0338
870.75	0.0361
870.875	0.0361
871.0	0.0361
871.125	0.0361
871.25	0.0377
871.375	0.0369
871.5	0.0369
871.625	0.0377
871.75	0.0377
871.875	0.0361
872.0	0.0353
872.125	0.0361
872.25	0.0353
872.375	0.0377
872.5	0.0369
872.625	0.0361
872.75	0.0345
872.875	0.0361
873.0	0.0353
873.125	0.0361
873.25	0.0345
873.375	0.0338
873.5	0.0345
873.625	0.0369
873.75	0.0369
873.875	0.0369
874.0	0.0361
874.125	0.0377
874.25	0.0377
874.375	0.0361
874.5	0.0377
874.625	0.0338
874.75	0.0377
874.875	0.0361
875.0	0.0361
875.125	0.0369
875.25	0.0345
875.375	0.0345
875.5	0.0361
875.625	0.0369
875.75	0.0377
875.875	0.0361
876.0	0.0377
876.125	0.0353
876.25	0.0377
876.375	0.0369
876.5	0.0361
876.625	0.0369
876.75	0.0369
876.875	0.0377
877.0	0.0369
877.125	0.0361
877.25	0.0353
877.375	0.0361
877.5	0.0361
877.625	0.0369
877.75	0.0361
877.875	0.0369
878.0	0.0361
878.125	0.0345
878.25	0.0353
878.375	0.0361
878.5	0.0361
878.625	0.0361
878.75	0.0369
878.875	0.0377
879.0	0.0361
879.125	0.0377
879.25	0.0353
879.375	0.0369
879.5	0.0345
879.625	0.0353
879.75	0.0377
879.875	0.0377
880.0	0.0377
880.125	0.0369
880.25	0.0361
880.375	0.0369
880.5	0.0369
880.625	0.0369
880.75	0.0377
880.875	0.0369
881.0	0.0361
881.125	0.0369
881.25	0.0338
881.375	0.0353
881.5	0.0345
881.625	0.0353
881.75	0.0369
881.875	0.0369
882.0	0.0369
882.125	0.0361
882.25	0.0377
882.375	0.0345
882.5	0.0369
882.625	0.0377
882.75	0.0345
882.875	0.0353
883.0	0.0369
883.125	0.0361
883.25	0.0353
883.375	0.0353
883.5	0.0361
883.625	0.0377
883.75	0.0345
883.875	0.0369
884.0	0.0353
884.125	0.0361
884.25	0.0361
884.375	0.0338
884.5	0.0361
884.625	0.0353
884.75	0.0345
884.875	0.0353
885.0	0.0377
885.125	0.0361
885.25	0.0353
885.375	0.0369
885.5	0.0353
885.625	0.0369
885.75	0.0353
885.875	0.0361
886.0	0.0369
886.125	0.0353
886.25	0.0361
886.375	0.0361
886.5	0.0361
886.625	0.0353
886.75	0.0345
886.875	0.0369
887.0	0.0361
887.125	0.0353
887.25	0.0338
887.375	0.0369
887.5	0.0345
887.625	0.0369
887.75	0.0377
887.875	0.0345
888.0	0.0345
888.125	0.0377
888.25	0.0369
888.375	0.0361
888.5	0.0369
888.625	0.0361
888.75	0.0345
888.875	0.0369
889.0	0.0377
889.125	0.0361
889.25	0.0369
889.375	0.0361
889.5	0.0361
889.625	0.0361
889.75	0.0377
889.875	0.0377
890.0	0.0345
890.125	0.0345
890.25	0.0353
890.375	0.0353
890.5	0.0345
890.625	0.0338
890.75	0.0345
890.875	0.0345
891.0	0.0338
891.125	0.033
891.25	0.0338
891.375	0.0338
891.5	0.033
891.625	0.033
891.75	0.0361
891.875	0.0361
892.0	0.0338
892.125	0.033
892.25	0.0353
892.375	0.0345
892.5	0.0345
892.625	0.0345
892.75	0.0338
892.875	0.033
893.0	0.033
893.125	0.033
893.25	0.0361
893.375	0.033
893.5	0.0345
893.625	0.0345
893.75	0.0345
893.875	0.033
894.0	0.033
894.125	0.0338
894.25	0.033
894.375	0.033
894.5	0.033
894.625	0.033
894.75	0.0338
894.875	0.0338
895.0	0.033
895.125	0.033
895.25	0.0338
895.375	0.033
895.5	0.033
895.625	0.0345
895.75	0.033
895.875	0.033
896.0	0.0338
896.125	0.0338
896.25	0.0338
896.375	0.0338
896.5	0.0345
896.625	0.0338
896.75	0.0345
896.875	0.033
897.0	0.0345
897.125	0.0338
897.25	0.033
897.375	0.033
897.5	0.033
897.625	0.033
897.75	0.0353
897.875	0.033
898.0	0.0314
898.125	0.033
898.25	0.0338
898.375	0.0345
898.5	0.033
898.625	0.033
898.75	0.0338
898.875	0.0338
899.0	0.033
899.125	0.0338
899.25	0.033
899.375	0.0338
899.5	0.033
899.625	0.0345
899.75	0.0345
899.875	0.0338
