300.0	0.0487
300.125	0.0503
300.25	0.0511
300.375	0.0487
300.5	0.0479
300.625	0.0479
300.75	0.0487
300.875	0.0471
301.0	0.0471
301.125	0.0479
301.25	0.0495
301.375	0.0479
301.5	0.0479
301.625	0.0479
301.75	0.0479
301.875	0.0479
302.0	0.0487
302.125	0.0479
302.25	0.0471
302.375	0.0479
302.5	0.0487
302.625	0.0471
302.75	0.0487
302.875	0.0471
303.0	0.0471
303.125	0.0479
303.25	0.0471
303.375	0.0503
303.5	0.0471
303.625	0.0487
303.75	0.0479
303.875	0.0471
304.0	0.0503
304.125	0.0471
304.25	0.0487
304.375	0.0471
304.5	0.0495
304.625	0.0487
304.75	0.0487
304.875	0.0495
305.0	0.0479
305.125	0.0471
305.25	0.0487
305.375	0.0503
305.5	0.0471
305.625	0.0487
305.75	0.0495
305.875	0.0471
306.0	0.0503
306.125	0.0479
306.25	0.0487
306.375	0.0471
306.5	0.0495
306.625	0.0487
306.75	0.0479
306.875	0.0479
307.0	0.0495
307.125	0.0487
307.25	0.0503
307.375	0.0495
307.5	0.0503
307.625	0.0487
307.75	0.0511
307.875	0.0495
308.0	0.0511
308.125	0.0503
308.25	0.0518
308.375	0.0511
308.5	0.0503
308.625	0.0503
308.75	0.0503
308.875	0.0518
309.0	0.0518
309.125	0.0511
309.25	0.0518
309.375	0.0518
309.5	0.0518
309.625	0.0511
309.75	0.0518
309.875	0.0511
310.0	0.0518
310.125	0.0518
310.25	0.0518
310.375	0.0518
310.5	0.0518
310.625	0.0518
310.75	0.0511
310.875	0.0518
311.0	0.0518
311.125	0.0511
311.25	0.0518
311.375	0.0518
311.5	0.0518
311.625	0.0518
311.75	0.0518
311.875	0.0518
312.0	0.0518
312.125	0.0518
312.25	0.0518
312.375	0.0518
312.5	0.0518
312.625	0.0526
312.75	0.0526
312.875	0.0518
313.0	0.0518
313.125	0.0518
313.25	0.0518
313.375	0.0518
313.5	0.0518
313.625	0.0518
313.75	0.0518
313.875	0.0518
314.0	0.0526
314.125	0.0526
314.25	0.0518
314.375	0.0518
314.5	0.0518
314.625	0.0518
314.75	0.0518
314.875	0.0518
315.0	0.0518
315.125	0.0518
315.25	0.0518
315.375	0.0518
315.5	0.0518
315.625	0.0534
315.75	0.0518
315.875	0.0526
316.0	0.0518
316.125	0.0534
316.25	0.0526
316.375	0.0518
316.5	0.0518
316.625	0.0518
316.75	0.0518
316.875	0.0518
317.0	0.0511
317.125	0.0518
317.25	0.0526
317.375	0.0526
317.5	0.0518
317.625	0.0518
317.75	0.0518
317.875	0.0526
318.0	0.0518
318.125	0.0518
318.25	0.0511
318.375	0.0518
318.5	0.0518
318.625	0.0534
318.75	0.0518
318.875	0.0518
319.0	0.0518
319.125	0.0518
319.25	0.0534
319.375	0.0518
319.5	0.0518
319.625	0.0518
319.75	0.0518
319.875	0.0511
320.0	0.0518
320.125	0.0518
320.25	0.0526
320.375	0.0518
320.5	0.0526
320.625	0.0518
320.75	0.0518
320.875	0.0518
321.0	0.0526
321.125	0.0526
321.25	0.0518
321.375	0.0526
321.5	0.0518
321.625	0.0518
321.75	0.0518
321.875	0.0518
322.0	0.0518
322.125	0.0534
322.25	0.0526
322.375	0.0518
322.5	0.0534
322.625	0.0518
322.75	0.0526
322.875	0.0518
323.0	0.0526
323.125	0.0518
323.25	0.0534
323.375	0.0518
323.5	0.0526
323.625	0.0518
323.75	0.0526
323.875	0.0518
324.0	0.0534
324.125	0.0534
324.25	0.0518
324.375	0.0526
324.5	0.0526
324.625	0.0526
324.75	0.0518
324.875	0.0518
325.0	0.0518
325.125	0.0526
325.25	0.0518
325.375	0.0526
325.5	0.0518
325.625	0.0526
325.75	0.0526
325.875	0.0526
326.0	0.0518
326.125	0.0526
326.25	0.0518
326.375	0.0534
326.5	0.0518
326.625	0.0526
326.75	0.0518
326.875	0.0518
327.0	0.0518
327.125	0.0518
327.25	0.0526
327.375	0.0518
327.5	0.0518
327.625	0.0518
327.75	0.0526
327.875	0.0518
328.0	0.0518
328.125	0.0518
328.25	0.0518
328.375	0.0518
328.5	0.0518
328.625	0.0518
328.75	0.0518
328.875	0.0518
329.0	0.0518
329.125	0.0518
329.25	0.0518
329.375	0.0518
329.5	0.0526
329.625	0.0518
329.75	0.0518
329.875	0.0542
330.0	0.0534
330.125	0.0518
330.25	0.0518
330.375	0.0518
330.5	0.0518
330.625	0.0518
330.75	0.0526
330.875	0.0518
331.0	0.0518
331.125	0.0518
331.25	0.0518
331.375	0.0518
331.5	0.0518
331.625	0.0526
331.75	0.0518
331.875	0.0518
332.0	0.0534
332.125	0.0518
332.25	0.0518
332.375	0.0526
332.5	0.0518
332.625	0.0518
332.75	0.0518
332.875	0.0518
333.0	0.0542
333.125	0.0526
333.25	0.0534
333.375	0.0518
333.5	0.0518
333.625	0.0518
333.75	0.0518
333.875	0.0518
334.0	0.0518
334.125	0.0526
334.25	0.0518
334.375	0.0526
334.5	0.0526
334.625	0.0518
334.75	0.0518
334.875	0.0518
335.0	0.0518
335.125	0.0518
335.25	0.0518
335.375	0.0518
335.5	0.0518
335.625	0.0526
335.75	0.0518
335.875	0.0518
336.0	0.0526
336.125	0.0526
336.25	0.0518
336.375	0.0518
336.5	0.0518
336.625	0.0526
336.75	0.0518
336.875	0.0518
337.0	0.0518
337.125	0.0526
337.25	0.0518
337.375	0.0518
337.5	0.0518
337.625	0.0518
337.75	0.0518
337.875	0.0518
338.0	0.0518
338.125	0.0518
338.25	0.0518
338.375	0.0526
338.5	0.0526
338.625	0.0526
338.75	0.0518
338.875	0.0518
339.0	0.0526
339.125	0.0518
339.25	0.0518
339.375	0.0518
339.5	0.0518
339.625	0.0518
339.75	0.0518
339.875	0.0518
340.0	0.0518
340.125	0.0518
340.25	0.0518
340.375	0.0518
340.5	0.0526
340.625	0.0518
340.75	0.0518
340.875	0.0511
341.0	0.0518
341.125	0.0518
341.25	0.0534
341.375	0.0518
341.5	0.0518
341.625	0.0526
341.75	0.0526
341.875	0.0526
342.0	0.0518
342.125	0.0526
342.25	0.0534
342.375	0.0518
342.5	0.0534
342.625	0.0526
342.75	0.0526
342.875	0.0518
343.0	0.0518
343.125	0.0526
343.25	0.0518
343.375	0.0518
343.5	0.0526
343.625	0.0518
343.75	0.0518
343.875	0.0526
344.0	0.0518
344.125	0.0518
344.25	0.0518
344.375	0.0534
344.5	0.0518
344.625	0.0518
344.75	0.0518
344.875	0.0518
345.0	0.0526
345.125	0.0518
345.25	0.0518
345.375	0.0518
345.5	0.0518
345.625	0.0511
345.75	0.0534
345.875	0.0518
346.0	0.0518
346.125	0.0526
346.25	0.0518
346.375	0.0518
346.5	0.0518
346.625	0.0518
346.75	0.0518
346.875	0.0526
347.0	0.0518
347.125	0.0518
347.25	0.0526
347.375	0.0518
347.5	0.0518
347.625	0.0526
347.75	0.0518
347.875	0.0518
348.0	0.0518
348.125	0.0518
348.25	0.0518
348.375	0.0518
348.5	0.0518
348.625	0.0511
348.75	0.0518
348.875	0.0518
349.0	0.0518
349.125	0.0518
349.25	0.0518
349.375	0.0518
349.5	0.0534
349.625	0.0518
349.75	0.0526
349.875	0.0518
350.0	0.0526
350.125	0.0518
350.25	0.0518
350.375	0.0518
350.5	0.0518
350.625	0.0518
350.75	0.0518
350.875	0.0526
351.0	0.0518
351.125	0.0518
351.25	0.0518
351.375	0.0518
351.5	0.0534
351.625	0.0518
351.75	0.0518
351.875	0.0518
352.0	0.0518
352.125	0.0518
352.25	0.0518
352.375	0.0518
352.5	0.0518
352.625	0.0526
352.75	0.0526
352.875	0.0518
353.0	0.0518
353.125	0.0526
353.25	0.0518
353.375	0.0511
353.5	0.0511
353.625	0.0518
353.75	0.0518
353.875	0.0518
354.0	0.0518
354.125	0.0518
354.25	0.0518
354.375	0.0526
354.5	0.0518
354.625	0.0518
354.75	0.0518
354.875	0.0534
355.0	0.0518
355.125	0.0518
355.25	0.0518
355.375	0.0518
355.5	0.0518
355.625	0.0526
355.75	0.0518
355.875	0.0534
356.0	0.0518
356.125	0.0518
356.25	0.0518
356.375	0.0526
356.5	0.0534
356.625	0.0518
356.75	0.0518
356.875	0.0518
357.0	0.0534
357.125	0.0518
357.25	0.0518
357.375	0.0518
357.5	0.0518
357.625	0.0511
357.75	0.0518
357.875	0.0518
358.0	0.0518
358.125	0.0518
358.25	0.0518
358.375	0.0511
358.5	0.0526
358.625	0.0518
358.75	0.0518
358.875	0.0526
359.0	0.0518
359.125	0.0534
359.25	0.0526
359.375	0.0518
359.5	0.0526
359.625	0.0518
359.75	0.0518
359.875	0.0518
360.0	0.0526
360.125	0.0518
360.25	0.0518
360.375	0.0526
360.5	0.0534
360.625	0.0518
360.75	0.0534
360.875	0.0518
361.0	0.0518
361.125	0.0518
361.25	0.0518
361.375	0.0518
361.5	0.0518
361.625	0.0534
361.75	0.0518
361.875	0.0518
362.0	0.0518
362.125	0.0518
362.25	0.0526
362.375	0.0526
362.5	0.0526
362.625	0.0518
362.75	0.0518
362.875	0.0518
363.0	0.0526
363.125	0.0518
363.25	0.0518
363.375	0.0518
363.5	0.0526
363.625	0.0518
363.75	0.0534
363.875	0.0526
364.0	0.0518
364.125	0.0518
364.25	0.0518
364.375	0.0518
364.5	0.0518
364.625	0.0518
364.75	0.0518
364.875	0.0518
365.0	0.0518
365.125	0.0518
365.25	0.0518
365.375	0.0518
365.5	0.0518
365.625	0.0534
365.75	0.0518
365.875	0.0518
366.0	0.0518
366.125	0.0518
366.25	0.0518
366.375	0.0526
366.5	0.0518
366.625	0.0518
366.75	0.0526
366.875	0.0518
367.0	0.0518
367.125	0.0518
367.25	0.0518
367.375	0.0518
367.5	0.0518
367.625	0.0518
367.75	0.0518
367.875	0.0518
368.0	0.0518
368.125	0.0518
368.25	0.0518
368.375	0.0526
368.5	0.0526
368.625	0.0518
368.75	0.0518
368.875	0.0518
369.0	0.0526
369.125	0.0518
369.25	0.0518
369.375	0.0518
369.5	0.0518
369.625	0.0518
369.75	0.0518
369.875	0.0518
370.0	0.0518
370.125	0.0518
370.25	0.0518
370.375	0.0518
370.5	0.0518
370.625	0.0518
370.75	0.0518
370.875	0.0518
371.0	0.0518
371.125	0.0518
371.25	0.0518
371.375	0.0526
371.5	0.0518
371.625	0.0534
371.75	0.0518
371.875	0.0518
372.0	0.0518
372.125	0.0518
372.25	0.0518
372.375	0.0526
372.5	0.0534
372.625	0.0518
372.75	0.0518
372.875	0.0518
373.0	0.0534
373.125	0.0518
373.25	0.0518
373.375	0.0518
373.5	0.0518
373.625	0.0518
373.75	0.0518
373.875	0.0518
374.0	0.0518
374.125	0.0518
374.25	0.0518
374.375	0.0518
374.5	0.0526
374.625	0.0526
374.75	0.0518
374.875	0.0518
375.0	0.0526
375.125	0.0526
375.25	0.0518
375.375	0.0526
375.5	0.0526
375.625	0.0518
375.75	0.0518
375.875	0.0526
376.0	0.0526
376.125	0.0518
376.25	0.0518
376.375	0.0518
376.5	0.0534
376.625	0.0518
376.75	0.0518
376.875	0.0518
377.0	0.0518
377.125	0.0518
377.25	0.0534
377.375	0.0518
377.5	0.0518
377.625	0.0526
377.75	0.0518
377.875	0.0518
378.0	0.0518
378.125	0.0518
378.25	0.0518
378.375	0.0534
378.5	0.0534
378.625	0.0518
378.75	0.0518
378.875	0.0518
379.0	0.0518
379.125	0.0518
379.25	0.0518
379.375	0.0518
379.5	0.0526
379.625	0.0518
379.75	0.0518
379.875	0.0518
380.0	0.0518
380.125	0.0518
380.25	0.0518
380.375	0.0518
380.5	0.0518
380.625	0.0526
380.75	0.0518
380.875	0.0518
381.0	0.0526
381.125	0.0534
381.25	0.0518
381.375	0.0526
381.5	0.0526
381.625	0.0518
381.75	0.0518
381.875	0.0526
382.0	0.0534
382.125	0.0518
382.25	0.0518
382.375	0.0518
382.5	0.0518
382.625	0.0518
382.75	0.0518
382.875	0.0534
383.0	0.0534
383.125	0.0526
383.25	0.0518
383.375	0.0518
383.5	0.0518
383.625	0.0518
383.75	0.0518
383.875	0.0518
384.0	0.0518
384.125	0.0518
384.25	0.0518
384.375	0.0526
384.5	0.0526
384.625	0.0518
384.75	0.0518
384.875	0.0518
385.0	0.0518
385.125	0.0518
385.25	0.0518
385.375	0.0518
385.5	0.0518
385.625	0.0518
385.75	0.0518
385.875	0.0518
386.0	0.0518
386.125	0.0518
386.25	0.0534
386.375	0.0518
386.5	0.0518
386.625	0.0518
386.75	0.0518
386.875	0.0518
387.0	0.0518
387.125	0.0518
387.25	0.0511
387.375	0.0518
387.5	0.0511
387.625	0.0534
387.75	0.0518
387.875	0.0518
388.0	0.0518
388.125	0.0518
388.25	0.0511
388.375	0.0518
388.5	0.0518
388.625	0.0518
388.75	0.0511
388.875	0.0526
389.0	0.0518
389.125	0.0518
389.25	0.0518
389.375	0.0518
389.5	0.0518
389.625	0.0518
389.75	0.0518
389.875	0.0518
390.0	0.0518
390.125	0.0518
390.25	0.0518
390.375	0.0518
390.5	0.0518
390.625	0.0518
390.75	0.0518
390.875	0.0518
391.0	0.0518
391.125	0.0518
391.25	0.0503
391.375	0.0518
391.5	0.0518
391.625	0.0518
391.75	0.0518
391.875	0.0518
392.0	0.0518
392.125	0.0534
392.25	0.0518
392.375	0.0518
392.5	0.0518
392.625	0.0518
392.75	0.0518
392.875	0.0518
393.0	0.0518
393.125	0.0526
393.25	0.0518
393.375	0.0518
393.5	0.0518
393.625	0.0518
393.75	0.0518
393.875	0.0518
394.0	0.0518
394.125	0.0518
394.25	0.0518
394.375	0.0518
394.5	0.0518
394.625	0.0518
394.75	0.0518
394.875	0.0534
395.0	0.0518
395.125	0.0518
395.25	0.0526
395.375	0.0518
395.5	0.0518
395.625	0.0518
395.75	0.0518
395.875	0.0518
396.0	0.0518
396.125	0.0518
396.25	0.0511
396.375	0.0518
396.5	0.0518
396.625	0.0526
396.75	0.0511
396.875	0.0518
397.0	0.0511
397.125	0.055
397.25	0.0518
397.375	0.0518
397.5	0.0518
397.625	0.0518
397.75	0.0526
397.875	0.0542
398.0	0.0518
398.125	0.0534
398.25	0.0526
398.375	0.0511
398.5	0.0518
398.625	0.0534
398.75	0.0518
398.875	0.0526
399.0	0.0518
399.125	0.0518
399.25	0.0518
399.375	0.0526
399.5	0.0518
399.625	0.0518
399.75	0.0518
399.875	0.0526
400.0	0.0518
400.125	0.0518
400.25	0.0518
400.375	0.0526
400.5	0.0518
400.625	0.0526
400.75	0.0518
400.875	0.0518
401.0	0.0518
401.125	0.0526
401.25	0.0518
401.375	0.0534
401.5	0.0518
401.625	0.0518
401.75	0.0518
401.875	0.0518
402.0	0.0518
402.125	0.0526
402.25	0.0518
402.375	0.0542
402.5	0.0518
402.625	0.0534
402.75	0.0526
402.875	0.0526
403.0	0.0534
403.125	0.0518
403.25	0.0518
403.375	0.0518
403.5	0.0526
403.625	0.0534
403.75	0.0534
403.875	0.0534
404.0	0.0534
404.125	0.0518
404.25	0.0526
404.375	0.0526
404.5	0.0526
404.625	0.0518
404.75	0.055
404.875	0.0526
405.0	0.0558
405.125	0.0518
405.25	0.0526
405.375	0.0542
405.5	0.0518
405.625	0.0542
405.75	0.0542
405.875	0.0534
406.0	0.0542
406.125	0.0558
406.25	0.0526
406.375	0.0518
406.5	0.055
406.625	0.0534
406.75	0.055
406.875	0.0542
407.0	0.0542
407.125	0.0558
407.25	0.0558
407.375	0.055
407.5	0.055
407.625	0.0542
407.75	0.055
407.875	0.055
408.0	0.0566
408.125	0.055
408.25	0.0542
408.375	0.0558
408.5	0.0566
408.625	0.0558
408.75	0.0558
408.875	0.0558
409.0	0.0542
409.125	0.0558
409.25	0.0558
409.375	0.0566
409.5	0.055
409.625	0.055
409.75	0.055
409.875	0.0558
410.0	0.0558
410.125	0.0566
410.25	0.0566
410.375	0.0566
410.5	0.0566
410.625	0.0566
410.75	0.0566
410.875	0.0566
411.0	0.0566
411.125	0.0566
411.25	0.055
411.375	0.0566
411.5	0.0566
411.625	0.0573
411.75	0.0566
411.875	0.0573
412.0	0.0573
412.125	0.0566
412.25	0.0573
412.375	0.0566
412.5	0.0589
412.625	0.0566
412.75	0.0566
412.875	0.0566
413.0	0.0566
413.125	0.0573
413.25	0.0581
413.375	0.0589
413.5	0.0589
413.625	0.0597
413.75	0.0589
413.875	0.0589
414.0	0.0589
414.125	0.0613
414.25	0.0613
414.375	0.0605
414.5	0.0613
414.625	0.0605
414.75	0.0613
414.875	0.0613
415.0	0.0613
415.125	0.0613
415.25	0.0605
415.375	0.0613
415.5	0.0613
415.625	0.0613
415.75	0.0613
415.875	0.0613
416.0	0.0613
416.125	0.0613
416.25	0.0613
416.375	0.0613
416.5	0.0613
416.625	0.0589
416.75	0.0597
416.875	0.0581
417.0	0.0573
417.125	0.0566
417.25	0.0566
417.375	0.0542
417.5	0.0518
417.625	0.0518
417.75	0.0479
417.875	0.0471
418.0	0.0463
418.125	0.0471
418.25	0.0471
418.375	0.0487
418.5	0.0479
418.625	0.0487
418.75	0.0511
418.875	0.0495
419.0	0.0518
419.125	0.0542
419.25	0.0566
419.375	0.0581
419.5	0.0613
419.625	0.0613
419.75	0.0605
419.875	0.0636
420.0	0.066
420.125	0.066
420.25	0.066
420.375	0.0676
420.5	0.0683
420.625	0.0707
420.75	0.0707
420.875	0.0707
421.0	0.0707
421.125	0.0715
421.25	0.0723
421.375	0.0746
421.5	0.0738
421.625	0.0754
421.75	0.0754
421.875	0.0754
422.0	0.0754
422.125	0.0762
422.25	0.0762
422.375	0.077
422.5	0.0762
422.625	0.0778
422.75	0.0794
422.875	0.0778
423.0	0.0801
423.125	0.0794
423.25	0.0801
423.375	0.0809
423.5	0.0801
423.625	0.0801
423.75	0.0817
423.875	0.0817
424.0	0.0817
424.125	0.0841
424.25	0.0809
424.375	0.0841
424.5	0.0849
424.625	0.0849
424.75	0.0849
424.875	0.0849
425.0	0.0849
425.125	0.0849
425.25	0.0864
425.375	0.0872
425.5	0.0872
425.625	0.0849
425.75	0.0896
425.875	0.0888
426.0	0.0872
426.125	0.0896
426.25	0.0888
426.375	0.0896
426.5	0.0896
426.625	0.0896
426.75	0.0896
426.875	0.0904
427.0	0.0896
427.125	0.0896
427.25	0.0911
427.375	0.0919
427.5	0.0911
427.625	0.0911
427.75	0.0919
427.875	0.0943
428.0	0.0927
428.125	0.0927
428.25	0.0943
428.375	0.0927
428.5	0.0935
428.625	0.0943
428.75	0.0935
428.875	0.0927
429.0	0.0935
429.125	0.0943
429.25	0.0927
429.375	0.0943
429.5	0.0935
429.625	0.0935
429.75	0.0919
429.875	0.0943
430.0	0.0927
430.125	0.0911
430.25	0.0927
430.375	0.0919
430.5	0.0919
430.625	0.0927
430.75	0.0896
430.875	0.0896
431.0	0.0896
431.125	0.0888
431.25	0.0896
431.375	0.0888
431.5	0.088
431.625	0.088
431.75	0.088
431.875	0.0849
432.0	0.0849
432.125	0.0849
432.25	0.0849
432.375	0.0849
432.5	0.0849
432.625	0.0825
432.75	0.0825
432.875	0.0809
433.0	0.0801
433.125	0.0801
433.25	0.0801
433.375	0.0786
433.5	0.0778
433.625	0.0786
433.75	0.0762
433.875	0.0754
434.0	0.0754
434.125	0.0754
434.25	0.0754
434.375	0.0754
434.5	0.0746
434.625	0.0754
434.75	0.0754
434.875	0.0738
435.0	0.0738
435.125	0.0715
435.25	0.0707
435.375	0.0715
435.5	0.0707
435.625	0.0707
435.75	0.0707
435.875	0.0707
436.0	0.0707
436.125	0.0707
436.25	0.0723
436.375	0.0707
436.5	0.0707
436.625	0.0707
436.75	0.0707
436.875	0.0707
437.0	0.0699
437.125	0.0707
437.25	0.0715
437.375	0.0707
437.5	0.0707
437.625	0.0707
437.75	0.0707
437.875	0.0707
438.0	0.0715
438.125	0.0707
438.25	0.0707
438.375	0.0707
438.5	0.0707
438.625	0.0707
438.75	0.0707
438.875	0.0707
439.0	0.0707
439.125	0.0699
439.25	0.0699
439.375	0.0707
439.5	0.0707
439.625	0.0707
439.75	0.0707
439.875	0.0707
440.0	0.0707
440.125	0.0707
440.25	0.0707
440.375	0.0707
440.5	0.0699
440.625	0.0691
440.75	0.0707
440.875	0.0676
441.0	0.0691
441.125	0.0707
441.25	0.0683
441.375	0.0676
441.5	0.066
441.625	0.066
441.75	0.0668
441.875	0.066
442.0	0.0691
442.125	0.0668
442.25	0.066
442.375	0.066
442.5	0.066
442.625	0.0668
442.75	0.0668
442.875	0.0683
443.0	0.066
443.125	0.066
443.25	0.066
443.375	0.066
443.5	0.066
443.625	0.066
443.75	0.066
443.875	0.066
444.0	0.066
444.125	0.0652
444.25	0.066
444.375	0.066
444.5	0.066
444.625	0.0652
444.75	0.066
444.875	0.0652
445.0	0.0644
445.125	0.0636
445.25	0.0644
445.375	0.0652
445.5	0.066
445.625	0.0628
445.75	0.0644
445.875	0.0636
446.0	0.0636
446.125	0.0613
446.25	0.0613
446.375	0.0613
446.5	0.0621
446.625	0.0613
446.75	0.0621
446.875	0.0621
447.0	0.0613
447.125	0.0613
447.25	0.0621
447.375	0.0621
447.5	0.0613
447.625	0.0613
447.75	0.0613
447.875	0.0613
448.0	0.0613
448.125	0.0613
448.25	0.0613
448.375	0.0613
448.5	0.0613
448.625	0.0613
448.75	0.0613
448.875	0.0613
449.0	0.0613
449.125	0.0597
449.25	0.0597
449.375	0.0613
449.5	0.0613
449.625	0.0589
449.75	0.0605
449.875	0.0605
450.0	0.0605
450.125	0.0613
450.25	0.0589
450.375	0.0581
450.5	0.0589
450.625	0.0589
450.75	0.0581
450.875	0.0581
451.0	0.0566
451.125	0.0581
451.25	0.0573
451.375	0.0566
451.5	0.0566
451.625	0.0589
451.75	0.0566
451.875	0.0566
452.0	0.0566
452.125	0.0566
452.25	0.0566
452.375	0.0566
452.5	0.0566
452.625	0.0558
452.75	0.0566
452.875	0.055
453.0	0.0542
453.125	0.0526
453.25	0.0534
453.375	0.0534
453.5	0.0534
453.625	0.0526
453.75	0.0511
453.875	0.0518
454.0	0.0526
454.125	0.0518
454.25	0.0518
454.375	0.0511
454.5	0.0495
454.625	0.0495
454.75	0.0471
454.875	0.0479
455.0	0.0495
455.125	0.0479
455.25	0.0471
455.375	0.0471
455.5	0.0471
455.625	0.0463
455.75	0.0471
455.875	0.0463
456.0	0.0455
456.125	0.0455
456.25	0.0448
456.375	0.044
456.5	0.0448
456.625	0.0424
456.75	0.0424
456.875	0.0432
457.0	0.0432
457.125	0.044
457.25	0.0448
457.375	0.0424
457.5	0.044
457.625	0.0424
457.75	0.0432
457.875	0.0448
458.0	0.0424
458.125	0.044
458.25	0.0424
458.375	0.0432
458.5	0.0424
458.625	0.0448
458.75	0.0432
458.875	0.044
459.0	0.044
459.125	0.044
459.25	0.0424
459.375	0.0432
459.5	0.0455
459.625	0.0463
459.75	0.0432
459.875	0.0448
460.0	0.0448
460.125	0.0448
460.25	0.0424
460.375	0.0448
460.5	0.0463
460.625	0.0463
460.75	0.0455
460.875	0.0448
461.0	0.0455
461.125	0.0463
461.25	0.0463
461.375	0.0463
461.5	0.0448
461.625	0.0463
461.75	0.0448
461.875	0.0455
462.0	0.0463
462.125	0.0471
462.25	0.0471
462.375	0.0471
462.5	0.0471
462.625	0.0471
462.75	0.0471
462.875	0.0471
463.0	0.0471
463.125	0.0471
463.25	0.0471
463.375	0.0471
463.5	0.0479
463.625	0.0471
463.75	0.0479
463.875	0.0471
464.0	0.0471
464.125	0.0471
464.25	0.0479
464.375	0.0479
464.5	0.0471
464.625	0.0471
464.75	0.0479
464.875	0.0487
465.0	0.0471
465.125	0.0487
465.25	0.0479
465.375	0.0487
465.5	0.0471
465.625	0.0487
465.75	0.0487
465.875	0.0479
466.0	0.0487
466.125	0.0487
466.25	0.0487
466.375	0.0503
466.5	0.0511
466.625	0.0518
466.75	0.0511
466.875	0.0518
467.0	0.0511
467.125	0.0518
467.25	0.0511
467.375	0.0518
467.5	0.0518
467.625	0.0518
467.75	0.0511
467.875	0.0503
468.0	0.0518
468.125	0.0511
468.25	0.0495
468.375	0.0511
468.5	0.0503
468.625	0.0503
468.75	0.0503
468.875	0.0518
469.0	0.0503
469.125	0.0518
469.25	0.0511
469.375	0.0518
469.5	0.0518
469.625	0.0518
469.75	0.0518
469.875	0.0518
470.0	0.0518
470.125	0.0518
470.25	0.0518
470.375	0.0518
470.5	0.0518
470.625	0.0518
470.75	0.0503
470.875	0.0518
471.0	0.0526
471.125	0.0526
471.25	0.0518
471.375	0.0518
471.5	0.0526
471.625	0.0526
471.75	0.0518
471.875	0.0526
472.0	0.0518
472.125	0.0518
472.25	0.0534
472.375	0.0518
472.5	0.0518
472.625	0.0518
472.75	0.0518
472.875	0.0534
473.0	0.0518
473.125	0.0518
473.25	0.0518
473.375	0.0518
473.5	0.0526
473.625	0.0518
473.75	0.0518
473.875	0.0518
474.0	0.0518
474.125	0.0518
474.25	0.0526
474.375	0.0518
474.5	0.0526
474.625	0.0518
474.75	0.0518
474.875	0.0534
475.0	0.0534
475.125	0.0518
475.25	0.0518
475.375	0.0518
475.5	0.0518
475.625	0.0518
475.75	0.0526
475.875	0.0518
476.0	0.0542
476.125	0.0518
476.25	0.0526
476.375	0.0526
476.5	0.0534
476.625	0.0526
476.75	0.0558
476.875	0.0534
477.0	0.0534
477.125	0.0518
477.25	0.0534
477.375	0.0526
477.5	0.0534
477.625	0.0534
477.75	0.0518
477.875	0.0534
478.0	0.0534
478.125	0.055
478.25	0.0534
478.375	0.0534
478.5	0.0542
478.625	0.0542
478.75	0.055
478.875	0.055
479.0	0.0542
479.125	0.0534
479.25	0.0542
479.375	0.0558
479.5	0.0558
479.625	0.0566
479.75	0.0542
479.875	0.0534
480.0	0.055
480.125	0.055
480.25	0.055
480.375	0.0558
480.5	0.0534
480.625	0.0542
480.75	0.055
480.875	0.055
481.0	0.0542
481.125	0.0566
481.25	0.0566
481.375	0.055
481.5	0.0566
481.625	0.0566
481.75	0.0573
481.875	0.0558
482.0	0.0558
482.125	0.0566
482.25	0.0566
482.375	0.0566
482.5	0.0566
482.625	0.0566
482.75	0.0581
482.875	0.0573
483.0	0.0566
483.125	0.0589
483.25	0.0573
483.375	0.0566
483.5	0.0581
483.625	0.0589
483.75	0.0581
483.875	0.0589
484.0	0.0597
484.125	0.0589
484.25	0.0613
484.375	0.0613
484.5	0.0613
484.625	0.0613
484.75	0.0597
484.875	0.0613
485.0	0.0613
485.125	0.0628
485.25	0.0613
485.375	0.0621
485.5	0.0628
485.625	0.0613
485.75	0.0613
485.875	0.066
486.0	0.0652
486.125	0.0652
486.25	0.066
486.375	0.066
486.5	0.066
486.625	0.066
486.75	0.066
486.875	0.066
487.0	0.066
487.125	0.066
487.25	0.066
487.375	0.066
487.5	0.0683
487.625	0.0676
487.75	0.0683
487.875	0.0676
488.0	0.0699
488.125	0.0683
488.25	0.0691
488.375	0.0691
488.5	0.0699
488.625	0.0707
488.75	0.0707
488.875	0.0707
489.0	0.0707
489.125	0.0707
489.25	0.0707
489.375	0.0707
489.5	0.0707
489.625	0.0707
489.75	0.0715
489.875	0.0715
490.0	0.0715
490.125	0.0723
490.25	0.0707
490.375	0.0731
490.5	0.0746
490.625	0.0738
490.75	0.0746
490.875	0.0738
491.0	0.0746
491.125	0.0746
491.25	0.0754
491.375	0.0754
491.5	0.0746
491.625	0.0754
491.75	0.0746
491.875	0.0754
492.0	0.0754
492.125	0.0754
492.25	0.0754
492.375	0.0754
492.5	0.0754
492.625	0.0754
492.75	0.0746
492.875	0.0754
493.0	0.077
493.125	0.077
493.25	0.0754
493.375	0.0762
493.5	0.0762
493.625	0.0762
493.75	0.0754
493.875	0.077
494.0	0.077
494.125	0.077
494.25	0.0778
494.375	0.0778
494.5	0.077
494.625	0.0786
494.75	0.0778
494.875	0.0794
495.0	0.0778
495.125	0.0786
495.25	0.0801
495.375	0.0801
495.5	0.0786
495.625	0.0801
495.75	0.0801
495.875	0.0809
496.0	0.0801
496.125	0.0801
496.25	0.0801
496.375	0.0801
496.5	0.0809
496.625	0.0833
496.75	0.0833
496.875	0.0841
497.0	0.0856
497.125	0.0849
497.25	0.0849
497.375	0.0849
497.5	0.088
497.625	0.0864
497.75	0.0864
497.875	0.088
498.0	0.0896
498.125	0.0896
498.25	0.0919
498.375	0.0911
498.5	0.0896
498.625	0.0919
498.75	0.0919
498.875	0.0911
499.0	0.0911
499.125	0.0935
499.25	0.0935
499.375	0.0927
499.5	0.0911
499.625	0.0935
499.75	0.0927
499.875	0.0919
500.0	0.0943
500.125	0.0935
500.25	0.0943
500.375	0.0943
500.5	0.0943
500.625	0.0943
500.75	0.0943
500.875	0.0943
501.0	0.0943
501.125	0.0959
501.25	0.0943
501.375	0.0943
501.5	0.0943
501.625	0.0943
501.75	0.0959
501.875	0.0951
502.0	0.0951
502.125	0.0951
502.25	0.0966
502.375	0.0959
502.5	0.0951
502.625	0.0966
502.75	0.0943
502.875	0.0974
503.0	0.0974
503.125	0.099
503.25	0.0951
503.375	0.0974
503.5	0.0959
503.625	0.0982
503.75	0.0982
503.875	0.099
504.0	0.099
504.125	0.099
504.25	0.0982
504.375	0.099
504.5	0.099
504.625	0.0982
504.75	0.0982
504.875	0.099
505.0	0.099
505.125	0.099
505.25	0.099
505.375	0.099
505.5	0.0974
505.625	0.099
505.75	0.099
505.875	0.099
506.0	0.099
506.125	0.099
506.25	0.099
506.375	0.0982
506.5	0.0982
506.625	0.0982
506.75	0.099
506.875	0.0982
507.0	0.0982
507.125	0.0974
507.25	0.099
507.375	0.0982
507.5	0.0982
507.625	0.0982
507.75	0.0966
507.875	0.0966
508.0	0.0966
508.125	0.0982
508.25	0.0974
508.375	0.099
508.5	0.0982
508.625	0.0959
508.75	0.0966
508.875	0.0951
509.0	0.0974
509.125	0.0959
509.25	0.0951
509.375	0.0959
509.5	0.0951
509.625	0.0974
509.75	0.0982
509.875	0.0974
510.0	0.0974
510.125	0.0974
510.25	0.0974
510.375	0.0974
510.5	0.0974
510.625	0.0959
510.75	0.099
510.875	0.0974
511.0	0.0966
511.125	0.0974
511.25	0.099
511.375	0.0982
511.5	0.099
511.625	0.0974
511.75	0.0982
511.875	0.099
512.0	0.099
512.125	0.099
512.25	0.099
512.375	0.099
512.5	0.099
512.625	0.099
512.75	0.099
512.875	0.099
513.0	0.0974
513.125	0.0998
513.25	0.099
513.375	0.099
513.5	0.099
513.625	0.099
513.75	0.099
513.875	0.0982
514.0	0.099
514.125	0.099
514.25	0.099
514.375	0.099
514.5	0.099
514.625	0.0974
514.75	0.0959
514.875	0.099
515.0	0.0982
515.125	0.099
515.25	0.099
515.375	0.0982
515.5	0.0982
515.625	0.099
515.75	0.0982
515.875	0.099
516.0	0.099
516.125	0.099
516.25	0.0974
516.375	0.0982
516.5	0.099
516.625	0.0966
516.75	0.0966
516.875	0.0974
517.0	0.0974
517.125	0.0959
517.25	0.0959
517.375	0.0982
517.5	0.0966
517.625	0.0982
517.75	0.0959
517.875	0.0959
518.0	0.0966
518.125	0.0951
518.25	0.0966
518.375	0.0959
518.5	0.0951
518.625	0.0951
518.75	0.0951
518.875	0.0959
519.0	0.0943
519.125	0.0951
519.25	0.0951
519.375	0.0943
519.5	0.0943
519.625	0.0943
519.75	0.0943
519.875	0.0943
520.0	0.0935
520.125	0.0935
520.25	0.0943
520.375	0.0935
520.5	0.0911
520.625	0.0919
520.75	0.0927
520.875	0.0927
521.0	0.0919
521.125	0.0896
521.25	0.0896
521.375	0.0896
521.5	0.0904
521.625	0.0896
521.75	0.0896
521.875	0.0896
522.0	0.0896
522.125	0.0872
522.25	0.0872
522.375	0.0896
522.5	0.088
522.625	0.0888
522.75	0.0864
522.875	0.0872
523.0	0.0872
523.125	0.0849
523.25	0.0849
523.375	0.0849
523.5	0.0849
523.625	0.0849
523.75	0.0849
523.875	0.0849
524.0	0.0849
524.125	0.0849
524.25	0.0833
524.375	0.0833
524.5	0.0817
524.625	0.0809
524.75	0.0833
524.875	0.0833
525.0	0.0817
525.125	0.0801
525.25	0.0801
525.375	0.0801
525.5	0.0833
525.625	0.0817
525.75	0.0833
525.875	0.0817
526.0	0.0841
526.125	0.0833
526.25	0.0849
526.375	0.0841
526.5	0.0825
526.625	0.0833
526.75	0.0809
526.875	0.0825
527.0	0.0849
527.125	0.0849
527.25	0.0833
527.375	0.0849
527.5	0.0817
527.625	0.0817
527.75	0.0849
527.875	0.0825
528.0	0.0817
528.125	0.0809
528.25	0.0841
528.375	0.0809
528.5	0.0825
528.625	0.0817
528.75	0.0809
528.875	0.0833
529.0	0.0801
529.125	0.0801
529.25	0.0801
529.375	0.0801
529.5	0.0801
529.625	0.0801
529.75	0.0801
529.875	0.0801
530.0	0.0801
530.125	0.0801
530.25	0.0794
530.375	0.0801
530.5	0.0801
530.625	0.0801
530.75	0.0778
530.875	0.0786
531.0	0.0754
531.125	0.0786
531.25	0.0786
531.375	0.0778
531.5	0.0778
531.625	0.0754
531.75	0.0762
531.875	0.0762
532.0	0.077
532.125	0.0754
532.25	0.0754
532.375	0.0754
532.5	0.0731
532.625	0.0754
532.75	0.0754
532.875	0.0754
533.0	0.0754
533.125	0.0754
533.25	0.0754
533.375	0.0754
533.5	0.0754
533.625	0.0746
533.75	0.0754
533.875	0.0746
534.0	0.0754
534.125	0.0738
534.25	0.0746
534.375	0.0738
534.5	0.0746
534.625	0.0738
534.75	0.0715
534.875	0.0715
535.0	0.0715
535.125	0.0707
535.25	0.0707
535.375	0.0707
535.5	0.0707
535.625	0.0715
535.75	0.0715
535.875	0.0707
536.0	0.0707
536.125	0.0707
536.25	0.0707
536.375	0.0699
536.5	0.0707
536.625	0.0691
536.75	0.0691
536.875	0.0707
537.0	0.0691
537.125	0.0691
537.25	0.066
537.375	0.0676
537.5	0.066
537.625	0.066
537.75	0.066
537.875	0.0668
538.0	0.0668
538.125	0.066
538.25	0.066
538.375	0.066
538.5	0.0644
538.625	0.066
538.75	0.066
538.875	0.0652
539.0	0.066
539.125	0.0644
539.25	0.0628
539.375	0.0628
539.5	0.0613
539.625	0.0613
539.75	0.0621
539.875	0.0613
540.0	0.0605
540.125	0.0613
540.25	0.0589
540.375	0.0605
540.5	0.0573
540.625	0.0581
540.75	0.0566
540.875	0.0581
541.0	0.0573
541.125	0.0573
541.25	0.0566
541.375	0.0566
541.5	0.0581
541.625	0.0581
541.75	0.0581
541.875	0.0581
542.0	0.0573
542.125	0.0581
542.25	0.0613
542.375	0.0581
542.5	0.0566
542.625	0.0573
542.75	0.0589
542.875	0.0573
543.0	0.0573
543.125	0.0597
543.25	0.0581
543.375	0.0581
543.5	0.0581
543.625	0.0589
543.75	0.0597
543.875	0.0581
544.0	0.0581
544.125	0.0581
544.25	0.0573
544.375	0.0573
544.5	0.0597
544.625	0.0597
544.75	0.0589
544.875	0.0597
545.0	0.0589
545.125	0.0597
545.25	0.0566
545.375	0.0589
545.5	0.0589
545.625	0.0597
545.75	0.0581
545.875	0.0581
546.0	0.0605
546.125	0.0597
546.25	0.0581
546.375	0.0597
546.5	0.0566
546.625	0.0581
546.75	0.0589
546.875	0.0573
547.0	0.0566
547.125	0.0589
547.25	0.0605
547.375	0.0573
547.5	0.0573
547.625	0.0573
547.75	0.0566
547.875	0.0597
548.0	0.0573
548.125	0.0566
548.25	0.0566
548.375	0.0581
548.5	0.0566
548.625	0.0581
548.75	0.0566
548.875	0.0566
549.0	0.0566
549.125	0.0573
549.25	0.0566
549.375	0.0566
549.5	0.0566
549.625	0.0566
549.75	0.0566
549.875	0.0573
550.0	0.0566
550.125	0.0566
550.25	0.0566
550.375	0.0566
550.5	0.0566
550.625	0.0558
550.75	0.0566
550.875	0.0566
551.0	0.0558
551.125	0.0566
551.25	0.0566
551.375	0.0566
551.5	0.0558
551.625	0.0542
551.75	0.055
551.875	0.0526
552.0	0.0542
552.125	0.0526
552.25	0.0526
552.375	0.0534
552.5	0.0534
552.625	0.0518
552.75	0.0526
552.875	0.0518
553.0	0.0518
553.125	0.0511
553.25	0.0518
553.375	0.0503
553.5	0.0511
553.625	0.0495
553.75	0.0503
553.875	0.0479
554.0	0.0495
554.125	0.0503
554.25	0.0479
554.375	0.0471
554.5	0.0463
554.625	0.0455
554.75	0.0471
554.875	0.0463
555.0	0.0463
555.125	0.0448
555.25	0.0448
555.375	0.0463
555.5	0.0448
555.625	0.0424
555.75	0.0432
555.875	0.0432
556.0	0.0448
556.125	0.0432
556.25	0.0432
556.375	0.0424
556.5	0.0424
556.625	0.044
556.75	0.044
556.875	0.044
557.0	0.0432
557.125	0.0432
557.25	0.044
557.375	0.0448
557.5	0.0455
557.625	0.0463
557.75	0.0463
557.875	0.0471
558.0	0.0479
558.125	0.0479
558.25	0.0511
558.375	0.0526
558.5	0.0518
558.625	0.0526
558.75	0.0534
558.875	0.0558
559.0	0.0566
559.125	0.0566
559.25	0.0581
559.375	0.0566
559.5	0.0573
559.625	0.0597
559.75	0.0605
559.875	0.0605
560.0	0.0613
560.125	0.0613
560.25	0.0621
560.375	0.0613
560.5	0.0621
560.625	0.0613
560.75	0.0613
560.875	0.0613
561.0	0.0621
561.125	0.0628
561.25	0.0613
561.375	0.0621
561.5	0.0621
561.625	0.0613
561.75	0.0628
561.875	0.0621
562.0	0.0613
562.125	0.0621
562.25	0.0652
562.375	0.0613
562.5	0.0652
562.625	0.0644
562.75	0.0628
562.875	0.0652
563.0	0.066
563.125	0.0644
563.25	0.0636
563.375	0.0652
563.5	0.0628
563.625	0.0644
563.75	0.0652
563.875	0.066
564.0	0.066
564.125	0.0644
564.25	0.0628
564.375	0.066
564.5	0.0652
564.625	0.0644
564.75	0.0652
564.875	0.066
565.0	0.066
565.125	0.066
565.25	0.066
565.375	0.066
565.5	0.066
565.625	0.0652
565.75	0.066
565.875	0.0652
566.0	0.066
566.125	0.0652
566.25	0.066
566.375	0.066
566.5	0.066
566.625	0.0652
566.75	0.066
566.875	0.0652
567.0	0.066
567.125	0.066
567.25	0.066
567.375	0.066
567.5	0.066
567.625	0.066
567.75	0.0668
567.875	0.066
568.0	0.066
568.125	0.066
568.25	0.066
568.375	0.066
568.5	0.066
568.625	0.066
568.75	0.0644
568.875	0.0668
569.0	0.066
569.125	0.066
569.25	0.066
569.375	0.066
569.5	0.066
569.625	0.0652
569.75	0.066
569.875	0.066
570.0	0.0652
570.125	0.066
570.25	0.066
570.375	0.066
570.5	0.066
570.625	0.0652
570.75	0.066
570.875	0.066
571.0	0.066
571.125	0.066
571.25	0.066
571.375	0.066
571.5	0.066
571.625	0.066
571.75	0.066
571.875	0.066
572.0	0.066
572.125	0.0668
572.25	0.066
572.375	0.066
572.5	0.066
572.625	0.066
572.75	0.066
572.875	0.0668
573.0	0.066
573.125	0.066
573.25	0.066
573.375	0.066
573.5	0.0668
573.625	0.066
573.75	0.0676
573.875	0.0676
574.0	0.0691
574.125	0.0691
574.25	0.0699
574.375	0.0683
574.5	0.0683
574.625	0.0707
574.75	0.0683
574.875	0.0691
575.0	0.0683
575.125	0.0676
575.25	0.0676
575.375	0.0668
575.5	0.0676
575.625	0.0668
575.75	0.066
575.875	0.066
576.0	0.066
576.125	0.0676
576.25	0.0668
576.375	0.066
576.5	0.0668
576.625	0.0676
576.75	0.066
576.875	0.0691
577.0	0.066
577.125	0.066
577.25	0.066
577.375	0.0668
577.5	0.0668
577.625	0.0668
577.75	0.0676
577.875	0.066
578.0	0.0668
578.125	0.0668
578.25	0.066
578.375	0.0683
578.5	0.0668
578.625	0.066
578.75	0.0652
578.875	0.0668
579.0	0.0668
579.125	0.0668
579.25	0.0676
579.375	0.0668
579.5	0.066
579.625	0.0676
579.75	0.0668
579.875	0.066
580.0	0.066
580.125	0.0668
580.25	0.0668
580.375	0.0676
580.5	0.0676
580.625	0.0691
580.75	0.0691
580.875	0.0683
581.0	0.0668
581.125	0.066
581.25	0.0668
581.375	0.0683
581.5	0.0683
581.625	0.0683
581.75	0.066
581.875	0.066
582.0	0.0676
582.125	0.0691
582.25	0.0668
582.375	0.0683
582.5	0.066
582.625	0.0683
582.75	0.0668
582.875	0.0691
583.0	0.0707
583.125	0.0707
583.25	0.0699
583.375	0.0723
583.5	0.0754
583.625	0.0754
583.75	0.0786
583.875	0.0801
584.0	0.0841
584.125	0.0872
584.25	0.0896
584.375	0.0935
584.5	0.0943
584.625	0.099
584.75	0.099
584.875	0.1029
585.0	0.1037
585.125	0.1037
585.25	0.1029
585.375	0.1037
585.5	0.1014
585.625	0.099
585.75	0.0974
585.875	0.0943
586.0	0.0919
586.125	0.0896
586.25	0.0849
586.375	0.0849
586.5	0.0801
586.625	0.0801
586.75	0.0801
586.875	0.0778
587.0	0.0762
587.125	0.0754
587.25	0.0762
587.375	0.0778
587.5	0.077
587.625	0.0801
587.75	0.0825
587.875	0.0856
588.0	0.0896
588.125	0.0943
588.25	0.1006
588.375	0.1069
588.5	0.1116
588.625	0.1187
588.75	0.1242
588.875	0.132
589.0	0.1383
589.125	0.1454
589.25	0.1477
589.375	0.1517
589.5	0.1548
589.625	0.1556
589.75	0.1556
589.875	0.1556
590.0	0.1533
590.125	0.1517
590.25	0.1462
590.375	0.1422
590.5	0.1367
590.625	0.132
590.75	0.1273
590.875	0.1194
591.0	0.1139
591.125	0.11
591.25	0.1053
591.375	0.1037
591.5	0.0974
591.625	0.0943
591.75	0.0896
591.875	0.0856
592.0	0.0856
592.125	0.0849
592.25	0.0817
592.375	0.0801
592.5	0.0794
592.625	0.0786
592.75	0.0754
592.875	0.077
593.0	0.0754
593.125	0.0754
593.25	0.0762
593.375	0.0754
593.5	0.0762
593.625	0.0754
593.75	0.0754
593.875	0.0754
594.0	0.0754
594.125	0.0738
594.25	0.0754
594.375	0.0754
594.5	0.0754
594.625	0.0754
594.75	0.0762
594.875	0.0754
595.0	0.0754
595.125	0.0754
595.25	0.0754
595.375	0.0754
595.5	0.0754
595.625	0.0754
595.75	0.0762
595.875	0.0762
596.0	0.0754
596.125	0.0754
596.25	0.0754
596.375	0.0754
596.5	0.0754
596.625	0.0754
596.75	0.0754
596.875	0.0754
597.0	0.0754
597.125	0.0746
597.25	0.0754
597.375	0.0738
597.5	0.0738
597.625	0.0746
597.75	0.0746
597.875	0.0754
598.0	0.0754
598.125	0.0731
598.25	0.0738
598.375	0.0715
598.5	0.0723
598.625	0.0738
598.75	0.0715
598.875	0.0723
599.0	0.0723
599.125	0.0723
599.25	0.0731
599.375	0.0723
599.5	0.0754
599.625	0.0754
599.75	0.0754
599.875	0.0754
600.0	0.0754
600.125	0.0746
600.25	0.0754
600.375	0.0754
600.5	0.0754
600.625	0.0754
600.75	0.0754
600.875	0.0754
601.0	0.0754
601.125	0.0754
601.25	0.0754
601.375	0.0754
601.5	0.0762
601.625	0.0754
601.75	0.0762
601.875	0.0762
602.0	0.0754
602.125	0.0754
602.25	0.0762
602.375	0.077
602.5	0.0762
602.625	0.0754
602.75	0.0762
602.875	0.0786
603.0	0.0754
603.125	0.0762
603.25	0.0754
603.375	0.0786
603.5	0.0786
603.625	0.0786
603.75	0.077
603.875	0.0801
604.0	0.0794
604.125	0.0801
604.25	0.0801
604.375	0.0801
604.5	0.0833
604.625	0.0849
604.75	0.0864
604.875	0.0904
605.0	0.0919
605.125	0.0966
605.25	0.1029
605.375	0.1084
605.5	0.1163
605.625	0.1265
605.75	0.1367
605.875	0.1477
606.0	0.1595
606.125	0.1713
606.25	0.1855
606.375	0.1988
606.5	0.2106
606.625	0.2216
606.75	0.2295
606.875	0.2374
607.0	0.2444
607.125	0.2452
607.25	0.246
607.375	0.246
607.5	0.2405
607.625	0.2342
607.75	0.2256
607.875	0.2154
608.0	0.2051
608.125	0.1957
608.25	0.1816
608.375	0.1713
608.5	0.1588
608.625	0.1509
608.75	0.1407
608.875	0.1305
609.0	0.125
609.125	0.1179
609.25	0.1132
609.375	0.1084
609.5	0.1084
609.625	0.1069
609.75	0.1084
609.875	0.1116
610.0	0.1139
610.125	0.1218
610.25	0.1257
610.375	0.1344
610.5	0.1415
610.625	0.1501
610.75	0.1548
610.875	0.1627
611.0	0.1698
611.125	0.1729
611.25	0.1753
611.375	0.1792
611.5	0.1792
611.625	0.1776
611.75	0.1729
611.875	0.169
612.0	0.1603
612.125	0.1525
612.25	0.1462
612.375	0.1383
612.5	0.1297
612.625	0.1194
612.75	0.1132
612.875	0.1069
613.0	0.099
613.125	0.0943
613.25	0.0896
613.375	0.0864
613.5	0.0809
613.625	0.0786
613.75	0.077
613.875	0.0754
614.0	0.0738
614.125	0.0707
614.25	0.0707
614.375	0.0683
614.5	0.0668
614.625	0.066
614.75	0.066
614.875	0.066
615.0	0.066
615.125	0.0652
615.25	0.0636
615.375	0.0628
615.5	0.0613
615.625	0.0613
615.75	0.0613
615.875	0.0613
616.0	0.0605
616.125	0.0605
616.25	0.0621
616.375	0.0605
616.5	0.0613
616.625	0.0605
616.75	0.0613
616.875	0.0605
617.0	0.0597
617.125	0.0589
617.25	0.0597
617.375	0.0613
617.5	0.0589
617.625	0.0597
617.75	0.0613
617.875	0.0581
618.0	0.0589
618.125	0.0589
618.25	0.0597
618.375	0.0589
618.5	0.0597
618.625	0.0597
618.75	0.0573
618.875	0.0605
619.0	0.0581
619.125	0.0566
619.25	0.0581
619.375	0.0597
619.5	0.0589
619.625	0.0573
619.75	0.0597
619.875	0.0589
620.0	0.0597
620.125	0.0581
620.25	0.0581
620.375	0.0613
620.5	0.0597
620.625	0.0581
620.75	0.0581
620.875	0.0597
621.0	0.0581
621.125	0.0589
621.25	0.0589
621.375	0.0589
621.5	0.0597
621.625	0.0613
621.75	0.0613
621.875	0.0613
622.0	0.0613
622.125	0.0613
622.25	0.0636
622.375	0.0652
622.5	0.066
622.625	0.0668
622.75	0.0707
622.875	0.0707
623.0	0.0746
623.125	0.0762
623.25	0.0778
623.375	0.0801
623.5	0.0817
623.625	0.0849
623.75	0.0849
623.875	0.0849
624.0	0.0856
624.125	0.0849
624.25	0.0849
624.375	0.0849
624.5	0.0841
624.625	0.0801
624.75	0.0786
624.875	0.077
625.0	0.0754
625.125	0.0738
625.25	0.0707
625.375	0.0699
625.5	0.066
625.625	0.0668
625.75	0.066
625.875	0.066
626.0	0.0636
626.125	0.0628
626.25	0.0613
626.375	0.0613
626.5	0.0613
626.625	0.0613
626.75	0.0613
626.875	0.0613
627.0	0.0613
627.125	0.0605
627.25	0.0613
627.375	0.0613
627.5	0.0613
627.625	0.0597
627.75	0.0597
627.875	0.0613
628.0	0.0613
628.125	0.0597
628.25	0.0613
628.375	0.0613
628.5	0.0613
628.625	0.0613
628.75	0.0613
628.875	0.0613
629.0	0.0597
629.125	0.0597
629.25	0.0597
629.375	0.0589
629.5	0.0581
629.625	0.0613
629.75	0.0597
629.875	0.0613
630.0	0.0605
630.125	0.0581
630.25	0.0597
630.375	0.0573
630.5	0.0573
630.625	0.0597
630.75	0.0597
630.875	0.0573
631.0	0.0566
631.125	0.0589
631.25	0.0566
631.375	0.0566
631.5	0.0589
631.625	0.0573
631.75	0.0566
631.875	0.0566
632.0	0.0573
632.125	0.0573
632.25	0.0566
632.375	0.0573
632.5	0.0581
632.625	0.0566
632.75	0.0566
632.875	0.0573
633.0	0.0573
633.125	0.0581
633.25	0.0573
633.375	0.055
633.5	0.0566
633.625	0.0573
633.75	0.0566
633.875	0.0566
634.0	0.0566
634.125	0.0573
634.25	0.0566
634.375	0.0566
634.5	0.0566
634.625	0.0566
634.75	0.0566
634.875	0.0566
635.0	0.0573
635.125	0.0566
635.25	0.0573
635.375	0.0566
635.5	0.0566
635.625	0.0566
635.75	0.0566
635.875	0.0566
636.0	0.0566
636.125	0.0566
636.25	0.0566
636.375	0.0581
636.5	0.0566
636.625	0.0566
636.75	0.0573
636.875	0.0566
637.0	0.0566
637.125	0.0573
637.25	0.0566
637.375	0.0566
637.5	0.0558
637.625	0.0566
637.75	0.0566
637.875	0.0566
638.0	0.0566
638.125	0.0566
638.25	0.0566
638.375	0.0566
638.5	0.0566
638.625	0.0566
638.75	0.0534
638.875	0.0566
639.0	0.0566
639.125	0.0566
639.25	0.055
639.375	0.0566
639.5	0.0566
639.625	0.0566
639.75	0.0566
639.875	0.0566
640.0	0.0566
640.125	0.0558
640.25	0.0566
640.375	0.0566
640.5	0.055
640.625	0.0566
640.75	0.0566
640.875	0.0558
641.0	0.0566
641.125	0.0566
641.25	0.0566
641.375	0.0558
641.5	0.0558
641.625	0.055
641.75	0.0566
641.875	0.055
642.0	0.0558
642.125	0.0566
642.25	0.0558
642.375	0.0542
642.5	0.0558
642.625	0.0566
642.75	0.0566
642.875	0.0566
643.0	0.0566
643.125	0.0558
643.25	0.055
643.375	0.0558
643.5	0.0566
643.625	0.0566
643.75	0.0566
643.875	0.0566
644.0	0.0566
644.125	0.0566
644.25	0.0566
644.375	0.055
644.5	0.0558
644.625	0.0558
644.75	0.0566
644.875	0.0558
645.0	0.0566
645.125	0.0566
645.25	0.0566
645.375	0.0566
645.5	0.0566
645.625	0.0566
645.75	0.0566
645.875	0.0573
646.0	0.0566
646.125	0.0566
646.25	0.0566
646.375	0.0566
646.5	0.0566
646.625	0.0558
646.75	0.0558
646.875	0.0566
647.0	0.0558
647.125	0.0558
647.25	0.0566
647.375	0.0566
647.5	0.0566
647.625	0.0566
647.75	0.0558
647.875	0.055
648.0	0.0566
648.125	0.0566
648.25	0.0566
648.375	0.0566
648.5	0.0566
648.625	0.0573
648.75	0.0534
648.875	0.0542
649.0	0.0566
649.125	0.0566
649.25	0.0558
649.375	0.0566
649.5	0.0566
649.625	0.0566
649.75	0.0566
649.875	0.055
650.0	0.0566
650.125	0.0566
650.25	0.055
650.375	0.0558
650.5	0.055
650.625	0.0558
650.75	0.0566
650.875	0.0566
651.0	0.0558
651.125	0.0566
651.25	0.0558
651.375	0.055
651.5	0.0558
651.625	0.0558
651.75	0.0558
651.875	0.0558
652.0	0.0542
652.125	0.0566
652.25	0.0566
652.375	0.0566
652.5	0.0566
652.625	0.055
652.75	0.0558
652.875	0.0558
653.0	0.055
653.125	0.0542
653.25	0.0558
653.375	0.055
653.5	0.055
653.625	0.0566
653.75	0.0558
653.875	0.0566
654.0	0.0566
654.125	0.0558
654.25	0.0558
654.375	0.055
654.5	0.0566
654.625	0.0542
654.75	0.0542
654.875	0.0542
655.0	0.0566
655.125	0.0566
655.25	0.0558
655.375	0.0558
655.5	0.0558
655.625	0.0566
655.75	0.055
655.875	0.0566
656.0	0.055
656.125	0.0558
656.25	0.0566
656.375	0.0558
656.5	0.0566
656.625	0.0566
656.75	0.0566
656.875	0.0558
657.0	0.0566
657.125	0.0558
657.25	0.0566
657.375	0.0566
657.5	0.0566
657.625	0.055
657.75	0.0558
657.875	0.0542
658.0	0.0566
658.125	0.0542
658.25	0.0542
658.375	0.0558
658.5	0.0566
658.625	0.0558
658.75	0.0566
658.875	0.0558
659.0	0.0558
659.125	0.0558
659.25	0.0566
659.375	0.0558
659.5	0.0534
659.625	0.055
659.75	0.0566
659.875	0.0566
660.0	0.0558
660.125	0.0566
660.25	0.0558
660.375	0.055
660.5	0.0558
660.625	0.0558
660.75	0.055
660.875	0.0566
661.0	0.0558
661.125	0.0558
661.25	0.0534
661.375	0.055
661.5	0.0558
661.625	0.0566
661.75	0.0566
661.875	0.0566
662.0	0.055
662.125	0.0558
662.25	0.0558
662.375	0.0542
662.5	0.0558
662.625	0.055
662.75	0.0558
662.875	0.0566
663.0	0.0566
663.125	0.0558
663.25	0.0566
663.375	0.0566
663.5	0.0526
663.625	0.0566
663.75	0.0566
663.875	0.0526
664.0	0.055
664.125	0.0566
664.25	0.055
664.375	0.0566
664.5	0.055
664.625	0.0542
664.75	0.0558
664.875	0.055
665.0	0.0558
665.125	0.055
665.25	0.0542
665.375	0.0558
665.5	0.0566
665.625	0.0558
665.75	0.0566
665.875	0.0566
666.0	0.0542
666.125	0.0558
666.25	0.0558
666.375	0.0542
666.5	0.055
666.625	0.0534
666.75	0.0558
666.875	0.0558
667.0	0.0534
667.125	0.055
667.25	0.0558
667.375	0.0526
667.5	0.0566
667.625	0.0566
667.75	0.0542
667.875	0.055
668.0	0.0566
668.125	0.0566
668.25	0.0566
668.375	0.055
668.5	0.0566
668.625	0.0558
668.75	0.0558
668.875	0.0558
669.0	0.0542
669.125	0.055
669.25	0.055
669.375	0.0558
669.5	0.0542
669.625	0.055
669.75	0.055
669.875	0.0566
670.0	0.0558
670.125	0.0534
670.25	0.0558
670.375	0.0566
670.5	0.0542
670.625	0.0542
670.75	0.055
670.875	0.0566
671.0	0.055
671.125	0.055
671.25	0.0566
671.375	0.0558
671.5	0.0558
671.625	0.055
671.75	0.055
671.875	0.055
672.0	0.0566
672.125	0.0566
672.25	0.055
672.375	0.055
672.5	0.055
672.625	0.0566
672.75	0.0542
672.875	0.0542
673.0	0.0542
673.125	0.0534
673.25	0.055
673.375	0.0542
673.5	0.0558
673.625	0.0566
673.75	0.0542
673.875	0.0526
674.0	0.0526
674.125	0.055
674.25	0.0558
674.375	0.0518
674.5	0.0558
674.625	0.055
674.75	0.055
674.875	0.055
675.0	0.0558
675.125	0.055
675.25	0.0542
675.375	0.0542
675.5	0.0542
675.625	0.0534
675.75	0.055
675.875	0.0566
676.0	0.0558
676.125	0.055
676.25	0.055
676.375	0.0566
676.5	0.0534
676.625	0.0566
676.75	0.0534
676.875	0.055
677.0	0.0566
677.125	0.0534
677.25	0.055
677.375	0.0566
677.5	0.0526
677.625	0.055
677.75	0.0542
677.875	0.055
678.0	0.055
678.125	0.0558
678.25	0.0566
678.375	0.0558
678.5	0.055
678.625	0.0558
678.75	0.0558
678.875	0.0542
679.0	0.0542
679.125	0.0542
679.25	0.0558
679.375	0.0558
679.5	0.0534
679.625	0.055
679.75	0.0526
679.875	0.0566
680.0	0.0526
680.125	0.055
680.25	0.0566
680.375	0.0558
680.5	0.0558
680.625	0.055
680.75	0.0542
680.875	0.0534
681.0	0.055
681.125	0.055
681.25	0.055
681.375	0.0518
681.5	0.0542
681.625	0.0542
681.75	0.0534
681.875	0.0558
682.0	0.0542
682.125	0.0558
682.25	0.0542
682.375	0.055
682.5	0.0534
682.625	0.0558
682.75	0.055
682.875	0.0558
683.0	0.0558
683.125	0.0534
683.25	0.055
683.375	0.0542
683.5	0.055
683.625	0.0542
683.75	0.0542
683.875	0.0534
684.0	0.0526
684.125	0.055
684.25	0.0534
684.375	0.0526
684.5	0.055
684.625	0.0534
684.75	0.0566
684.875	0.0558
685.0	0.0542
685.125	0.055
685.25	0.0558
685.375	0.0558
685.5	0.0558
685.625	0.055
685.75	0.0534
685.875	0.055
686.0	0.055
686.125	0.055
686.25	0.0534
686.375	0.0558
686.5	0.0558
686.625	0.0558
686.75	0.0526
686.875	0.0542
687.0	0.0534
687.125	0.0542
687.25	0.0542
687.375	0.0526
687.5	0.055
687.625	0.0526
687.75	0.0534
687.875	0.0534
688.0	0.0558
688.125	0.0534
688.25	0.055
688.375	0.0534
688.5	0.0526
688.625	0.0542
688.75	0.0542
688.875	0.055
689.0	0.055
689.125	0.0534
689.25	0.0542
689.375	0.0526
689.5	0.0534
689.625	0.0518
689.75	0.055
689.875	0.0566
690.0	0.0542
690.125	0.0518
690.25	0.0542
690.375	0.0526
690.5	0.055
690.625	0.0526
690.75	0.0542
690.875	0.055
691.0	0.055
691.125	0.0542
691.25	0.0534
691.375	0.0518
691.5	0.0558
691.625	0.055
691.75	0.0526
691.875	0.0558
692.0	0.0518
692.125	0.0526
692.25	0.0542
692.375	0.0542
692.5	0.0542
692.625	0.0558
692.75	0.055
692.875	0.0566
693.0	0.055
693.125	0.0542
693.25	0.0542
693.375	0.0534
693.5	0.0526
693.625	0.055
693.75	0.0542
693.875	0.0534
694.0	0.0534
694.125	0.0558
694.25	0.0526
694.375	0.0558
694.5	0.0542
694.625	0.0542
694.75	0.0542
694.875	0.0542
695.0	0.0534
695.125	0.055
695.25	0.0558
695.375	0.0526
695.5	0.0534
695.625	0.0526
695.75	0.0518
695.875	0.0542
696.0	0.0542
696.125	0.0542
696.25	0.0534
696.375	0.0558
696.5	0.0542
696.625	0.0542
696.75	0.0558
696.875	0.055
697.0	0.055
697.125	0.0526
697.25	0.0542
697.375	0.055
697.5	0.0542
697.625	0.0542
697.75	0.0558
697.875	0.0542
698.0	0.0534
698.125	0.0542
698.25	0.055
698.375	0.0542
698.5	0.0534
698.625	0.0542
698.75	0.055
698.875	0.0542
699.0	0.055
699.125	0.0534
699.25	0.0518
699.375	0.0534
699.5	0.0558
699.625	0.0542
699.75	0.0542
699.875	0.0542
700.0	0.0534
700.125	0.0526
700.25	0.0542
700.375	0.0526
700.5	0.0542
700.625	0.0542
700.75	0.0534
700.875	0.055
701.0	0.0542
701.125	0.0534
701.25	0.0542
701.375	0.0534
701.5	0.0534
701.625	0.0542
701.75	0.055
701.875	0.0534
702.0	0.0542
702.125	0.0542
702.25	0.0558
702.375	0.0558
702.5	0.0542
702.625	0.0558
702.75	0.0526
702.875	0.0526
703.0	0.0542
703.125	0.0518
703.25	0.0526
703.375	0.0526
703.5	0.0518
703.625	0.0534
703.75	0.0542
703.875	0.0542
704.0	0.0542
704.125	0.0558
704.25	0.0534
704.375	0.0534
704.5	0.0534
704.625	0.0542
704.75	0.0534
704.875	0.055
705.0	0.0566
705.125	0.0534
705.25	0.0526
705.375	0.0534
705.5	0.0534
705.625	0.055
705.75	0.0534
705.875	0.0534
706.0	0.0542
706.125	0.0526
706.25	0.0542
706.375	0.0558
706.5	0.0534
706.625	0.0542
706.75	0.0558
706.875	0.0542
707.0	0.0534
707.125	0.055
707.25	0.0558
707.375	0.0542
707.5	0.0542
707.625	0.055
707.75	0.0534
707.875	0.0518
708.0	0.0526
708.125	0.0558
708.25	0.055
708.375	0.0518
708.5	0.0542
708.625	0.0534
708.75	0.0542
708.875	0.055
709.0	0.0534
709.125	0.0542
709.25	0.0534
709.375	0.0534
709.5	0.0542
709.625	0.055
709.75	0.0558
709.875	0.0558
710.0	0.0534
710.125	0.055
710.25	0.055
710.375	0.0526
710.5	0.0566
710.625	0.0558
710.75	0.0558
710.875	0.0558
711.0	0.0558
711.125	0.0534
711.25	0.0558
711.375	0.055
711.5	0.0542
711.625	0.0534
711.75	0.0534
711.875	0.0518
712.0	0.0534
712.125	0.0542
712.25	0.055
712.375	0.0542
712.5	0.0534
712.625	0.0566
712.75	0.0534
712.875	0.055
713.0	0.0526
713.125	0.0542
713.25	0.0542
713.375	0.0542
713.5	0.055
713.625	0.0558
713.75	0.0566
713.875	0.0542
714.0	0.0542
714.125	0.0542
714.25	0.0542
714.375	0.0534
714.5	0.0534
714.625	0.0526
714.75	0.0534
714.875	0.055
715.0	0.055
715.125	0.0558
715.25	0.0518
715.375	0.0534
715.5	0.0534
715.625	0.055
715.75	0.0542
715.875	0.0542
716.0	0.0534
716.125	0.0518
716.25	0.0526
716.375	0.0566
716.5	0.055
716.625	0.0526
716.75	0.0558
716.875	0.0558
717.0	0.0566
717.125	0.0542
717.25	0.0534
717.375	0.055
717.5	0.0566
717.625	0.0526
717.75	0.0534
717.875	0.0526
718.0	0.0566
718.125	0.0542
718.25	0.0542
718.375	0.0566
718.5	0.0566
718.625	0.0542
718.75	0.0534
718.875	0.0534
719.0	0.055
719.125	0.0542
719.25	0.0542
719.375	0.0542
719.5	0.055
719.625	0.0542
719.75	0.055
719.875	0.0542
720.0	0.0534
720.125	0.0542
720.25	0.0542
720.375	0.055
720.5	0.0542
720.625	0.0526
720.75	0.0542
720.875	0.0534
721.0	0.055
721.125	0.055
721.25	0.055
721.375	0.0534
721.5	0.0542
721.625	0.0534
721.75	0.0558
721.875	0.0534
722.0	0.0542
722.125	0.0542
722.25	0.055
722.375	0.0534
722.5	0.0542
722.625	0.055
722.75	0.0566
722.875	0.055
723.0	0.055
723.125	0.055
723.25	0.0534
723.375	0.0542
723.5	0.0542
723.625	0.0542
723.75	0.0558
723.875	0.0526
724.0	0.0558
724.125	0.0542
724.25	0.0542
724.375	0.0558
724.5	0.055
724.625	0.055
724.75	0.0534
724.875	0.0542
725.0	0.055
725.125	0.0542
725.25	0.055
725.375	0.0542
725.5	0.0518
725.625	0.0526
725.75	0.0542
725.875	0.0558
726.0	0.0526
726.125	0.0542
726.25	0.0534
726.375	0.0558
726.5	0.0542
726.625	0.055
726.75	0.0542
726.875	0.0518
727.0	0.0518
727.125	0.055
727.25	0.0542
727.375	0.0542
727.5	0.0542
727.625	0.055
727.75	0.055
727.875	0.055
728.0	0.0534
728.125	0.055
728.25	0.0558
728.375	0.0534
728.5	0.0558
728.625	0.055
728.75	0.0542
728.875	0.0526
729.0	0.055
729.125	0.0542
729.25	0.0542
729.375	0.055
729.5	0.0534
729.625	0.0534
729.75	0.0526
729.875	0.0558
730.0	0.0518
730.125	0.0534
730.25	0.0534
730.375	0.0534
730.5	0.055
730.625	0.0542
730.75	0.055
730.875	0.0542
731.0	0.0542
731.125	0.055
731.25	0.0542
731.375	0.0542
731.5	0.0534
731.625	0.0542
731.75	0.0542
731.875	0.0542
732.0	0.0534
732.125	0.055
732.25	0.055
732.375	0.0526
732.5	0.0542
732.625	0.055
732.75	0.0566
732.875	0.0526
733.0	0.055
733.125	0.0534
733.25	0.055
733.375	0.0542
733.5	0.0558
733.625	0.055
733.75	0.0542
733.875	0.0542
734.0	0.0526
734.125	0.0542
734.25	0.0534
734.375	0.055
734.5	0.055
734.625	0.0534
734.75	0.0542
734.875	0.055
735.0	0.055
735.125	0.0542
735.25	0.0526
735.375	0.0542
735.5	0.0534
735.625	0.055
735.75	0.0518
735.875	0.0542
736.0	0.0542
736.125	0.055
736.25	0.055
736.375	0.055
736.5	0.0542
736.625	0.0542
736.75	0.055
736.875	0.0542
737.0	0.0534
737.125	0.055
737.25	0.0542
737.375	0.0558
737.5	0.0558
737.625	0.0558
737.75	0.0542
737.875	0.055
738.0	0.0534
738.125	0.0526
738.25	0.055
738.375	0.0534
738.5	0.0542
738.625	0.0534
738.75	0.0526
738.875	0.0542
739.0	0.0526
739.125	0.0542
739.25	0.0534
739.375	0.055
739.5	0.0526
739.625	0.0534
739.75	0.0542
739.875	0.055
740.0	0.0542
740.125	0.0534
740.25	0.055
740.375	0.055
740.5	0.0542
740.625	0.0542
740.75	0.0534
740.875	0.0526
741.0	0.0542
741.125	0.0542
741.25	0.0542
741.375	0.0534
741.5	0.0542
741.625	0.0526
741.75	0.0542
741.875	0.0526
742.0	0.0526
742.125	0.0534
742.25	0.0558
742.375	0.0542
742.5	0.0534
742.625	0.0534
742.75	0.0534
742.875	0.0542
743.0	0.0534
743.125	0.055
743.25	0.0526
743.375	0.0534
743.5	0.055
743.625	0.055
743.75	0.0542
743.875	0.0566
744.0	0.0534
744.125	0.055
744.25	0.0518
744.375	0.0534
744.5	0.055
744.625	0.0534
744.75	0.0542
744.875	0.0534
745.0	0.055
745.125	0.055
745.25	0.0542
745.375	0.055
745.5	0.0542
745.625	0.055
745.75	0.055
745.875	0.0526
746.0	0.0558
746.125	0.055
746.25	0.0566
746.375	0.0534
746.5	0.0558
746.625	0.0558
746.75	0.0542
746.875	0.055
747.0	0.0566
747.125	0.0534
747.25	0.0526
747.375	0.0542
747.5	0.0558
747.625	0.0534
747.75	0.0558
747.875	0.0534
748.0	0.055
748.125	0.055
748.25	0.0534
748.375	0.0542
748.5	0.0534
748.625	0.0534
748.75	0.055
748.875	0.055
749.0	0.0526
749.125	0.0526
749.25	0.0566
749.375	0.0566
749.5	0.0542
749.625	0.055
749.75	0.0542
749.875	0.0534
750.0	0.0558
750.125	0.0542
750.25	0.0542
750.375	0.0542
750.5	0.0542
750.625	0.0542
750.75	0.055
750.875	0.055
751.0	0.0534
751.125	0.055
751.25	0.0526
751.375	0.0526
751.5	0.0534
751.625	0.0534
751.75	0.0534
751.875	0.0534
752.0	0.0526
752.125	0.0542
752.25	0.0526
752.375	0.0558
752.5	0.0534
752.625	0.055
752.75	0.0534
752.875	0.0526
753.0	0.0534
753.125	0.0518
753.25	0.0534
753.375	0.0518
753.5	0.0526
753.625	0.055
753.75	0.0566
753.875	0.0542
754.0	0.0526
754.125	0.0542
754.25	0.0534
754.375	0.0534
754.5	0.0542
754.625	0.0534
754.75	0.0526
754.875	0.0534
755.0	0.0534
755.125	0.0526
755.25	0.055
755.375	0.0534
755.5	0.0526
755.625	0.0542
755.75	0.055
755.875	0.0558
756.0	0.0518
756.125	0.055
756.25	0.0542
756.375	0.0526
756.5	0.0566
756.625	0.0542
756.75	0.0534
756.875	0.055
757.0	0.0566
757.125	0.0526
757.25	0.055
757.375	0.055
757.5	0.0534
757.625	0.0558
757.75	0.0542
757.875	0.0566
758.0	0.0534
758.125	0.0558
758.25	0.0526
758.375	0.0542
758.5	0.0566
758.625	0.0542
758.75	0.055
758.875	0.0558
759.0	0.0542
759.125	0.0542
759.25	0.055
759.375	0.0542
759.5	0.0534
759.625	0.0534
759.75	0.0518
759.875	0.0542
760.0	0.0542
760.125	0.0534
760.25	0.0542
760.375	0.0518
760.5	0.0526
760.625	0.055
760.75	0.0526
760.875	0.0526
761.0	0.055
761.125	0.055
761.25	0.0526
761.375	0.055
761.5	0.0518
761.625	0.055
761.75	0.0534
761.875	0.055
762.0	0.0534
762.125	0.0542
762.25	0.0558
762.375	0.0526
762.5	0.055
762.625	0.0534
762.75	0.0526
762.875	0.0526
763.0	0.0526
763.125	0.0534
763.25	0.0542
763.375	0.0558
763.5	0.0542
763.625	0.0566
763.75	0.0558
763.875	0.0566
764.0	0.0526
764.125	0.0566
764.25	0.0542
764.375	0.0558
764.5	0.0534
764.625	0.0542
764.75	0.0542
764.875	0.0542
765.0	0.0534
765.125	0.0558
765.25	0.0558
765.375	0.0534
765.5	0.055
765.625	0.0534
765.75	0.0542
765.875	0.0526
766.0	0.0518
766.125	0.055
766.25	0.0518
766.375	0.0558
766.5	0.055
766.625	0.0534
766.75	0.055
766.875	0.0526
767.0	0.0526
767.125	0.0526
767.25	0.0542
767.375	0.0518
767.5	0.0534
767.625	0.055
767.75	0.0542
767.875	0.0558
768.0	0.055
768.125	0.055
768.25	0.0534
768.375	0.0526
768.5	0.0542
768.625	0.0526
768.75	0.055
768.875	0.0558
769.0	0.055
769.125	0.0542
769.25	0.0526
769.375	0.0534
769.5	0.0534
769.625	0.0558
769.75	0.055
769.875	0.0534
770.0	0.055
770.125	0.055
770.25	0.0526
770.375	0.0542
770.5	0.0542
770.625	0.055
770.75	0.0542
770.875	0.0558
771.0	0.0526
771.125	0.0558
771.25	0.0542
771.375	0.0526
771.5	0.055
771.625	0.0542
771.75	0.0526
771.875	0.0542
772.0	0.0542
772.125	0.0558
772.25	0.0534
772.375	0.055
772.5	0.0526
772.625	0.0542
772.75	0.0542
772.875	0.0534
773.0	0.0558
773.125	0.0542
773.25	0.0534
773.375	0.055
773.5	0.0542
773.625	0.0558
773.75	0.0526
773.875	0.0542
774.0	0.0542
774.125	0.0526
774.25	0.055
774.375	0.0534
774.5	0.0542
774.625	0.055
774.75	0.0542
774.875	0.0542
775.0	0.0526
775.125	0.0558
775.25	0.0542
775.375	0.0534
775.5	0.0534
775.625	0.0526
775.75	0.055
775.875	0.055
776.0	0.0542
776.125	0.055
776.25	0.0534
776.375	0.0542
776.5	0.055
776.625	0.0542
776.75	0.0542
776.875	0.0542
777.0	0.0542
777.125	0.055
777.25	0.0542
777.375	0.0526
777.5	0.0542
777.625	0.055
777.75	0.0542
777.875	0.055
778.0	0.055
778.125	0.055
778.25	0.0542
778.375	0.0534
778.5	0.055
778.625	0.0542
778.75	0.0542
778.875	0.055
779.0	0.0542
779.125	0.0542
779.25	0.0542
779.375	0.0558
779.5	0.055
779.625	0.0534
779.75	0.0542
779.875	0.0542
780.0	0.055
780.125	0.055
780.25	0.0542
780.375	0.0542
780.5	0.055
780.625	0.0542
780.75	0.0542
780.875	0.0542
781.0	0.0542
781.125	0.0534
781.25	0.0558
781.375	0.0558
781.5	0.055
781.625	0.055
781.75	0.0534
781.875	0.0558
782.0	0.0534
782.125	0.0534
782.25	0.0542
782.375	0.0542
782.5	0.0558
782.625	0.055
782.75	0.0542
782.875	0.055
783.0	0.0558
783.125	0.0542
783.25	0.0558
783.375	0.055
783.5	0.0542
783.625	0.055
783.75	0.0558
783.875	0.0534
784.0	0.0542
784.125	0.0526
784.25	0.055
784.375	0.0542
784.5	0.0534
784.625	0.055
784.75	0.0526
784.875	0.055
785.0	0.0558
785.125	0.0558
785.25	0.055
785.375	0.0534
785.5	0.0534
785.625	0.0526
785.75	0.055
785.875	0.055
786.0	0.0534
786.125	0.055
786.25	0.0566
786.375	0.0526
786.5	0.0542
786.625	0.0534
786.75	0.055
786.875	0.0542
787.0	0.0542
787.125	0.0526
787.25	0.055
787.375	0.0542
787.5	0.0526
787.625	0.0526
787.75	0.0534
787.875	0.0526
788.0	0.0526
788.125	0.0542
788.25	0.0542
788.375	0.0534
788.5	0.0542
788.625	0.0542
788.75	0.055
788.875	0.0534
789.0	0.0526
789.125	0.0542
789.25	0.0542
789.375	0.055
789.5	0.0534
789.625	0.0558
789.75	0.0526
789.875	0.055
790.0	0.0526
790.125	0.055
790.25	0.055
790.375	0.0534
790.5	0.0534
790.625	0.0534
790.75	0.0542
790.875	0.0542
791.0	0.0526
791.125	0.0542
791.25	0.0534
791.375	0.0526
791.5	0.055
791.625	0.0534
791.75	0.0566
791.875	0.0542
792.0	0.0534
792.125	0.0534
792.25	0.0526
792.375	0.0558
792.5	0.0542
792.625	0.0534
792.75	0.0526
792.875	0.0534
793.0	0.0566
793.125	0.0542
793.25	0.0542
793.375	0.0526
793.5	0.0558
793.625	0.0534
793.75	0.055
793.875	0.0518
794.0	0.0518
794.125	0.0534
794.25	0.0518
794.375	0.055
794.5	0.0542
794.625	0.0542
794.75	0.0534
794.875	0.0518
795.0	0.0542
795.125	0.0542
795.25	0.0558
795.375	0.0542
795.5	0.0526
795.625	0.0526
795.75	0.0534
795.875	0.055
796.0	0.055
796.125	0.0534
796.25	0.0534
796.375	0.0534
796.5	0.0542
796.625	0.055
796.75	0.0542
796.875	0.0542
797.0	0.055
797.125	0.0542
797.25	0.0542
797.375	0.0534
797.5	0.0542
797.625	0.0526
797.75	0.0542
797.875	0.0542
798.0	0.0542
798.125	0.0542
798.25	0.055
798.375	0.0542
798.5	0.0526
798.625	0.055
798.75	0.0542
798.875	0.0542
799.0	0.0534
799.125	0.0558
799.25	0.0542
799.375	0.055
799.5	0.0558
799.625	0.0534
799.75	0.0526
799.875	0.0534
800.0	0.0558
800.125	0.0566
800.25	0.0534
800.375	0.055
800.5	0.0526
800.625	0.055
800.75	0.0526
800.875	0.0558
801.0	0.0566
801.125	0.0542
801.25	0.055
801.375	0.0534
801.5	0.0542
801.625	0.0526
801.75	0.0542
801.875	0.0534
802.0	0.0534
802.125	0.0518
802.25	0.0518
802.375	0.0534
802.5	0.055
802.625	0.0518
802.75	0.055
802.875	0.0526
803.0	0.0518
803.125	0.0542
803.25	0.0534
803.375	0.0534
803.5	0.0534
803.625	0.0558
803.75	0.0534
803.875	0.055
804.0	0.0526
804.125	0.0534
804.25	0.0534
804.375	0.0542
804.5	0.0534
804.625	0.0534
804.75	0.0534
804.875	0.0526
805.0	0.0542
805.125	0.0534
805.25	0.0542
805.375	0.0526
805.5	0.0534
805.625	0.0518
805.75	0.0558
805.875	0.0526
806.0	0.0518
806.125	0.055
806.25	0.0558
806.375	0.055
806.5	0.0534
806.625	0.0566
806.75	0.0526
806.875	0.0526
807.0	0.0542
807.125	0.0558
807.25	0.0534
807.375	0.0542
807.5	0.055
807.625	0.055
807.75	0.0542
807.875	0.0534
808.0	0.055
808.125	0.0542
808.25	0.0542
808.375	0.0534
808.5	0.0534
808.625	0.0542
808.75	0.0534
808.875	0.0542
809.0	0.0518
809.125	0.0526
809.25	0.0534
809.375	0.0542
809.5	0.0566
809.625	0.055
809.75	0.0542
809.875	0.0534
810.0	0.0542
810.125	0.055
810.25	0.0542
810.375	0.055
810.5	0.0534
810.625	0.0558
810.75	0.055
810.875	0.055
811.0	0.0526
811.125	0.0542
811.25	0.0526
811.375	0.0534
811.5	0.0542
811.625	0.0542
811.75	0.0542
811.875	0.0542
812.0	0.0526
812.125	0.0534
812.25	0.0542
812.375	0.055
812.5	0.0566
812.625	0.0534
812.75	0.0526
812.875	0.055
813.0	0.0558
813.125	0.0542
813.25	0.055
813.375	0.0526
813.5	0.0542
813.625	0.055
813.75	0.055
813.875	0.0542
814.0	0.0526
814.125	0.0542
814.25	0.0542
814.375	0.0542
814.5	0.0526
814.625	0.0534
814.75	0.0542
814.875	0.0542
815.0	0.0566
815.125	0.0518
815.25	0.0542
815.375	0.0534
815.5	0.0534
815.625	0.0542
815.75	0.0518
815.875	0.0542
816.0	0.0526
816.125	0.055
816.25	0.0534
816.375	0.0534
816.5	0.0542
816.625	0.0534
816.75	0.055
816.875	0.055
817.0	0.055
817.125	0.0558
817.25	0.0534
817.375	0.0534
817.5	0.0542
817.625	0.0526
817.75	0.0558
817.875	0.0542
818.0	0.055
818.125	0.0518
818.25	0.0542
818.375	0.0542
818.5	0.0558
818.625	0.0558
818.75	0.0542
818.875	0.0534
819.0	0.0534
819.125	0.055
819.25	0.0526
819.375	0.0558
819.5	0.0542
819.625	0.0558
819.75	0.0534
819.875	0.0534
820.0	0.055
820.125	0.055
820.25	0.0542
820.375	0.0542
820.5	0.0534
820.625	0.0558
820.75	0.0534
820.875	0.055
821.0	0.055
821.125	0.055
821.25	0.0542
821.375	0.0558
821.5	0.0518
821.625	0.0534
821.75	0.0542
821.875	0.055
822.0	0.055
822.125	0.0542
822.25	0.0558
822.375	0.0526
822.5	0.0534
822.625	0.055
822.75	0.0534
822.875	0.055
823.0	0.0534
823.125	0.0542
823.25	0.0526
823.375	0.0518
823.5	0.0542
823.625	0.0542
823.75	0.0526
823.875	0.0558
824.0	0.0542
824.125	0.0558
824.25	0.055
824.375	0.0542
824.5	0.0542
824.625	0.055
824.75	0.0526
824.875	0.0534
825.0	0.0542
825.125	0.0542
825.25	0.0526
825.375	0.055
825.5	0.0542
825.625	0.0542
825.75	0.0542
825.875	0.0534
826.0	0.0542
826.125	0.0526
826.25	0.0542
826.375	0.0518
826.5	0.0542
826.625	0.0534
826.75	0.0558
826.875	0.0558
827.0	0.0558
827.125	0.0558
827.25	0.055
827.375	0.055
827.5	0.0526
827.625	0.0518
827.75	0.0542
827.875	0.0542
828.0	0.0534
828.125	0.0558
828.25	0.0534
828.375	0.055
828.5	0.0542
828.625	0.0534
828.75	0.055
828.875	0.055
829.0	0.055
829.125	0.0558
829.25	0.055
829.375	0.0534
829.5	0.055
829.625	0.0542
829.75	0.0542
829.875	0.0542
830.0	0.0542
830.125	0.055
830.25	0.0534
830.375	0.0534
830.5	0.055
830.625	0.0566
830.75	0.055
830.875	0.055
831.0	0.0558
831.125	0.0558
831.25	0.0558
831.375	0.0566
831.5	0.0542
831.625	0.0558
831.75	0.055
831.875	0.0566
832.0	0.055
832.125	0.0558
832.25	0.055
832.375	0.0558
832.5	0.0566
832.625	0.0566
832.75	0.0542
832.875	0.0542
833.0	0.0558
833.125	0.055
833.25	0.0542
833.375	0.0542
833.5	0.0526
833.625	0.0534
833.75	0.055
833.875	0.0534
834.0	0.055
834.125	0.055
834.25	0.055
834.375	0.0558
834.5	0.055
834.625	0.0534
834.75	0.0542
834.875	0.055
835.0	0.0534
835.125	0.0558
835.25	0.055
835.375	0.0558
835.5	0.0558
835.625	0.0534
835.75	0.0542
835.875	0.055
836.0	0.0558
836.125	0.055
836.25	0.055
836.375	0.055
836.5	0.0542
836.625	0.0566
836.75	0.0558
836.875	0.0534
837.0	0.0542
837.125	0.0542
837.25	0.0534
837.375	0.0542
837.5	0.055
837.625	0.0542
837.75	0.0566
837.875	0.0566
838.0	0.0558
838.125	0.0542
838.25	0.055
838.375	0.0558
838.5	0.055
838.625	0.055
838.75	0.0542
838.875	0.0558
839.0	0.0566
839.125	0.0566
839.25	0.0534
839.375	0.0558
839.5	0.0558
839.625	0.0542
839.75	0.0558
839.875	0.055
840.0	0.0542
840.125	0.055
840.25	0.0566
840.375	0.0534
840.5	0.0526
840.625	0.055
840.75	0.0542
840.875	0.0518
841.0	0.055
841.125	0.0534
841.25	0.0558
841.375	0.0542
841.5	0.0542
841.625	0.0542
841.75	0.0526
841.875	0.0542
842.0	0.0534
842.125	0.0558
842.25	0.0534
842.375	0.0526
842.5	0.055
842.625	0.0542
842.75	0.0542
842.875	0.0534
843.0	0.0558
843.125	0.0542
843.25	0.0558
843.375	0.055
843.5	0.0566
843.625	0.055
843.75	0.055
843.875	0.0534
844.0	0.055
844.125	0.0542
844.25	0.0542
844.375	0.0558
844.5	0.0534
844.625	0.0534
844.75	0.055
844.875	0.055
845.0	0.055
845.125	0.0542
845.25	0.055
845.375	0.0558
845.5	0.055
845.625	0.0542
845.75	0.055
845.875	0.0566
846.0	0.0566
846.125	0.0534
846.25	0.0534
846.375	0.0542
846.5	0.0534
846.625	0.0542
846.75	0.0558
846.875	0.0526
847.0	0.055
847.125	0.055
847.25	0.0542
847.375	0.055
847.5	0.0542
847.625	0.0542
847.75	0.0558
847.875	0.0534
848.0	0.055
848.125	0.055
848.25	0.0542
848.375	0.0566
848.5	0.0534
848.625	0.0534
848.75	0.055
848.875	0.0566
849.0	0.0526
849.125	0.0542
849.25	0.0534
849.375	0.0558
849.5	0.055
849.625	0.0534
849.75	0.0542
849.875	0.0566
850.0	0.0542
850.125	0.055
850.25	0.0542
850.375	0.0542
850.5	0.055
850.625	0.055
850.75	0.0526
850.875	0.0542
851.0	0.0526
851.125	0.0534
851.25	0.055
851.375	0.0558
851.5	0.0534
851.625	0.0534
851.75	0.0534
851.875	0.055
852.0	0.0542
852.125	0.055
852.25	0.055
852.375	0.0566
852.5	0.0534
852.625	0.0542
852.75	0.0542
852.875	0.0534
853.0	0.0542
853.125	0.0542
853.25	0.0534
853.375	0.0542
853.5	0.055
853.625	0.055
853.75	0.0534
853.875	0.0566
854.0	0.0566
854.125	0.0558
854.25	0.0558
854.375	0.0558
854.5	0.0534
854.625	0.0558
854.75	0.0542
854.875	0.0558
855.0	0.0542
855.125	0.0534
855.25	0.055
855.375	0.0542
855.5	0.055
855.625	0.055
855.75	0.055
855.875	0.0534
856.0	0.0542
856.125	0.055
856.25	0.0542
856.375	0.0542
856.5	0.055
856.625	0.0558
856.75	0.0542
856.875	0.0558
857.0	0.0526
857.125	0.055
857.25	0.055
857.375	0.0566
857.5	0.0542
857.625	0.055
857.75	0.0558
857.875	0.0534
858.0	0.0558
858.125	0.0558
858.25	0.0566
858.375	0.055
858.5	0.0542
858.625	0.0558
858.75	0.0542
858.875	0.0558
859.0	0.0534
859.125	0.0542
859.25	0.055
859.375	0.0542
859.5	0.0534
859.625	0.0542
859.75	0.0542
859.875	0.0558
860.0	0.0542
860.125	0.0526
860.25	0.0542
860.375	0.0518
860.5	0.0534
860.625	0.055
860.75	0.0566
860.875	0.0526
861.0	0.0542
861.125	0.0534
861.25	0.0542
861.375	0.055
861.5	0.055
861.625	0.055
861.75	0.0542
861.875	0.0542
862.0	0.055
862.125	0.0558
862.25	0.0558
862.375	0.0542
862.5	0.055
862.625	0.0558
862.75	0.0542
862.875	0.0558
863.0	0.0558
863.125	0.0534
863.25	0.055
863.375	0.055
863.5	0.055
863.625	0.0534
863.75	0.0534
863.875	0.0534
864.0	0.0542
864.125	0.0566
864.25	0.0534
864.375	0.0558
864.5	0.0566
864.625	0.0558
864.75	0.055
864.875	0.0566
865.0	0.0542
865.125	0.055
865.25	0.055
865.375	0.0558
865.5	0.055
865.625	0.0566
865.75	0.0566
865.875	0.0566
866.0	0.0542
866.125	0.0542
866.25	0.0558
866.375	0.0558
866.5	0.0566
866.625	0.0542
866.75	0.0542
866.875	0.0566
867.0	0.0558
867.125	0.055
867.25	0.0542
867.375	0.0566
867.5	0.0566
867.625	0.0558
867.75	0.0566
867.875	0.055
868.0	0.0566
868.125	0.0558
868.25	0.055
868.375	0.0558
868.5	0.0566
868.625	0.0558
868.75	0.055
868.875	0.0542
869.0	0.0566
869.125	0.0558
869.25	0.0526
869.375	0.0566
869.5	0.055
869.625	0.0558
869.75	0.0558
869.875	0.0566
870.0	0.055
870.125	0.0566
870.25	0.0566
870.375	0.0558
870.5	0.055
870.625	0.0558
870.75	0.0566
870.875	0.0566
871.0	0.0542
871.125	0.055
871.25	0.0566
871.375	0.0566
871.5	0.0558
871.625	0.055
871.75	0.0542
871.875	0.0558
872.0	0.055
872.125	0.0558
872.25	0.0566
872.375	0.0558
872.5	0.0573
872.625	0.0558
872.75	0.0558
872.875	0.0558
873.0	0.0566
873.125	0.0558
873.25	0.055
873.375	0.0566
873.5	0.0542
873.625	0.0566
873.75	0.0566
873.875	0.0526
874.0	0.0558
874.125	0.0558
874.25	0.0558
874.375	0.0542
874.5	0.0542
874.625	0.0566
874.75	0.0566
874.875	0.0558
875.0	0.0558
875.125	0.0566
875.25	0.0566
875.375	0.0558
875.5	0.0558
875.625	0.0542
875.75	0.0566
875.875	0.0566
876.0	0.0534
876.125	0.0542
876.25	0.0566
876.375	0.055
876.5	0.0558
876.625	0.0558
876.75	0.0566
876.875	0.0566
877.0	0.055
877.125	0.0566
877.25	0.0566
877.375	0.055
877.5	0.0566
877.625	0.0558
877.75	0.0558
877.875	0.0566
878.0	0.0558
878.125	0.055
878.25	0.0566
878.375	0.0566
878.5	0.0566
878.625	0.0558
878.75	0.0566
878.875	0.0558
879.0	0.0566
879.125	0.0573
879.25	0.0558
879.375	0.0566
879.5	0.0566
879.625	0.0558
879.75	0.0566
879.875	0.055
880.0	0.0566
880.125	0.0558
880.25	0.0566
880.375	0.0542
880.5	0.0558
880.625	0.0558
880.75	0.0558
880.875	0.0566
881.0	0.0566
881.125	0.0558
881.25	0.0558
881.375	0.0558
881.5	0.0558
881.625	0.0566
881.75	0.0566
881.875	0.0566
882.0	0.0566
882.125	0.0566
882.25	0.0558
882.375	0.0558
882.5	0.0566
882.625	0.0566
882.75	0.0573
882.875	0.0566
883.0	0.0566
883.125	0.0558
883.25	0.0558
883.375	0.0566
883.5	0.0558
883.625	0.0566
883.75	0.0566
883.875	0.055
884.0	0.0566
884.125	0.0558
884.25	0.0566
884.375	0.0566
884.5	0.0573
884.625	0.0566
884.75	0.0566
884.875	0.0566
885.0	0.0566
885.125	0.0566
885.25	0.0566
885.375	0.0566
885.5	0.0566
885.625	0.0566
885.75	0.0566
885.875	0.0558
886.0	0.0566
886.125	0.0566
886.25	0.0566
886.375	0.0566
886.5	0.0566
886.625	0.0566
886.75	0.0558
886.875	0.0566
887.0	0.0566
887.125	0.0558
887.25	0.0566
887.375	0.0558
887.5	0.0566
887.625	0.0566
887.75	0.0566
887.875	0.0566
888.0	0.0566
888.125	0.055
888.25	0.0566
888.375	0.0558
888.5	0.055
888.625	0.055
888.75	0.0573
888.875	0.055
889.0	0.0566
889.125	0.0566
889.25	0.0566
889.375	0.0566
889.5	0.055
889.625	0.0566
889.75	0.0558
889.875	0.055
890.0	0.0566
890.125	0.0566
890.25	0.0566
890.375	0.0566
890.5	0.055
890.625	0.0566
890.75	0.0558
890.875	0.0566
891.0	0.0558
891.125	0.0558
891.25	0.0566
891.375	0.055
891.5	0.0558
891.625	0.0566
891.75	0.0558
891.875	0.0566
892.0	0.0558
892.125	0.0566
892.25	0.055
892.375	0.055
892.5	0.0566
892.625	0.0566
892.75	0.055
892.875	0.055
893.0	0.0542
893.125	0.055
893.25	0.0558
893.375	0.0558
893.5	0.0573
893.625	0.0573
893.75	0.0566
893.875	0.055
894.0	0.0566
894.125	0.055
894.25	0.0566
894.375	0.055
894.5	0.0566
894.625	0.0558
894.75	0.0558
894.875	0.0558
895.0	0.0558
895.125	0.055
895.25	0.0542
895.375	0.0566
895.5	0.055
895.625	0.055
895.75	0.0558
895.875	0.0566
896.0	0.055
896.125	0.0558
896.25	0.0558
896.375	0.0558
896.5	0.0566
896.625	0.0558
896.75	0.0542
896.875	0.0558
897.0	0.0558
897.125	0.055
897.25	0.055
897.375	0.0558
897.5	0.0534
897.625	0.0542
897.75	0.0558
897.875	0.055
898.0	0.0558
898.125	0.0558
898.25	0.0566
898.375	0.0566
898.5	0.055
898.625	0.0542
898.75	0.055
898.875	0.055
899.0	0.0558
899.125	0.055
899.25	0.0534
899.375	0.055
899.5	0.0558
899.625	0.0558
899.75	0.0566
899.875	0.0526
