900.0	0.0613
899.875	0.0613
899.75	0.0621
899.625	0.0613
899.5	0.0605
899.375	0.0613
899.25	0.0621
899.125	0.0613
899.0	0.0613
898.875	0.0621
898.75	0.0613
898.625	0.0613
898.5	0.0613
898.375	0.0613
898.25	0.0613
898.125	0.0613
898.0	0.0621
897.875	0.0613
897.75	0.0613
897.625	0.0621
897.5	0.0613
897.375	0.0628
897.25	0.0613
897.125	0.0613
897.0	0.0621
896.875	0.0644
896.75	0.0621
896.625	0.0621
896.5	0.0621
896.375	0.0644
896.25	0.0628
896.125	0.0636
896.0	0.0628
895.875	0.0644
895.75	0.0652
895.625	0.0628
895.5	0.0652
895.375	0.0636
895.25	0.0644
895.125	0.0636
895.0	0.066
894.875	0.066
894.75	0.0636
894.625	0.0652
894.5	0.066
894.375	0.066
894.25	0.066
894.125	0.0652
894.0	0.0644
893.875	0.066
893.75	0.066
893.625	0.066
893.5	0.0644
893.375	0.066
893.25	0.066
893.125	0.066
893.0	0.066
892.875	0.066
892.75	0.0668
892.625	0.0668
892.5	0.066
892.375	0.066
892.25	0.066
892.125	0.066
892.0	0.066
891.875	0.0676
891.75	0.0668
891.625	0.066
891.5	0.066
891.375	0.066
891.25	0.066
891.125	0.066
891.0	0.066
890.875	0.066
890.75	0.0668
890.625	0.0668
890.5	0.0676
890.375	0.066
890.25	0.0676
890.125	0.0683
890.0	0.0676
889.875	0.0683
889.75	0.0691
889.625	0.0676
889.5	0.0668
889.375	0.0691
889.25	0.0676
889.125	0.0691
889.0	0.066
888.875	0.0683
888.75	0.0676
888.625	0.0676
888.5	0.0691
888.375	0.0668
888.25	0.0699
888.125	0.0683
888.0	0.0691
887.875	0.0676
887.75	0.0707
887.625	0.0683
887.5	0.0691
887.375	0.0691
887.25	0.0683
887.125	0.0707
887.0	0.0691
886.875	0.0707
886.75	0.0699
886.625	0.0707
886.5	0.0707
886.375	0.0691
886.25	0.0691
886.125	0.0707
886.0	0.0707
885.875	0.0691
885.75	0.0707
885.625	0.0707
885.5	0.0707
885.375	0.0707
885.25	0.0707
885.125	0.0707
885.0	0.0699
884.875	0.0707
884.75	0.0707
884.625	0.0707
884.5	0.0699
884.375	0.0707
884.25	0.0707
884.125	0.0699
884.0	0.0707
883.875	0.0707
883.75	0.0707
883.625	0.0707
883.5	0.0707
883.375	0.0707
883.25	0.0707
883.125	0.0707
883.0	0.0707
882.875	0.0699
882.75	0.0707
882.625	0.0699
882.5	0.0691
882.375	0.0707
882.25	0.0707
882.125	0.0699
882.0	0.0699
881.875	0.0707
881.75	0.0683
881.625	0.0699
881.5	0.0699
881.375	0.0683
881.25	0.0699
881.125	0.0699
881.0	0.0699
880.875	0.0691
880.75	0.0707
880.625	0.0691
880.5	0.0683
880.375	0.0699
880.25	0.0699
880.125	0.0691
880.0	0.0683
879.875	0.0699
879.75	0.0683
879.625	0.0676
879.5	0.0676
879.375	0.0691
879.25	0.0683
879.125	0.0691
879.0	0.0668
878.875	0.0683
878.75	0.0683
878.625	0.066
878.5	0.0691
878.375	0.0691
878.25	0.0668
878.125	0.0683
878.0	0.0676
877.875	0.0676
877.75	0.0676
877.625	0.0676
877.5	0.0668
877.375	0.066
877.25	0.0668
877.125	0.066
877.0	0.066
876.875	0.066
876.75	0.0676
876.625	0.066
876.5	0.0676
876.375	0.0652
876.25	0.066
876.125	0.066
876.0	0.066
875.875	0.066
875.75	0.0668
875.625	0.0668
875.5	0.066
875.375	0.066
875.25	0.0668
875.125	0.066
875.0	0.0668
874.875	0.0668
874.75	0.066
874.625	0.066
874.5	0.066
874.375	0.066
874.25	0.066
874.125	0.066
874.0	0.066
873.875	0.0668
873.75	0.066
873.625	0.066
873.5	0.0668
873.375	0.0668
873.25	0.0652
873.125	0.0668
873.0	0.066
872.875	0.066
872.75	0.0644
872.625	0.066
872.5	0.0652
872.375	0.0652
872.25	0.066
872.125	0.066
872.0	0.066
871.875	0.066
871.75	0.066
871.625	0.066
871.5	0.066
871.375	0.066
871.25	0.066
871.125	0.066
871.0	0.066
870.875	0.0652
870.75	0.066
870.625	0.0644
870.5	0.0652
870.375	0.066
870.25	0.0652
870.125	0.0644
870.0	0.0652
869.875	0.066
869.75	0.0636
869.625	0.066
869.5	0.066
869.375	0.066
869.25	0.0652
869.125	0.0644
869.0	0.0652
868.875	0.066
868.75	0.0636
868.625	0.0644
868.5	0.066
868.375	0.0628
868.25	0.0644
868.125	0.0652
868.0	0.0652
867.875	0.0628
867.75	0.066
867.625	0.0628
867.5	0.0636
867.375	0.0636
867.25	0.0613
867.125	0.0628
867.0	0.0621
866.875	0.0613
866.75	0.0613
866.625	0.0628
866.5	0.0613
866.375	0.0621
866.25	0.0628
866.125	0.0621
866.0	0.0621
865.875	0.0613
865.75	0.0621
865.625	0.0613
865.5	0.0621
865.375	0.0613
865.25	0.0613
865.125	0.0621
865.0	0.0613
864.875	0.0613
864.75	0.0613
864.625	0.0613
864.5	0.0621
864.375	0.0613
864.25	0.0613
864.125	0.0621
864.0	0.0621
863.875	0.0613
863.75	0.0613
863.625	0.0613
863.5	0.0613
863.375	0.0605
863.25	0.0613
863.125	0.0605
863.0	0.0613
862.875	0.0613
862.75	0.0613
862.625	0.0613
862.5	0.0605
862.375	0.0613
862.25	0.0589
862.125	0.0613
862.0	0.0613
861.875	0.0613
861.75	0.0613
861.625	0.0605
861.5	0.0605
861.375	0.0589
861.25	0.0597
861.125	0.0597
861.0	0.0589
860.875	0.0597
860.75	0.0613
860.625	0.0597
860.5	0.0613
860.375	0.0613
860.25	0.0589
860.125	0.0597
860.0	0.0597
859.875	0.0597
859.75	0.0566
859.625	0.0589
859.5	0.0589
859.375	0.0605
859.25	0.0581
859.125	0.0597
859.0	0.0589
858.875	0.0589
858.75	0.0573
858.625	0.0581
858.5	0.0597
858.375	0.0581
858.25	0.0573
858.125	0.0573
858.0	0.0605
857.875	0.0566
857.75	0.0589
857.625	0.0566
857.5	0.0581
857.375	0.0566
857.25	0.0581
857.125	0.0589
857.0	0.0605
856.875	0.0573
856.75	0.0581
856.625	0.0573
856.5	0.0573
856.375	0.0581
856.25	0.0573
856.125	0.0573
856.0	0.0581
855.875	0.0566
855.75	0.0589
855.625	0.0589
855.5	0.0581
855.375	0.0581
855.25	0.0566
855.125	0.0581
855.0	0.0589
854.875	0.0573
854.75	0.0566
854.625	0.0566
854.5	0.0573
854.375	0.0566
854.25	0.0581
854.125	0.0566
854.0	0.0589
853.875	0.0566
853.75	0.0566
853.625	0.0589
853.5	0.0566
853.375	0.0573
853.25	0.0573
853.125	0.0566
853.0	0.0573
852.875	0.0573
852.75	0.0573
852.625	0.0566
852.5	0.0566
852.375	0.0566
852.25	0.0566
852.125	0.0566
852.0	0.0566
851.875	0.0566
851.75	0.0566
851.625	0.0573
851.5	0.0566
851.375	0.0566
851.25	0.0573
851.125	0.0581
851.0	0.0566
850.875	0.0566
850.75	0.0581
850.625	0.0566
850.5	0.0566
850.375	0.0566
850.25	0.0566
850.125	0.0566
850.0	0.0566
849.875	0.0566
849.75	0.0566
849.625	0.0566
849.5	0.0566
849.375	0.0573
849.25	0.0558
849.125	0.0566
849.0	0.0558
848.875	0.0566
848.75	0.0566
848.625	0.0566
848.5	0.0558
848.375	0.0573
848.25	0.0573
848.125	0.0566
848.0	0.0558
847.875	0.0566
847.75	0.0566
847.625	0.0558
847.5	0.0566
847.375	0.0558
847.25	0.055
847.125	0.0566
847.0	0.055
846.875	0.0566
846.75	0.0566
846.625	0.0566
846.5	0.0566
846.375	0.0573
846.25	0.0566
846.125	0.0558
846.0	0.0566
845.875	0.0566
845.75	0.0558
845.625	0.0566
845.5	0.0566
845.375	0.0558
845.25	0.0566
845.125	0.0566
845.0	0.0558
844.875	0.0566
844.75	0.0558
844.625	0.0534
844.5	0.0573
844.375	0.0566
844.25	0.0566
844.125	0.0558
844.0	0.0558
843.875	0.0558
843.75	0.0566
843.625	0.0566
843.5	0.0566
843.375	0.0566
843.25	0.0566
843.125	0.0566
843.0	0.0566
842.875	0.055
842.75	0.0566
842.625	0.0566
842.5	0.0566
842.375	0.0558
842.25	0.0558
842.125	0.0558
842.0	0.0558
841.875	0.055
841.75	0.0558
841.625	0.0566
841.5	0.0566
841.375	0.0558
841.25	0.0558
841.125	0.055
841.0	0.0558
840.875	0.0566
840.75	0.0566
840.625	0.0566
840.5	0.0566
840.375	0.0566
840.25	0.0566
840.125	0.0558
840.0	0.0558
839.875	0.055
839.75	0.0558
839.625	0.0558
839.5	0.055
839.375	0.0558
839.25	0.055
839.125	0.0566
839.0	0.0566
838.875	0.0558
838.75	0.0558
838.625	0.0542
838.5	0.0566
838.375	0.0542
838.25	0.0566
838.125	0.055
838.0	0.0542
837.875	0.0558
837.75	0.0558
837.625	0.0558
837.5	0.0566
837.375	0.0566
837.25	0.0558
837.125	0.0558
837.0	0.055
836.875	0.0566
836.75	0.0542
836.625	0.055
836.5	0.0558
836.375	0.0558
836.25	0.0566
836.125	0.055
836.0	0.0558
835.875	0.0566
835.75	0.055
835.625	0.0566
835.5	0.0534
835.375	0.0558
835.25	0.055
835.125	0.0566
835.0	0.0558
834.875	0.0558
834.75	0.0566
834.625	0.0558
834.5	0.0542
834.375	0.055
834.25	0.055
834.125	0.0542
834.0	0.055
833.875	0.0542
833.75	0.0558
833.625	0.055
833.5	0.0566
833.375	0.055
833.25	0.0566
833.125	0.0542
833.0	0.0534
832.875	0.0542
832.75	0.0558
832.625	0.055
832.5	0.0542
832.375	0.0566
832.25	0.0542
832.125	0.0534
832.0	0.0566
831.875	0.055
831.75	0.0558
831.625	0.0566
831.5	0.0566
831.375	0.0542
831.25	0.0526
831.125	0.0566
831.0	0.055
830.875	0.055
830.75	0.055
830.625	0.0558
830.5	0.0566
830.375	0.0566
830.25	0.0542
830.125	0.0566
830.0	0.0566
829.875	0.0566
829.75	0.055
829.625	0.0558
829.5	0.055
829.375	0.055
829.25	0.0558
829.125	0.0558
829.0	0.0542
828.875	0.0526
828.75	0.055
828.625	0.055
828.5	0.0566
828.375	0.0566
828.25	0.0566
828.125	0.055
828.0	0.0526
827.875	0.0542
827.75	0.0534
827.625	0.055
827.5	0.0542
827.375	0.0558
827.25	0.0558
827.125	0.0542
827.0	0.0526
826.875	0.055
826.75	0.0566
826.625	0.0566
826.5	0.055
826.375	0.0534
826.25	0.0566
826.125	0.055
826.0	0.0558
825.875	0.0566
825.75	0.0542
825.625	0.055
825.5	0.0566
825.375	0.0542
825.25	0.0534
825.125	0.055
825.0	0.0558
824.875	0.0566
824.75	0.055
824.625	0.0558
824.5	0.055
824.375	0.0566
824.25	0.0558
824.125	0.0558
824.0	0.055
823.875	0.0558
823.75	0.055
823.625	0.055
823.5	0.0542
823.375	0.055
823.25	0.0534
823.125	0.055
823.0	0.0542
822.875	0.0542
822.75	0.0566
822.625	0.055
822.5	0.0558
822.375	0.0542
822.25	0.0558
822.125	0.0566
822.0	0.0558
821.875	0.055
821.75	0.0542
821.625	0.0566
821.5	0.0542
821.375	0.0542
821.25	0.055
821.125	0.0542
821.0	0.0558
820.875	0.055
820.75	0.0542
820.625	0.0558
820.5	0.0542
820.375	0.0558
820.25	0.0534
820.125	0.0558
820.0	0.0542
819.875	0.055
819.75	0.0542
819.625	0.0558
819.5	0.0558
819.375	0.0518
819.25	0.0558
819.125	0.0558
819.0	0.0566
818.875	0.055
818.75	0.055
818.625	0.055
818.5	0.055
818.375	0.0526
818.25	0.055
818.125	0.0566
818.0	0.055
817.875	0.0542
817.75	0.0558
817.625	0.0534
817.5	0.0542
817.375	0.055
817.25	0.055
817.125	0.0566
817.0	0.0558
816.875	0.0534
816.75	0.055
816.625	0.055
816.5	0.0534
816.375	0.0566
816.25	0.055
816.125	0.0526
816.0	0.055
815.875	0.0566
815.75	0.0558
815.625	0.0558
815.5	0.0534
815.375	0.055
815.25	0.0558
815.125	0.0558
815.0	0.0542
814.875	0.0542
814.75	0.0534
814.625	0.0566
814.5	0.0542
814.375	0.0558
814.25	0.0534
814.125	0.055
814.0	0.055
813.875	0.0526
813.75	0.0542
813.625	0.0566
813.5	0.0534
813.375	0.0542
813.25	0.0542
813.125	0.0566
813.0	0.0558
812.875	0.0542
812.75	0.0542
812.625	0.0526
812.5	0.055
812.375	0.0542
812.25	0.0566
812.125	0.055
812.0	0.0542
811.875	0.0566
811.75	0.0526
811.625	0.0534
811.5	0.0558
811.375	0.055
811.25	0.055
811.125	0.0542
811.0	0.0534
810.875	0.0542
810.75	0.0526
810.625	0.0542
810.5	0.0526
810.375	0.0518
810.25	0.0558
810.125	0.0558
810.0	0.0526
809.875	0.055
809.75	0.0526
809.625	0.0534
809.5	0.0542
809.375	0.0542
809.25	0.055
809.125	0.0526
809.0	0.0526
808.875	0.0534
808.75	0.0526
808.625	0.0542
808.5	0.0526
808.375	0.0518
808.25	0.0526
808.125	0.0534
808.0	0.0542
807.875	0.0542
807.75	0.0542
807.625	0.0534
807.5	0.0526
807.375	0.0526
807.25	0.0542
807.125	0.0526
807.0	0.0534
806.875	0.0526
806.75	0.0534
806.625	0.0542
806.5	0.0526
806.375	0.0534
806.25	0.0534
806.125	0.0526
806.0	0.0534
805.875	0.0534
805.75	0.0518
805.625	0.0534
805.5	0.0534
805.375	0.0526
805.25	0.0558
805.125	0.0526
805.0	0.0518
804.875	0.0518
804.75	0.0534
804.625	0.0534
804.5	0.0526
804.375	0.0542
804.25	0.0518
804.125	0.0542
804.0	0.0534
803.875	0.055
803.75	0.055
803.625	0.0542
803.5	0.0526
803.375	0.0534
803.25	0.055
803.125	0.0542
803.0	0.0518
802.875	0.0534
802.75	0.0542
802.625	0.0558
802.5	0.0534
802.375	0.0534
802.25	0.0542
802.125	0.055
802.0	0.0534
801.875	0.0534
801.75	0.0534
801.625	0.0542
801.5	0.0526
801.375	0.0534
801.25	0.0526
801.125	0.0526
801.0	0.0534
800.875	0.0534
800.75	0.055
800.625	0.055
800.5	0.0526
800.375	0.0518
800.25	0.0518
800.125	0.0526
800.0	0.0542
799.875	0.0534
799.75	0.0518
799.625	0.0542
799.5	0.0542
799.375	0.0526
799.25	0.0542
799.125	0.0534
799.0	0.0542
798.875	0.0542
798.75	0.0518
798.625	0.0534
798.5	0.0534
798.375	0.0518
798.25	0.0542
798.125	0.0518
798.0	0.0518
797.875	0.0534
797.75	0.0526
797.625	0.0534
797.5	0.0542
797.375	0.0526
797.25	0.0534
797.125	0.055
797.0	0.0534
796.875	0.0526
796.75	0.0534
796.625	0.0542
796.5	0.055
796.375	0.0534
796.25	0.055
796.125	0.0534
796.0	0.0534
795.875	0.0542
795.75	0.055
795.625	0.0534
795.5	0.055
795.375	0.0558
795.25	0.0534
795.125	0.0526
795.0	0.0558
794.875	0.0518
794.75	0.055
794.625	0.0534
794.5	0.0542
794.375	0.0526
794.25	0.055
794.125	0.0534
794.0	0.0542
793.875	0.0534
793.75	0.0558
793.625	0.0542
793.5	0.0542
793.375	0.0518
793.25	0.0534
793.125	0.0526
793.0	0.0526
792.875	0.0542
792.75	0.0526
792.625	0.055
792.5	0.0526
792.375	0.0526
792.25	0.055
792.125	0.0534
792.0	0.0534
791.875	0.0518
791.75	0.0526
791.625	0.0534
791.5	0.0534
791.375	0.0534
791.25	0.0526
791.125	0.0526
791.0	0.0526
790.875	0.0534
790.75	0.0526
790.625	0.0518
790.5	0.0526
790.375	0.0526
790.25	0.0542
790.125	0.0518
790.0	0.0526
789.875	0.0518
789.75	0.0518
789.625	0.0542
789.5	0.0534
789.375	0.0542
789.25	0.0518
789.125	0.0526
789.0	0.0518
788.875	0.0518
788.75	0.0518
788.625	0.0518
788.5	0.0518
788.375	0.0518
788.25	0.0495
788.125	0.0503
788.0	0.0503
787.875	0.0471
787.75	0.0487
787.625	0.0471
787.5	0.0471
787.375	0.0471
787.25	0.0471
787.125	0.0471
787.0	0.0463
786.875	0.044
786.75	0.0424
786.625	0.0424
786.5	0.0416
786.375	0.0424
786.25	0.0424
786.125	0.0424
786.0	0.0416
785.875	0.0416
785.75	0.0424
785.625	0.0424
785.5	0.0424
785.375	0.0432
785.25	0.0432
785.125	0.0448
785.0	0.0455
784.875	0.0463
784.75	0.0471
784.625	0.0471
784.5	0.0471
784.375	0.0471
784.25	0.0471
784.125	0.0511
784.0	0.0518
783.875	0.0534
783.75	0.0526
783.625	0.0542
783.5	0.0542
783.375	0.0518
783.25	0.0526
783.125	0.0534
783.0	0.0534
782.875	0.0518
782.75	0.0518
782.625	0.0542
782.5	0.0518
782.375	0.0542
782.25	0.0534
782.125	0.0534
782.0	0.0542
781.875	0.0542
781.75	0.0558
781.625	0.0518
781.5	0.0534
781.375	0.0526
781.25	0.0534
781.125	0.0526
781.0	0.0518
780.875	0.0534
780.75	0.0526
780.625	0.0526
780.5	0.0558
780.375	0.0542
780.25	0.0542
780.125	0.0526
780.0	0.0534
779.875	0.055
779.75	0.0526
779.625	0.0558
779.5	0.0534
779.375	0.0558
779.25	0.0534
779.125	0.055
779.0	0.055
778.875	0.0542
778.75	0.055
778.625	0.0542
778.5	0.0526
778.375	0.0542
778.25	0.055
778.125	0.0542
778.0	0.0534
777.875	0.0534
777.75	0.055
777.625	0.055
777.5	0.0542
777.375	0.0526
777.25	0.0534
777.125	0.055
777.0	0.0542
776.875	0.0534
776.75	0.055
776.625	0.055
776.5	0.0534
776.375	0.055
776.25	0.0542
776.125	0.0542
776.0	0.0542
775.875	0.0558
775.75	0.0534
775.625	0.0534
775.5	0.0558
775.375	0.055
775.25	0.0534
775.125	0.055
775.0	0.0542
774.875	0.0534
774.75	0.0542
774.625	0.0518
774.5	0.055
774.375	0.055
774.25	0.0566
774.125	0.0534
774.0	0.055
773.875	0.0542
773.75	0.055
773.625	0.0558
773.5	0.0566
773.375	0.0566
773.25	0.055
773.125	0.0566
773.0	0.0526
772.875	0.0534
772.75	0.0542
772.625	0.0542
772.5	0.055
772.375	0.055
772.25	0.055
772.125	0.0526
772.0	0.0542
771.875	0.055
771.75	0.0542
771.625	0.055
771.5	0.0526
771.375	0.0542
771.25	0.0542
771.125	0.055
771.0	0.0566
770.875	0.055
770.75	0.0518
770.625	0.0542
770.5	0.0542
770.375	0.055
770.25	0.0542
770.125	0.055
770.0	0.0558
769.875	0.0558
769.75	0.0542
769.625	0.0534
769.5	0.0566
769.375	0.0558
769.25	0.0534
769.125	0.055
769.0	0.055
768.875	0.0542
768.75	0.0534
768.625	0.0526
768.5	0.0542
768.375	0.0526
768.25	0.0526
768.125	0.0558
768.0	0.0566
767.875	0.0534
767.75	0.0542
767.625	0.055
767.5	0.055
767.375	0.0566
767.25	0.0566
767.125	0.0566
767.0	0.0542
766.875	0.055
766.75	0.055
766.625	0.055
766.5	0.0534
766.375	0.055
766.25	0.0534
766.125	0.0558
766.0	0.0542
765.875	0.0558
765.75	0.0542
765.625	0.055
765.5	0.055
765.375	0.0558
765.25	0.0542
765.125	0.055
765.0	0.0526
764.875	0.0542
764.75	0.0542
764.625	0.0542
764.5	0.0534
764.375	0.0534
764.25	0.055
764.125	0.0558
764.0	0.0542
763.875	0.055
763.75	0.0566
763.625	0.0534
763.5	0.055
763.375	0.0558
763.25	0.0558
763.125	0.055
763.0	0.0542
762.875	0.0526
762.75	0.0558
762.625	0.055
762.5	0.0534
762.375	0.0526
762.25	0.0542
762.125	0.055
762.0	0.0566
761.875	0.0534
761.75	0.0558
761.625	0.0542
761.5	0.055
761.375	0.0542
761.25	0.0542
761.125	0.055
761.0	0.055
760.875	0.0542
760.75	0.055
760.625	0.055
760.5	0.0534
760.375	0.0526
760.25	0.0534
760.125	0.055
760.0	0.0526
759.875	0.055
759.75	0.0542
759.625	0.055
759.5	0.0566
759.375	0.055
759.25	0.0534
759.125	0.0542
759.0	0.0534
758.875	0.0558
758.75	0.055
758.625	0.055
758.5	0.0518
758.375	0.0558
758.25	0.0542
758.125	0.0566
758.0	0.0542
757.875	0.0526
757.75	0.0526
757.625	0.0526
757.5	0.0558
757.375	0.0526
757.25	0.0542
757.125	0.0542
757.0	0.055
756.875	0.0534
756.75	0.0534
756.625	0.0558
756.5	0.055
756.375	0.055
756.25	0.0534
756.125	0.055
756.0	0.0518
755.875	0.055
755.75	0.055
755.625	0.055
755.5	0.055
755.375	0.055
755.25	0.0566
755.125	0.0534
755.0	0.0534
754.875	0.0534
754.75	0.0542
754.625	0.0542
754.5	0.0542
754.375	0.0566
754.25	0.0558
754.125	0.0542
754.0	0.055
753.875	0.055
753.75	0.055
753.625	0.0542
753.5	0.055
753.375	0.055
753.25	0.0534
753.125	0.055
753.0	0.0542
752.875	0.0534
752.75	0.055
752.625	0.0558
752.5	0.0534
752.375	0.0534
752.25	0.0534
752.125	0.0566
752.0	0.0542
751.875	0.055
751.75	0.0542
751.625	0.0542
751.5	0.0558
751.375	0.0526
751.25	0.0542
751.125	0.0542
751.0	0.0534
750.875	0.0526
750.75	0.0542
750.625	0.0566
750.5	0.0526
750.375	0.055
750.25	0.055
750.125	0.0558
750.0	0.0558
749.875	0.0526
749.75	0.0558
749.625	0.0566
749.5	0.0542
749.375	0.0534
749.25	0.0542
749.125	0.055
749.0	0.0566
748.875	0.055
748.75	0.0542
748.625	0.0558
748.5	0.0558
748.375	0.0542
748.25	0.0534
748.125	0.0534
748.0	0.055
747.875	0.0542
747.75	0.0558
747.625	0.0534
747.5	0.0542
747.375	0.0566
747.25	0.0542
747.125	0.0542
747.0	0.0542
746.875	0.0566
746.75	0.0542
746.625	0.0542
746.5	0.0558
746.375	0.0558
746.25	0.0566
746.125	0.055
746.0	0.0534
745.875	0.0566
745.75	0.055
745.625	0.0534
745.5	0.0534
745.375	0.0558
745.25	0.0558
745.125	0.0534
745.0	0.0542
744.875	0.0558
744.75	0.0534
744.625	0.0542
744.5	0.0542
744.375	0.0526
744.25	0.0534
744.125	0.055
744.0	0.055
743.875	0.0558
743.75	0.0534
743.625	0.055
743.5	0.0534
743.375	0.055
743.25	0.055
743.125	0.0526
743.0	0.0558
742.875	0.0542
742.75	0.055
742.625	0.0558
742.5	0.055
742.375	0.0526
742.25	0.0558
742.125	0.0542
742.0	0.0558
741.875	0.0566
741.75	0.055
741.625	0.055
741.5	0.0566
741.375	0.0534
741.25	0.0558
741.125	0.0534
741.0	0.0542
740.875	0.0534
740.75	0.0534
740.625	0.0526
740.5	0.0542
740.375	0.0542
740.25	0.055
740.125	0.055
740.0	0.055
739.875	0.0542
739.75	0.0542
739.625	0.055
739.5	0.0526
739.375	0.0534
739.25	0.055
739.125	0.0534
739.0	0.055
738.875	0.0534
738.75	0.055
738.625	0.0542
738.5	0.0534
738.375	0.055
738.25	0.0558
738.125	0.0558
738.0	0.055
737.875	0.0526
737.75	0.0542
737.625	0.0534
737.5	0.055
737.375	0.0526
737.25	0.0542
737.125	0.0542
737.0	0.0526
736.875	0.0534
736.75	0.0542
736.625	0.0526
736.5	0.0534
736.375	0.0542
736.25	0.0542
736.125	0.0542
736.0	0.0542
735.875	0.0534
735.75	0.0542
735.625	0.0534
735.5	0.0526
735.375	0.0566
735.25	0.0558
735.125	0.0558
735.0	0.0566
734.875	0.0558
734.75	0.055
734.625	0.055
734.5	0.0534
734.375	0.0558
734.25	0.0558
734.125	0.0558
734.0	0.0558
733.875	0.055
733.75	0.0566
733.625	0.0534
733.5	0.0542
733.375	0.0558
733.25	0.0542
733.125	0.055
733.0	0.0526
732.875	0.0534
732.75	0.055
732.625	0.0542
732.5	0.0558
732.375	0.0542
732.25	0.0542
732.125	0.0558
732.0	0.0542
731.875	0.0558
731.75	0.0534
731.625	0.0558
731.5	0.0542
731.375	0.055
731.25	0.0542
731.125	0.055
731.0	0.0542
730.875	0.0558
730.75	0.055
730.625	0.055
730.5	0.0526
730.375	0.0542
730.25	0.0566
730.125	0.055
730.0	0.055
729.875	0.0558
729.75	0.0542
729.625	0.0542
729.5	0.0558
729.375	0.0542
729.25	0.0573
729.125	0.055
729.0	0.0542
728.875	0.0558
728.75	0.0566
728.625	0.0542
728.5	0.0566
728.375	0.055
728.25	0.0566
728.125	0.055
728.0	0.0542
727.875	0.0542
727.75	0.0558
727.625	0.0566
727.5	0.0558
727.375	0.055
727.25	0.0566
727.125	0.055
727.0	0.0558
726.875	0.0526
726.75	0.0558
726.625	0.0558
726.5	0.0558
726.375	0.055
726.25	0.055
726.125	0.055
726.0	0.0558
725.875	0.0526
725.75	0.0542
725.625	0.055
725.5	0.0534
725.375	0.0526
725.25	0.055
725.125	0.0534
725.0	0.0542
724.875	0.0542
724.75	0.0558
724.625	0.0566
724.5	0.0542
724.375	0.0558
724.25	0.0566
724.125	0.055
724.0	0.055
723.875	0.0558
723.75	0.0566
723.625	0.0534
723.5	0.0558
723.375	0.055
723.25	0.055
723.125	0.0558
723.0	0.0558
722.875	0.0534
722.75	0.0542
722.625	0.055
722.5	0.055
722.375	0.055
722.25	0.0526
722.125	0.0534
722.0	0.0534
721.875	0.0534
721.75	0.055
721.625	0.0542
721.5	0.0558
721.375	0.0542
721.25	0.0542
721.125	0.0566
721.0	0.055
720.875	0.0558
720.75	0.0566
720.625	0.0558
720.5	0.0534
720.375	0.0542
720.25	0.0542
720.125	0.0526
720.0	0.0558
719.875	0.055
719.75	0.0542
719.625	0.0534
719.5	0.055
719.375	0.0542
719.25	0.0526
719.125	0.0558
719.0	0.055
718.875	0.0542
718.75	0.0534
718.625	0.0558
718.5	0.0534
718.375	0.0558
718.25	0.0542
718.125	0.0558
718.0	0.0542
717.875	0.055
717.75	0.055
717.625	0.0534
717.5	0.0542
717.375	0.0558
717.25	0.0558
717.125	0.0542
717.0	0.055
716.875	0.0566
716.75	0.0558
716.625	0.0558
716.5	0.055
716.375	0.0542
716.25	0.055
716.125	0.0558
716.0	0.0566
715.875	0.0542
715.75	0.0542
715.625	0.0566
715.5	0.0566
715.375	0.0542
715.25	0.0526
715.125	0.0542
715.0	0.0558
714.875	0.0542
714.75	0.0542
714.625	0.0558
714.5	0.0526
714.375	0.055
714.25	0.055
714.125	0.0534
714.0	0.055
713.875	0.055
713.75	0.0558
713.625	0.0558
713.5	0.0558
713.375	0.0558
713.25	0.0526
713.125	0.0558
713.0	0.055
712.875	0.0542
712.75	0.0542
712.625	0.055
712.5	0.055
712.375	0.0566
712.25	0.055
712.125	0.055
712.0	0.0566
711.875	0.055
711.75	0.055
711.625	0.0542
711.5	0.0558
711.375	0.0534
711.25	0.055
711.125	0.0558
711.0	0.055
710.875	0.055
710.75	0.0558
710.625	0.055
710.5	0.055
710.375	0.055
710.25	0.055
710.125	0.055
710.0	0.0566
709.875	0.055
709.75	0.055
709.625	0.055
709.5	0.055
709.375	0.0542
709.25	0.055
709.125	0.0566
709.0	0.0566
708.875	0.0542
708.75	0.0566
708.625	0.0558
708.5	0.0542
708.375	0.0558
708.25	0.0542
708.125	0.0534
708.0	0.0542
707.875	0.0542
707.75	0.0542
707.625	0.0542
707.5	0.055
707.375	0.055
707.25	0.0542
707.125	0.055
707.0	0.0542
706.875	0.0542
706.75	0.0558
706.625	0.0542
706.5	0.0558
706.375	0.0566
706.25	0.0558
706.125	0.0558
706.0	0.0534
705.875	0.055
705.75	0.0558
705.625	0.0542
705.5	0.055
705.375	0.0558
705.25	0.0566
705.125	0.0566
705.0	0.0566
704.875	0.0542
704.75	0.0542
704.625	0.0558
704.5	0.055
704.375	0.0542
704.25	0.0558
704.125	0.0542
704.0	0.055
703.875	0.0542
703.75	0.0558
703.625	0.0558
703.5	0.0534
703.375	0.055
703.25	0.055
703.125	0.0558
703.0	0.0542
702.875	0.0542
702.75	0.055
702.625	0.0566
702.5	0.0566
702.375	0.0542
702.25	0.0566
702.125	0.0534
702.0	0.0542
701.875	0.0566
701.75	0.055
701.625	0.0566
701.5	0.055
701.375	0.0566
701.25	0.055
701.125	0.0558
701.0	0.0566
700.875	0.0566
700.75	0.055
700.625	0.0542
700.5	0.055
700.375	0.0542
700.25	0.0558
700.125	0.0526
700.0	0.0558
699.875	0.0558
699.75	0.0542
699.625	0.0566
699.5	0.0566
699.375	0.055
699.25	0.0558
699.125	0.0534
699.0	0.0542
698.875	0.055
698.75	0.0542
698.625	0.0558
698.5	0.0566
698.375	0.0558
698.25	0.0542
698.125	0.0534
698.0	0.0566
697.875	0.0558
697.75	0.055
697.625	0.0542
697.5	0.0566
697.375	0.0558
697.25	0.0542
697.125	0.0558
697.0	0.055
696.875	0.055
696.75	0.0558
696.625	0.0558
696.5	0.055
696.375	0.0558
696.25	0.0542
696.125	0.055
696.0	0.055
695.875	0.0558
695.75	0.0558
695.625	0.055
695.5	0.0542
695.375	0.0566
695.25	0.0558
695.125	0.0558
695.0	0.0566
694.875	0.0566
694.75	0.0566
694.625	0.0566
694.5	0.0566
694.375	0.0542
694.25	0.055
694.125	0.0558
694.0	0.0566
693.875	0.055
693.75	0.0566
693.625	0.0526
693.5	0.055
693.375	0.055
693.25	0.055
693.125	0.055
693.0	0.0566
692.875	0.055
692.75	0.0558
692.625	0.0542
692.5	0.0566
692.375	0.0566
692.25	0.0558
692.125	0.0542
692.0	0.0566
691.875	0.0566
691.75	0.0558
691.625	0.0542
691.5	0.0558
691.375	0.0558
691.25	0.0534
691.125	0.055
691.0	0.0558
690.875	0.0558
690.75	0.0566
690.625	0.0558
690.5	0.0542
690.375	0.055
690.25	0.0558
690.125	0.0558
690.0	0.0558
689.875	0.0566
689.75	0.0566
689.625	0.0558
689.5	0.0534
689.375	0.0566
689.25	0.0566
689.125	0.0566
689.0	0.0542
688.875	0.0558
688.75	0.055
688.625	0.0542
688.5	0.0558
688.375	0.0542
688.25	0.055
688.125	0.0566
688.0	0.0566
687.875	0.0558
687.75	0.0558
687.625	0.0526
687.5	0.0542
687.375	0.055
687.25	0.0558
687.125	0.0542
687.0	0.0566
686.875	0.0566
686.75	0.0542
686.625	0.0542
686.5	0.0566
686.375	0.055
686.25	0.0558
686.125	0.0566
686.0	0.0566
685.875	0.0566
685.75	0.055
685.625	0.0558
685.5	0.0566
685.375	0.0558
685.25	0.055
685.125	0.055
685.0	0.0566
684.875	0.0558
684.75	0.0558
684.625	0.0542
684.5	0.0534
684.375	0.0534
684.25	0.0542
684.125	0.055
684.0	0.0534
683.875	0.0566
683.75	0.0542
683.625	0.0566
683.5	0.0558
683.375	0.055
683.25	0.055
683.125	0.0566
683.0	0.0558
682.875	0.055
682.75	0.055
682.625	0.0558
682.5	0.0566
682.375	0.055
682.25	0.055
682.125	0.0566
682.0	0.0566
681.875	0.0566
681.75	0.0566
681.625	0.0558
681.5	0.0558
681.375	0.0542
681.25	0.0558
681.125	0.0558
681.0	0.055
680.875	0.0566
680.75	0.055
680.625	0.0558
680.5	0.0558
680.375	0.055
680.25	0.055
680.125	0.0558
680.0	0.0558
679.875	0.055
679.75	0.055
679.625	0.055
679.5	0.0558
679.375	0.0558
679.25	0.0558
679.125	0.0542
679.0	0.0558
678.875	0.055
678.75	0.0566
678.625	0.0566
678.5	0.055
678.375	0.0566
678.25	0.055
678.125	0.0566
678.0	0.055
677.875	0.0558
677.75	0.0566
677.625	0.0558
677.5	0.0558
677.375	0.0566
677.25	0.055
677.125	0.0566
677.0	0.0566
676.875	0.055
676.75	0.0566
676.625	0.0566
676.5	0.0558
676.375	0.0558
676.25	0.0558
676.125	0.0558
676.0	0.0566
675.875	0.0566
675.75	0.0542
675.625	0.0566
675.5	0.0566
675.375	0.0566
675.25	0.0566
675.125	0.0558
675.0	0.055
674.875	0.0534
674.75	0.055
674.625	0.0558
674.5	0.0566
674.375	0.0566
674.25	0.0573
674.125	0.0566
674.0	0.055
673.875	0.0566
673.75	0.0566
673.625	0.0558
673.5	0.0566
673.375	0.0534
673.25	0.0558
673.125	0.055
673.0	0.0542
672.875	0.0566
672.75	0.0534
672.625	0.055
672.5	0.0566
672.375	0.0566
672.25	0.0542
672.125	0.0566
672.0	0.0566
671.875	0.0558
671.75	0.055
671.625	0.0566
671.5	0.0558
671.375	0.0566
671.25	0.0558
671.125	0.0558
671.0	0.0566
670.875	0.0558
670.75	0.0566
670.625	0.0558
670.5	0.0526
670.375	0.0558
670.25	0.055
670.125	0.055
670.0	0.0542
669.875	0.055
669.75	0.0558
669.625	0.055
669.5	0.0566
669.375	0.0566
669.25	0.055
669.125	0.0566
669.0	0.0566
668.875	0.0566
668.75	0.0558
668.625	0.0566
668.5	0.0573
668.375	0.0558
668.25	0.0558
668.125	0.0558
668.0	0.0566
667.875	0.0566
667.75	0.0566
667.625	0.0558
667.5	0.0566
667.375	0.0566
667.25	0.0534
667.125	0.0566
667.0	0.0566
666.875	0.0566
666.75	0.0566
666.625	0.0566
666.5	0.0542
666.375	0.0558
666.25	0.0558
666.125	0.0566
666.0	0.0566
665.875	0.0558
665.75	0.0581
665.625	0.0566
665.5	0.0566
665.375	0.055
665.25	0.0558
665.125	0.0566
665.0	0.0566
664.875	0.0558
664.75	0.0566
664.625	0.0566
664.5	0.0566
664.375	0.0566
664.25	0.0566
664.125	0.0566
664.0	0.0566
663.875	0.0566
663.75	0.0566
663.625	0.055
663.5	0.0566
663.375	0.0566
663.25	0.0558
663.125	0.0566
663.0	0.055
662.875	0.055
662.75	0.0566
662.625	0.0566
662.5	0.0566
662.375	0.055
662.25	0.0566
662.125	0.0566
662.0	0.0558
661.875	0.055
661.75	0.0566
661.625	0.0566
661.5	0.0573
661.375	0.0566
661.25	0.0566
661.125	0.0558
661.0	0.055
660.875	0.0566
660.75	0.0573
660.625	0.0566
660.5	0.0558
660.375	0.055
660.25	0.0558
660.125	0.0566
660.0	0.0542
659.875	0.0566
659.75	0.0566
659.625	0.0566
659.5	0.0558
659.375	0.0566
659.25	0.0558
659.125	0.0558
659.0	0.0566
658.875	0.055
658.75	0.055
658.625	0.0566
658.5	0.0566
658.375	0.0566
658.25	0.0558
658.125	0.0566
658.0	0.0566
657.875	0.0566
657.75	0.055
657.625	0.0566
657.5	0.0566
657.375	0.0566
657.25	0.0566
657.125	0.0566
657.0	0.0558
656.875	0.0558
656.75	0.0566
656.625	0.0558
656.5	0.0566
656.375	0.0566
656.25	0.0566
656.125	0.0566
656.0	0.0566
655.875	0.0566
655.75	0.055
655.625	0.0566
655.5	0.0558
655.375	0.0566
655.25	0.055
655.125	0.0558
655.0	0.0566
654.875	0.0566
654.75	0.055
654.625	0.0566
654.5	0.0566
654.375	0.0558
654.25	0.0566
654.125	0.0566
654.0	0.0566
653.875	0.0566
653.75	0.055
653.625	0.0566
653.5	0.0566
653.375	0.055
653.25	0.0558
653.125	0.0542
653.0	0.0566
652.875	0.0566
652.75	0.0566
652.625	0.0573
652.5	0.0566
652.375	0.0558
652.25	0.0566
652.125	0.0558
652.0	0.0558
651.875	0.0566
651.75	0.0566
651.625	0.0566
651.5	0.0566
651.375	0.0566
651.25	0.0566
651.125	0.0566
651.0	0.0566
650.875	0.0566
650.75	0.0566
650.625	0.0566
650.5	0.0558
650.375	0.0566
650.25	0.0566
650.125	0.0566
650.0	0.0566
649.875	0.0566
649.75	0.0566
649.625	0.0566
649.5	0.0566
649.375	0.0566
649.25	0.0566
649.125	0.0566
649.0	0.0566
648.875	0.0566
648.75	0.0573
648.625	0.0573
648.5	0.0566
648.375	0.0566
648.25	0.0566
648.125	0.0597
648.0	0.0566
647.875	0.0566
647.75	0.0566
647.625	0.0566
647.5	0.0581
647.375	0.0566
647.25	0.0581
647.125	0.0566
647.0	0.0581
646.875	0.0581
646.75	0.0573
646.625	0.0566
646.5	0.0566
646.375	0.0566
646.25	0.0566
646.125	0.0566
646.0	0.0566
645.875	0.0566
645.75	0.0566
645.625	0.0573
645.5	0.0573
645.375	0.0566
645.25	0.0566
645.125	0.0558
645.0	0.0566
644.875	0.0566
644.75	0.055
644.625	0.0558
644.5	0.0566
644.375	0.0566
644.25	0.0566
644.125	0.0558
644.0	0.0566
643.875	0.0566
643.75	0.0566
643.625	0.0566
643.5	0.0558
643.375	0.0566
643.25	0.0566
643.125	0.0566
643.0	0.055
642.875	0.0573
642.75	0.0566
642.625	0.0566
642.5	0.0566
642.375	0.0581
642.25	0.0566
642.125	0.0558
642.0	0.0566
641.875	0.0581
641.75	0.0566
641.625	0.0566
641.5	0.0566
641.375	0.0566
641.25	0.0566
641.125	0.0573
641.0	0.0566
640.875	0.0566
640.75	0.0566
640.625	0.0566
640.5	0.0566
640.375	0.0566
640.25	0.0566
640.125	0.0573
640.0	0.0566
639.875	0.0573
639.75	0.0558
639.625	0.0566
639.5	0.0566
639.375	0.0573
639.25	0.0573
639.125	0.0566
639.0	0.0573
638.875	0.0566
638.75	0.0566
638.625	0.0566
638.5	0.0566
638.375	0.0581
638.25	0.0566
638.125	0.0566
638.0	0.0566
637.875	0.0558
637.75	0.0566
637.625	0.0566
637.5	0.0566
637.375	0.0573
637.25	0.0566
637.125	0.0566
637.0	0.0566
636.875	0.0566
636.75	0.0573
636.625	0.0581
636.5	0.0566
636.375	0.0566
636.25	0.0566
636.125	0.0566
636.0	0.0566
635.875	0.0581
635.75	0.0566
635.625	0.0566
635.5	0.0566
635.375	0.0566
635.25	0.0573
635.125	0.0589
635.0	0.0558
634.875	0.0566
634.75	0.0589
634.625	0.0597
634.5	0.0581
634.375	0.0581
634.25	0.0566
634.125	0.0597
634.0	0.0566
633.875	0.0581
633.75	0.0566
633.625	0.0597
633.5	0.0597
633.375	0.0605
633.25	0.0589
633.125	0.0589
633.0	0.0597
632.875	0.0597
632.75	0.0573
632.625	0.0597
632.5	0.0589
632.375	0.0597
632.25	0.0597
632.125	0.0589
632.0	0.0597
631.875	0.0597
631.75	0.0597
631.625	0.0605
631.5	0.0613
631.375	0.0605
631.25	0.0613
631.125	0.0589
631.0	0.0605
630.875	0.0613
630.75	0.0613
630.625	0.0613
630.5	0.0621
630.375	0.0613
630.25	0.0621
630.125	0.0605
630.0	0.0613
629.875	0.0613
629.75	0.0613
629.625	0.0613
629.5	0.0613
629.375	0.0613
629.25	0.0621
629.125	0.0613
629.0	0.0613
628.875	0.0613
628.75	0.0613
628.625	0.0628
628.5	0.0621
628.375	0.0613
628.25	0.0613
628.125	0.0613
628.0	0.0621
627.875	0.0621
627.75	0.0621
627.625	0.0621
627.5	0.0621
627.375	0.0621
627.25	0.0652
627.125	0.0628
627.0	0.0668
626.875	0.066
626.75	0.066
626.625	0.0676
626.5	0.0691
626.375	0.0707
626.25	0.0723
626.125	0.0754
626.0	0.0762
625.875	0.077
625.75	0.0786
625.625	0.0801
625.5	0.0841
625.375	0.0849
625.25	0.0849
625.125	0.0856
625.0	0.088
624.875	0.0872
624.75	0.0856
624.625	0.0849
624.5	0.0841
624.375	0.0849
624.25	0.0817
624.125	0.0801
624.0	0.0786
623.875	0.0762
623.75	0.0738
623.625	0.0707
623.5	0.0707
623.375	0.0683
623.25	0.066
623.125	0.0652
623.0	0.0636
622.875	0.0628
622.75	0.0613
622.625	0.0613
622.5	0.0621
622.375	0.0605
622.25	0.0613
622.125	0.0613
622.0	0.0613
621.875	0.0613
621.75	0.0613
621.625	0.0613
621.5	0.0613
621.375	0.0613
621.25	0.0613
621.125	0.0613
621.0	0.0605
620.875	0.0613
620.75	0.0613
620.625	0.0613
620.5	0.0613
620.375	0.0597
620.25	0.0605
620.125	0.0613
620.0	0.0605
619.875	0.0613
619.75	0.0613
619.625	0.0613
619.5	0.0613
619.375	0.0605
619.25	0.0613
619.125	0.0605
619.0	0.0613
618.875	0.0613
618.75	0.0613
618.625	0.0605
618.5	0.0613
618.375	0.0613
618.25	0.0613
618.125	0.0613
618.0	0.0613
617.875	0.0613
617.75	0.0613
617.625	0.0628
617.5	0.0613
617.375	0.0613
617.25	0.0621
617.125	0.0636
617.0	0.0628
616.875	0.0636
616.75	0.0636
616.625	0.066
616.5	0.066
616.375	0.0636
616.25	0.066
616.125	0.066
616.0	0.0668
615.875	0.0676
615.75	0.0668
615.625	0.0699
615.5	0.0691
615.375	0.0707
615.25	0.0723
615.125	0.0754
615.0	0.0754
614.875	0.077
614.75	0.0801
614.625	0.0849
614.5	0.0856
614.375	0.0911
614.25	0.0951
614.125	0.1022
614.0	0.1084
613.875	0.1147
613.75	0.1226
613.625	0.1312
613.5	0.1383
613.375	0.1462
613.25	0.1556
613.125	0.1635
613.0	0.1705
612.875	0.1745
612.75	0.1792
612.625	0.1823
612.5	0.1839
612.375	0.1808
612.25	0.1792
612.125	0.1745
612.0	0.1682
611.875	0.1603
611.75	0.1548
611.625	0.1454
611.5	0.1367
611.375	0.1305
611.25	0.1226
611.125	0.1179
611.0	0.1132
610.875	0.1092
610.75	0.1084
610.625	0.1084
610.5	0.1108
610.375	0.1163
610.25	0.1202
610.125	0.1265
610.0	0.1344
609.875	0.1422
609.75	0.1525
609.625	0.1643
609.5	0.1745
609.375	0.1855
609.25	0.1949
609.125	0.2075
609.0	0.2193
608.875	0.2303
608.75	0.2382
608.625	0.2437
608.5	0.2507
608.375	0.2547
608.25	0.2547
608.125	0.2515
608.0	0.2468
607.875	0.2397
607.75	0.2327
607.625	0.2216
607.5	0.2091
607.375	0.1981
607.25	0.1823
607.125	0.1698
607.0	0.1588
606.875	0.147
606.75	0.136
606.625	0.1242
606.5	0.1163
606.375	0.1092
606.25	0.1014
606.125	0.0982
606.0	0.0943
605.875	0.0911
605.75	0.0888
605.625	0.0849
605.5	0.0849
605.375	0.0841
605.25	0.0817
605.125	0.0817
605.0	0.0801
604.875	0.0801
604.75	0.0801
604.625	0.0801
604.5	0.0801
604.375	0.0794
604.25	0.0801
604.125	0.0801
604.0	0.0801
603.875	0.077
603.75	0.0794
603.625	0.0786
603.5	0.0786
603.375	0.0786
603.25	0.0794
603.125	0.0786
603.0	0.0801
602.875	0.0786
602.75	0.0778
602.625	0.0786
602.5	0.0786
602.375	0.077
602.25	0.0762
602.125	0.0754
602.0	0.0754
601.875	0.0754
601.75	0.0794
601.625	0.0754
601.5	0.0754
601.375	0.077
601.25	0.0762
601.125	0.0754
601.0	0.0754
600.875	0.0754
600.75	0.0754
600.625	0.0754
600.5	0.0754
600.375	0.0754
600.25	0.0754
600.125	0.0754
600.0	0.0754
599.875	0.0754
599.75	0.0754
599.625	0.0731
599.5	0.0754
599.375	0.0754
599.25	0.0754
599.125	0.0754
599.0	0.0754
598.875	0.0738
598.75	0.0754
598.625	0.0746
598.5	0.0754
598.375	0.0754
598.25	0.0754
598.125	0.0754
598.0	0.0754
597.875	0.0762
597.75	0.0754
597.625	0.0754
597.5	0.077
597.375	0.077
597.25	0.0762
597.125	0.0754
597.0	0.0786
596.875	0.077
596.75	0.0794
596.625	0.0786
596.5	0.077
596.375	0.077
596.25	0.0754
596.125	0.0786
596.0	0.0762
595.875	0.0754
595.75	0.0762
595.625	0.077
595.5	0.077
595.375	0.0754
595.25	0.0762
595.125	0.0754
595.0	0.0754
594.875	0.0754
594.75	0.077
594.625	0.0754
594.5	0.0754
594.375	0.077
594.25	0.0794
594.125	0.0778
594.0	0.0794
593.875	0.0801
593.75	0.0794
593.625	0.0817
593.5	0.0825
593.375	0.0849
593.25	0.0849
593.125	0.088
593.0	0.0904
592.875	0.0943
592.75	0.0966
592.625	0.099
592.5	0.1037
592.375	0.1084
592.25	0.1139
592.125	0.1179
592.0	0.1234
591.875	0.1289
591.75	0.1344
591.625	0.1415
591.5	0.1462
591.375	0.1517
591.25	0.154
591.125	0.1603
591.0	0.1603
590.875	0.1619
590.75	0.1603
590.625	0.1603
590.5	0.1556
590.375	0.1517
590.25	0.147
590.125	0.1415
590.0	0.136
589.875	0.1297
589.75	0.1226
589.625	0.1171
589.5	0.1084
589.375	0.1029
589.25	0.0974
589.125	0.0919
589.0	0.0856
588.875	0.0849
588.75	0.0817
588.625	0.0801
588.5	0.0794
588.375	0.0778
588.25	0.0794
588.125	0.0801
588.0	0.0778
587.875	0.0801
587.75	0.0801
587.625	0.0841
587.5	0.0849
587.375	0.088
587.25	0.0896
587.125	0.0943
587.0	0.0951
586.875	0.099
586.75	0.1014
586.625	0.1029
586.5	0.1037
586.375	0.1053
586.25	0.1053
586.125	0.1037
586.0	0.1037
585.875	0.1022
585.75	0.099
585.625	0.0982
585.5	0.0943
585.375	0.0919
585.25	0.0896
585.125	0.0849
585.0	0.0801
584.875	0.0801
584.75	0.0754
584.625	0.0754
584.5	0.0754
584.375	0.0731
584.25	0.0707
584.125	0.0715
584.0	0.0707
583.875	0.0691
583.75	0.0707
583.625	0.0691
583.5	0.0691
583.375	0.0683
583.25	0.0691
583.125	0.0691
583.0	0.0699
582.875	0.0691
582.75	0.0691
582.625	0.0707
582.5	0.0683
582.375	0.0676
582.25	0.0707
582.125	0.0683
582.0	0.0699
581.875	0.0683
581.75	0.0699
581.625	0.0699
581.5	0.0699
581.375	0.0683
581.25	0.0691
581.125	0.0676
581.0	0.0683
580.875	0.0691
580.75	0.0683
580.625	0.0691
580.5	0.0683
580.375	0.0699
580.25	0.066
580.125	0.0676
580.0	0.0668
579.875	0.0683
579.75	0.0683
579.625	0.0668
579.5	0.0668
579.375	0.0676
579.25	0.0668
579.125	0.0668
579.0	0.066
578.875	0.066
578.75	0.0668
578.625	0.0668
578.5	0.0676
578.375	0.0668
578.25	0.0668
578.125	0.0683
578.0	0.0676
577.875	0.0691
577.75	0.0676
577.625	0.0668
577.5	0.0668
577.375	0.0676
577.25	0.0691
577.125	0.0683
577.0	0.0683
576.875	0.0683
576.75	0.0683
576.625	0.0683
576.5	0.0691
576.375	0.0683
576.25	0.0699
576.125	0.0707
576.0	0.0707
575.875	0.0707
575.75	0.0707
575.625	0.0707
575.5	0.0707
575.375	0.0691
575.25	0.0707
575.125	0.0707
575.0	0.0683
574.875	0.0707
574.75	0.0691
574.625	0.0683
574.5	0.0699
574.375	0.0699
574.25	0.0676
574.125	0.0691
574.0	0.0668
573.875	0.0668
573.75	0.0676
573.625	0.0691
573.5	0.0668
573.375	0.066
573.25	0.066
573.125	0.066
573.0	0.0676
572.875	0.0668
572.75	0.066
572.625	0.0668
572.5	0.066
572.375	0.066
572.25	0.066
572.125	0.0691
572.0	0.0691
571.875	0.066
571.75	0.0668
571.625	0.066
571.5	0.066
571.375	0.066
571.25	0.0676
571.125	0.066
571.0	0.066
570.875	0.0668
570.75	0.0668
570.625	0.066
570.5	0.0683
570.375	0.0676
570.25	0.066
570.125	0.0668
570.0	0.066
569.875	0.066
569.75	0.066
569.625	0.0668
569.5	0.0668
569.375	0.066
569.25	0.0683
569.125	0.066
569.0	0.066
568.875	0.066
568.75	0.0668
568.625	0.066
568.5	0.066
568.375	0.066
568.25	0.0668
568.125	0.066
568.0	0.0676
567.875	0.0683
567.75	0.0676
567.625	0.066
567.5	0.066
567.375	0.0668
567.25	0.0668
567.125	0.066
567.0	0.0683
566.875	0.0668
566.75	0.0668
566.625	0.0676
566.5	0.066
566.375	0.0668
566.25	0.066
566.125	0.0691
566.0	0.0668
565.875	0.0668
565.75	0.066
565.625	0.0668
565.5	0.0676
565.375	0.0668
565.25	0.0668
565.125	0.0668
565.0	0.0668
564.875	0.0676
564.75	0.0683
564.625	0.0676
564.5	0.0676
564.375	0.0668
564.25	0.0676
564.125	0.066
564.0	0.066
563.875	0.066
563.75	0.066
563.625	0.066
563.5	0.066
563.375	0.0683
563.25	0.066
563.125	0.066
563.0	0.066
562.875	0.066
562.75	0.066
562.625	0.0668
562.5	0.066
562.375	0.066
562.25	0.066
562.125	0.066
562.0	0.0668
561.875	0.066
561.75	0.066
561.625	0.066
561.5	0.0668
561.375	0.066
561.25	0.066
561.125	0.066
561.0	0.066
560.875	0.066
560.75	0.066
560.625	0.066
560.5	0.066
560.375	0.066
560.25	0.066
560.125	0.066
560.0	0.0652
559.875	0.066
559.75	0.066
559.625	0.066
559.5	0.066
559.375	0.0636
559.25	0.066
559.125	0.066
559.0	0.066
558.875	0.0652
558.75	0.066
558.625	0.066
558.5	0.066
558.375	0.066
558.25	0.0668
558.125	0.066
558.0	0.066
557.875	0.066
557.75	0.0668
557.625	0.066
557.5	0.0676
557.375	0.066
557.25	0.066
557.125	0.066
557.0	0.0668
556.875	0.066
556.75	0.066
556.625	0.066
556.5	0.066
556.375	0.0668
556.25	0.0676
556.125	0.0668
556.0	0.0668
555.875	0.066
555.75	0.0668
555.625	0.066
555.5	0.066
555.375	0.0668
555.25	0.0683
555.125	0.0676
555.0	0.0668
554.875	0.0668
554.75	0.0683
554.625	0.066
554.5	0.066
554.375	0.0676
554.25	0.0683
554.125	0.0691
554.0	0.0676
553.875	0.0676
553.75	0.0676
553.625	0.0683
553.5	0.0683
553.375	0.0683
553.25	0.0707
553.125	0.0699
553.0	0.0699
552.875	0.0699
552.75	0.0699
552.625	0.0707
552.5	0.0707
552.375	0.0707
552.25	0.0707
552.125	0.0707
552.0	0.0707
551.875	0.0699
551.75	0.0707
551.625	0.0699
551.5	0.0723
551.375	0.0707
551.25	0.0707
551.125	0.0715
551.0	0.0707
550.875	0.0723
550.75	0.0715
550.625	0.0738
550.5	0.0723
550.375	0.0723
550.25	0.0731
550.125	0.0731
550.0	0.0746
549.875	0.0754
549.75	0.0754
549.625	0.0746
549.5	0.0754
549.375	0.0754
549.25	0.0754
549.125	0.0754
549.0	0.0738
548.875	0.0754
548.75	0.0762
548.625	0.0754
548.5	0.0754
548.375	0.0754
548.25	0.0754
548.125	0.077
548.0	0.0754
547.875	0.0762
547.75	0.077
547.625	0.0762
547.5	0.0762
547.375	0.0778
547.25	0.0794
547.125	0.0801
547.0	0.0786
546.875	0.0786
546.75	0.0794
546.625	0.0801
546.5	0.0786
546.375	0.0801
546.25	0.0794
546.125	0.0801
546.0	0.0801
545.875	0.0801
545.75	0.0817
545.625	0.0801
545.5	0.0833
545.375	0.0801
545.25	0.0817
545.125	0.0825
545.0	0.0825
544.875	0.0825
544.75	0.0849
544.625	0.0833
544.5	0.0849
544.375	0.0849
544.25	0.0833
544.125	0.0849
544.0	0.0849
543.875	0.0849
543.75	0.0849
543.625	0.0849
543.5	0.0849
543.375	0.0849
543.25	0.0864
543.125	0.0856
543.0	0.0864
542.875	0.0864
542.75	0.0864
542.625	0.0864
542.5	0.0856
542.375	0.0856
542.25	0.088
542.125	0.088
542.0	0.0888
541.875	0.0896
541.75	0.0896
541.625	0.0888
541.5	0.0896
541.375	0.0896
541.25	0.0896
541.125	0.0896
541.0	0.0896
540.875	0.0911
540.75	0.0896
540.625	0.0919
540.5	0.0927
540.375	0.0943
540.25	0.0919
540.125	0.0919
540.0	0.0919
539.875	0.0935
539.75	0.0943
539.625	0.0951
539.5	0.0951
539.375	0.0943
539.25	0.0943
539.125	0.0943
539.0	0.0959
538.875	0.0966
538.75	0.0982
538.625	0.099
538.5	0.099
538.375	0.0974
538.25	0.099
538.125	0.0974
538.0	0.1006
537.875	0.099
537.75	0.099
537.625	0.0998
537.5	0.099
537.375	0.1006
537.25	0.1022
537.125	0.1022
537.0	0.1029
536.875	0.1006
536.75	0.1037
536.625	0.1029
536.5	0.1037
536.375	0.1037
536.25	0.1037
536.125	0.1037
536.0	0.1037
535.875	0.1037
535.75	0.1053
535.625	0.1053
535.5	0.1037
535.375	0.1053
535.25	0.1069
535.125	0.1077
535.0	0.1077
534.875	0.1084
534.75	0.1084
534.625	0.1084
534.5	0.1084
534.375	0.1092
534.25	0.11
534.125	0.1092
534.0	0.11
533.875	0.11
533.75	0.1124
533.625	0.1132
533.5	0.1124
533.375	0.1132
533.25	0.1147
533.125	0.1132
533.0	0.1124
532.875	0.1132
532.75	0.1163
532.625	0.1147
532.5	0.1147
532.375	0.1163
532.25	0.1163
532.125	0.1179
532.0	0.1179
531.875	0.1179
531.75	0.1179
531.625	0.1179
531.5	0.1194
531.375	0.1194
531.25	0.1202
531.125	0.1179
531.0	0.121
530.875	0.1202
530.75	0.1226
530.625	0.1194
530.5	0.1226
530.375	0.121
530.25	0.1218
530.125	0.1226
530.0	0.1226
529.875	0.1226
529.75	0.1226
529.625	0.1226
529.5	0.1226
529.375	0.1226
529.25	0.1242
529.125	0.1226
529.0	0.1226
528.875	0.1226
528.75	0.1273
528.625	0.1234
528.5	0.1226
528.375	0.1257
528.25	0.1265
528.125	0.1273
528.0	0.1273
527.875	0.1273
527.75	0.1273
527.625	0.1273
527.5	0.1273
527.375	0.1273
527.25	0.1273
527.125	0.1289
527.0	0.1273
526.875	0.1305
526.75	0.1305
526.625	0.1312
526.5	0.1312
526.375	0.1312
526.25	0.132
526.125	0.132
526.0	0.132
525.875	0.132
525.75	0.1328
525.625	0.132
525.5	0.1344
525.375	0.1344
525.25	0.1352
525.125	0.1367
525.0	0.1367
524.875	0.136
524.75	0.1367
524.625	0.1367
524.5	0.1367
524.375	0.1391
524.25	0.1375
524.125	0.1391
524.0	0.1391
523.875	0.1415
523.75	0.1415
523.625	0.1407
523.5	0.1415
523.375	0.1415
523.25	0.1415
523.125	0.1422
523.0	0.143
522.875	0.143
522.75	0.1415
522.625	0.1422
522.5	0.1415
522.375	0.1454
522.25	0.143
522.125	0.147
522.0	0.1462
521.875	0.1462
521.75	0.1462
521.625	0.1462
521.5	0.147
521.375	0.1462
521.25	0.1485
521.125	0.1477
521.0	0.1501
520.875	0.1493
520.75	0.1485
520.625	0.1462
520.5	0.1501
520.375	0.1509
520.25	0.1509
520.125	0.1501
520.0	0.1509
519.875	0.1509
519.75	0.1509
519.625	0.1517
519.5	0.1525
519.375	0.1509
519.25	0.1525
519.125	0.1533
519.0	0.1533
518.875	0.154
518.75	0.1556
518.625	0.154
518.5	0.1556
518.375	0.1556
518.25	0.1556
518.125	0.1556
518.0	0.1564
517.875	0.1572
517.75	0.1556
517.625	0.1556
517.5	0.1588
517.375	0.158
517.25	0.1595
517.125	0.1588
517.0	0.1588
516.875	0.1595
516.75	0.1595
516.625	0.1595
516.5	0.1603
516.375	0.1595
516.25	0.1603
516.125	0.1603
516.0	0.1595
515.875	0.1603
515.75	0.1603
515.625	0.1603
515.5	0.1603
515.375	0.1603
515.25	0.1603
515.125	0.1603
515.0	0.1603
514.875	0.1611
514.75	0.1603
514.625	0.1603
514.5	0.1588
514.375	0.1603
514.25	0.1603
514.125	0.1603
514.0	0.1603
513.875	0.1603
513.75	0.1603
513.625	0.1588
513.5	0.158
513.375	0.1603
513.25	0.158
513.125	0.1564
513.0	0.1564
512.875	0.158
512.75	0.158
512.625	0.1572
512.5	0.158
512.375	0.158
512.25	0.1572
512.125	0.158
512.0	0.1572
511.875	0.1564
511.75	0.1572
511.625	0.1572
511.5	0.1564
511.375	0.158
511.25	0.158
511.125	0.1588
511.0	0.1588
510.875	0.1588
510.75	0.1595
510.625	0.1595
510.5	0.1603
510.375	0.1603
510.25	0.1603
510.125	0.1603
510.0	0.1603
509.875	0.1603
509.75	0.1603
509.625	0.1603
509.5	0.1603
509.375	0.1611
509.25	0.1603
509.125	0.1603
509.0	0.1603
508.875	0.1619
508.75	0.1611
508.625	0.1619
508.5	0.1611
508.375	0.1627
508.25	0.1619
508.125	0.1619
508.0	0.1611
507.875	0.1619
507.75	0.1611
507.625	0.1643
507.5	0.1635
507.375	0.1611
507.25	0.1635
507.125	0.1635
507.0	0.1635
506.875	0.1627
506.75	0.1627
506.625	0.1603
506.5	0.1619
506.375	0.1619
506.25	0.1603
506.125	0.1603
506.0	0.1603
505.875	0.1611
505.75	0.1603
505.625	0.1611
505.5	0.1603
505.375	0.1603
505.25	0.1595
505.125	0.1603
505.0	0.1603
504.875	0.1595
504.75	0.1588
504.625	0.1588
504.5	0.1588
504.375	0.158
504.25	0.1556
504.125	0.1556
504.0	0.1564
503.875	0.1556
503.75	0.1556
503.625	0.1556
503.5	0.1556
503.375	0.1564
503.25	0.154
503.125	0.1533
503.0	0.1525
502.875	0.1533
502.75	0.1517
502.625	0.1533
502.5	0.1509
502.375	0.1517
502.25	0.1517
502.125	0.1517
502.0	0.1509
501.875	0.1509
501.75	0.1509
501.625	0.1501
501.5	0.1501
501.375	0.1485
501.25	0.1501
501.125	0.147
501.0	0.1477
500.875	0.147
500.75	0.147
500.625	0.1462
500.5	0.1462
500.375	0.1462
500.25	0.1462
500.125	0.1446
500.0	0.1438
499.875	0.1454
499.75	0.1422
499.625	0.143
499.5	0.1415
499.375	0.1415
499.25	0.1415
499.125	0.1415
499.0	0.1415
498.875	0.1415
498.75	0.1407
498.625	0.1415
498.5	0.1391
498.375	0.1367
498.25	0.1367
498.125	0.1375
498.0	0.1367
497.875	0.1367
497.75	0.136
497.625	0.1367
497.5	0.136
497.375	0.1344
497.25	0.132
497.125	0.1328
497.0	0.132
496.875	0.1328
496.75	0.132
496.625	0.132
496.5	0.132
496.375	0.132
496.25	0.1312
496.125	0.132
496.0	0.132
495.875	0.1305
495.75	0.1312
495.625	0.1305
495.5	0.1273
495.375	0.1273
495.25	0.1312
495.125	0.1297
495.0	0.1281
494.875	0.1273
494.75	0.1273
494.625	0.1289
494.5	0.1265
494.375	0.1273
494.25	0.1273
494.125	0.1273
494.0	0.1265
493.875	0.125
493.75	0.1257
493.625	0.1242
493.5	0.1242
493.375	0.1226
493.25	0.1226
493.125	0.1226
493.0	0.1226
492.875	0.1226
492.75	0.1226
492.625	0.1218
492.5	0.1202
492.375	0.1179
492.25	0.1194
492.125	0.1179
492.0	0.1179
491.875	0.1155
491.75	0.1139
491.625	0.1132
491.5	0.1155
491.375	0.1132
491.25	0.1132
491.125	0.1132
491.0	0.1108
490.875	0.1108
490.75	0.1092
490.625	0.1084
490.5	0.1084
490.375	0.1084
490.25	0.1084
490.125	0.1069
490.0	0.1061
489.875	0.1045
489.75	0.1037
489.625	0.1053
489.5	0.1037
489.375	0.1037
489.25	0.1037
489.125	0.1006
489.0	0.1014
488.875	0.0998
488.75	0.1006
488.625	0.099
488.5	0.0982
488.375	0.0974
488.25	0.099
488.125	0.0982
488.0	0.0974
487.875	0.0951
487.75	0.0951
487.625	0.0943
487.5	0.0951
487.375	0.0919
487.25	0.0935
487.125	0.0943
487.0	0.0919
486.875	0.0927
486.75	0.0904
486.625	0.0904
486.5	0.0904
486.375	0.0904
486.25	0.0896
486.125	0.0896
486.0	0.0896
485.875	0.0896
485.75	0.0888
485.625	0.0888
485.5	0.0872
485.375	0.0856
485.25	0.0849
485.125	0.0872
485.0	0.0849
484.875	0.088
484.75	0.0849
484.625	0.0856
484.5	0.0849
484.375	0.0849
484.25	0.0849
484.125	0.0841
484.0	0.0849
483.875	0.0849
483.75	0.0833
483.625	0.0841
483.5	0.0849
483.375	0.0817
483.25	0.0833
483.125	0.0817
483.0	0.0809
482.875	0.0801
482.75	0.0801
482.625	0.0801
482.5	0.0801
482.375	0.0801
482.25	0.0801
482.125	0.0801
482.0	0.0786
481.875	0.0794
481.75	0.0778
481.625	0.0762
481.5	0.0778
481.375	0.0754
481.25	0.0762
481.125	0.0754
481.0	0.0754
480.875	0.0754
480.75	0.0754
480.625	0.0754
480.5	0.0754
480.375	0.0754
480.25	0.0746
480.125	0.0754
480.0	0.0738
479.875	0.0754
479.75	0.0754
479.625	0.0738
479.5	0.0746
479.375	0.0746
479.25	0.0731
479.125	0.0754
479.0	0.0731
478.875	0.0715
478.75	0.0731
478.625	0.0715
478.5	0.0707
478.375	0.0707
478.25	0.0707
478.125	0.0707
478.0	0.0707
477.875	0.0707
477.75	0.0715
477.625	0.0707
477.5	0.0707
477.375	0.0699
477.25	0.0707
477.125	0.0707
477.0	0.0707
476.875	0.0707
476.75	0.0707
476.625	0.0707
476.5	0.0707
476.375	0.0707
476.25	0.0691
476.125	0.0691
476.0	0.0699
475.875	0.0676
475.75	0.0676
475.625	0.0683
475.5	0.066
475.375	0.0668
475.25	0.0676
475.125	0.0683
475.0	0.0676
474.875	0.0676
474.75	0.066
474.625	0.0676
474.5	0.0668
474.375	0.0668
474.25	0.0676
474.125	0.0676
474.0	0.0668
473.875	0.066
473.75	0.066
473.625	0.066
473.5	0.066
473.375	0.0668
473.25	0.0668
473.125	0.0676
473.0	0.0668
472.875	0.066
472.75	0.066
472.625	0.066
472.5	0.066
472.375	0.066
472.25	0.0652
472.125	0.066
472.0	0.066
471.875	0.066
471.75	0.066
471.625	0.066
471.5	0.0644
471.375	0.066
471.25	0.066
471.125	0.0652
471.0	0.066
470.875	0.0652
470.75	0.066
470.625	0.066
470.5	0.066
470.375	0.066
470.25	0.066
470.125	0.066
470.0	0.0668
469.875	0.066
469.75	0.0676
469.625	0.0683
469.5	0.0676
469.375	0.066
469.25	0.0676
469.125	0.0668
469.0	0.0668
468.875	0.0683
468.75	0.0691
468.625	0.0676
468.5	0.0676
468.375	0.0676
468.25	0.0691
468.125	0.0699
468.0	0.0668
467.875	0.0691
467.75	0.0691
467.625	0.0691
467.5	0.0691
467.375	0.0699
467.25	0.0699
467.125	0.0683
467.0	0.0699
466.875	0.0699
466.75	0.0691
466.625	0.0707
466.5	0.0707
466.375	0.0707
466.25	0.0707
466.125	0.0707
466.0	0.0699
465.875	0.0699
465.75	0.0707
465.625	0.0707
465.5	0.0707
465.375	0.0699
465.25	0.0707
465.125	0.0699
465.0	0.0707
464.875	0.0707
464.75	0.0707
464.625	0.0707
464.5	0.0707
464.375	0.0715
464.25	0.0707
464.125	0.0707
464.0	0.0707
463.875	0.0707
463.75	0.0707
463.625	0.0715
463.5	0.0715
463.375	0.0707
463.25	0.0707
463.125	0.0707
463.0	0.0707
462.875	0.0723
462.75	0.0731
462.625	0.0707
462.5	0.0715
462.375	0.0715
462.25	0.0723
462.125	0.0707
462.0	0.0731
461.875	0.0746
461.75	0.0723
461.625	0.0738
461.5	0.0738
461.375	0.0754
461.25	0.0754
461.125	0.0746
461.0	0.0754
460.875	0.0754
460.75	0.0731
460.625	0.0754
460.5	0.0723
460.375	0.0754
460.25	0.0746
460.125	0.0738
460.0	0.0754
459.875	0.0754
459.75	0.0754
459.625	0.0754
459.5	0.0762
459.375	0.0762
459.25	0.0754
459.125	0.0754
459.0	0.0778
458.875	0.0762
458.75	0.0762
458.625	0.0778
458.5	0.0754
458.375	0.0762
458.25	0.0762
458.125	0.077
458.0	0.0778
457.875	0.0786
457.75	0.0778
457.625	0.0786
457.5	0.0801
457.375	0.0801
457.25	0.0801
457.125	0.0801
457.0	0.0786
456.875	0.0794
456.75	0.0801
456.625	0.0801
456.5	0.0801
456.375	0.0809
456.25	0.0817
456.125	0.0809
456.0	0.0817
455.875	0.0833
455.75	0.0833
455.625	0.0841
455.5	0.0849
455.375	0.0825
455.25	0.0849
455.125	0.0833
455.0	0.0849
454.875	0.0849
454.75	0.0849
454.625	0.0856
454.5	0.0856
454.375	0.0872
454.25	0.0872
454.125	0.0864
454.0	0.0896
453.875	0.0896
453.75	0.0896
453.625	0.0896
453.5	0.0896
453.375	0.0911
453.25	0.0904
453.125	0.0911
453.0	0.0927
452.875	0.0935
452.75	0.0927
452.625	0.0943
452.5	0.0951
452.375	0.0943
452.25	0.0959
452.125	0.099
452.0	0.0982
451.875	0.099
451.75	0.099
451.625	0.099
451.5	0.1006
451.375	0.1006
451.25	0.1029
451.125	0.1029
451.0	0.1037
450.875	0.1037
450.75	0.1037
450.625	0.1045
450.5	0.1045
450.375	0.1061
450.25	0.1061
450.125	0.1084
450.0	0.1077
449.875	0.1084
449.75	0.1092
449.625	0.1116
449.5	0.11
449.375	0.11
449.25	0.1116
449.125	0.1124
449.0	0.1116
448.875	0.1132
448.75	0.1132
448.625	0.1132
448.5	0.1171
448.375	0.1147
448.25	0.1179
448.125	0.1179
448.0	0.1179
447.875	0.1187
447.75	0.1179
447.625	0.1226
447.5	0.1226
447.375	0.1226
447.25	0.1226
447.125	0.1234
447.0	0.1226
446.875	0.1265
446.75	0.1265
446.625	0.1273
446.5	0.1281
446.375	0.1305
446.25	0.1297
446.125	0.132
446.0	0.1328
445.875	0.132
445.75	0.1344
445.625	0.1352
445.5	0.136
445.375	0.1367
445.25	0.1375
445.125	0.1399
445.0	0.1391
444.875	0.1415
444.75	0.1415
444.625	0.143
444.5	0.1462
444.375	0.1462
444.25	0.1462
444.125	0.1477
444.0	0.1485
443.875	0.1509
443.75	0.1509
443.625	0.1509
443.5	0.1517
443.375	0.1533
443.25	0.1556
443.125	0.1548
443.0	0.1556
442.875	0.1556
442.75	0.1588
442.625	0.1603
442.5	0.1603
442.375	0.1603
442.25	0.1603
442.125	0.1643
442.0	0.1627
441.875	0.1643
441.75	0.165
441.625	0.165
441.5	0.1674
441.375	0.169
441.25	0.1682
441.125	0.1705
441.0	0.1705
440.875	0.1737
440.75	0.1745
440.625	0.1745
440.5	0.1745
440.375	0.1753
440.25	0.1792
440.125	0.1784
440.0	0.1792
439.875	0.1816
439.75	0.1831
439.625	0.1847
439.5	0.1855
439.375	0.1886
439.25	0.1886
439.125	0.1886
439.0	0.1918
438.875	0.1933
438.75	0.1957
438.625	0.1988
438.5	0.1981
438.375	0.2012
438.25	0.2036
438.125	0.2059
438.0	0.2075
437.875	0.2091
437.75	0.2122
437.625	0.2161
437.5	0.2169
437.375	0.2185
437.25	0.2216
437.125	0.2248
437.0	0.2264
436.875	0.2311
436.75	0.2319
436.625	0.2358
436.5	0.2405
436.375	0.2405
436.25	0.2452
436.125	0.25
436.0	0.2531
435.875	0.2531
435.75	0.2586
435.625	0.2633
435.5	0.2649
435.375	0.2688
435.25	0.2735
435.125	0.2751
435.0	0.2806
434.875	0.283
434.75	0.2877
434.625	0.2885
434.5	0.2916
434.375	0.2955
434.25	0.2971
434.125	0.3018
434.0	0.3018
433.875	0.3066
433.75	0.3089
433.625	0.3128
433.5	0.316
433.375	0.3168
433.25	0.3207
433.125	0.3207
433.0	0.3238
432.875	0.3254
432.75	0.3262
432.625	0.3294
432.5	0.3294
432.375	0.3325
432.25	0.3333
432.125	0.3349
432.0	0.3356
431.875	0.3349
431.75	0.3372
431.625	0.3372
431.5	0.3364
431.375	0.3388
431.25	0.3388
431.125	0.3396
431.0	0.3388
430.875	0.3396
430.75	0.3349
430.625	0.3364
430.5	0.3364
430.375	0.3349
430.25	0.3356
430.125	0.3349
430.0	0.3349
429.875	0.3341
429.75	0.3325
429.625	0.3301
429.5	0.3301
429.375	0.3278
429.25	0.3262
429.125	0.3246
429.0	0.3231
428.875	0.3231
428.75	0.3207
428.625	0.3176
428.5	0.316
428.375	0.316
428.25	0.3144
428.125	0.3113
428.0	0.3105
427.875	0.3066
427.75	0.3058
427.625	0.3034
427.5	0.3018
427.375	0.3011
427.25	0.2971
427.125	0.2955
427.0	0.2924
426.875	0.2924
426.75	0.2877
426.625	0.2877
426.5	0.283
426.375	0.283
426.25	0.2798
426.125	0.2783
426.0	0.2759
425.875	0.2735
425.75	0.2735
425.625	0.2688
425.5	0.2657
425.375	0.2641
425.25	0.2602
425.125	0.2586
425.0	0.2547
424.875	0.2531
424.75	0.2507
424.625	0.2492
424.5	0.2452
424.375	0.2421
424.25	0.2405
424.125	0.2358
424.0	0.2334
423.875	0.2311
423.75	0.2295
423.625	0.2264
423.5	0.224
423.375	0.2216
423.25	0.2169
423.125	0.2169
423.0	0.2122
422.875	0.2099
422.75	0.2067
422.625	0.2067
422.5	0.2028
422.375	0.1988
422.25	0.1957
422.125	0.1933
422.0	0.1886
421.875	0.1886
421.75	0.1863
421.625	0.1816
421.5	0.1784
421.375	0.1792
421.25	0.1753
421.125	0.1729
421.0	0.1705
420.875	0.169
420.75	0.165
420.625	0.1635
420.5	0.1603
420.375	0.1556
420.25	0.1556
420.125	0.1533
420.0	0.1525
419.875	0.1509
419.75	0.1462
419.625	0.1454
419.5	0.1438
419.375	0.1415
419.25	0.1415
419.125	0.1391
419.0	0.1367
418.875	0.1344
418.75	0.132
418.625	0.1328
418.5	0.1305
418.375	0.1297
418.25	0.1273
418.125	0.1265
418.0	0.125
417.875	0.1226
417.75	0.1226
417.625	0.1218
417.5	0.1218
417.375	0.121
417.25	0.1179
417.125	0.1171
417.0	0.1163
416.875	0.1139
416.75	0.1139
416.625	0.1132
416.5	0.1132
416.375	0.11
416.25	0.1084
416.125	0.1077
416.0	0.1084
415.875	0.1053
415.75	0.1037
415.625	0.1037
415.5	0.1037
415.375	0.1037
415.25	0.1029
415.125	0.1006
415.0	0.099
414.875	0.0982
414.75	0.0974
414.625	0.0951
414.5	0.0951
414.375	0.0943
414.25	0.0943
414.125	0.0943
414.0	0.0911
413.875	0.0896
413.75	0.0896
413.625	0.0896
413.5	0.088
413.375	0.088
413.25	0.088
413.125	0.0849
413.0	0.0841
412.875	0.0841
412.75	0.0841
412.625	0.0809
412.5	0.0801
412.375	0.0801
412.25	0.0801
412.125	0.0794
412.0	0.0778
411.875	0.0762
411.75	0.0754
411.625	0.0754
411.5	0.0754
411.375	0.0754
411.25	0.0754
411.125	0.0738
411.0	0.0746
410.875	0.0738
410.75	0.0731
410.625	0.0723
410.5	0.0707
410.375	0.0723
410.25	0.0699
410.125	0.0707
410.0	0.0707
409.875	0.0699
409.75	0.0683
409.625	0.0676
409.5	0.0683
409.375	0.0676
409.25	0.066
409.125	0.0668
409.0	0.066
408.875	0.066
408.75	0.066
408.625	0.066
408.5	0.066
408.375	0.066
408.25	0.0636
408.125	0.066
408.0	0.0636
407.875	0.0652
407.75	0.0636
407.625	0.0628
407.5	0.0621
407.375	0.0613
407.25	0.0628
407.125	0.0613
407.0	0.0613
406.875	0.0613
406.75	0.0605
406.625	0.0605
406.5	0.0613
406.375	0.0605
406.25	0.0613
406.125	0.0597
406.0	0.0597
405.875	0.0605
405.75	0.0605
405.625	0.0573
405.5	0.0581
405.375	0.0573
405.25	0.0589
405.125	0.0597
405.0	0.0597
404.875	0.0566
404.75	0.0566
404.625	0.0573
404.5	0.0573
404.375	0.0566
404.25	0.0566
404.125	0.0573
404.0	0.0566
403.875	0.0566
403.75	0.0566
403.625	0.0566
403.5	0.0566
403.375	0.0566
403.25	0.0566
403.125	0.055
403.0	0.0566
402.875	0.055
402.75	0.0542
402.625	0.0518
402.5	0.0542
402.375	0.0542
402.25	0.0534
402.125	0.0542
402.0	0.055
401.875	0.055
401.75	0.0534
401.625	0.0542
401.5	0.0526
401.375	0.0518
401.25	0.0526
401.125	0.0518
401.0	0.0518
400.875	0.0518
400.75	0.0518
400.625	0.0518
400.5	0.0518
400.375	0.0511
400.25	0.0518
400.125	0.0511
400.0	0.0511
399.875	0.0518
399.75	0.0511
399.625	0.0518
399.5	0.0526
399.375	0.0511
399.25	0.0518
399.125	0.0518
399.0	0.0518
398.875	0.0518
398.75	0.0518
398.625	0.0518
398.5	0.0518
398.375	0.0518
398.25	0.0518
398.125	0.0526
398.0	0.0518
397.875	0.0518
397.75	0.0518
397.625	0.0518
397.5	0.0518
397.375	0.0511
397.25	0.0511
397.125	0.0518
397.0	0.0518
396.875	0.0511
396.75	0.0518
396.625	0.0511
396.5	0.0518
396.375	0.0511
396.25	0.0518
396.125	0.0511
396.0	0.0511
395.875	0.0518
395.75	0.0518
395.625	0.0518
395.5	0.0511
395.375	0.0518
395.25	0.0518
395.125	0.0518
395.0	0.0511
394.875	0.0511
394.75	0.0511
394.625	0.0511
394.5	0.0503
394.375	0.0511
394.25	0.0511
394.125	0.0518
394.0	0.0518
393.875	0.0511
393.75	0.0495
393.625	0.0511
393.5	0.0511
393.375	0.0503
393.25	0.0518
393.125	0.0511
393.0	0.0511
392.875	0.0511
392.75	0.0503
392.625	0.0518
392.5	0.0495
392.375	0.0503
392.25	0.0511
392.125	0.0518
392.0	0.0518
391.875	0.0511
391.75	0.0511
391.625	0.0511
391.5	0.0518
391.375	0.0518
391.25	0.0495
391.125	0.0511
391.0	0.0511
390.875	0.0511
390.75	0.0511
390.625	0.0511
390.5	0.0511
390.375	0.0518
390.25	0.0495
390.125	0.0487
390.0	0.0511
389.875	0.0511
389.75	0.0518
389.625	0.0518
389.5	0.0503
389.375	0.0518
389.25	0.0495
389.125	0.0503
389.0	0.0503
388.875	0.0511
388.75	0.0511
388.625	0.0518
388.5	0.0503
388.375	0.0511
388.25	0.0511
388.125	0.0495
388.0	0.0511
387.875	0.0518
387.75	0.0503
387.625	0.0518
387.5	0.0503
387.375	0.0503
387.25	0.0503
387.125	0.0503
387.0	0.0503
386.875	0.0503
386.75	0.0503
386.625	0.0518
386.5	0.0511
386.375	0.0518
386.25	0.0503
386.125	0.0511
386.0	0.0503
385.875	0.0503
385.75	0.0518
385.625	0.0511
385.5	0.0487
385.375	0.0511
385.25	0.0511
385.125	0.0511
385.0	0.0487
384.875	0.0479
384.75	0.0518
384.625	0.0503
384.5	0.0518
384.375	0.0495
384.25	0.0495
384.125	0.0511
384.0	0.0511
383.875	0.0518
383.75	0.0495
383.625	0.0495
383.5	0.0511
383.375	0.0503
383.25	0.0518
383.125	0.0511
383.0	0.0511
382.875	0.0511
382.75	0.0503
382.625	0.0503
382.5	0.0511
382.375	0.0503
382.25	0.0495
382.125	0.0503
382.0	0.0518
381.875	0.0518
381.75	0.0503
381.625	0.0511
381.5	0.0511
381.375	0.0518
381.25	0.0503
381.125	0.0511
381.0	0.0503
380.875	0.0495
380.75	0.0495
380.625	0.0495
380.5	0.0503
380.375	0.0503
380.25	0.0487
380.125	0.0511
380.0	0.0479
379.875	0.0495
379.75	0.0511
379.625	0.0503
379.5	0.0503
379.375	0.0518
379.25	0.0503
379.125	0.0503
379.0	0.0503
378.875	0.0495
378.75	0.0495
378.625	0.0511
378.5	0.0511
378.375	0.0511
378.25	0.0471
378.125	0.0518
378.0	0.0487
377.875	0.0503
377.75	0.0495
377.625	0.0495
377.5	0.0495
377.375	0.0518
377.25	0.0495
377.125	0.0487
377.0	0.0487
376.875	0.0503
376.75	0.0511
376.625	0.0487
376.5	0.0503
376.375	0.0503
376.25	0.0503
376.125	0.0511
376.0	0.0487
375.875	0.0479
375.75	0.0511
375.625	0.0503
375.5	0.0495
375.375	0.0503
375.25	0.0487
375.125	0.0511
375.0	0.0487
374.875	0.0487
374.75	0.0511
374.625	0.0487
374.5	0.0503
374.375	0.0511
374.25	0.0511
374.125	0.0495
374.0	0.0495
373.875	0.0503
373.75	0.0511
373.625	0.0511
373.5	0.0495
373.375	0.0487
373.25	0.0511
373.125	0.0495
373.0	0.0471
372.875	0.0495
372.75	0.0487
372.625	0.0479
372.5	0.0487
372.375	0.0479
372.25	0.0487
372.125	0.0471
372.0	0.0479
371.875	0.0471
371.75	0.0471
371.625	0.0487
371.5	0.0495
371.375	0.0487
371.25	0.0471
371.125	0.0471
371.0	0.0479
370.875	0.0479
370.75	0.0479
370.625	0.0471
370.5	0.0479
370.375	0.0471
370.25	0.0471
370.125	0.0471
370.0	0.0471
369.875	0.0479
369.75	0.0495
369.625	0.0495
369.5	0.0479
369.375	0.0471
369.25	0.0495
369.125	0.0487
369.0	0.0487
368.875	0.0471
368.75	0.0487
368.625	0.0495
368.5	0.0503
368.375	0.0479
368.25	0.0487
368.125	0.0487
368.0	0.0487
367.875	0.0471
367.75	0.0495
367.625	0.0495
367.5	0.0487
367.375	0.0503
367.25	0.0479
367.125	0.0471
367.0	0.0487
366.875	0.0479
366.75	0.0495
366.625	0.0495
366.5	0.0495
366.375	0.0471
366.25	0.0487
366.125	0.0479
366.0	0.0487
365.875	0.0511
365.75	0.0479
365.625	0.0495
365.5	0.0487
365.375	0.0487
365.25	0.0495
365.125	0.0495
365.0	0.0471
364.875	0.0479
364.75	0.0471
364.625	0.0479
364.5	0.0487
364.375	0.0487
364.25	0.0487
364.125	0.0487
364.0	0.0487
363.875	0.0471
363.75	0.0471
363.625	0.0487
363.5	0.0479
363.375	0.0487
363.25	0.0479
363.125	0.0471
363.0	0.0471
362.875	0.0479
362.75	0.0487
362.625	0.0479
362.5	0.0487
362.375	0.0503
362.25	0.0487
362.125	0.0479
362.0	0.0471
361.875	0.0479
361.75	0.0479
361.625	0.0487
361.5	0.0479
361.375	0.0487
361.25	0.0487
361.125	0.0479
361.0	0.0495
360.875	0.0471
360.75	0.0487
360.625	0.0503
360.5	0.0479
360.375	0.0495
360.25	0.0495
360.125	0.0495
360.0	0.0487
359.875	0.0487
359.75	0.0479
359.625	0.0479
359.5	0.0471
359.375	0.0471
359.25	0.0487
359.125	0.0471
359.0	0.0471
358.875	0.0487
358.75	0.0495
358.625	0.0495
358.5	0.0479
358.375	0.0495
358.25	0.0503
358.125	0.0471
358.0	0.0471
357.875	0.0518
357.75	0.0479
357.625	0.0479
357.5	0.0487
357.375	0.0479
357.25	0.0479
357.125	0.0511
357.0	0.0471
356.875	0.0471
356.75	0.0479
356.625	0.0471
356.5	0.0487
356.375	0.0479
356.25	0.0487
356.125	0.0487
356.0	0.0471
355.875	0.0471
355.75	0.0495
355.625	0.0479
355.5	0.0479
355.375	0.0471
355.25	0.0479
355.125	0.0479
355.0	0.0503
354.875	0.0471
354.75	0.0471
354.625	0.0503
354.5	0.0495
354.375	0.0503
354.25	0.0487
354.125	0.0511
354.0	0.0487
353.875	0.0471
353.75	0.0487
353.625	0.0495
353.5	0.0495
353.375	0.0503
353.25	0.0511
353.125	0.0487
353.0	0.0487
352.875	0.0479
352.75	0.0487
352.625	0.0495
352.5	0.0471
352.375	0.0479
352.25	0.0495
352.125	0.0495
352.0	0.0495
351.875	0.0487
351.75	0.0479
351.625	0.0471
351.5	0.0487
351.375	0.0487
351.25	0.0495
351.125	0.0479
351.0	0.0503
350.875	0.0471
350.75	0.0495
350.625	0.0495
350.5	0.0495
350.375	0.0495
350.25	0.0503
350.125	0.0487
350.0	0.0503
349.875	0.0503
349.75	0.0487
349.625	0.0495
349.5	0.0487
349.375	0.0487
349.25	0.0471
349.125	0.0479
349.0	0.0503
348.875	0.0495
348.75	0.0503
348.625	0.0495
348.5	0.0487
348.375	0.0479
348.25	0.0479
348.125	0.0471
348.0	0.0511
347.875	0.0495
347.75	0.0487
347.625	0.0479
347.5	0.0503
347.375	0.0495
347.25	0.0487
347.125	0.0487
347.0	0.0487
346.875	0.0503
346.75	0.0487
346.625	0.0479
346.5	0.0487
346.375	0.0471
346.25	0.0479
346.125	0.0471
346.0	0.0503
345.875	0.0487
345.75	0.0471
345.625	0.0471
345.5	0.0471
345.375	0.0487
345.25	0.0487
345.125	0.0471
345.0	0.0495
344.875	0.0487
344.75	0.0479
344.625	0.0471
344.5	0.0518
344.375	0.0503
344.25	0.0487
344.125	0.0495
344.0	0.0487
343.875	0.0503
343.75	0.0479
343.625	0.0495
343.5	0.0487
343.375	0.0487
343.25	0.0479
343.125	0.0495
343.0	0.0471
342.875	0.0479
342.75	0.0487
342.625	0.0511
342.5	0.0487
342.375	0.0471
342.25	0.0487
342.125	0.0503
342.0	0.0487
341.875	0.0495
341.75	0.0487
341.625	0.0479
341.5	0.0495
341.375	0.0495
341.25	0.0479
341.125	0.0479
341.0	0.0487
340.875	0.0495
340.75	0.0487
340.625	0.0495
340.5	0.0495
340.375	0.0511
340.25	0.0479
340.125	0.0495
340.0	0.0487
339.875	0.0495
339.75	0.0479
339.625	0.0487
339.5	0.0495
339.375	0.0487
339.25	0.0495
339.125	0.0495
339.0	0.0487
338.875	0.0487
338.75	0.0495
338.625	0.0495
338.5	0.0487
338.375	0.0487
338.25	0.0479
338.125	0.0487
338.0	0.0471
337.875	0.0495
337.75	0.0495
337.625	0.0471
337.5	0.0495
337.375	0.0487
337.25	0.0487
337.125	0.0495
337.0	0.0495
336.875	0.0479
336.75	0.0487
336.625	0.0487
336.5	0.0495
336.375	0.0503
336.25	0.0479
336.125	0.0471
336.0	0.0487
335.875	0.0479
335.75	0.0495
335.625	0.0495
335.5	0.0487
335.375	0.0479
335.25	0.0471
335.125	0.0495
335.0	0.0495
334.875	0.0479
334.75	0.0487
334.625	0.0518
334.5	0.0479
334.375	0.0503
334.25	0.0479
334.125	0.0495
334.0	0.0503
333.875	0.0503
333.75	0.0495
333.625	0.0471
333.5	0.0487
333.375	0.0495
333.25	0.0495
333.125	0.0503
333.0	0.0495
332.875	0.0503
332.75	0.0487
332.625	0.0495
332.5	0.0495
332.375	0.0495
332.25	0.0495
332.125	0.0471
332.0	0.0495
331.875	0.0487
331.75	0.0495
331.625	0.0487
331.5	0.0503
331.375	0.0487
331.25	0.0495
331.125	0.0518
331.0	0.0503
330.875	0.0495
330.75	0.0511
330.625	0.0511
330.5	0.0495
330.375	0.0495
330.25	0.0487
330.125	0.0487
330.0	0.0503
329.875	0.0487
329.75	0.0511
329.625	0.0495
329.5	0.0471
329.375	0.0471
329.25	0.0495
329.125	0.0495
329.0	0.0503
328.875	0.0495
328.75	0.0495
328.625	0.0511
328.5	0.0495
328.375	0.0495
328.25	0.0487
328.125	0.0503
328.0	0.0503
327.875	0.0495
327.75	0.0503
327.625	0.0471
327.5	0.0471
327.375	0.0479
327.25	0.0495
327.125	0.0487
327.0	0.0479
326.875	0.0471
326.75	0.0479
326.625	0.0487
326.5	0.0471
326.375	0.0495
326.25	0.0471
326.125	0.0495
326.0	0.0487
325.875	0.0479
325.75	0.0471
325.625	0.0495
325.5	0.0487
325.375	0.0471
325.25	0.0479
325.125	0.0479
325.0	0.0471
324.875	0.0487
324.75	0.0503
324.625	0.0479
324.5	0.0503
324.375	0.0495
324.25	0.0495
324.125	0.0471
324.0	0.0487
323.875	0.0479
323.75	0.0487
323.625	0.0503
323.5	0.0479
323.375	0.0479
323.25	0.0495
323.125	0.0487
323.0	0.0495
322.875	0.0471
322.75	0.0479
322.625	0.0471
322.5	0.0471
322.375	0.0471
322.25	0.0487
322.125	0.0487
322.0	0.0471
321.875	0.0495
321.75	0.0487
321.625	0.0487
321.5	0.0479
321.375	0.0471
321.25	0.0471
321.125	0.0471
321.0	0.0487
320.875	0.0479
320.75	0.0495
320.625	0.0479
320.5	0.0495
320.375	0.0487
320.25	0.0479
320.125	0.0471
320.0	0.0471
319.875	0.0495
319.75	0.0479
319.625	0.0487
319.5	0.0479
319.375	0.0503
319.25	0.0479
319.125	0.0487
319.0	0.0479
318.875	0.0495
318.75	0.0495
318.625	0.0479
318.5	0.0479
318.375	0.0479
318.25	0.0479
318.125	0.0487
318.0	0.0495
317.875	0.0503
317.75	0.0487
317.625	0.0479
317.5	0.0479
317.375	0.0487
317.25	0.0487
317.125	0.0487
317.0	0.0479
316.875	0.0479
316.75	0.0487
316.625	0.0471
316.5	0.0495
316.375	0.0479
316.25	0.0495
316.125	0.0479
316.0	0.0479
315.875	0.0479
315.75	0.0487
315.625	0.0495
315.5	0.0487
315.375	0.0479
315.25	0.0479
315.125	0.0479
315.0	0.0471
314.875	0.0471
314.75	0.0495
314.625	0.0487
314.5	0.0479
314.375	0.0495
314.25	0.0487
314.125	0.0487
314.0	0.0487
313.875	0.0487
313.75	0.0471
313.625	0.0495
313.5	0.0487
313.375	0.0511
313.25	0.0495
313.125	0.0479
313.0	0.0487
312.875	0.0471
312.75	0.0487
312.625	0.0479
312.5	0.0471
312.375	0.0487
312.25	0.0487
312.125	0.0471
312.0	0.0471
311.875	0.0487
311.75	0.0495
311.625	0.0471
311.5	0.0487
311.375	0.0511
311.25	0.0471
311.125	0.0479
311.0	0.0471
310.875	0.0487
310.75	0.0487
310.625	0.0471
310.5	0.0495
310.375	0.0471
310.25	0.0487
310.125	0.0487
310.0	0.0495
309.875	0.0487
309.75	0.0503
309.625	0.0495
309.5	0.0487
309.375	0.0487
309.25	0.0503
309.125	0.0503
309.0	0.0487
308.875	0.0511
308.75	0.0495
308.625	0.0471
308.5	0.0495
308.375	0.0479
308.25	0.0487
308.125	0.0487
308.0	0.0487
307.875	0.0471
307.75	0.0479
307.625	0.0487
307.5	0.0479
307.375	0.0479
307.25	0.0479
307.125	0.0511
307.0	0.0479
306.875	0.0487
306.75	0.0479
306.625	0.0479
306.5	0.0471
306.375	0.0471
306.25	0.0471
306.125	0.0479
306.0	0.0471
305.875	0.0495
305.75	0.0487
305.625	0.0471
305.5	0.0471
305.375	0.0471
305.25	0.0471
305.125	0.0471
305.0	0.0471
304.875	0.0479
304.75	0.0471
304.625	0.0479
304.5	0.0495
304.375	0.0487
304.25	0.0479
304.125	0.0495
304.0	0.0471
303.875	0.0487
303.75	0.0487
303.625	0.0479
303.5	0.0479
303.375	0.0471
303.25	0.0479
303.125	0.0471
303.0	0.0471
302.875	0.0495
302.75	0.0479
302.625	0.0479
302.5	0.0471
302.375	0.0479
302.25	0.0487
302.125	0.0495
302.0	0.0479
301.875	0.0471
301.75	0.0471
301.625	0.0471
301.5	0.0471
301.375	0.0487
301.25	0.0479
301.125	0.0471
301.0	0.0479
300.875	0.0471
300.75	0.0487
300.625	0.0487
300.5	0.0471
300.375	0.0479
300.25	0.0479
300.125	0.0479
