300.0	0.1933
300.125	0.1918
300.25	0.1933
300.375	0.1926
300.5	0.1918
300.625	0.1926
300.75	0.191
300.875	0.1933
301.0	0.1902
301.125	0.1933
301.25	0.1926
301.375	0.1886
301.5	0.1902
301.625	0.1902
301.75	0.1918
301.875	0.1933
302.0	0.1933
302.125	0.1902
302.25	0.1926
302.375	0.1918
302.5	0.1933
302.625	0.1902
302.75	0.191
302.875	0.1926
303.0	0.1926
303.125	0.1933
303.25	0.1933
303.375	0.1902
303.5	0.1902
303.625	0.1933
303.75	0.1926
303.875	0.1902
304.0	0.1933
304.125	0.1933
304.25	0.1902
304.375	0.1933
304.5	0.1902
304.625	0.1926
304.75	0.1926
304.875	0.1933
305.0	0.1918
305.125	0.1918
305.25	0.1933
305.375	0.1933
305.5	0.1933
305.625	0.1902
305.75	0.1902
305.875	0.1918
306.0	0.1918
306.125	0.1918
306.25	0.1918
306.375	0.1902
306.5	0.1886
306.625	0.1918
306.75	0.1926
306.875	0.1933
307.0	0.1926
307.125	0.1933
307.25	0.1918
307.375	0.1918
307.5	0.1918
307.625	0.1926
307.75	0.1902
307.875	0.1918
308.0	0.1918
308.125	0.1926
308.25	0.1933
308.375	0.1926
308.5	0.1933
308.625	0.1926
308.75	0.1941
308.875	0.1933
309.0	0.1933
309.125	0.1949
309.25	0.1957
309.375	0.1949
309.5	0.1973
309.625	0.1965
309.75	0.1981
309.875	0.1981
310.0	0.1988
310.125	0.1981
310.25	0.1996
310.375	0.2004
310.5	0.2012
310.625	0.2012
310.75	0.202
310.875	0.2028
311.0	0.202
311.125	0.202
311.25	0.2028
311.375	0.202
311.5	0.2051
311.625	0.2036
311.75	0.2028
311.875	0.2036
312.0	0.2028
312.125	0.2044
312.25	0.2028
312.375	0.2044
312.5	0.2036
312.625	0.2028
312.75	0.2028
312.875	0.2028
313.0	0.2028
313.125	0.2028
313.25	0.2028
313.375	0.2028
313.5	0.2028
313.625	0.2036
313.75	0.2028
313.875	0.2028
314.0	0.2028
314.125	0.2028
314.25	0.2028
314.375	0.2028
314.5	0.2028
314.625	0.2036
314.75	0.2044
314.875	0.2059
315.0	0.2075
315.125	0.2075
315.25	0.2067
315.375	0.2067
315.5	0.2075
315.625	0.2075
315.75	0.2083
315.875	0.2075
316.0	0.2083
316.125	0.2075
316.25	0.2075
316.375	0.2075
316.5	0.2075
316.625	0.2091
316.75	0.2075
316.875	0.2075
317.0	0.2075
317.125	0.2075
317.25	0.2083
317.375	0.2083
317.5	0.2075
317.625	0.2075
317.75	0.2067
317.875	0.2075
318.0	0.2075
318.125	0.2059
318.25	0.2059
318.375	0.2044
318.5	0.2051
318.625	0.2044
318.75	0.2059
318.875	0.2044
319.0	0.2028
319.125	0.2044
319.25	0.2036
319.375	0.2051
319.5	0.2067
319.625	0.2036
319.75	0.2028
319.875	0.2028
320.0	0.2028
320.125	0.2028
320.25	0.2028
320.375	0.2028
320.5	0.2028
320.625	0.202
320.75	0.202
320.875	0.2028
321.0	0.2012
321.125	0.2028
321.25	0.2004
321.375	0.1996
321.5	0.1988
321.625	0.2028
321.75	0.2004
321.875	0.202
322.0	0.2028
322.125	0.2012
322.25	0.2028
322.375	0.2028
322.5	0.2028
322.625	0.2028
322.75	0.2036
322.875	0.2059
323.0	0.2051
323.125	0.2044
323.25	0.2067
323.375	0.2075
323.5	0.2067
323.625	0.2051
323.75	0.2075
323.875	0.2075
324.0	0.2075
324.125	0.2067
324.25	0.2067
324.375	0.2067
324.5	0.2059
324.625	0.2075
324.75	0.2075
324.875	0.2059
325.0	0.2051
325.125	0.2059
325.25	0.2051
325.375	0.2036
325.5	0.2044
325.625	0.2036
325.75	0.2028
325.875	0.2028
326.0	0.2028
326.125	0.202
326.25	0.2012
326.375	0.1981
326.5	0.1981
326.625	0.1981
326.75	0.1981
326.875	0.1965
327.0	0.1981
327.125	0.1957
327.25	0.1941
327.375	0.1933
327.5	0.1933
327.625	0.1933
327.75	0.1941
327.875	0.1941
328.0	0.1933
328.125	0.1933
328.25	0.1933
328.375	0.1926
328.5	0.1933
328.625	0.1941
328.75	0.1941
328.875	0.1957
329.0	0.1973
329.125	0.1988
329.25	0.2012
329.375	0.1996
329.5	0.2028
329.625	0.2028
329.75	0.2028
329.875	0.2044
330.0	0.2075
330.125	0.2028
330.25	0.2051
330.375	0.2036
330.5	0.2051
330.625	0.2036
330.75	0.2028
330.875	0.2028
331.0	0.1996
331.125	0.1981
331.25	0.1981
331.375	0.1949
331.5	0.1933
331.625	0.1933
331.75	0.1926
331.875	0.1918
332.0	0.1926
332.125	0.1926
332.25	0.1886
332.375	0.191
332.5	0.1918
332.625	0.1926
332.75	0.1918
332.875	0.1933
333.0	0.191
333.125	0.1918
333.25	0.1918
333.375	0.1926
333.5	0.1926
333.625	0.1926
333.75	0.1926
333.875	0.1933
334.0	0.1902
334.125	0.1886
334.25	0.1926
334.375	0.1918
334.5	0.1926
334.625	0.191
334.75	0.1918
334.875	0.1894
335.0	0.1918
335.125	0.1926
335.25	0.1933
335.375	0.191
335.5	0.1918
335.625	0.1933
335.75	0.191
335.875	0.1918
336.0	0.1918
336.125	0.1933
336.25	0.1926
336.375	0.1918
336.5	0.1933
336.625	0.1933
336.75	0.1933
336.875	0.1933
337.0	0.1933
337.125	0.1941
337.25	0.1957
337.375	0.1941
337.5	0.1965
337.625	0.1981
337.75	0.1965
337.875	0.1957
338.0	0.1949
338.125	0.1949
338.25	0.1933
338.375	0.1933
338.5	0.1933
338.625	0.1926
338.75	0.1902
338.875	0.1926
339.0	0.1926
339.125	0.1933
339.25	0.1926
339.375	0.1918
339.5	0.1918
339.625	0.1926
339.75	0.1933
339.875	0.1918
340.0	0.1918
340.125	0.1933
340.25	0.1918
340.375	0.1933
340.5	0.1933
340.625	0.191
340.75	0.191
340.875	0.1926
341.0	0.1918
341.125	0.1926
341.25	0.1933
341.375	0.1933
341.5	0.1933
341.625	0.1933
341.75	0.1933
341.875	0.1902
342.0	0.1933
342.125	0.1933
342.25	0.1926
342.375	0.191
342.5	0.1926
342.625	0.1918
342.75	0.1933
342.875	0.191
343.0	0.1933
343.125	0.191
343.25	0.1926
343.375	0.1902
343.5	0.191
343.625	0.191
343.75	0.1902
343.875	0.1918
344.0	0.1886
344.125	0.1926
344.25	0.1918
344.375	0.191
344.5	0.191
344.625	0.1886
344.75	0.1926
344.875	0.1926
345.0	0.1894
345.125	0.1902
345.25	0.1894
345.375	0.1894
345.5	0.191
345.625	0.191
345.75	0.1902
345.875	0.1918
346.0	0.1926
346.125	0.1926
346.25	0.1933
346.375	0.1933
346.5	0.191
346.625	0.1918
346.75	0.191
346.875	0.1918
347.0	0.1926
347.125	0.1926
347.25	0.1933
347.375	0.1933
347.5	0.1926
347.625	0.1933
347.75	0.1902
347.875	0.1918
348.0	0.1902
348.125	0.1926
348.25	0.1918
348.375	0.1926
348.5	0.1918
348.625	0.1933
348.75	0.1933
348.875	0.1926
349.0	0.191
349.125	0.1926
349.25	0.1926
349.375	0.191
349.5	0.1918
349.625	0.1918
349.75	0.1933
349.875	0.1902
350.0	0.191
350.125	0.1894
350.25	0.1918
350.375	0.191
350.5	0.191
350.625	0.191
350.75	0.1933
350.875	0.1933
351.0	0.1926
351.125	0.1918
351.25	0.1933
351.375	0.1894
351.5	0.1926
351.625	0.1918
351.75	0.1918
351.875	0.1902
352.0	0.1902
352.125	0.1933
352.25	0.1918
352.375	0.1933
352.5	0.1918
352.625	0.1918
352.75	0.191
352.875	0.1918
353.0	0.1926
353.125	0.1918
353.25	0.1933
353.375	0.1926
353.5	0.1933
353.625	0.1933
353.75	0.1933
353.875	0.1933
354.0	0.1926
354.125	0.1926
354.25	0.191
354.375	0.1918
354.5	0.1933
354.625	0.1933
354.75	0.1933
354.875	0.1933
355.0	0.1933
355.125	0.1926
355.25	0.1933
355.375	0.1933
355.5	0.1933
355.625	0.1933
355.75	0.1933
355.875	0.1933
356.0	0.1933
356.125	0.1926
356.25	0.1918
356.375	0.1933
356.5	0.1933
356.625	0.1926
356.75	0.1933
356.875	0.1933
357.0	0.1933
357.125	0.1933
357.25	0.1933
357.375	0.1926
357.5	0.191
357.625	0.191
357.75	0.191
357.875	0.1926
358.0	0.1933
358.125	0.1926
358.25	0.1918
358.375	0.1926
358.5	0.1933
358.625	0.1918
358.75	0.1933
358.875	0.1933
359.0	0.1926
359.125	0.1933
359.25	0.1933
359.375	0.1918
359.5	0.1933
359.625	0.1933
359.75	0.1933
359.875	0.1933
360.0	0.1933
360.125	0.1926
360.25	0.1926
360.375	0.1933
360.5	0.1918
360.625	0.1918
360.75	0.1933
360.875	0.1933
361.0	0.1926
361.125	0.1926
361.25	0.1918
361.375	0.191
361.5	0.1886
361.625	0.1918
361.75	0.1894
361.875	0.1902
362.0	0.1902
362.125	0.1902
362.25	0.1902
362.375	0.191
362.5	0.1918
362.625	0.1894
362.75	0.1894
362.875	0.1894
363.0	0.191
363.125	0.1894
363.25	0.191
363.375	0.1894
363.5	0.1918
363.625	0.1926
363.75	0.1926
363.875	0.1926
364.0	0.191
364.125	0.1886
364.25	0.1918
364.375	0.1918
364.5	0.1926
364.625	0.1926
364.75	0.1926
364.875	0.1933
365.0	0.1933
365.125	0.1933
365.25	0.1933
365.375	0.1926
365.5	0.1926
365.625	0.1933
365.75	0.1933
365.875	0.1933
366.0	0.1926
366.125	0.1933
366.25	0.191
366.375	0.1894
366.5	0.1933
366.625	0.1933
366.75	0.1933
366.875	0.1926
367.0	0.1933
367.125	0.1933
367.25	0.1918
367.375	0.1933
367.5	0.1933
367.625	0.1933
367.75	0.1933
367.875	0.1933
368.0	0.1933
368.125	0.1933
368.25	0.1926
368.375	0.1926
368.5	0.1926
368.625	0.1933
368.75	0.1926
368.875	0.1933
369.0	0.1902
369.125	0.1926
369.25	0.191
369.375	0.1933
369.5	0.1933
369.625	0.1933
369.75	0.1926
369.875	0.1933
370.0	0.1933
370.125	0.1933
370.25	0.1933
370.375	0.1933
370.5	0.1918
370.625	0.1933
370.75	0.1926
370.875	0.1933
371.0	0.1933
371.125	0.1933
371.25	0.1918
371.375	0.1933
371.5	0.1933
371.625	0.1933
371.75	0.1933
371.875	0.1933
372.0	0.1933
372.125	0.1941
372.25	0.1933
372.375	0.1933
372.5	0.1933
372.625	0.1918
372.75	0.1933
372.875	0.1926
373.0	0.1933
373.125	0.1926
373.25	0.1918
373.375	0.1933
373.5	0.1926
373.625	0.1918
373.75	0.1933
373.875	0.1933
374.0	0.1933
374.125	0.191
374.25	0.1926
374.375	0.1933
374.5	0.1933
374.625	0.1926
374.75	0.191
374.875	0.1926
375.0	0.1918
375.125	0.191
375.25	0.1933
375.375	0.1933
375.5	0.1933
375.625	0.1933
375.75	0.1933
375.875	0.1933
376.0	0.1933
376.125	0.1926
376.25	0.1933
376.375	0.1933
376.5	0.1933
376.625	0.1918
376.75	0.191
376.875	0.1926
377.0	0.1933
377.125	0.1933
377.25	0.1933
377.375	0.1918
377.5	0.1933
377.625	0.1926
377.75	0.1933
377.875	0.1926
378.0	0.1918
378.125	0.1926
378.25	0.1933
378.375	0.1933
378.5	0.1918
378.625	0.1933
378.75	0.1926
378.875	0.1933
379.0	0.1926
379.125	0.1933
379.25	0.1926
379.375	0.1933
379.5	0.1926
379.625	0.1933
379.75	0.1933
379.875	0.1926
380.0	0.1926
380.125	0.1918
380.25	0.1926
380.375	0.1933
380.5	0.1933
380.625	0.1933
380.75	0.1933
380.875	0.1933
381.0	0.1933
381.125	0.1933
381.25	0.1933
381.375	0.1933
381.5	0.1933
381.625	0.1933
381.75	0.1933
381.875	0.1933
382.0	0.1949
382.125	0.1933
382.25	0.1933
382.375	0.1933
382.5	0.1933
382.625	0.1933
382.75	0.1933
382.875	0.1926
383.0	0.1933
383.125	0.1941
383.25	0.1941
383.375	0.1941
383.5	0.1933
383.625	0.1933
383.75	0.1933
383.875	0.1941
384.0	0.1933
384.125	0.1957
384.25	0.1933
384.375	0.1933
384.5	0.1933
384.625	0.1941
384.75	0.1933
384.875	0.1941
385.0	0.1933
385.125	0.1933
385.25	0.1933
385.375	0.1933
385.5	0.1933
385.625	0.1941
385.75	0.1949
385.875	0.1949
386.0	0.1965
386.125	0.1957
386.25	0.1949
386.375	0.1933
386.5	0.1957
386.625	0.1949
386.75	0.1933
386.875	0.1933
387.0	0.1941
387.125	0.1933
387.25	0.1933
387.375	0.1933
387.5	0.1949
387.625	0.1933
387.75	0.1957
387.875	0.1933
388.0	0.1933
388.125	0.1949
388.25	0.1933
388.375	0.1933
388.5	0.1941
388.625	0.1949
388.75	0.1941
388.875	0.1933
389.0	0.1957
389.125	0.1933
389.25	0.1941
389.375	0.1933
389.5	0.1941
389.625	0.1933
389.75	0.1933
389.875	0.1957
390.0	0.1949
390.125	0.1949
390.25	0.1949
390.375	0.1941
390.5	0.1933
390.625	0.1941
390.75	0.1941
390.875	0.1933
391.0	0.1949
391.125	0.1957
391.25	0.1933
391.375	0.1933
391.5	0.1941
391.625	0.1933
391.75	0.1933
391.875	0.1933
392.0	0.1941
392.125	0.1957
392.25	0.1965
392.375	0.1941
392.5	0.1941
392.625	0.1957
392.75	0.1941
392.875	0.1941
393.0	0.1941
393.125	0.1933
393.25	0.1965
393.375	0.1933
393.5	0.1949
393.625	0.1941
393.75	0.1941
393.875	0.1933
394.0	0.1933
394.125	0.1933
394.25	0.1981
394.375	0.1941
394.5	0.1957
394.625	0.1949
394.75	0.1941
394.875	0.1933
395.0	0.1933
395.125	0.1941
395.25	0.1941
395.375	0.1933
395.5	0.1933
395.625	0.1933
395.75	0.1941
395.875	0.1941
396.0	0.1933
396.125	0.1933
396.25	0.1933
396.375	0.1933
396.5	0.1933
396.625	0.1933
396.75	0.1933
396.875	0.1957
397.0	0.1933
397.125	0.1933
397.25	0.1933
397.375	0.1933
397.5	0.1941
397.625	0.1933
397.75	0.1933
397.875	0.1941
398.0	0.1933
398.125	0.1933
398.25	0.1949
398.375	0.1933
398.5	0.1933
398.625	0.1949
398.75	0.1933
398.875	0.1933
399.0	0.1941
399.125	0.1933
399.25	0.1941
399.375	0.1933
399.5	0.1949
399.625	0.1933
399.75	0.1933
399.875	0.1933
400.0	0.1933
400.125	0.1933
400.25	0.1933
400.375	0.1933
400.5	0.1933
400.625	0.1933
400.75	0.1933
400.875	0.1933
401.0	0.1933
401.125	0.1933
401.25	0.1933
401.375	0.1933
401.5	0.1933
401.625	0.1933
401.75	0.1933
401.875	0.1933
402.0	0.1918
402.125	0.1941
402.25	0.1933
402.375	0.1933
402.5	0.1933
402.625	0.1933
402.75	0.1926
402.875	0.1933
403.0	0.1933
403.125	0.1933
403.25	0.1933
403.375	0.191
403.5	0.191
403.625	0.1933
403.75	0.191
403.875	0.191
404.0	0.1926
404.125	0.191
404.25	0.191
404.375	0.1926
404.5	0.1918
404.625	0.1918
404.75	0.1926
404.875	0.191
405.0	0.1926
405.125	0.1886
405.25	0.1933
405.375	0.1894
405.5	0.1894
405.625	0.1894
405.75	0.1886
405.875	0.1902
406.0	0.1886
406.125	0.1894
406.25	0.1886
406.375	0.1894
406.5	0.1902
406.625	0.1894
406.75	0.1894
406.875	0.1894
407.0	0.1886
407.125	0.1894
407.25	0.191
407.375	0.1918
407.5	0.1894
407.625	0.1894
407.75	0.191
407.875	0.191
408.0	0.191
408.125	0.1886
408.25	0.1902
408.375	0.1902
408.5	0.1902
408.625	0.1894
408.75	0.1894
408.875	0.1886
409.0	0.1886
409.125	0.1886
409.25	0.1918
409.375	0.1918
409.5	0.1902
409.625	0.1918
409.75	0.1902
409.875	0.191
410.0	0.1894
410.125	0.191
410.25	0.1918
410.375	0.1894
410.5	0.1926
410.625	0.1902
410.75	0.1926
410.875	0.1902
411.0	0.1902
411.125	0.1894
411.25	0.1933
411.375	0.191
411.5	0.191
411.625	0.1918
411.75	0.1926
411.875	0.1933
412.0	0.1918
412.125	0.1933
412.25	0.1926
412.375	0.1933
412.5	0.1902
412.625	0.1926
412.75	0.1918
412.875	0.1933
413.0	0.1933
413.125	0.191
413.25	0.1933
413.375	0.1933
413.5	0.1933
413.625	0.1918
413.75	0.1926
413.875	0.1926
414.0	0.1918
414.125	0.1933
414.25	0.1933
414.375	0.1933
414.5	0.1933
414.625	0.1926
414.75	0.1933
414.875	0.1933
415.0	0.1933
415.125	0.1933
415.25	0.1926
415.375	0.1918
415.5	0.1933
415.625	0.1926
415.75	0.1933
415.875	0.1926
416.0	0.1933
416.125	0.1933
416.25	0.1926
416.375	0.1933
416.5	0.191
416.625	0.1933
416.75	0.1933
416.875	0.1933
417.0	0.1926
417.125	0.1933
417.25	0.1933
417.375	0.1926
417.5	0.1933
417.625	0.1941
417.75	0.1933
417.875	0.1926
418.0	0.1926
418.125	0.1933
418.25	0.1926
418.375	0.1933
418.5	0.1918
418.625	0.1926
418.75	0.1933
418.875	0.1933
419.0	0.1926
419.125	0.1926
419.25	0.1933
419.375	0.1933
419.5	0.1933
419.625	0.1933
419.75	0.1933
419.875	0.191
420.0	0.191
420.125	0.1933
420.25	0.1933
420.375	0.191
420.5	0.1926
420.625	0.1933
420.75	0.1926
420.875	0.1926
421.0	0.1933
421.125	0.1933
421.25	0.1933
421.375	0.1926
421.5	0.1933
421.625	0.1941
421.75	0.1933
421.875	0.1933
422.0	0.1926
422.125	0.1926
422.25	0.1926
422.375	0.1933
422.5	0.1918
422.625	0.1926
422.75	0.1926
422.875	0.1933
423.0	0.1933
423.125	0.1933
423.25	0.1918
423.375	0.191
423.5	0.191
423.625	0.1933
423.75	0.1926
423.875	0.1933
424.0	0.1926
424.125	0.1933
424.25	0.1926
424.375	0.191
424.5	0.1926
424.625	0.1918
424.75	0.1918
424.875	0.1926
425.0	0.1933
425.125	0.1926
425.25	0.1933
425.375	0.1933
425.5	0.1926
425.625	0.1933
425.75	0.1926
425.875	0.1926
426.0	0.1933
426.125	0.1926
426.25	0.1926
426.375	0.1926
426.5	0.191
426.625	0.1918
426.75	0.1918
426.875	0.191
427.0	0.1902
427.125	0.191
427.25	0.1894
427.375	0.1918
427.5	0.1894
427.625	0.1886
427.75	0.1886
427.875	0.1886
428.0	0.191
428.125	0.191
428.25	0.1918
428.375	0.1902
428.5	0.1886
428.625	0.1894
428.75	0.1918
428.875	0.1894
429.0	0.1902
429.125	0.1886
429.25	0.1894
429.375	0.1902
429.5	0.1902
429.625	0.1886
429.75	0.191
429.875	0.191
430.0	0.1894
430.125	0.1902
430.25	0.1926
430.375	0.1918
430.5	0.191
430.625	0.191
430.75	0.1933
430.875	0.1933
431.0	0.191
431.125	0.1894
431.25	0.1926
431.375	0.1926
431.5	0.191
431.625	0.191
431.75	0.1918
431.875	0.1918
432.0	0.1918
432.125	0.1933
432.25	0.1933
432.375	0.1933
432.5	0.1918
432.625	0.1902
432.75	0.1926
432.875	0.1933
433.0	0.1926
433.125	0.1933
433.25	0.1926
433.375	0.1894
433.5	0.1918
433.625	0.191
433.75	0.1926
433.875	0.1933
434.0	0.1926
434.125	0.1933
434.25	0.1933
434.375	0.1933
434.5	0.1926
434.625	0.191
434.75	0.1933
434.875	0.1933
435.0	0.1933
435.125	0.1926
435.25	0.1926
435.375	0.1926
435.5	0.1933
435.625	0.1933
435.75	0.1918
435.875	0.1933
436.0	0.1926
436.125	0.1918
436.25	0.1926
436.375	0.1933
436.5	0.1926
436.625	0.1918
436.75	0.1918
436.875	0.1918
437.0	0.191
437.125	0.1918
437.25	0.1918
437.375	0.1926
437.5	0.1918
437.625	0.1918
437.75	0.1926
437.875	0.1902
438.0	0.1926
438.125	0.1894
438.25	0.191
438.375	0.191
438.5	0.1918
438.625	0.1894
438.75	0.1902
438.875	0.1918
439.0	0.1894
439.125	0.191
439.25	0.1902
439.375	0.1902
439.5	0.1918
439.625	0.1926
439.75	0.1902
439.875	0.1886
440.0	0.1886
440.125	0.1886
440.25	0.1886
440.375	0.191
440.5	0.1902
440.625	0.1902
440.75	0.1902
440.875	0.1902
441.0	0.1902
441.125	0.1894
441.25	0.1918
441.375	0.1894
441.5	0.191
441.625	0.1894
441.75	0.1902
441.875	0.1933
442.0	0.1926
442.125	0.1902
442.25	0.191
442.375	0.191
442.5	0.1918
442.625	0.1918
442.75	0.1918
442.875	0.191
443.0	0.1933
443.125	0.1933
443.25	0.1933
443.375	0.1933
443.5	0.1926
443.625	0.1933
443.75	0.1933
443.875	0.1926
444.0	0.1933
444.125	0.1933
444.25	0.1926
444.375	0.1933
444.5	0.1933
444.625	0.1933
444.75	0.1933
444.875	0.1933
445.0	0.1933
445.125	0.1933
445.25	0.1933
445.375	0.1933
445.5	0.1933
445.625	0.1933
445.75	0.1933
445.875	0.1933
446.0	0.1933
446.125	0.1933
446.25	0.1933
446.375	0.1933
446.5	0.1933
446.625	0.1933
446.75	0.1933
446.875	0.1941
447.0	0.1933
447.125	0.1933
447.25	0.1933
447.375	0.1933
447.5	0.1933
447.625	0.1933
447.75	0.1933
447.875	0.1933
448.0	0.1941
448.125	0.1933
448.25	0.1933
448.375	0.1933
448.5	0.1933
448.625	0.1933
448.75	0.1933
448.875	0.1933
449.0	0.1933
449.125	0.1933
449.25	0.1933
449.375	0.1933
449.5	0.1933
449.625	0.1933
449.75	0.1933
449.875	0.1933
450.0	0.1933
450.125	0.1941
450.25	0.1933
450.375	0.1933
450.5	0.1933
450.625	0.1933
450.75	0.1918
450.875	0.1926
451.0	0.1933
451.125	0.191
451.25	0.1926
451.375	0.1926
451.5	0.1933
451.625	0.1933
451.75	0.1933
451.875	0.1933
452.0	0.1918
452.125	0.1933
452.25	0.1933
452.375	0.1933
452.5	0.1933
452.625	0.1933
452.75	0.1933
452.875	0.1933
453.0	0.1933
453.125	0.1933
453.25	0.1933
453.375	0.1918
453.5	0.1933
453.625	0.1933
453.75	0.1926
453.875	0.1933
454.0	0.1933
454.125	0.1918
454.25	0.1933
454.375	0.1918
454.5	0.1926
454.625	0.1933
454.75	0.1941
454.875	0.1926
455.0	0.1926
455.125	0.1933
455.25	0.1933
455.375	0.1933
455.5	0.1933
455.625	0.1926
455.75	0.1933
455.875	0.1933
456.0	0.1933
456.125	0.1933
456.25	0.1926
456.375	0.1933
456.5	0.1941
456.625	0.1933
456.75	0.1933
456.875	0.1933
457.0	0.1933
457.125	0.1933
457.25	0.1933
457.375	0.1933
457.5	0.1933
457.625	0.1933
457.75	0.1933
457.875	0.1933
458.0	0.1933
458.125	0.1926
458.25	0.1926
458.375	0.1933
458.5	0.1933
458.625	0.1933
458.75	0.1933
458.875	0.1933
459.0	0.1933
459.125	0.1933
459.25	0.1933
459.375	0.1933
459.5	0.1933
459.625	0.1933
459.75	0.1933
459.875	0.1933
460.0	0.1933
460.125	0.1926
460.25	0.1918
460.375	0.1926
460.5	0.1933
460.625	0.1933
460.75	0.1933
460.875	0.1933
461.0	0.1933
461.125	0.1933
461.25	0.1933
461.375	0.1941
461.5	0.1941
461.625	0.1933
461.75	0.1941
461.875	0.1933
462.0	0.1933
462.125	0.1941
462.25	0.1933
462.375	0.1926
462.5	0.1933
462.625	0.1918
462.75	0.1926
462.875	0.1933
463.0	0.1926
463.125	0.1926
463.25	0.1933
463.375	0.1918
463.5	0.1926
463.625	0.1933
463.75	0.1926
463.875	0.1933
464.0	0.1933
464.125	0.1902
464.25	0.1926
464.375	0.1902
464.5	0.1918
464.625	0.1902
464.75	0.1926
464.875	0.1894
465.0	0.191
465.125	0.191
465.25	0.1926
465.375	0.1926
465.5	0.1902
465.625	0.191
465.75	0.1926
465.875	0.191
466.0	0.191
466.125	0.191
466.25	0.1933
466.375	0.1933
466.5	0.1933
466.625	0.1933
466.75	0.1933
466.875	0.1926
467.0	0.1926
467.125	0.1902
467.25	0.1894
467.375	0.1902
467.5	0.1902
467.625	0.1918
467.75	0.1886
467.875	0.1918
468.0	0.191
468.125	0.1894
468.25	0.1926
468.375	0.1926
468.5	0.191
468.625	0.1918
468.75	0.1918
468.875	0.1918
469.0	0.1918
469.125	0.1902
469.25	0.1902
469.375	0.1933
469.5	0.1918
469.625	0.1894
469.75	0.1894
469.875	0.191
470.0	0.191
470.125	0.1926
470.25	0.1918
470.375	0.1933
470.5	0.1926
470.625	0.1933
470.75	0.1918
470.875	0.1933
471.0	0.191
471.125	0.1918
471.25	0.1926
471.375	0.1926
471.5	0.1933
471.625	0.1926
471.75	0.1926
471.875	0.1926
472.0	0.1933
472.125	0.1926
472.25	0.1918
472.375	0.1933
472.5	0.1933
472.625	0.1926
472.75	0.191
472.875	0.1894
473.0	0.1886
473.125	0.1918
473.25	0.1918
473.375	0.1894
473.5	0.1918
473.625	0.1886
473.75	0.191
473.875	0.1902
474.0	0.1894
474.125	0.1886
474.25	0.191
474.375	0.1902
474.5	0.191
474.625	0.191
474.75	0.1933
474.875	0.191
475.0	0.1933
475.125	0.1933
475.25	0.1933
475.375	0.1933
475.5	0.1933
475.625	0.1926
475.75	0.1918
475.875	0.1918
476.0	0.1933
476.125	0.1926
476.25	0.1933
476.375	0.1918
476.5	0.1926
476.625	0.1918
476.75	0.1926
476.875	0.1933
477.0	0.1933
477.125	0.1933
477.25	0.1926
477.375	0.1933
477.5	0.1933
477.625	0.1933
477.75	0.1933
477.875	0.1933
478.0	0.1949
478.125	0.1965
478.25	0.1981
478.375	0.1981
478.5	0.1996
478.625	0.2012
478.75	0.202
478.875	0.2028
479.0	0.2028
479.125	0.2028
479.25	0.2028
479.375	0.2036
479.5	0.2028
479.625	0.2028
479.75	0.2044
479.875	0.2036
480.0	0.2028
480.125	0.2044
480.25	0.2051
480.375	0.2059
480.5	0.2051
480.625	0.2075
480.75	0.2075
480.875	0.2083
481.0	0.2083
481.125	0.2083
481.25	0.2114
481.375	0.2091
481.5	0.2122
481.625	0.2114
481.75	0.2122
481.875	0.2122
482.0	0.2106
482.125	0.2122
482.25	0.2122
482.375	0.2122
482.5	0.2138
482.625	0.2122
482.75	0.2114
482.875	0.2138
483.0	0.2154
483.125	0.2138
483.25	0.2161
483.375	0.2146
483.5	0.2154
483.625	0.2169
483.75	0.2169
483.875	0.2154
484.0	0.2169
484.125	0.2169
484.25	0.2169
484.375	0.2169
484.5	0.2169
484.625	0.2161
484.75	0.2169
484.875	0.2169
485.0	0.2169
485.125	0.2154
485.25	0.2169
485.375	0.2161
485.5	0.2169
485.625	0.2154
485.75	0.2138
485.875	0.2122
486.0	0.2114
486.125	0.2114
486.25	0.2106
486.375	0.2075
486.5	0.2075
486.625	0.2075
486.75	0.2091
486.875	0.2083
487.0	0.2091
487.125	0.2106
487.25	0.2114
487.375	0.2106
487.5	0.2122
487.625	0.2122
487.75	0.2122
487.875	0.2122
488.0	0.2122
488.125	0.2122
488.25	0.213
488.375	0.2122
488.5	0.2122
488.625	0.2122
488.75	0.2122
488.875	0.2122
489.0	0.2122
489.125	0.213
489.25	0.2122
489.375	0.2122
489.5	0.2122
489.625	0.2122
489.75	0.213
489.875	0.2122
490.0	0.2122
490.125	0.2122
490.25	0.2122
490.375	0.2122
490.5	0.2083
490.625	0.2099
490.75	0.2099
490.875	0.2091
491.0	0.2091
491.125	0.2075
491.25	0.2091
491.375	0.2075
491.5	0.2075
491.625	0.2075
491.75	0.2075
491.875	0.2075
492.0	0.2075
492.125	0.2067
492.25	0.2067
492.375	0.2059
492.5	0.2067
492.625	0.2036
492.75	0.2028
492.875	0.2036
493.0	0.2028
493.125	0.2028
493.25	0.2012
493.375	0.2012
493.5	0.1996
493.625	0.1996
493.75	0.1996
493.875	0.1981
494.0	0.1981
494.125	0.1981
494.25	0.1981
494.375	0.1957
494.5	0.1933
494.625	0.1941
494.75	0.1933
494.875	0.1933
495.0	0.1933
495.125	0.1933
495.25	0.1933
495.375	0.1933
495.5	0.1933
495.625	0.1918
495.75	0.191
495.875	0.1926
496.0	0.1918
496.125	0.191
496.25	0.1902
496.375	0.1886
496.5	0.1902
496.625	0.191
496.75	0.191
496.875	0.1886
497.0	0.1894
497.125	0.1918
497.25	0.1902
497.375	0.191
497.5	0.1902
497.625	0.1902
497.75	0.1918
497.875	0.1918
498.0	0.1933
498.125	0.1926
498.25	0.191
498.375	0.1918
498.5	0.1886
498.625	0.1902
498.75	0.1918
498.875	0.1894
499.0	0.1902
499.125	0.1902
499.25	0.1894
499.375	0.1886
499.5	0.191
499.625	0.1886
499.75	0.1894
499.875	0.1886
500.0	0.1886
500.125	0.1886
500.25	0.1902
500.375	0.1886
500.5	0.1886
500.625	0.1886
500.75	0.1894
500.875	0.1886
501.0	0.1894
501.125	0.1886
501.25	0.1886
501.375	0.1902
501.5	0.1886
501.625	0.1886
501.75	0.1886
501.875	0.191
502.0	0.1894
502.125	0.1886
502.25	0.1886
502.375	0.1894
502.5	0.1886
502.625	0.1886
502.75	0.1902
502.875	0.191
503.0	0.1894
503.125	0.1894
503.25	0.1918
503.375	0.191
503.5	0.191
503.625	0.1902
503.75	0.1926
503.875	0.191
504.0	0.191
504.125	0.1918
504.25	0.1926
504.375	0.1933
504.5	0.1926
504.625	0.1926
504.75	0.1933
504.875	0.1926
505.0	0.1894
505.125	0.1926
505.25	0.1933
505.375	0.1933
505.5	0.1926
505.625	0.1933
505.75	0.1933
505.875	0.1933
506.0	0.1933
506.125	0.1933
506.25	0.1933
506.375	0.1933
506.5	0.1933
506.625	0.1933
506.75	0.1941
506.875	0.1957
507.0	0.1941
507.125	0.1941
507.25	0.1941
507.375	0.1941
507.5	0.1957
507.625	0.1933
507.75	0.1981
507.875	0.1981
508.0	0.1981
508.125	0.1981
508.25	0.1973
508.375	0.1981
508.5	0.1981
508.625	0.1965
508.75	0.1981
508.875	0.1973
509.0	0.1973
509.125	0.1981
509.25	0.1981
509.375	0.1973
509.5	0.1988
509.625	0.1996
509.75	0.1981
509.875	0.1981
510.0	0.1996
510.125	0.1988
510.25	0.1988
510.375	0.1988
510.5	0.1988
510.625	0.1988
510.75	0.2004
510.875	0.202
511.0	0.2028
511.125	0.202
511.25	0.1996
511.375	0.202
511.5	0.1996
511.625	0.2012
511.75	0.202
511.875	0.2028
512.0	0.2028
512.125	0.2028
512.25	0.2028
512.375	0.2028
512.5	0.2036
512.625	0.2028
512.75	0.2028
512.875	0.2028
513.0	0.2028
513.125	0.2036
513.25	0.2028
513.375	0.2036
513.5	0.2036
513.625	0.2051
513.75	0.2044
513.875	0.2051
514.0	0.2059
514.125	0.2028
514.25	0.2051
514.375	0.2059
514.5	0.2059
514.625	0.2036
514.75	0.2028
514.875	0.2028
515.0	0.2051
515.125	0.2028
515.25	0.2036
515.375	0.2028
515.5	0.2036
515.625	0.2028
515.75	0.2028
515.875	0.2028
516.0	0.2028
516.125	0.2028
516.25	0.2028
516.375	0.2028
516.5	0.2028
516.625	0.2036
516.75	0.2036
516.875	0.2028
517.0	0.2028
517.125	0.2028
517.25	0.2067
517.375	0.2028
517.5	0.2044
517.625	0.2044
517.75	0.2028
517.875	0.2028
518.0	0.2028
518.125	0.2028
518.25	0.202
518.375	0.2028
518.5	0.2028
518.625	0.2028
518.75	0.1988
518.875	0.2004
519.0	0.2028
519.125	0.2028
519.25	0.2012
519.375	0.202
519.5	0.2028
519.625	0.202
519.75	0.2004
519.875	0.1996
520.0	0.2012
520.125	0.202
520.25	0.202
520.375	0.1981
520.5	0.2028
520.625	0.2004
520.75	0.202
520.875	0.1981
521.0	0.1996
521.125	0.1988
521.25	0.1996
521.375	0.1981
521.5	0.1988
521.625	0.1981
521.75	0.1988
521.875	0.1988
522.0	0.1996
522.125	0.1981
522.25	0.1996
522.375	0.1988
522.5	0.202
522.625	0.202
522.75	0.2004
522.875	0.1988
523.0	0.2012
523.125	0.2028
523.25	0.2028
523.375	0.2028
523.5	0.2044
523.625	0.2028
523.75	0.2044
523.875	0.2051
524.0	0.2051
524.125	0.2067
524.25	0.2075
524.375	0.2075
524.5	0.2075
524.625	0.2075
524.75	0.2075
524.875	0.2075
525.0	0.2067
525.125	0.2067
525.25	0.2075
525.375	0.2091
525.5	0.2067
525.625	0.2075
525.75	0.2075
525.875	0.2075
526.0	0.2075
526.125	0.2083
526.25	0.2075
526.375	0.2083
526.5	0.2083
526.625	0.2083
526.75	0.2083
526.875	0.2091
527.0	0.2075
527.125	0.2083
527.25	0.2091
527.375	0.2075
527.5	0.2099
527.625	0.2075
527.75	0.2075
527.875	0.2075
528.0	0.2075
528.125	0.2075
528.25	0.2075
528.375	0.2075
528.5	0.2067
528.625	0.2075
528.75	0.2075
528.875	0.2067
529.0	0.2075
529.125	0.2075
529.25	0.2075
529.375	0.2075
529.5	0.2075
529.625	0.2075
529.75	0.2075
529.875	0.2083
530.0	0.2075
530.125	0.2075
530.25	0.2059
530.375	0.2067
530.5	0.2051
530.625	0.2067
530.75	0.2067
530.875	0.2075
531.0	0.2067
531.125	0.2075
531.25	0.2075
531.375	0.2075
531.5	0.2083
531.625	0.2099
531.75	0.2091
531.875	0.2099
532.0	0.2091
532.125	0.2122
532.25	0.2106
532.375	0.2099
532.5	0.2114
532.625	0.2122
532.75	0.2122
532.875	0.2122
533.0	0.2122
533.125	0.2122
533.25	0.2122
533.375	0.2122
533.5	0.2122
533.625	0.2146
533.75	0.2122
533.875	0.213
534.0	0.213
534.125	0.2138
534.25	0.2154
534.375	0.2154
534.5	0.2161
534.625	0.2169
534.75	0.2161
534.875	0.2146
535.0	0.213
535.125	0.213
535.25	0.2122
535.375	0.2114
535.5	0.2114
535.625	0.2122
535.75	0.2091
535.875	0.2075
536.0	0.2091
536.125	0.2099
536.25	0.2083
536.375	0.2114
536.5	0.2099
536.625	0.2122
536.75	0.2122
536.875	0.2122
537.0	0.213
537.125	0.2122
537.25	0.2122
537.375	0.2122
537.5	0.2122
537.625	0.2122
537.75	0.213
537.875	0.2122
538.0	0.2122
538.125	0.2146
538.25	0.2154
538.375	0.2169
538.5	0.2154
538.625	0.2169
538.75	0.2169
538.875	0.2169
539.0	0.2169
539.125	0.2169
539.25	0.2169
539.375	0.2169
539.5	0.2169
539.625	0.2161
539.75	0.2161
539.875	0.2146
540.0	0.213
540.125	0.2154
540.25	0.2169
540.375	0.2169
540.5	0.2169
540.625	0.2177
540.75	0.2169
540.875	0.2169
541.0	0.2169
541.125	0.2169
541.25	0.2146
541.375	0.2138
541.5	0.2169
541.625	0.2161
541.75	0.2169
541.875	0.2146
542.0	0.2146
542.125	0.2169
542.25	0.2161
542.375	0.2169
542.5	0.2169
542.625	0.2169
542.75	0.2169
542.875	0.2169
543.0	0.2169
543.125	0.2169
543.25	0.2169
543.375	0.2169
543.5	0.2169
543.625	0.2146
543.75	0.213
543.875	0.2122
544.0	0.213
544.125	0.2122
544.25	0.213
544.375	0.213
544.5	0.2122
544.625	0.2122
544.75	0.2106
544.875	0.2122
545.0	0.2122
545.125	0.2114
545.25	0.2122
545.375	0.2106
545.5	0.2114
545.625	0.2122
545.75	0.2114
545.875	0.2083
546.0	0.2099
546.125	0.2099
546.25	0.2075
546.375	0.2083
546.5	0.2083
546.625	0.2067
546.75	0.2067
546.875	0.2075
547.0	0.2075
547.125	0.2067
547.25	0.2051
547.375	0.2044
547.5	0.2044
547.625	0.2028
547.75	0.2028
547.875	0.2028
548.0	0.2028
548.125	0.2028
548.25	0.2028
548.375	0.2028
548.5	0.2004
548.625	0.2028
548.75	0.2004
548.875	0.2012
549.0	0.2004
549.125	0.1996
549.25	0.202
549.375	0.2012
549.5	0.2012
549.625	0.2004
549.75	0.2012
549.875	0.2012
550.0	0.1988
550.125	0.2012
550.25	0.2004
550.375	0.1988
550.5	0.1988
550.625	0.2004
550.75	0.202
550.875	0.2004
551.0	0.1996
551.125	0.2012
551.25	0.1996
551.375	0.1996
551.5	0.2012
551.625	0.2012
551.75	0.202
551.875	0.2012
552.0	0.2028
552.125	0.2012
552.25	0.2012
552.375	0.2012
552.5	0.2012
552.625	0.202
552.75	0.202
552.875	0.202
553.0	0.202
553.125	0.2028
553.25	0.2012
553.375	0.2004
553.5	0.2028
553.625	0.2028
553.75	0.2028
553.875	0.2028
554.0	0.2028
554.125	0.2028
554.25	0.2028
554.375	0.2028
554.5	0.2028
554.625	0.1981
554.75	0.2004
554.875	0.1981
555.0	0.1981
555.125	0.1988
555.25	0.1981
555.375	0.1981
555.5	0.1981
555.625	0.1981
555.75	0.1996
555.875	0.1981
556.0	0.1981
556.125	0.1988
556.25	0.1981
556.375	0.1988
556.5	0.1981
556.625	0.1988
556.75	0.1996
556.875	0.1988
557.0	0.1988
557.125	0.1996
557.25	0.2012
557.375	0.2004
557.5	0.1981
557.625	0.1988
557.75	0.1996
557.875	0.2004
558.0	0.1988
558.125	0.2012
558.25	0.1981
558.375	0.1996
558.5	0.202
558.625	0.202
558.75	0.202
558.875	0.2012
559.0	0.2028
559.125	0.2028
559.25	0.2028
559.375	0.2028
559.5	0.2028
559.625	0.2028
559.75	0.2028
559.875	0.2028
560.0	0.2028
560.125	0.2028
560.25	0.2028
560.375	0.2028
560.5	0.202
560.625	0.2028
560.75	0.2051
560.875	0.2051
561.0	0.2114
561.125	0.2193
561.25	0.2342
561.375	0.2531
561.5	0.2751
561.625	0.3003
561.75	0.3152
561.875	0.3294
562.0	0.338
562.125	0.3443
562.25	0.3529
562.375	0.3569
562.5	0.3584
562.625	0.3584
562.75	0.3553
562.875	0.349
563.0	0.3372
563.125	0.3191
563.25	0.2963
563.375	0.2751
563.5	0.2539
563.625	0.2382
563.75	0.2295
563.875	0.2209
564.0	0.2169
564.125	0.2154
564.25	0.213
564.375	0.2138
564.5	0.2169
564.625	0.2169
564.75	0.2185
564.875	0.2216
565.0	0.2216
565.125	0.2232
565.25	0.2216
565.375	0.2216
565.5	0.2232
565.625	0.224
565.75	0.2216
565.875	0.2216
566.0	0.2216
566.125	0.2169
566.25	0.2161
566.375	0.2146
566.5	0.213
566.625	0.2122
566.75	0.2114
566.875	0.2114
567.0	0.2106
567.125	0.2099
567.25	0.2083
567.375	0.2083
567.5	0.2106
567.625	0.2099
567.75	0.2083
567.875	0.2083
568.0	0.2099
568.125	0.2075
568.25	0.2099
568.375	0.2091
568.5	0.2075
568.625	0.2075
568.75	0.2075
568.875	0.2075
569.0	0.2075
569.125	0.2075
569.25	0.2075
569.375	0.2075
569.5	0.2059
569.625	0.2067
569.75	0.2059
569.875	0.2075
570.0	0.2075
570.125	0.2075
570.25	0.2091
570.375	0.2114
570.5	0.2138
570.625	0.2169
570.75	0.2216
570.875	0.2264
571.0	0.2264
571.125	0.2279
571.25	0.2303
571.375	0.2311
571.5	0.2311
571.625	0.2319
571.75	0.2319
571.875	0.2319
572.0	0.2311
572.125	0.2303
572.25	0.2272
572.375	0.2216
572.5	0.2193
572.625	0.2169
572.75	0.213
572.875	0.2075
573.0	0.2075
573.125	0.2075
573.25	0.2067
573.375	0.2036
573.5	0.2036
573.625	0.2075
573.75	0.2059
573.875	0.2075
574.0	0.2075
574.125	0.2091
574.25	0.2075
574.375	0.2075
574.5	0.2075
574.625	0.2075
574.75	0.2075
574.875	0.2091
575.0	0.2083
575.125	0.2091
575.25	0.2083
575.375	0.2091
575.5	0.2059
575.625	0.2067
575.75	0.2067
575.875	0.2051
576.0	0.2044
576.125	0.2028
576.25	0.2028
576.375	0.2028
576.5	0.2028
576.625	0.202
576.75	0.2028
576.875	0.2028
577.0	0.2028
577.125	0.2028
577.25	0.2028
577.375	0.2028
577.5	0.2028
577.625	0.2028
577.75	0.2028
577.875	0.2028
578.0	0.2028
578.125	0.2028
578.25	0.2028
578.375	0.2028
578.5	0.2028
578.625	0.2028
578.75	0.202
578.875	0.2028
579.0	0.2051
579.125	0.2028
579.25	0.2051
579.375	0.2067
579.5	0.2075
579.625	0.2075
579.75	0.2075
579.875	0.2075
580.0	0.2075
580.125	0.2075
580.25	0.2075
580.375	0.2059
580.5	0.2067
580.625	0.2067
580.75	0.2044
580.875	0.2028
581.0	0.2044
581.125	0.2028
581.25	0.2028
581.375	0.2028
581.5	0.2012
581.625	0.202
581.75	0.2028
581.875	0.2012
582.0	0.2028
582.125	0.202
582.25	0.2012
582.375	0.2012
582.5	0.202
582.625	0.2028
582.75	0.2028
582.875	0.2028
583.0	0.2036
583.125	0.2051
583.25	0.2075
583.375	0.2083
583.5	0.2122
583.625	0.2169
583.75	0.2201
583.875	0.224
584.0	0.2264
584.125	0.2295
584.25	0.2311
584.375	0.2342
584.5	0.2358
584.625	0.2358
584.75	0.2358
584.875	0.2374
585.0	0.2358
585.125	0.2358
585.25	0.2342
585.375	0.2327
585.5	0.2319
585.625	0.2327
585.75	0.2358
585.875	0.2405
586.0	0.2452
586.125	0.2484
586.25	0.25
586.375	0.2547
586.5	0.2547
586.625	0.2578
586.75	0.2594
586.875	0.2617
587.0	0.2602
587.125	0.2602
587.25	0.2602
587.375	0.2562
587.5	0.2547
587.625	0.2492
587.75	0.2421
587.875	0.2397
588.0	0.2382
588.125	0.2358
588.25	0.235
588.375	0.2358
588.5	0.2334
588.625	0.2342
588.75	0.2327
588.875	0.2334
589.0	0.2327
589.125	0.2358
589.25	0.2358
589.375	0.235
589.5	0.2358
589.625	0.2358
589.75	0.2358
589.875	0.2358
590.0	0.2374
590.125	0.2405
590.25	0.2484
590.375	0.2547
590.5	0.2657
590.625	0.2743
590.75	0.2806
590.875	0.2877
591.0	0.2877
591.125	0.2924
591.25	0.2932
591.375	0.2955
591.5	0.2971
591.625	0.2971
591.75	0.2971
591.875	0.294
592.0	0.2885
592.125	0.2814
592.25	0.2735
592.375	0.2649
592.5	0.2594
592.625	0.2539
592.75	0.2507
592.875	0.25
593.0	0.2468
593.125	0.2452
593.25	0.2452
593.375	0.2452
593.5	0.2452
593.625	0.2444
593.75	0.2444
593.875	0.2429
594.0	0.2405
594.125	0.2405
594.25	0.2382
594.375	0.2358
594.5	0.2334
594.625	0.2311
594.75	0.2311
594.875	0.2287
595.0	0.2264
595.125	0.2264
595.25	0.2272
595.375	0.2264
595.5	0.2264
595.625	0.2264
595.75	0.2264
595.875	0.2264
596.0	0.2248
596.125	0.2248
596.25	0.2232
596.375	0.2216
596.5	0.2224
596.625	0.2216
596.75	0.2216
596.875	0.2216
597.0	0.2216
597.125	0.2216
597.25	0.2216
597.375	0.2216
597.5	0.2224
597.625	0.2216
597.75	0.2256
597.875	0.2264
598.0	0.2248
598.125	0.2264
598.25	0.2264
598.375	0.2264
598.5	0.2264
598.625	0.2264
598.75	0.2264
598.875	0.2264
599.0	0.2264
599.125	0.2248
599.25	0.2248
599.375	0.224
599.5	0.2216
599.625	0.2216
599.75	0.2216
599.875	0.2201
600.0	0.2185
600.125	0.2193
600.25	0.2177
600.375	0.2169
600.5	0.2161
600.625	0.2161
600.75	0.2169
600.875	0.2169
601.0	0.2161
601.125	0.2146
601.25	0.2161
601.375	0.2169
601.5	0.2169
601.625	0.2161
601.75	0.2161
601.875	0.2177
602.0	0.2185
602.125	0.2169
602.25	0.2169
602.375	0.2177
602.5	0.2209
602.625	0.2216
602.75	0.2256
602.875	0.2287
603.0	0.2327
603.125	0.2358
603.25	0.2374
603.375	0.2389
603.5	0.2405
603.625	0.2397
603.75	0.2405
603.875	0.2405
604.0	0.2405
604.125	0.2421
604.25	0.2405
604.375	0.2397
604.5	0.2358
604.625	0.235
604.75	0.2311
604.875	0.2256
605.0	0.2264
605.125	0.2216
605.25	0.2193
605.375	0.2209
605.5	0.2169
605.625	0.2169
605.75	0.2169
605.875	0.2161
606.0	0.2169
606.125	0.2169
606.25	0.2169
606.375	0.2169
606.5	0.2193
606.625	0.2209
606.75	0.2216
606.875	0.2232
607.0	0.2248
607.125	0.2264
607.25	0.2264
607.375	0.2264
607.5	0.2264
607.625	0.2272
607.75	0.2287
607.875	0.2287
608.0	0.2264
608.125	0.2272
608.25	0.2264
608.375	0.2264
608.5	0.2256
608.625	0.2232
608.75	0.2224
608.875	0.2209
609.0	0.2216
609.125	0.2216
609.25	0.2216
609.375	0.2232
609.5	0.2264
609.625	0.2311
609.75	0.2358
609.875	0.2389
610.0	0.2405
610.125	0.2429
610.25	0.2452
610.375	0.2452
610.5	0.2452
610.625	0.2476
610.75	0.2484
610.875	0.2476
611.0	0.246
611.125	0.2452
611.25	0.2413
611.375	0.2366
611.5	0.2334
611.625	0.2303
611.75	0.224
611.875	0.2232
612.0	0.2216
612.125	0.2193
612.25	0.2185
612.375	0.2177
612.5	0.2177
612.625	0.2193
612.75	0.2177
612.875	0.2185
613.0	0.2193
613.125	0.2169
613.25	0.2216
613.375	0.2201
613.5	0.2177
613.625	0.2169
613.75	0.2169
613.875	0.2177
614.0	0.2169
614.125	0.2177
614.25	0.2216
614.375	0.2256
614.5	0.2279
614.625	0.2334
614.75	0.2358
614.875	0.2382
615.0	0.2405
615.125	0.2405
615.25	0.2444
615.375	0.2444
615.5	0.2444
615.625	0.246
615.75	0.2452
615.875	0.246
616.0	0.2484
616.125	0.2523
616.25	0.2594
616.375	0.2688
616.5	0.2775
616.625	0.2853
616.75	0.2924
616.875	0.2971
617.0	0.2987
617.125	0.3018
617.25	0.3058
617.375	0.3073
617.5	0.3097
617.625	0.3073
617.75	0.3058
617.875	0.2971
618.0	0.2885
618.125	0.2751
618.25	0.2617
618.375	0.2468
618.5	0.2366
618.625	0.2272
618.75	0.2248
618.875	0.2201
619.0	0.2185
619.125	0.2169
619.25	0.2154
619.375	0.2146
619.5	0.2138
619.625	0.2138
619.75	0.213
619.875	0.213
620.0	0.2122
620.125	0.2122
620.25	0.2114
620.375	0.2122
620.5	0.2099
620.625	0.2099
620.75	0.2075
620.875	0.2075
621.0	0.2083
621.125	0.2099
621.25	0.2099
621.375	0.2099
621.5	0.2083
621.625	0.2083
621.75	0.2083
621.875	0.2075
622.0	0.2067
622.125	0.2067
622.25	0.2067
622.375	0.2051
622.5	0.2075
622.625	0.2059
622.75	0.2051
622.875	0.2044
623.0	0.2044
623.125	0.2028
623.25	0.2036
623.375	0.2036
623.5	0.2028
623.625	0.2028
623.75	0.202
623.875	0.2028
624.0	0.202
624.125	0.202
624.25	0.202
624.375	0.202
624.5	0.2012
624.625	0.202
624.75	0.202
624.875	0.2028
625.0	0.2036
625.125	0.2044
625.25	0.2051
625.375	0.2051
625.5	0.2044
625.625	0.2044
625.75	0.2028
625.875	0.2028
626.0	0.2028
626.125	0.2028
626.25	0.2028
626.375	0.2051
626.5	0.2067
626.625	0.2122
626.75	0.2169
626.875	0.2232
627.0	0.2287
627.125	0.2358
627.25	0.2366
627.375	0.2405
627.5	0.2413
627.625	0.2429
627.75	0.2452
627.875	0.246
628.0	0.2452
628.125	0.2452
628.25	0.2437
628.375	0.2413
628.5	0.2358
628.625	0.2311
628.75	0.2248
628.875	0.2209
629.0	0.2154
629.125	0.2122
629.25	0.2122
629.375	0.2091
629.5	0.2091
629.625	0.2083
629.75	0.2099
629.875	0.2106
630.0	0.2122
630.125	0.2122
630.25	0.2122
630.375	0.2106
630.5	0.2114
630.625	0.2114
630.75	0.2114
630.875	0.2114
631.0	0.2099
631.125	0.2091
631.25	0.2083
631.375	0.2075
631.5	0.2051
631.625	0.2036
631.75	0.2028
631.875	0.2028
632.0	0.2028
632.125	0.2028
632.25	0.202
632.375	0.202
632.5	0.1988
632.625	0.1996
632.75	0.2028
632.875	0.2028
633.0	0.2012
633.125	0.2028
633.25	0.202
633.375	0.2028
633.5	0.2028
633.625	0.2028
633.75	0.2036
633.875	0.2028
634.0	0.2028
634.125	0.2028
634.25	0.2012
634.375	0.2004
634.5	0.1996
634.625	0.1981
634.75	0.1981
634.875	0.1996
635.0	0.1981
635.125	0.1981
635.25	0.1981
635.375	0.1981
635.5	0.1981
635.625	0.1996
635.75	0.2012
635.875	0.2028
636.0	0.2036
636.125	0.2075
636.25	0.2083
636.375	0.2075
636.5	0.2106
636.625	0.2106
636.75	0.2122
636.875	0.2122
637.0	0.2122
637.125	0.2122
637.25	0.2146
637.375	0.2154
637.5	0.2154
637.625	0.2122
637.75	0.2122
637.875	0.2099
638.0	0.2075
638.125	0.2051
638.25	0.2028
638.375	0.2028
638.5	0.202
638.625	0.2012
638.75	0.1988
638.875	0.1996
639.0	0.2004
639.125	0.2012
639.25	0.2028
639.375	0.202
639.5	0.2028
639.625	0.2012
639.75	0.2012
639.875	0.202
640.0	0.2012
640.125	0.2012
640.25	0.1996
640.375	0.2004
640.5	0.1996
640.625	0.1988
640.75	0.1996
640.875	0.1996
641.0	0.1996
641.125	0.1981
641.25	0.1981
641.375	0.1988
641.5	0.2004
641.625	0.2012
641.75	0.202
641.875	0.2012
642.0	0.1996
642.125	0.2012
642.25	0.2012
642.375	0.1996
642.5	0.2004
642.625	0.1988
642.75	0.1988
642.875	0.2012
643.0	0.1988
643.125	0.2028
643.25	0.2004
643.375	0.1988
643.5	0.2028
643.625	0.2067
643.75	0.2075
643.875	0.2106
644.0	0.2169
644.125	0.2177
644.25	0.2216
644.375	0.2216
644.5	0.2264
644.625	0.2264
644.75	0.2264
644.875	0.2272
645.0	0.2272
645.125	0.2272
645.25	0.2279
645.375	0.2264
645.5	0.2248
645.625	0.2216
645.75	0.2169
645.875	0.2122
646.0	0.2114
646.125	0.2091
646.25	0.2067
646.375	0.2059
646.5	0.2036
646.625	0.2051
646.75	0.2028
646.875	0.2028
647.0	0.2028
647.125	0.2028
647.25	0.2028
647.375	0.2036
647.5	0.2036
647.625	0.2067
647.75	0.2075
647.875	0.2083
648.0	0.2114
648.125	0.213
648.25	0.2154
648.375	0.2161
648.5	0.2169
648.625	0.2161
648.75	0.2169
648.875	0.2169
649.0	0.2169
649.125	0.2169
649.25	0.2177
649.375	0.2146
649.5	0.2122
649.625	0.2122
649.75	0.2091
649.875	0.2067
650.0	0.2051
650.125	0.2051
650.25	0.2036
650.375	0.2028
650.5	0.2044
650.625	0.2044
650.75	0.2028
650.875	0.2028
651.0	0.2028
651.125	0.2028
651.25	0.2028
651.375	0.202
651.5	0.2028
651.625	0.2004
651.75	0.2004
651.875	0.2028
652.0	0.2004
652.125	0.2012
652.25	0.2028
652.375	0.202
652.5	0.2028
652.625	0.2028
652.75	0.2004
652.875	0.2004
653.0	0.1981
653.125	0.1996
653.25	0.202
653.375	0.1981
653.5	0.2004
653.625	0.1981
653.75	0.2004
653.875	0.1981
654.0	0.2004
654.125	0.1988
654.25	0.2004
654.375	0.1988
654.5	0.2012
654.625	0.2004
654.75	0.2012
654.875	0.2028
655.0	0.202
655.125	0.2012
655.25	0.2028
655.375	0.2028
655.5	0.2012
655.625	0.2004
655.75	0.2004
655.875	0.1996
656.0	0.1988
656.125	0.2012
656.25	0.2004
656.375	0.1996
656.5	0.1988
656.625	0.2004
656.75	0.202
656.875	0.2004
657.0	0.2012
657.125	0.202
657.25	0.2028
657.375	0.2012
657.5	0.202
657.625	0.2028
657.75	0.202
657.875	0.2012
658.0	0.1988
658.125	0.2004
658.25	0.1996
658.375	0.1996
658.5	0.2012
658.625	0.1996
658.75	0.1996
658.875	0.1996
659.0	0.202
659.125	0.1996
659.25	0.2012
659.375	0.2028
659.5	0.2028
659.625	0.2028
659.75	0.2028
659.875	0.2028
660.0	0.202
660.125	0.2028
660.25	0.2012
660.375	0.2028
660.5	0.202
660.625	0.2004
660.75	0.2004
660.875	0.1996
661.0	0.1996
661.125	0.1996
661.25	0.2004
661.375	0.1988
661.5	0.1996
661.625	0.1981
661.75	0.2004
661.875	0.1981
662.0	0.1996
662.125	0.1988
662.25	0.1988
662.375	0.1981
662.5	0.1981
662.625	0.1981
662.75	0.1988
662.875	0.1973
663.0	0.1981
663.125	0.1981
663.25	0.1981
663.375	0.1981
663.5	0.1981
663.625	0.1988
663.75	0.1996
663.875	0.1981
664.0	0.1988
664.125	0.1981
664.25	0.2004
664.375	0.2012
664.5	0.2004
664.625	0.2012
664.75	0.2012
664.875	0.202
665.0	0.2004
665.125	0.1996
665.25	0.2028
665.375	0.2004
665.5	0.2028
665.625	0.2028
665.75	0.2028
665.875	0.202
666.0	0.2028
666.125	0.2028
666.25	0.2028
666.375	0.2028
666.5	0.2036
666.625	0.2028
666.75	0.2044
666.875	0.2036
667.0	0.2036
667.125	0.2028
667.25	0.2044
667.375	0.2051
667.5	0.2028
667.625	0.2028
667.75	0.2028
667.875	0.202
668.0	0.2028
668.125	0.202
668.25	0.2028
668.375	0.2028
668.5	0.2028
668.625	0.2044
668.75	0.2051
668.875	0.2067
669.0	0.2075
669.125	0.2114
669.25	0.2122
669.375	0.2154
669.5	0.2161
669.625	0.2154
669.75	0.2161
669.875	0.2169
670.0	0.2169
670.125	0.2177
670.25	0.2169
670.375	0.2169
670.5	0.2169
670.625	0.2169
670.75	0.2154
670.875	0.2122
671.0	0.2122
671.125	0.2067
671.25	0.2075
671.375	0.2067
671.5	0.2051
671.625	0.2036
671.75	0.2036
671.875	0.2028
672.0	0.2028
672.125	0.2028
672.25	0.2028
672.375	0.202
672.5	0.202
672.625	0.1988
672.75	0.1988
672.875	0.1981
673.0	0.1981
673.125	0.1981
673.25	0.1981
673.375	0.1988
673.5	0.1981
673.625	0.1973
673.75	0.1981
673.875	0.1973
674.0	0.1981
674.125	0.1981
674.25	0.1981
674.375	0.1973
674.5	0.1965
674.625	0.1973
674.75	0.1981
674.875	0.1981
675.0	0.1981
675.125	0.1988
675.25	0.1981
675.375	0.1981
675.5	0.1973
675.625	0.1981
675.75	0.1996
675.875	0.1981
676.0	0.2012
676.125	0.2012
676.25	0.2028
676.375	0.2036
676.5	0.2059
676.625	0.2083
676.75	0.2075
676.875	0.2083
677.0	0.2099
677.125	0.2114
677.25	0.2122
677.375	0.2114
677.5	0.2122
677.625	0.2138
677.75	0.2138
677.875	0.2154
678.0	0.2169
678.125	0.2169
678.25	0.2169
678.375	0.2169
678.5	0.2169
678.625	0.2216
678.75	0.2209
678.875	0.2216
679.0	0.2224
679.125	0.2264
679.25	0.2264
679.375	0.2311
679.5	0.2358
679.625	0.2382
679.75	0.2437
679.875	0.246
680.0	0.2484
680.125	0.25
680.25	0.2547
680.375	0.2547
680.5	0.2547
680.625	0.257
680.75	0.2555
680.875	0.2578
681.0	0.2547
681.125	0.2547
681.25	0.2523
681.375	0.25
681.5	0.2452
681.625	0.2421
681.75	0.2366
681.875	0.2358
682.0	0.2311
682.125	0.2311
682.25	0.2264
682.375	0.2264
682.5	0.2256
682.625	0.2216
682.75	0.2216
682.875	0.2216
683.0	0.2209
683.125	0.2201
683.25	0.2177
683.375	0.2169
683.5	0.2177
683.625	0.2177
683.75	0.2169
683.875	0.2169
684.0	0.2154
684.125	0.2161
684.25	0.2122
684.375	0.213
684.5	0.2122
684.625	0.2122
684.75	0.2122
684.875	0.213
685.0	0.213
685.125	0.2122
685.25	0.213
685.375	0.2146
685.5	0.2146
685.625	0.2161
685.75	0.2146
685.875	0.2138
686.0	0.213
686.125	0.2122
686.25	0.2099
686.375	0.2114
686.5	0.2106
686.625	0.2083
686.75	0.2075
686.875	0.2091
687.0	0.2091
687.125	0.2075
687.25	0.2083
687.375	0.2075
687.5	0.2099
687.625	0.2091
687.75	0.2106
687.875	0.2122
688.0	0.2091
688.125	0.2099
688.25	0.2099
688.375	0.2099
688.5	0.2083
688.625	0.2075
688.75	0.2083
688.875	0.2075
689.0	0.2075
689.125	0.2075
689.25	0.2091
689.375	0.2083
689.5	0.2075
689.625	0.2075
689.75	0.2075
689.875	0.2075
690.0	0.2091
690.125	0.2091
690.25	0.2083
690.375	0.2083
690.5	0.2075
690.625	0.2075
690.75	0.2067
690.875	0.2067
691.0	0.2044
691.125	0.2036
691.25	0.2036
691.375	0.2028
691.5	0.2044
691.625	0.2028
691.75	0.2051
691.875	0.2059
692.0	0.2067
692.125	0.2059
692.25	0.2075
692.375	0.2067
692.5	0.2075
692.625	0.2075
692.75	0.2075
692.875	0.2075
693.0	0.2083
693.125	0.2067
693.25	0.2075
693.375	0.2075
693.5	0.2075
693.625	0.2075
693.75	0.2075
693.875	0.2099
694.0	0.2114
694.125	0.2099
694.25	0.2114
694.375	0.2114
694.5	0.2122
694.625	0.2122
694.75	0.2114
694.875	0.2122
695.0	0.2114
695.125	0.2122
695.25	0.2083
695.375	0.2114
695.5	0.2083
695.625	0.2075
695.75	0.2075
695.875	0.2075
696.0	0.2075
696.125	0.2091
696.25	0.2075
696.375	0.2083
696.5	0.2083
696.625	0.2075
696.75	0.2075
696.875	0.2075
697.0	0.2059
697.125	0.2059
697.25	0.2044
697.375	0.2044
697.5	0.2028
697.625	0.2028
697.75	0.2028
697.875	0.2028
698.0	0.202
698.125	0.2028
698.25	0.2028
698.375	0.2028
698.5	0.2036
698.625	0.2067
698.75	0.2051
698.875	0.2059
699.0	0.2075
699.125	0.2059
699.25	0.2044
699.375	0.2044
699.5	0.2051
699.625	0.2028
699.75	0.2036
699.875	0.2028
700.0	0.2028
700.125	0.2028
700.25	0.2036
700.375	0.2051
700.5	0.2051
700.625	0.2051
700.75	0.2067
700.875	0.2075
701.0	0.2075
701.125	0.2075
701.25	0.2083
701.375	0.2083
701.5	0.2091
701.625	0.2083
701.75	0.2091
701.875	0.2083
702.0	0.2091
702.125	0.2099
702.25	0.2099
702.375	0.2083
702.5	0.2075
702.625	0.2083
702.75	0.2075
702.875	0.2075
703.0	0.2067
703.125	0.2075
703.25	0.2067
703.375	0.2075
703.5	0.2075
703.625	0.2075
703.75	0.2067
703.875	0.2075
704.0	0.2075
704.125	0.2075
704.25	0.2075
704.375	0.2075
704.5	0.2075
704.625	0.2059
704.75	0.2067
704.875	0.2075
705.0	0.2067
705.125	0.2075
705.25	0.2091
705.375	0.2075
705.5	0.2075
705.625	0.2075
705.75	0.2075
705.875	0.2075
706.0	0.2075
706.125	0.2059
706.25	0.2075
706.375	0.2075
706.5	0.2075
706.625	0.2075
706.75	0.2075
706.875	0.2075
707.0	0.2075
707.125	0.2083
707.25	0.2075
707.375	0.2075
707.5	0.2067
707.625	0.2067
707.75	0.2036
707.875	0.2028
708.0	0.2028
708.125	0.2012
708.25	0.202
708.375	0.1988
708.5	0.1996
708.625	0.2028
708.75	0.2028
708.875	0.1981
709.0	0.2012
709.125	0.202
709.25	0.2028
709.375	0.2028
709.5	0.202
709.625	0.2028
709.75	0.2012
709.875	0.2012
710.0	0.1996
710.125	0.1988
710.25	0.1988
710.375	0.1981
710.5	0.1988
710.625	0.1981
710.75	0.1996
710.875	0.202
711.0	0.2004
711.125	0.202
711.25	0.2028
711.375	0.2036
711.5	0.2044
711.625	0.2067
711.75	0.2051
711.875	0.2051
712.0	0.2059
712.125	0.2051
712.25	0.2044
712.375	0.2028
712.5	0.2044
712.625	0.2044
712.75	0.2059
712.875	0.2044
713.0	0.2044
713.125	0.2067
713.25	0.2067
713.375	0.2075
713.5	0.2075
713.625	0.2075
713.75	0.2075
713.875	0.2075
714.0	0.2083
714.125	0.2075
714.25	0.2075
714.375	0.2075
714.5	0.2075
714.625	0.2075
714.75	0.2067
714.875	0.2075
715.0	0.2075
715.125	0.2075
715.25	0.2067
715.375	0.2075
715.5	0.2075
715.625	0.2075
715.75	0.2075
715.875	0.2075
716.0	0.2091
716.125	0.2083
716.25	0.2106
716.375	0.2106
716.5	0.2075
716.625	0.2091
716.75	0.2075
716.875	0.2075
717.0	0.2067
717.125	0.2075
717.25	0.2075
717.375	0.2075
717.5	0.2075
717.625	0.2075
717.75	0.2075
717.875	0.2075
718.0	0.2075
718.125	0.2075
718.25	0.2075
718.375	0.2083
718.5	0.2075
718.625	0.2114
718.75	0.2106
718.875	0.2075
719.0	0.2083
719.125	0.2106
719.25	0.2075
719.375	0.2091
719.5	0.2083
719.625	0.2075
719.75	0.2075
719.875	0.2075
720.0	0.2075
720.125	0.2075
720.25	0.2075
720.375	0.2075
720.5	0.2075
720.625	0.2075
720.75	0.2083
720.875	0.2106
721.0	0.2083
721.125	0.2091
721.25	0.2075
721.375	0.2091
721.5	0.2083
721.625	0.2083
721.75	0.2075
721.875	0.2075
722.0	0.2075
722.125	0.2067
722.25	0.2059
722.375	0.2075
722.5	0.2075
722.625	0.2075
722.75	0.2075
722.875	0.2075
723.0	0.2075
723.125	0.2083
723.25	0.2075
723.375	0.2075
723.5	0.2083
723.625	0.2075
723.75	0.2075
723.875	0.2083
724.0	0.2083
724.125	0.2075
724.25	0.2075
724.375	0.2075
724.5	0.2075
724.625	0.2067
724.75	0.2059
724.875	0.2075
725.0	0.2075
725.125	0.2075
725.25	0.2075
725.375	0.2067
725.5	0.2075
725.625	0.2075
725.75	0.2075
725.875	0.2075
726.0	0.2075
726.125	0.2075
726.25	0.2075
726.375	0.2067
726.5	0.2075
726.625	0.2075
726.75	0.2075
726.875	0.2059
727.0	0.2067
727.125	0.2075
727.25	0.2075
727.375	0.2075
727.5	0.2075
727.625	0.2075
727.75	0.2075
727.875	0.2091
728.0	0.2075
728.125	0.2075
728.25	0.2075
728.375	0.2075
728.5	0.2075
728.625	0.2067
728.75	0.2067
728.875	0.2067
729.0	0.2075
729.125	0.2075
729.25	0.2075
729.375	0.2075
729.5	0.2075
729.625	0.2075
729.75	0.2075
729.875	0.2075
730.0	0.2075
730.125	0.2075
730.25	0.2075
730.375	0.2075
730.5	0.2091
730.625	0.2075
730.75	0.2075
730.875	0.2075
731.0	0.2075
731.125	0.2059
731.25	0.2067
731.375	0.2067
731.5	0.2075
731.625	0.2075
731.75	0.2075
731.875	0.2051
732.0	0.2067
732.125	0.2075
732.25	0.2075
732.375	0.2051
732.5	0.2044
732.625	0.2028
732.75	0.2059
732.875	0.2028
733.0	0.2059
733.125	0.2044
733.25	0.2044
733.375	0.2028
733.5	0.2051
733.625	0.2059
733.75	0.2044
733.875	0.2051
734.0	0.2067
734.125	0.2067
734.25	0.2075
734.375	0.2075
734.5	0.2075
734.625	0.2051
734.75	0.2059
734.875	0.2075
735.0	0.2036
735.125	0.2044
735.25	0.2051
735.375	0.2036
735.5	0.2067
735.625	0.2059
735.75	0.2067
735.875	0.2075
736.0	0.2075
736.125	0.2075
736.25	0.2075
736.375	0.2075
736.5	0.2075
736.625	0.2083
736.75	0.2075
736.875	0.2067
737.0	0.2075
737.125	0.2075
737.25	0.2075
737.375	0.2067
737.5	0.2067
737.625	0.2075
737.75	0.2067
737.875	0.2059
738.0	0.2067
738.125	0.2075
738.25	0.2067
738.375	0.2075
738.5	0.2075
738.625	0.2067
738.75	0.2075
738.875	0.2075
739.0	0.2075
739.125	0.2075
739.25	0.2059
739.375	0.2075
739.5	0.2075
739.625	0.2075
739.75	0.2067
739.875	0.2028
740.0	0.2075
740.125	0.2059
740.25	0.2067
740.375	0.2067
740.5	0.2067
740.625	0.2067
740.75	0.2059
740.875	0.2059
741.0	0.2059
741.125	0.2028
741.25	0.2051
741.375	0.2028
741.5	0.2028
741.625	0.2028
741.75	0.2028
741.875	0.2044
742.0	0.2036
742.125	0.2028
742.25	0.2044
742.375	0.2028
742.5	0.2036
742.625	0.2028
742.75	0.2051
742.875	0.2059
743.0	0.2044
743.125	0.2051
743.25	0.2036
743.375	0.2028
743.5	0.2028
743.625	0.2036
743.75	0.2028
743.875	0.2028
744.0	0.2051
744.125	0.2059
744.25	0.2059
744.375	0.2051
744.5	0.2075
744.625	0.2083
744.75	0.2106
744.875	0.2091
745.0	0.2106
745.125	0.2083
745.25	0.2083
745.375	0.2075
745.5	0.2075
745.625	0.2075
745.75	0.2075
745.875	0.2075
746.0	0.2059
746.125	0.2075
746.25	0.2075
746.375	0.2075
746.5	0.2075
746.625	0.2075
746.75	0.2075
746.875	0.2083
747.0	0.2106
747.125	0.2075
747.25	0.2083
747.375	0.2075
747.5	0.2075
747.625	0.2059
747.75	0.2059
747.875	0.2051
748.0	0.2044
748.125	0.2044
748.25	0.2028
748.375	0.2028
748.5	0.2028
748.625	0.2044
748.75	0.2044
748.875	0.2051
749.0	0.2067
749.125	0.2051
749.25	0.2044
749.375	0.2044
749.5	0.2051
749.625	0.2044
749.75	0.2044
749.875	0.2051
750.0	0.2059
750.125	0.2067
750.25	0.2067
750.375	0.2075
750.5	0.2059
750.625	0.2075
750.75	0.2067
750.875	0.2075
751.0	0.2067
751.125	0.2075
751.25	0.2059
751.375	0.2059
751.5	0.2036
751.625	0.2044
751.75	0.2051
751.875	0.2044
752.0	0.2051
752.125	0.2028
752.25	0.2028
752.375	0.2036
752.5	0.2051
752.625	0.2059
752.75	0.2075
752.875	0.2059
753.0	0.2059
753.125	0.2051
753.25	0.2059
753.375	0.2059
753.5	0.2036
753.625	0.2051
753.75	0.2075
753.875	0.2075
754.0	0.2075
754.125	0.2099
754.25	0.2075
754.375	0.2091
754.5	0.2114
754.625	0.2106
754.75	0.2122
754.875	0.2114
755.0	0.2122
755.125	0.2122
755.25	0.2122
755.375	0.2083
755.5	0.2075
755.625	0.2075
755.75	0.2075
755.875	0.2059
756.0	0.2044
756.125	0.2028
756.25	0.2028
756.375	0.2028
756.5	0.2036
756.625	0.2028
756.75	0.2028
756.875	0.2028
757.0	0.2028
757.125	0.2028
757.25	0.2028
757.375	0.2036
757.5	0.2028
757.625	0.2028
757.75	0.2028
757.875	0.202
758.0	0.2012
758.125	0.2028
758.25	0.2028
758.375	0.2028
758.5	0.2028
758.625	0.2036
758.75	0.2036
758.875	0.2036
759.0	0.2028
759.125	0.2036
759.25	0.2028
759.375	0.2028
759.5	0.2012
759.625	0.2028
759.75	0.2028
759.875	0.2012
760.0	0.2028
760.125	0.2028
760.25	0.2036
760.375	0.2028
760.5	0.2028
760.625	0.2044
760.75	0.2028
760.875	0.2028
761.0	0.2028
761.125	0.202
761.25	0.202
761.375	0.2028
761.5	0.2012
761.625	0.2012
761.75	0.202
761.875	0.2012
762.0	0.1996
762.125	0.2028
762.25	0.2028
762.375	0.2028
762.5	0.2028
762.625	0.2012
762.75	0.2012
762.875	0.202
763.0	0.202
763.125	0.2012
763.25	0.2028
763.375	0.2012
763.5	0.2004
763.625	0.2012
763.75	0.202
763.875	0.202
764.0	0.2004
764.125	0.2004
764.25	0.202
764.375	0.202
764.5	0.2028
764.625	0.2028
764.75	0.2012
764.875	0.2028
765.0	0.2028
765.125	0.2028
765.25	0.2028
765.375	0.2028
765.5	0.2028
765.625	0.2028
765.75	0.1996
765.875	0.2028
766.0	0.2028
766.125	0.2028
766.25	0.2028
766.375	0.2028
766.5	0.2036
766.625	0.2028
766.75	0.2075
766.875	0.2059
767.0	0.2067
767.125	0.2075
767.25	0.2059
767.375	0.2075
767.5	0.2075
767.625	0.2067
767.75	0.2075
767.875	0.2091
768.0	0.2091
768.125	0.2091
768.25	0.2099
768.375	0.2099
768.5	0.2122
768.625	0.2106
768.75	0.2075
768.875	0.2099
769.0	0.2106
769.125	0.2083
769.25	0.2091
769.375	0.2083
769.5	0.2075
769.625	0.2075
769.75	0.2099
769.875	0.2091
770.0	0.2091
770.125	0.2114
770.25	0.2122
770.375	0.2122
770.5	0.2114
770.625	0.2122
770.75	0.2083
770.875	0.2099
771.0	0.2099
771.125	0.2083
771.25	0.2091
771.375	0.2075
771.5	0.2075
771.625	0.2075
771.75	0.2075
771.875	0.2075
772.0	0.2075
772.125	0.2075
772.25	0.2075
772.375	0.2075
772.5	0.2091
772.625	0.2075
772.75	0.2075
772.875	0.2075
773.0	0.2075
773.125	0.2083
773.25	0.2075
773.375	0.2067
773.5	0.2067
773.625	0.2075
773.75	0.2059
773.875	0.2044
774.0	0.2044
774.125	0.2075
774.25	0.2051
774.375	0.2036
774.5	0.2067
774.625	0.2059
774.75	0.2051
774.875	0.2059
775.0	0.2036
775.125	0.2051
775.25	0.2036
775.375	0.2036
775.5	0.2028
775.625	0.2044
775.75	0.2036
775.875	0.2044
776.0	0.2028
776.125	0.2051
776.25	0.2051
776.375	0.2028
776.5	0.2028
776.625	0.2028
776.75	0.2028
776.875	0.2028
777.0	0.2028
777.125	0.2028
777.25	0.2044
777.375	0.2028
777.5	0.2028
777.625	0.2028
777.75	0.2028
777.875	0.2028
778.0	0.2036
778.125	0.2051
778.25	0.2044
778.375	0.2044
778.5	0.2036
778.625	0.2028
778.75	0.2028
778.875	0.2028
779.0	0.2028
779.125	0.202
779.25	0.2028
779.375	0.2028
779.5	0.2028
779.625	0.202
779.75	0.2028
779.875	0.2028
780.0	0.2028
780.125	0.2028
780.25	0.2028
780.375	0.2028
780.5	0.2036
780.625	0.2028
780.75	0.2028
780.875	0.2028
781.0	0.2012
781.125	0.202
781.25	0.1996
781.375	0.2028
781.5	0.202
781.625	0.202
781.75	0.2028
781.875	0.2028
782.0	0.2028
782.125	0.2012
782.25	0.2012
782.375	0.2028
782.5	0.2028
782.625	0.202
782.75	0.2028
782.875	0.2004
783.0	0.2012
783.125	0.2012
783.25	0.1996
783.375	0.1988
783.5	0.1996
783.625	0.2004
783.75	0.1981
783.875	0.1996
784.0	0.1988
784.125	0.1996
784.25	0.2012
784.375	0.202
784.5	0.2004
784.625	0.2004
784.75	0.202
784.875	0.202
785.0	0.202
785.125	0.2012
785.25	0.1996
785.375	0.2012
785.5	0.1996
785.625	0.2012
785.75	0.2004
785.875	0.1996
786.0	0.1996
786.125	0.2012
786.25	0.1988
786.375	0.2028
786.5	0.2028
786.625	0.2028
786.75	0.2004
786.875	0.202
787.0	0.2028
787.125	0.2012
787.25	0.2028
787.375	0.202
787.5	0.1996
787.625	0.2028
787.75	0.1996
787.875	0.2028
788.0	0.202
788.125	0.2028
788.25	0.2028
788.375	0.2028
788.5	0.2028
788.625	0.2051
788.75	0.2051
788.875	0.2028
789.0	0.2044
789.125	0.2036
789.25	0.2036
789.375	0.2036
789.5	0.2044
789.625	0.2044
789.75	0.2036
789.875	0.2028
790.0	0.2059
790.125	0.2051
790.25	0.2051
790.375	0.2067
790.5	0.2075
790.625	0.2075
790.75	0.2075
790.875	0.2059
791.0	0.2075
791.125	0.2044
791.25	0.2067
791.375	0.2044
791.5	0.2051
791.625	0.2059
791.75	0.2044
791.875	0.2051
792.0	0.2036
792.125	0.2075
792.25	0.2067
792.375	0.2075
792.5	0.2075
792.625	0.2075
792.75	0.2075
792.875	0.2075
793.0	0.2075
793.125	0.2051
793.25	0.2067
793.375	0.2067
793.5	0.2059
793.625	0.2028
793.75	0.2044
793.875	0.2067
794.0	0.2044
794.125	0.2067
794.25	0.2028
794.375	0.2051
794.5	0.2051
794.625	0.2044
794.75	0.2059
794.875	0.2059
795.0	0.2067
795.125	0.2067
795.25	0.2067
795.375	0.2044
795.5	0.2028
795.625	0.2036
795.75	0.2036
795.875	0.2028
796.0	0.2036
796.125	0.2036
796.25	0.2067
796.375	0.2051
796.5	0.2075
796.625	0.2099
796.75	0.2099
796.875	0.2114
797.0	0.2122
797.125	0.2106
797.25	0.2122
797.375	0.2099
797.5	0.2106
797.625	0.2099
797.75	0.2106
797.875	0.2075
798.0	0.2075
798.125	0.2122
798.25	0.2099
798.375	0.2099
798.5	0.2106
798.625	0.2099
798.75	0.2083
798.875	0.2114
799.0	0.2099
799.125	0.2122
799.25	0.2106
799.375	0.2091
799.5	0.2122
799.625	0.2122
799.75	0.2122
799.875	0.2106
800.0	0.2122
800.125	0.2099
800.25	0.2106
800.375	0.2099
800.5	0.2106
800.625	0.2106
800.75	0.2122
800.875	0.2122
801.0	0.2114
801.125	0.2114
801.25	0.2122
801.375	0.2122
801.5	0.2122
801.625	0.2122
801.75	0.2114
801.875	0.2114
802.0	0.2122
802.125	0.2114
802.25	0.2122
802.375	0.2099
802.5	0.213
802.625	0.2122
802.75	0.2122
802.875	0.2122
803.0	0.2138
803.125	0.213
803.25	0.2122
803.375	0.2122
803.5	0.2122
803.625	0.2138
803.75	0.213
803.875	0.2122
804.0	0.2122
804.125	0.2122
804.25	0.2122
804.375	0.2122
804.5	0.2122
804.625	0.2114
804.75	0.2122
804.875	0.2114
805.0	0.2122
805.125	0.2122
805.25	0.2122
805.375	0.2138
805.5	0.213
805.625	0.2122
805.75	0.213
805.875	0.2122
806.0	0.2122
806.125	0.213
806.25	0.2122
806.375	0.213
806.5	0.2122
806.625	0.2122
806.75	0.2122
806.875	0.2122
807.0	0.2122
807.125	0.2122
807.25	0.213
807.375	0.213
807.5	0.213
807.625	0.2122
807.75	0.213
807.875	0.213
808.0	0.2122
808.125	0.2122
808.25	0.2122
808.375	0.2106
808.5	0.2106
808.625	0.2091
808.75	0.2075
808.875	0.2083
809.0	0.2075
809.125	0.2075
809.25	0.2067
809.375	0.2067
809.5	0.2075
809.625	0.2067
809.75	0.2059
809.875	0.2051
810.0	0.2028
810.125	0.2028
810.25	0.2028
810.375	0.2028
810.5	0.2044
810.625	0.2028
810.75	0.2028
810.875	0.2044
811.0	0.2028
811.125	0.2036
811.25	0.2044
811.375	0.2028
811.5	0.2028
811.625	0.2044
811.75	0.2036
811.875	0.2036
812.0	0.2028
812.125	0.2036
812.25	0.2028
812.375	0.2028
812.5	0.2028
812.625	0.1996
812.75	0.1996
812.875	0.202
813.0	0.1996
813.125	0.2012
813.25	0.2004
813.375	0.2028
813.5	0.2012
813.625	0.2012
813.75	0.202
813.875	0.202
814.0	0.2012
814.125	0.1996
814.25	0.1996
814.375	0.1988
814.5	0.1988
814.625	0.1996
814.75	0.2004
814.875	0.1981
815.0	0.2004
815.125	0.2028
815.25	0.2028
815.375	0.2028
815.5	0.2028
815.625	0.2028
815.75	0.2028
815.875	0.2028
816.0	0.202
816.125	0.2028
816.25	0.2028
816.375	0.2028
816.5	0.202
816.625	0.2028
816.75	0.2028
816.875	0.2028
817.0	0.2028
817.125	0.2028
817.25	0.2028
817.375	0.2036
817.5	0.2028
817.625	0.2044
817.75	0.2036
817.875	0.2036
818.0	0.2036
818.125	0.2028
818.25	0.2036
818.375	0.2028
818.5	0.2028
818.625	0.2036
818.75	0.2044
818.875	0.2059
819.0	0.2051
819.125	0.2059
819.25	0.2067
819.375	0.2067
819.5	0.2051
819.625	0.2067
819.75	0.2067
819.875	0.2059
820.0	0.2059
820.125	0.2044
820.25	0.2028
820.375	0.2028
820.5	0.2028
820.625	0.2036
820.75	0.2036
820.875	0.2028
821.0	0.2059
821.125	0.2075
821.25	0.2051
821.375	0.2067
821.5	0.2067
821.625	0.2067
821.75	0.2051
821.875	0.2051
822.0	0.2059
822.125	0.2059
822.25	0.2067
822.375	0.2059
822.5	0.2044
822.625	0.2036
822.75	0.2028
822.875	0.2036
823.0	0.2059
823.125	0.2075
823.25	0.2067
823.375	0.2075
823.5	0.2075
823.625	0.2067
823.75	0.2036
823.875	0.2036
824.0	0.2044
824.125	0.2028
824.25	0.2028
824.375	0.2028
824.5	0.202
824.625	0.2012
824.75	0.2028
824.875	0.2028
825.0	0.2028
825.125	0.2028
825.25	0.2028
825.375	0.2036
825.5	0.2036
825.625	0.2036
825.75	0.2036
825.875	0.2028
826.0	0.2028
826.125	0.2028
826.25	0.2028
826.375	0.2028
826.5	0.202
826.625	0.2028
826.75	0.2028
826.875	0.2028
827.0	0.2028
827.125	0.2044
827.25	0.2051
827.375	0.2044
827.5	0.2067
827.625	0.2051
827.75	0.2044
827.875	0.2044
828.0	0.2028
828.125	0.2028
828.25	0.2028
828.375	0.2028
828.5	0.2028
828.625	0.2028
828.75	0.2028
828.875	0.2028
829.0	0.2028
829.125	0.2028
829.25	0.2028
829.375	0.2044
829.5	0.2028
829.625	0.2028
829.75	0.2036
829.875	0.2028
830.0	0.2028
830.125	0.202
830.25	0.2012
830.375	0.1996
830.5	0.1981
830.625	0.1996
830.75	0.1996
830.875	0.2004
831.0	0.2012
831.125	0.2012
831.25	0.2004
831.375	0.1988
831.5	0.1981
831.625	0.2028
831.75	0.2028
831.875	0.1981
832.0	0.1996
832.125	0.2012
832.25	0.2012
832.375	0.2004
832.5	0.1981
832.625	0.2012
832.75	0.1996
832.875	0.1988
833.0	0.1988
833.125	0.2012
833.25	0.2004
833.375	0.2004
833.5	0.202
833.625	0.202
833.75	0.2004
833.875	0.1981
834.0	0.1988
834.125	0.1981
834.25	0.1988
834.375	0.1996
834.5	0.1988
834.625	0.1981
834.75	0.1981
834.875	0.1996
835.0	0.1996
835.125	0.1988
835.25	0.2004
835.375	0.1988
835.5	0.1981
835.625	0.1981
835.75	0.1996
835.875	0.1981
836.0	0.1981
836.125	0.2004
836.25	0.1988
836.375	0.1981
836.5	0.1981
836.625	0.1981
836.75	0.2004
836.875	0.1988
837.0	0.2012
837.125	0.2012
837.25	0.1996
837.375	0.2012
837.5	0.2012
837.625	0.202
837.75	0.2004
837.875	0.1996
838.0	0.1988
838.125	0.1988
838.25	0.2012
838.375	0.2004
838.5	0.202
838.625	0.2012
838.75	0.2028
838.875	0.2028
839.0	0.2036
839.125	0.2044
839.25	0.2036
839.375	0.2051
839.5	0.2044
839.625	0.2036
839.75	0.2067
839.875	0.2059
840.0	0.2051
840.125	0.2051
840.25	0.2036
840.375	0.2028
840.5	0.2028
840.625	0.2028
840.75	0.2028
840.875	0.2028
841.0	0.202
841.125	0.2028
841.25	0.2028
841.375	0.2028
841.5	0.2028
841.625	0.2036
841.75	0.2044
841.875	0.2028
842.0	0.2044
842.125	0.2028
842.25	0.2028
842.375	0.2028
842.5	0.2036
842.625	0.2028
842.75	0.2028
842.875	0.2028
843.0	0.2028
843.125	0.2028
843.25	0.2028
843.375	0.2028
843.5	0.2036
843.625	0.2044
843.75	0.2059
843.875	0.2059
844.0	0.2051
844.125	0.2067
844.25	0.2044
844.375	0.2059
844.5	0.2059
844.625	0.2044
844.75	0.2051
844.875	0.2051
845.0	0.2051
845.125	0.2028
845.25	0.2051
845.375	0.2044
845.5	0.2067
845.625	0.2075
845.75	0.2075
845.875	0.2059
846.0	0.2059
846.125	0.2067
846.25	0.2075
846.375	0.2059
846.5	0.2028
846.625	0.2036
846.75	0.2044
846.875	0.2036
847.0	0.2051
847.125	0.2036
847.25	0.2059
847.375	0.2067
847.5	0.2075
847.625	0.2051
847.75	0.2067
847.875	0.2051
848.0	0.2059
848.125	0.2075
848.25	0.2075
848.375	0.2075
848.5	0.2075
848.625	0.2051
848.75	0.2059
848.875	0.2067
849.0	0.2051
849.125	0.2044
849.25	0.2051
849.375	0.2051
849.5	0.2075
849.625	0.2059
849.75	0.2075
849.875	0.2075
850.0	0.2075
850.125	0.2059
850.25	0.2059
850.375	0.2075
850.5	0.2075
850.625	0.2059
850.75	0.2067
850.875	0.2059
851.0	0.2059
851.125	0.2059
851.25	0.2075
851.375	0.2051
851.5	0.2075
851.625	0.2075
851.75	0.2067
851.875	0.2075
852.0	0.2075
852.125	0.2075
852.25	0.2075
852.375	0.2075
852.5	0.2067
852.625	0.2051
852.75	0.2051
852.875	0.2059
853.0	0.2036
853.125	0.2051
853.25	0.2051
853.375	0.2067
853.5	0.2051
853.625	0.2044
853.75	0.2044
853.875	0.2044
854.0	0.2051
854.125	0.2036
854.25	0.2051
854.375	0.2051
854.5	0.2028
854.625	0.2051
854.75	0.2028
854.875	0.2036
855.0	0.2044
855.125	0.2028
855.25	0.2036
855.375	0.2044
855.5	0.2036
855.625	0.2059
855.75	0.2051
855.875	0.2028
856.0	0.2044
856.125	0.2044
856.25	0.2044
856.375	0.2044
856.5	0.2036
856.625	0.2028
856.75	0.2028
856.875	0.2028
857.0	0.2028
857.125	0.2028
857.25	0.2028
857.375	0.202
857.5	0.2028
857.625	0.2028
857.75	0.2028
857.875	0.2028
858.0	0.2036
858.125	0.2028
858.25	0.2028
858.375	0.2028
858.5	0.2028
858.625	0.2028
858.75	0.2028
858.875	0.2028
859.0	0.2012
859.125	0.2028
859.25	0.2028
859.375	0.2028
859.5	0.2028
859.625	0.2028
859.75	0.2028
859.875	0.2044
860.0	0.2044
860.125	0.2028
860.25	0.2028
860.375	0.2028
860.5	0.2028
860.625	0.202
860.75	0.2028
860.875	0.2028
861.0	0.2028
861.125	0.2012
861.25	0.2004
861.375	0.1996
861.5	0.2028
861.625	0.2028
861.75	0.2004
861.875	0.2028
862.0	0.2028
862.125	0.202
862.25	0.2028
862.375	0.2028
862.5	0.202
862.625	0.2028
862.75	0.2028
862.875	0.2012
863.0	0.2004
863.125	0.1996
863.25	0.2012
863.375	0.2012
863.5	0.2028
863.625	0.2028
863.75	0.2004
863.875	0.202
864.0	0.202
864.125	0.2028
864.25	0.2028
864.375	0.2028
864.5	0.2028
864.625	0.2028
864.75	0.2028
864.875	0.202
865.0	0.202
865.125	0.2012
865.25	0.202
865.375	0.202
865.5	0.1981
865.625	0.202
865.75	0.2012
865.875	0.2012
866.0	0.2028
866.125	0.2012
866.25	0.2028
866.375	0.2028
866.5	0.2028
866.625	0.2028
866.75	0.202
866.875	0.1988
867.0	0.2012
867.125	0.1996
867.25	0.2004
867.375	0.1988
867.5	0.1988
867.625	0.1996
867.75	0.1988
867.875	0.2012
868.0	0.2012
868.125	0.2012
868.25	0.2028
868.375	0.2004
868.5	0.2004
868.625	0.2028
868.75	0.2028
868.875	0.2028
869.0	0.2028
869.125	0.1988
869.25	0.1988
869.375	0.202
869.5	0.1996
869.625	0.1996
869.75	0.2004
869.875	0.202
870.0	0.2004
870.125	0.202
870.25	0.2012
870.375	0.202
870.5	0.2012
870.625	0.2028
870.75	0.2004
870.875	0.202
871.0	0.2028
871.125	0.2004
871.25	0.2004
871.375	0.2012
871.5	0.1996
871.625	0.1996
871.75	0.1996
871.875	0.1996
872.0	0.1996
872.125	0.1996
872.25	0.2004
872.375	0.2012
872.5	0.1996
872.625	0.1988
872.75	0.202
872.875	0.2012
873.0	0.2028
873.125	0.202
873.25	0.2012
873.375	0.2028
873.5	0.2028
873.625	0.1981
873.75	0.2012
873.875	0.1988
874.0	0.2004
874.125	0.1996
874.25	0.1988
874.375	0.2028
874.5	0.2004
874.625	0.2012
874.75	0.2028
874.875	0.202
875.0	0.2028
875.125	0.2028
875.25	0.2028
875.375	0.2028
875.5	0.202
875.625	0.2004
875.75	0.2004
875.875	0.1996
876.0	0.2012
876.125	0.1988
876.25	0.2012
876.375	0.2012
876.5	0.202
876.625	0.2028
876.75	0.202
876.875	0.2028
877.0	0.202
877.125	0.2028
877.25	0.2028
877.375	0.2028
877.5	0.2028
877.625	0.2044
877.75	0.2028
877.875	0.2036
878.0	0.2028
878.125	0.2028
878.25	0.2028
878.375	0.2028
878.5	0.2028
878.625	0.2028
878.75	0.2028
878.875	0.2028
879.0	0.2028
879.125	0.2028
879.25	0.2028
879.375	0.2028
879.5	0.2028
879.625	0.2028
879.75	0.2028
879.875	0.2051
880.0	0.2028
880.125	0.2028
880.25	0.2028
880.375	0.2028
880.5	0.2028
880.625	0.202
880.75	0.2028
880.875	0.2004
881.0	0.2028
881.125	0.2028
881.25	0.2036
881.375	0.2036
881.5	0.2028
881.625	0.2036
881.75	0.2036
881.875	0.2028
882.0	0.2028
882.125	0.2036
882.25	0.2028
882.375	0.2028
882.5	0.202
882.625	0.202
882.75	0.202
882.875	0.2012
883.0	0.2028
883.125	0.2004
883.25	0.2028
883.375	0.2028
883.5	0.2028
883.625	0.2028
883.75	0.2028
883.875	0.2028
884.0	0.2028
884.125	0.2004
884.25	0.2028
884.375	0.2028
884.5	0.202
884.625	0.1996
884.75	0.2012
884.875	0.2004
885.0	0.2012
885.125	0.202
885.25	0.2004
885.375	0.2028
885.5	0.2028
885.625	0.2028
885.75	0.2028
885.875	0.2028
886.0	0.2028
886.125	0.2028
886.25	0.2028
886.375	0.2028
886.5	0.2028
886.625	0.202
886.75	0.2012
886.875	0.2028
887.0	0.2004
887.125	0.2012
887.25	0.2028
887.375	0.1996
887.5	0.2028
887.625	0.2028
887.75	0.2028
887.875	0.2028
888.0	0.2028
888.125	0.2028
888.25	0.2028
888.375	0.2028
888.5	0.2028
888.625	0.2036
888.75	0.2028
888.875	0.2028
889.0	0.2004
889.125	0.2028
889.25	0.2028
889.375	0.2028
889.5	0.2028
889.625	0.2028
889.75	0.2044
889.875	0.2051
890.0	0.2028
890.125	0.2036
890.25	0.2036
890.375	0.2067
890.5	0.2044
890.625	0.2044
890.75	0.2051
890.875	0.2075
891.0	0.2051
891.125	0.2059
891.25	0.2059
891.375	0.2059
891.5	0.2067
891.625	0.2051
891.75	0.2075
891.875	0.2067
892.0	0.2067
892.125	0.2067
892.25	0.2075
892.375	0.2067
892.5	0.2075
892.625	0.2067
892.75	0.2075
892.875	0.2044
893.0	0.2036
893.125	0.2036
893.25	0.2067
893.375	0.2051
893.5	0.2044
893.625	0.2075
893.75	0.2075
893.875	0.2075
894.0	0.2067
894.125	0.2059
894.25	0.2075
894.375	0.2075
894.5	0.2059
894.625	0.2075
894.75	0.2075
894.875	0.2036
895.0	0.2051
895.125	0.2044
895.25	0.2028
895.375	0.2028
895.5	0.2067
895.625	0.2036
895.75	0.2067
895.875	0.2075
896.0	0.2075
896.125	0.2075
896.25	0.2067
896.375	0.2075
896.5	0.2075
896.625	0.2067
896.75	0.2067
896.875	0.2067
897.0	0.2075
897.125	0.2075
897.25	0.2051
897.375	0.2075
897.5	0.2067
897.625	0.2067
897.75	0.2075
897.875	0.2083
898.0	0.2075
898.125	0.2075
898.25	0.2075
898.375	0.2075
898.5	0.2075
898.625	0.2075
898.75	0.2067
898.875	0.2083
899.0	0.2075
899.125	0.2075
899.25	0.2075
899.375	0.2075
899.5	0.2075
899.625	0.2083
899.75	0.2075
899.875	0.2075
