300.0	0.6792
300.125	0.6792
300.25	0.6792
300.375	0.6792
300.5	0.6792
300.625	0.6792
300.75	0.6792
300.875	0.6792
301.0	0.6792
301.125	0.6808
301.25	0.6792
301.375	0.6784
301.5	0.6792
301.625	0.6792
301.75	0.6792
301.875	0.6792
302.0	0.6792
302.125	0.6792
302.25	0.6792
302.375	0.6792
302.5	0.6792
302.625	0.6792
302.75	0.6792
302.875	0.6792
303.0	0.6792
303.125	0.6792
303.25	0.6792
303.375	0.6784
303.5	0.6792
303.625	0.6792
303.75	0.6792
303.875	0.6792
304.0	0.6792
304.125	0.6792
304.25	0.6792
304.375	0.6792
304.5	0.6808
304.625	0.6792
304.75	0.6792
304.875	0.6792
305.0	0.6792
305.125	0.6792
305.25	0.6792
305.375	0.6792
305.5	0.6792
305.625	0.6792
305.75	0.6792
305.875	0.6792
306.0	0.6792
306.125	0.6792
306.25	0.6823
306.375	0.6808
306.5	0.68
306.625	0.6831
306.75	0.6823
306.875	0.6792
307.0	0.68
307.125	0.6823
307.25	0.6808
307.375	0.6816
307.5	0.6839
307.625	0.6831
307.75	0.6831
307.875	0.68
308.0	0.6823
308.125	0.6831
308.25	0.6839
308.375	0.6831
308.5	0.6839
308.625	0.6847
308.75	0.6839
308.875	0.6839
309.0	0.6839
309.125	0.6831
309.25	0.6839
309.375	0.6839
309.5	0.6855
309.625	0.6847
309.75	0.6839
309.875	0.6886
310.0	0.6878
310.125	0.6863
310.25	0.6886
310.375	0.6871
310.5	0.6886
310.625	0.6886
310.75	0.6886
310.875	0.6886
311.0	0.6886
311.125	0.6886
311.25	0.6886
311.375	0.6886
311.5	0.6902
311.625	0.6886
311.75	0.6871
311.875	0.6902
312.0	0.6894
312.125	0.6894
312.25	0.6886
312.375	0.6886
312.5	0.6886
312.625	0.6902
312.75	0.6894
312.875	0.6886
313.0	0.6902
313.125	0.6933
313.25	0.6886
313.375	0.6886
313.5	0.6902
313.625	0.6886
313.75	0.6886
313.875	0.6894
314.0	0.6894
314.125	0.6926
314.25	0.6902
314.375	0.6933
314.5	0.6933
314.625	0.6933
314.75	0.6941
314.875	0.6933
315.0	0.6933
315.125	0.6933
315.25	0.6918
315.375	0.6933
315.5	0.6933
315.625	0.6933
315.75	0.6933
315.875	0.6965
316.0	0.6933
316.125	0.6933
316.25	0.691
316.375	0.6886
316.5	0.6933
316.625	0.6918
316.75	0.6894
316.875	0.691
317.0	0.691
317.125	0.6894
317.25	0.6894
317.375	0.6933
317.5	0.6918
317.625	0.6902
317.75	0.6886
317.875	0.6918
318.0	0.6918
318.125	0.6933
318.25	0.6926
318.375	0.6926
318.5	0.691
318.625	0.6941
318.75	0.6918
318.875	0.6933
319.0	0.6949
319.125	0.6933
319.25	0.6933
319.375	0.6933
319.5	0.6973
319.625	0.6981
319.75	0.6933
319.875	0.6973
320.0	0.6981
320.125	0.6949
320.25	0.6973
320.375	0.6957
320.5	0.6941
320.625	0.6941
320.75	0.6933
320.875	0.6949
321.0	0.6926
321.125	0.6894
321.25	0.6933
321.375	0.6933
321.5	0.6894
321.625	0.6886
321.75	0.6918
321.875	0.691
322.0	0.6933
322.125	0.6933
322.25	0.6941
322.375	0.6957
322.5	0.6996
322.625	0.7028
322.75	0.7012
322.875	0.7028
323.0	0.7044
323.125	0.7059
323.25	0.7059
323.375	0.7075
323.5	0.7067
323.625	0.7075
323.75	0.7075
323.875	0.7075
324.0	0.7059
324.125	0.7044
324.25	0.7067
324.375	0.7036
324.5	0.7028
324.625	0.702
324.75	0.6996
324.875	0.6996
325.0	0.6981
325.125	0.6965
325.25	0.6957
325.375	0.6973
325.5	0.6941
325.625	0.6933
325.75	0.6886
325.875	0.6886
326.0	0.6871
326.125	0.6878
326.25	0.6878
326.375	0.6839
326.5	0.6831
326.625	0.6792
326.75	0.6792
326.875	0.6792
327.0	0.6792
327.125	0.6792
327.25	0.6792
327.375	0.6792
327.5	0.6816
327.625	0.6792
327.75	0.68
327.875	0.6823
328.0	0.6816
328.125	0.6792
328.25	0.6792
328.375	0.6823
328.5	0.6839
328.625	0.6839
328.75	0.6823
328.875	0.6855
329.0	0.6886
329.125	0.6933
329.25	0.6941
329.375	0.7012
329.5	0.7067
329.625	0.7083
329.75	0.7114
329.875	0.7146
330.0	0.7169
330.125	0.7209
330.25	0.7185
330.375	0.7193
330.5	0.7201
330.625	0.7209
330.75	0.7169
330.875	0.7169
331.0	0.7122
331.125	0.7051
331.25	0.6981
331.375	0.6949
331.5	0.6902
331.625	0.6855
331.75	0.6839
331.875	0.6839
332.0	0.6808
332.125	0.6839
332.25	0.6808
332.375	0.6816
332.5	0.6823
332.625	0.68
332.75	0.6808
332.875	0.6823
333.0	0.6839
333.125	0.6831
333.25	0.6839
333.375	0.6839
333.5	0.6839
333.625	0.6831
333.75	0.6839
333.875	0.6855
334.0	0.6886
334.125	0.6847
334.25	0.6847
334.375	0.6847
334.5	0.6847
334.625	0.6871
334.75	0.6886
334.875	0.6886
335.0	0.6878
335.125	0.6878
335.25	0.6847
335.375	0.6855
335.5	0.6855
335.625	0.6855
335.75	0.6855
335.875	0.6886
336.0	0.6886
336.125	0.6847
336.25	0.6886
336.375	0.6886
336.5	0.6886
336.625	0.6902
336.75	0.6902
336.875	0.6933
337.0	0.6933
337.125	0.6933
337.25	0.6965
337.375	0.6981
337.5	0.6981
337.625	0.6981
337.75	0.6973
337.875	0.6981
338.0	0.6973
338.125	0.6957
338.25	0.6965
338.375	0.6933
338.5	0.6933
338.625	0.6918
338.75	0.6886
338.875	0.6878
339.0	0.6886
339.125	0.6863
339.25	0.6886
339.375	0.6878
339.5	0.6847
339.625	0.6847
339.75	0.6847
339.875	0.6863
340.0	0.6855
340.125	0.6855
340.25	0.6878
340.375	0.6871
340.5	0.6886
340.625	0.6886
340.75	0.6886
340.875	0.6886
341.0	0.6886
341.125	0.6878
341.25	0.6886
341.375	0.6886
341.5	0.6886
341.625	0.6886
341.75	0.6886
341.875	0.6894
342.0	0.6886
342.125	0.6886
342.25	0.6886
342.375	0.6871
342.5	0.6878
342.625	0.6886
342.75	0.6894
342.875	0.6886
343.0	0.6871
343.125	0.6871
343.25	0.6878
343.375	0.6871
343.5	0.6855
343.625	0.6878
343.75	0.6878
343.875	0.6871
344.0	0.6886
344.125	0.6886
344.25	0.6886
344.375	0.6871
344.5	0.6871
344.625	0.6886
344.75	0.6886
344.875	0.6886
345.0	0.6886
345.125	0.6886
345.25	0.6894
345.375	0.6871
345.5	0.6886
345.625	0.6886
345.75	0.6894
345.875	0.6894
346.0	0.6894
346.125	0.6894
346.25	0.6886
346.375	0.6886
346.5	0.6918
346.625	0.6886
346.75	0.6886
346.875	0.6886
347.0	0.6886
347.125	0.6886
347.25	0.6886
347.375	0.6886
347.5	0.6886
347.625	0.6878
347.75	0.6863
347.875	0.6871
348.0	0.6855
348.125	0.6839
348.25	0.6839
348.375	0.6839
348.5	0.6839
348.625	0.6863
348.75	0.6839
348.875	0.6839
349.0	0.6847
349.125	0.6839
349.25	0.6839
349.375	0.6831
349.5	0.6816
349.625	0.6831
349.75	0.6839
349.875	0.6831
350.0	0.6839
350.125	0.6808
350.25	0.6831
350.375	0.6808
350.5	0.6823
350.625	0.6831
350.75	0.6839
350.875	0.6831
351.0	0.6831
351.125	0.6839
351.25	0.6823
351.375	0.6792
351.5	0.6808
351.625	0.6823
351.75	0.6823
351.875	0.68
352.0	0.6808
352.125	0.6792
352.25	0.6823
352.375	0.6823
352.5	0.68
352.625	0.6808
352.75	0.6839
352.875	0.6808
353.0	0.6839
353.125	0.6823
353.25	0.6839
353.375	0.6839
353.5	0.6839
353.625	0.6823
353.75	0.6839
353.875	0.6839
354.0	0.6839
354.125	0.6831
354.25	0.6839
354.375	0.6839
354.5	0.6839
354.625	0.6839
354.75	0.6839
354.875	0.6839
355.0	0.6823
355.125	0.6839
355.25	0.6847
355.375	0.6839
355.5	0.6847
355.625	0.6871
355.75	0.6847
355.875	0.6839
356.0	0.6855
356.125	0.6839
356.25	0.6839
356.375	0.6863
356.5	0.6855
356.625	0.6839
356.75	0.6839
356.875	0.6847
357.0	0.6839
357.125	0.6847
357.25	0.6839
357.375	0.6847
357.5	0.6847
357.625	0.6847
357.75	0.6847
357.875	0.6863
358.0	0.6839
358.125	0.6839
358.25	0.6855
358.375	0.6839
358.5	0.6855
358.625	0.6847
358.75	0.6847
358.875	0.6871
359.0	0.6863
359.125	0.6847
359.25	0.6855
359.375	0.6855
359.5	0.6878
359.625	0.6847
359.75	0.6847
359.875	0.6871
360.0	0.6878
360.125	0.6855
360.25	0.6855
360.375	0.6847
360.5	0.6839
360.625	0.6839
360.75	0.6847
360.875	0.6863
361.0	0.6847
361.125	0.6839
361.25	0.6839
361.375	0.6855
361.5	0.6839
361.625	0.6839
361.75	0.6839
361.875	0.6839
362.0	0.6839
362.125	0.6855
362.25	0.6839
362.375	0.6839
362.5	0.6847
362.625	0.6847
362.75	0.6839
362.875	0.6839
363.0	0.6839
363.125	0.6839
363.25	0.6847
363.375	0.6839
363.5	0.6839
363.625	0.6839
363.75	0.6847
363.875	0.6839
364.0	0.6847
364.125	0.6831
364.25	0.6855
364.375	0.6839
364.5	0.6839
364.625	0.6847
364.75	0.6847
364.875	0.6855
365.0	0.6839
365.125	0.6847
365.25	0.6847
365.375	0.6831
365.5	0.6847
365.625	0.6839
365.75	0.6839
365.875	0.6839
366.0	0.6839
366.125	0.6839
366.25	0.6839
366.375	0.6831
366.5	0.6839
366.625	0.6839
366.75	0.6808
366.875	0.6839
367.0	0.6839
367.125	0.6831
367.25	0.6839
367.375	0.6839
367.5	0.6831
367.625	0.6839
367.75	0.6839
367.875	0.6831
368.0	0.6831
368.125	0.6816
368.25	0.6831
368.375	0.6831
368.5	0.6816
368.625	0.6816
368.75	0.6808
368.875	0.6792
369.0	0.6839
369.125	0.6808
369.25	0.6823
369.375	0.68
369.5	0.6839
369.625	0.6839
369.75	0.6839
369.875	0.6808
370.0	0.6823
370.125	0.6823
370.25	0.6831
370.375	0.68
370.5	0.6792
370.625	0.6816
370.75	0.6823
370.875	0.6831
371.0	0.6808
371.125	0.6839
371.25	0.6839
371.375	0.6816
371.5	0.6839
371.625	0.6823
371.75	0.6839
371.875	0.6839
372.0	0.6839
372.125	0.6839
372.25	0.6839
372.375	0.6831
372.5	0.6839
372.625	0.6839
372.75	0.6808
372.875	0.6831
373.0	0.6839
373.125	0.6839
373.25	0.6839
373.375	0.68
373.5	0.6816
373.625	0.6816
373.75	0.6792
373.875	0.6816
374.0	0.6823
374.125	0.6792
374.25	0.68
374.375	0.68
374.5	0.6792
374.625	0.6792
374.75	0.6816
374.875	0.6792
375.0	0.68
375.125	0.68
375.25	0.6816
375.375	0.6792
375.5	0.6792
375.625	0.6792
375.75	0.6792
375.875	0.6792
376.0	0.6792
376.125	0.6792
376.25	0.6792
376.375	0.6792
376.5	0.68
376.625	0.6792
376.75	0.6792
376.875	0.6808
377.0	0.6792
377.125	0.6792
377.25	0.68
377.375	0.6792
377.5	0.68
377.625	0.6792
377.75	0.6792
377.875	0.68
378.0	0.6792
378.125	0.6792
378.25	0.6792
378.375	0.6792
378.5	0.6792
378.625	0.6792
378.75	0.6792
378.875	0.6792
379.0	0.6792
379.125	0.6792
379.25	0.68
379.375	0.6784
379.5	0.6792
379.625	0.6792
379.75	0.6792
379.875	0.68
380.0	0.6776
380.125	0.6792
380.25	0.6792
380.375	0.6784
380.5	0.6792
380.625	0.6792
380.75	0.6792
380.875	0.6792
381.0	0.6792
381.125	0.6792
381.25	0.6792
381.375	0.6784
381.5	0.6776
381.625	0.6776
381.75	0.6792
381.875	0.6792
382.0	0.6792
382.125	0.6792
382.25	0.6784
382.375	0.6784
382.5	0.6761
382.625	0.6792
382.75	0.6784
382.875	0.68
383.0	0.6792
383.125	0.6745
383.25	0.6784
383.375	0.6776
383.5	0.6792
383.625	0.68
383.75	0.6792
383.875	0.6784
384.0	0.6792
384.125	0.68
384.25	0.6792
384.375	0.6792
384.5	0.6792
384.625	0.6792
384.75	0.6784
384.875	0.6768
385.0	0.6784
385.125	0.6768
385.25	0.6792
385.375	0.6792
385.5	0.6792
385.625	0.6792
385.75	0.6792
385.875	0.6792
386.0	0.6792
386.125	0.6792
386.25	0.6792
386.375	0.6792
386.5	0.6792
386.625	0.6792
386.75	0.6792
386.875	0.6792
387.0	0.6816
387.125	0.6792
387.25	0.6808
387.375	0.6792
387.5	0.6792
387.625	0.6816
387.75	0.6792
387.875	0.6784
388.0	0.6808
388.125	0.6792
388.25	0.6792
388.375	0.68
388.5	0.6808
388.625	0.6792
388.75	0.68
388.875	0.6792
389.0	0.6792
389.125	0.68
389.25	0.6792
389.375	0.68
389.5	0.6808
389.625	0.6792
389.75	0.6831
389.875	0.6831
390.0	0.6831
390.125	0.6831
390.25	0.6839
390.375	0.6816
390.5	0.6808
390.625	0.6808
390.75	0.6831
390.875	0.6808
391.0	0.6816
391.125	0.6839
391.25	0.6816
391.375	0.68
391.5	0.6792
391.625	0.6816
391.75	0.6823
391.875	0.6816
392.0	0.6823
392.125	0.6816
392.25	0.6823
392.375	0.6831
392.5	0.6839
392.625	0.6839
392.75	0.6792
392.875	0.6808
393.0	0.6792
393.125	0.6816
393.25	0.6831
393.375	0.68
393.5	0.6816
393.625	0.6839
393.75	0.6816
393.875	0.6831
394.0	0.6823
394.125	0.6831
394.25	0.6839
394.375	0.6816
394.5	0.6808
394.625	0.6823
394.75	0.6808
394.875	0.6808
395.0	0.6808
395.125	0.6816
395.25	0.6816
395.375	0.6823
395.5	0.6808
395.625	0.6816
395.75	0.6816
395.875	0.6816
396.0	0.6792
396.125	0.6839
396.25	0.6831
396.375	0.6831
396.5	0.6839
396.625	0.6831
396.75	0.6839
396.875	0.6823
397.0	0.6808
397.125	0.6816
397.25	0.6816
397.375	0.6823
397.5	0.6839
397.625	0.6792
397.75	0.68
397.875	0.6792
398.0	0.6816
398.125	0.6816
398.25	0.68
398.375	0.6808
398.5	0.6816
398.625	0.68
398.75	0.6792
398.875	0.6792
399.0	0.6792
399.125	0.6792
399.25	0.6792
399.375	0.68
399.5	0.6792
399.625	0.6792
399.75	0.6792
399.875	0.6792
400.0	0.6792
400.125	0.6792
400.25	0.6792
400.375	0.6792
400.5	0.6792
400.625	0.6768
400.75	0.6776
400.875	0.6784
401.0	0.6792
401.125	0.6792
401.25	0.6792
401.375	0.6792
401.5	0.6784
401.625	0.6776
401.75	0.6776
401.875	0.6792
402.0	0.6792
402.125	0.6784
402.25	0.6761
402.375	0.6768
402.5	0.6768
402.625	0.6792
402.75	0.6792
402.875	0.6745
403.0	0.6753
403.125	0.6792
403.25	0.6776
403.375	0.6776
403.5	0.6753
403.625	0.6792
403.75	0.6776
403.875	0.6761
404.0	0.6792
404.125	0.6792
404.25	0.6784
404.375	0.6792
404.5	0.6784
404.625	0.6753
404.75	0.6792
404.875	0.6792
405.0	0.6792
405.125	0.6792
405.25	0.6792
405.375	0.6792
405.5	0.6792
405.625	0.68
405.75	0.6792
405.875	0.6792
406.0	0.6808
406.125	0.6792
406.25	0.6792
406.375	0.6792
406.5	0.6792
406.625	0.68
406.75	0.6792
406.875	0.6792
407.0	0.6808
407.125	0.6823
407.25	0.6831
407.375	0.6808
407.5	0.68
407.625	0.68
407.75	0.6823
407.875	0.6839
408.0	0.6831
408.125	0.6808
408.25	0.6831
408.375	0.6863
408.5	0.6839
408.625	0.6839
408.75	0.6839
408.875	0.6886
409.0	0.6855
409.125	0.6839
409.25	0.6878
409.375	0.6894
409.5	0.691
409.625	0.6886
409.75	0.6894
409.875	0.6886
410.0	0.6926
410.125	0.6926
410.25	0.6933
410.375	0.6933
410.5	0.6933
410.625	0.6941
410.75	0.6965
410.875	0.6941
411.0	0.6933
411.125	0.6933
411.25	0.6933
411.375	0.6941
411.5	0.6941
411.625	0.6933
411.75	0.6902
411.875	0.6933
412.0	0.6933
412.125	0.6918
412.25	0.6902
412.375	0.6918
412.5	0.6886
412.625	0.6894
412.75	0.6886
412.875	0.6863
413.0	0.6878
413.125	0.6886
413.25	0.6871
413.375	0.6847
413.5	0.6847
413.625	0.6847
413.75	0.6839
413.875	0.6831
414.0	0.6839
414.125	0.6847
414.25	0.6839
414.375	0.6823
414.5	0.6816
414.625	0.68
414.75	0.6792
414.875	0.68
415.0	0.6792
415.125	0.6792
415.25	0.6792
415.375	0.6792
415.5	0.6761
415.625	0.6745
415.75	0.6729
415.875	0.6737
416.0	0.6745
416.125	0.6745
416.25	0.6737
416.375	0.6721
416.5	0.6745
416.625	0.6721
416.75	0.6745
416.875	0.6745
417.0	0.6745
417.125	0.6745
417.25	0.6729
417.375	0.6745
417.5	0.6745
417.625	0.6745
417.75	0.6729
417.875	0.6745
418.0	0.6776
418.125	0.6761
418.25	0.6761
418.375	0.6792
418.5	0.6745
418.625	0.6753
418.75	0.6768
418.875	0.6792
419.0	0.6792
419.125	0.6784
419.25	0.6792
419.375	0.6792
419.5	0.6792
419.625	0.6792
419.75	0.6792
419.875	0.6792
420.0	0.6792
420.125	0.6792
420.25	0.6792
420.375	0.6792
420.5	0.6792
420.625	0.6792
420.75	0.68
420.875	0.6792
421.0	0.6792
421.125	0.6792
421.25	0.68
421.375	0.68
421.5	0.6792
421.625	0.6792
421.75	0.6792
421.875	0.6792
422.0	0.6808
422.125	0.6792
422.25	0.6792
422.375	0.6792
422.5	0.6792
422.625	0.6792
422.75	0.6792
422.875	0.68
423.0	0.6792
423.125	0.6792
423.25	0.6792
423.375	0.68
423.5	0.6792
423.625	0.6792
423.75	0.6792
423.875	0.6784
424.0	0.6792
424.125	0.68
424.25	0.6792
424.375	0.6792
424.5	0.6792
424.625	0.6792
424.75	0.6784
424.875	0.6792
425.0	0.6792
425.125	0.6792
425.25	0.6784
425.375	0.6792
425.5	0.6808
425.625	0.6792
425.75	0.6792
425.875	0.6792
426.0	0.6792
426.125	0.6792
426.25	0.6792
426.375	0.6792
426.5	0.68
426.625	0.6792
426.75	0.6792
426.875	0.6792
427.0	0.6784
427.125	0.6792
427.25	0.6792
427.375	0.6792
427.5	0.6784
427.625	0.6792
427.75	0.6792
427.875	0.6792
428.0	0.6792
428.125	0.6792
428.25	0.6792
428.375	0.6792
428.5	0.6792
428.625	0.6792
428.75	0.6792
428.875	0.6792
429.0	0.6792
429.125	0.6792
429.25	0.6792
429.375	0.6792
429.5	0.6792
429.625	0.6792
429.75	0.68
429.875	0.68
430.0	0.6792
430.125	0.6792
430.25	0.6792
430.375	0.6792
430.5	0.68
430.625	0.6792
430.75	0.6792
430.875	0.6792
431.0	0.6792
431.125	0.6792
431.25	0.6792
431.375	0.6792
431.5	0.6792
431.625	0.6792
431.75	0.6792
431.875	0.6792
432.0	0.6792
432.125	0.6792
432.25	0.68
432.375	0.6792
432.5	0.6792
432.625	0.6808
432.75	0.6792
432.875	0.6792
433.0	0.6784
433.125	0.6792
433.25	0.6784
433.375	0.68
433.5	0.68
433.625	0.6792
433.75	0.6792
433.875	0.6808
434.0	0.6792
434.125	0.6792
434.25	0.6808
434.375	0.6792
434.5	0.6792
434.625	0.68
434.75	0.68
434.875	0.6792
435.0	0.6792
435.125	0.68
435.25	0.6792
435.375	0.6792
435.5	0.6792
435.625	0.6792
435.75	0.6792
435.875	0.6808
436.0	0.6792
436.125	0.6792
436.25	0.6792
436.375	0.6792
436.5	0.6792
436.625	0.6792
436.75	0.6792
436.875	0.6792
437.0	0.6792
437.125	0.6792
437.25	0.6792
437.375	0.6792
437.5	0.6792
437.625	0.6792
437.75	0.6792
437.875	0.6792
438.0	0.6792
438.125	0.68
438.25	0.6816
438.375	0.6792
438.5	0.6792
438.625	0.6792
438.75	0.6792
438.875	0.68
439.0	0.6792
439.125	0.6792
439.25	0.6792
439.375	0.6792
439.5	0.6792
439.625	0.6792
439.75	0.68
439.875	0.6823
440.0	0.6792
440.125	0.6792
440.25	0.68
440.375	0.6792
440.5	0.6792
440.625	0.6792
440.75	0.6792
440.875	0.6792
441.0	0.6792
441.125	0.6792
441.25	0.6792
441.375	0.6792
441.5	0.68
441.625	0.6792
441.75	0.68
441.875	0.68
442.0	0.6792
442.125	0.6792
442.25	0.6792
442.375	0.6792
442.5	0.6792
442.625	0.6792
442.75	0.6792
442.875	0.6784
443.0	0.6792
443.125	0.6792
443.25	0.6784
443.375	0.6753
443.5	0.6792
443.625	0.6768
443.75	0.6792
443.875	0.6776
444.0	0.6768
444.125	0.6792
444.25	0.6784
444.375	0.6784
444.5	0.6784
444.625	0.6792
444.75	0.6776
444.875	0.6776
445.0	0.6776
445.125	0.6776
445.25	0.6753
445.375	0.6753
445.5	0.6753
445.625	0.6745
445.75	0.6768
445.875	0.6761
446.0	0.6745
446.125	0.6784
446.25	0.6761
446.375	0.6753
446.5	0.6792
446.625	0.6768
446.75	0.6753
446.875	0.6745
447.0	0.6745
447.125	0.6753
447.25	0.6745
447.375	0.6768
447.5	0.6768
447.625	0.6768
447.75	0.6768
447.875	0.6745
448.0	0.6761
448.125	0.6784
448.25	0.6768
448.375	0.6792
448.5	0.6745
448.625	0.6753
448.75	0.6768
448.875	0.6776
449.0	0.6753
449.125	0.6745
449.25	0.6761
449.375	0.6753
449.5	0.6753
449.625	0.6753
449.75	0.6745
449.875	0.6761
450.0	0.6745
450.125	0.6745
450.25	0.6745
450.375	0.6745
450.5	0.6745
450.625	0.6745
450.75	0.6745
450.875	0.6745
451.0	0.6753
451.125	0.6745
451.25	0.6745
451.375	0.6745
451.5	0.6745
451.625	0.6745
451.75	0.6745
451.875	0.6745
452.0	0.6745
452.125	0.6768
452.25	0.6768
452.375	0.6745
452.5	0.6745
452.625	0.6745
452.75	0.6745
452.875	0.6745
453.0	0.6768
453.125	0.6768
453.25	0.6753
453.375	0.6776
453.5	0.6745
453.625	0.6745
453.75	0.6745
453.875	0.6745
454.0	0.6745
454.125	0.6792
454.25	0.6753
454.375	0.6745
454.5	0.6745
454.625	0.6745
454.75	0.6745
454.875	0.6745
455.0	0.6761
455.125	0.6745
455.25	0.6768
455.375	0.6768
455.5	0.6753
455.625	0.6761
455.75	0.6792
455.875	0.6768
456.0	0.6745
456.125	0.6792
456.25	0.6768
456.375	0.6745
456.5	0.6745
456.625	0.6792
456.75	0.6784
456.875	0.6776
457.0	0.6753
457.125	0.6792
457.25	0.6792
457.375	0.6792
457.5	0.6792
457.625	0.6761
457.75	0.6792
457.875	0.6792
458.0	0.6768
458.125	0.6761
458.25	0.6792
458.375	0.6776
458.5	0.6792
458.625	0.6792
458.75	0.6784
458.875	0.6792
459.0	0.6776
459.125	0.6784
459.25	0.6792
459.375	0.6784
459.5	0.6792
459.625	0.6792
459.75	0.6776
459.875	0.6792
460.0	0.6792
460.125	0.6792
460.25	0.6784
460.375	0.6792
460.5	0.6776
460.625	0.6792
460.75	0.6792
460.875	0.6792
461.0	0.6776
461.125	0.6776
461.25	0.6784
461.375	0.6792
461.5	0.6753
461.625	0.6753
461.75	0.6745
461.875	0.6761
462.0	0.6784
462.125	0.6745
462.25	0.6776
462.375	0.6768
462.5	0.6768
462.625	0.6784
462.75	0.6753
462.875	0.6776
463.0	0.6784
463.125	0.6776
463.25	0.6776
463.375	0.6768
463.5	0.6753
463.625	0.6784
463.75	0.6761
463.875	0.6753
464.0	0.6768
464.125	0.6761
464.25	0.6792
464.375	0.6753
464.5	0.6745
464.625	0.6745
464.75	0.6753
464.875	0.6761
465.0	0.6784
465.125	0.6745
465.25	0.6776
465.375	0.6768
465.5	0.6753
465.625	0.6753
465.75	0.6753
465.875	0.6761
466.0	0.6753
466.125	0.6745
466.25	0.6753
466.375	0.6761
466.5	0.6753
466.625	0.6745
466.75	0.6761
466.875	0.6745
467.0	0.6745
467.125	0.6745
467.25	0.6745
467.375	0.6753
467.5	0.6745
467.625	0.6768
467.75	0.6753
467.875	0.6761
468.0	0.6776
468.125	0.6745
468.25	0.6745
468.375	0.6753
468.5	0.6753
468.625	0.6753
468.75	0.6745
468.875	0.6745
469.0	0.6753
469.125	0.6784
469.25	0.6745
469.375	0.6745
469.5	0.6745
469.625	0.6792
469.75	0.6753
469.875	0.6745
470.0	0.6745
470.125	0.6745
470.25	0.6745
470.375	0.6753
470.5	0.6745
470.625	0.6745
470.75	0.6745
470.875	0.6753
471.0	0.6745
471.125	0.6745
471.25	0.6745
471.375	0.6745
471.5	0.6753
471.625	0.6761
471.75	0.6745
471.875	0.6753
472.0	0.6745
472.125	0.6745
472.25	0.6753
472.375	0.6784
472.5	0.6792
472.625	0.6768
472.75	0.6745
472.875	0.6768
473.0	0.6761
473.125	0.6745
473.25	0.6784
473.375	0.6753
473.5	0.6745
473.625	0.6745
473.75	0.6745
473.875	0.6737
474.0	0.6745
474.125	0.6745
474.25	0.6745
474.375	0.6768
474.5	0.6745
474.625	0.6745
474.75	0.6776
474.875	0.6776
475.0	0.6745
475.125	0.6753
475.25	0.6745
475.375	0.6745
475.5	0.6745
475.625	0.6745
475.75	0.6761
475.875	0.6761
476.0	0.6745
476.125	0.6745
476.25	0.6745
476.375	0.6768
476.5	0.6745
476.625	0.6761
476.75	0.6784
476.875	0.6784
477.0	0.6776
477.125	0.6776
477.25	0.6745
477.375	0.6761
477.5	0.6768
477.625	0.6784
477.75	0.6768
477.875	0.6768
478.0	0.6745
478.125	0.6776
478.25	0.6745
478.375	0.6776
478.5	0.6784
478.625	0.6776
478.75	0.6792
478.875	0.6784
479.0	0.6768
479.125	0.6753
479.25	0.6776
479.375	0.6792
479.5	0.6776
479.625	0.6745
479.75	0.6761
479.875	0.6784
480.0	0.6745
480.125	0.6792
480.25	0.6792
480.375	0.6792
480.5	0.68
480.625	0.6792
480.75	0.6784
480.875	0.6792
481.0	0.6808
481.125	0.6792
481.25	0.6808
481.375	0.68
481.5	0.6792
481.625	0.6808
481.75	0.6792
481.875	0.6823
482.0	0.6792
482.125	0.6792
482.25	0.6792
482.375	0.6784
482.5	0.6768
482.625	0.6792
482.75	0.6792
482.875	0.6792
483.0	0.6792
483.125	0.6761
483.25	0.6792
483.375	0.6768
483.5	0.6792
483.625	0.6792
483.75	0.6792
483.875	0.6792
484.0	0.6792
484.125	0.6792
484.25	0.6792
484.375	0.6784
484.5	0.6792
484.625	0.6784
484.75	0.6792
484.875	0.6792
485.0	0.6792
485.125	0.6776
485.25	0.6792
485.375	0.68
485.5	0.6792
485.625	0.6792
485.75	0.6792
485.875	0.6792
486.0	0.6753
486.125	0.6792
486.25	0.6792
486.375	0.6792
486.5	0.6792
486.625	0.6776
486.75	0.6768
486.875	0.6784
487.0	0.6776
487.125	0.6753
487.25	0.6745
487.375	0.6776
487.5	0.6792
487.625	0.6768
487.75	0.6768
487.875	0.6768
488.0	0.6784
488.125	0.6761
488.25	0.6792
488.375	0.6784
488.5	0.6792
488.625	0.6792
488.75	0.6792
488.875	0.6792
489.0	0.6792
489.125	0.6784
489.25	0.6792
489.375	0.6792
489.5	0.6792
489.625	0.6792
489.75	0.6792
489.875	0.6784
490.0	0.6753
490.125	0.6753
490.25	0.6768
490.375	0.6776
490.5	0.6745
490.625	0.6753
490.75	0.6753
490.875	0.6753
491.0	0.6745
491.125	0.6745
491.25	0.6761
491.375	0.6768
491.5	0.6745
491.625	0.6792
491.75	0.6792
491.875	0.6784
492.0	0.6792
492.125	0.6745
492.25	0.6761
492.375	0.6753
492.5	0.6761
492.625	0.6745
492.75	0.6784
492.875	0.6784
493.0	0.6745
493.125	0.6768
493.25	0.6745
493.375	0.6768
493.5	0.6745
493.625	0.6745
493.75	0.6745
493.875	0.6745
494.0	0.6745
494.125	0.6745
494.25	0.6745
494.375	0.6745
494.5	0.6745
494.625	0.6745
494.75	0.6745
494.875	0.6745
495.0	0.6737
495.125	0.6729
495.25	0.6745
495.375	0.6745
495.5	0.6745
495.625	0.6753
495.75	0.6745
495.875	0.6753
496.0	0.6745
496.125	0.6753
496.25	0.6745
496.375	0.6761
496.5	0.6745
496.625	0.6753
496.75	0.6768
496.875	0.6745
497.0	0.6761
497.125	0.6753
497.25	0.6745
497.375	0.6768
497.5	0.6745
497.625	0.6745
497.75	0.6745
497.875	0.6745
498.0	0.6776
498.125	0.6753
498.25	0.6745
498.375	0.6745
498.5	0.6745
498.625	0.6745
498.75	0.6745
498.875	0.6705
499.0	0.6705
499.125	0.6698
499.25	0.6698
499.375	0.6698
499.5	0.6674
499.625	0.6658
499.75	0.665
499.875	0.665
500.0	0.6658
500.125	0.665
500.25	0.665
500.375	0.665
500.5	0.669
500.625	0.669
500.75	0.6698
500.875	0.6698
501.0	0.6682
501.125	0.6698
501.25	0.6698
501.375	0.6705
501.5	0.6698
501.625	0.6713
501.75	0.6729
501.875	0.6745
502.0	0.6713
502.125	0.6729
502.25	0.6737
502.375	0.6761
502.5	0.6745
502.625	0.6729
502.75	0.6745
502.875	0.6745
503.0	0.6745
503.125	0.6745
503.25	0.6745
503.375	0.6745
503.5	0.6745
503.625	0.6753
503.75	0.6761
503.875	0.6776
504.0	0.6745
504.125	0.6753
504.25	0.6761
504.375	0.6745
504.5	0.6784
504.625	0.6745
504.75	0.6753
504.875	0.6776
505.0	0.6761
505.125	0.6784
505.25	0.6784
505.375	0.6792
505.5	0.6792
505.625	0.6792
505.75	0.6792
505.875	0.6792
506.0	0.68
506.125	0.68
506.25	0.6792
506.375	0.6792
506.5	0.6792
506.625	0.6792
506.75	0.68
506.875	0.6792
507.0	0.6792
507.125	0.6792
507.25	0.6831
507.375	0.6823
507.5	0.68
507.625	0.6792
507.75	0.6792
507.875	0.6816
508.0	0.6808
508.125	0.6816
508.25	0.6808
508.375	0.6808
508.5	0.68
508.625	0.6792
508.75	0.68
508.875	0.6823
509.0	0.6792
509.125	0.6808
509.25	0.6816
509.375	0.6792
509.5	0.6816
509.625	0.6839
509.75	0.6839
509.875	0.6839
510.0	0.6839
510.125	0.6886
510.25	0.6847
510.375	0.6839
510.5	0.6855
510.625	0.6855
510.75	0.6839
510.875	0.6878
511.0	0.6886
511.125	0.6878
511.25	0.6886
511.375	0.6878
511.5	0.6871
511.625	0.6863
511.75	0.6855
511.875	0.6878
512.0	0.6878
512.125	0.6863
512.25	0.6839
512.375	0.6839
512.5	0.6823
512.625	0.68
512.75	0.6792
512.875	0.6831
513.0	0.6831
513.125	0.6808
513.25	0.6792
513.375	0.68
513.5	0.6792
513.625	0.6792
513.75	0.68
513.875	0.6792
514.0	0.6808
514.125	0.6792
514.25	0.6792
514.375	0.6792
514.5	0.6792
514.625	0.68
514.75	0.6792
514.875	0.6792
515.0	0.6792
515.125	0.6792
515.25	0.6792
515.375	0.6792
515.5	0.6792
515.625	0.6792
515.75	0.6792
515.875	0.6792
516.0	0.6808
516.125	0.6823
516.25	0.68
516.375	0.68
516.5	0.68
516.625	0.6808
516.75	0.6839
516.875	0.6839
517.0	0.6839
517.125	0.6863
517.25	0.6855
517.375	0.6863
517.5	0.6878
517.625	0.6863
517.75	0.6863
517.875	0.6863
518.0	0.6847
518.125	0.6839
518.25	0.6808
518.375	0.6792
518.5	0.6792
518.625	0.6792
518.75	0.6792
518.875	0.6784
519.0	0.6792
519.125	0.6792
519.25	0.6776
519.375	0.6784
519.5	0.6784
519.625	0.6776
519.75	0.6761
519.875	0.6745
520.0	0.6745
520.125	0.6745
520.25	0.6745
520.375	0.6784
520.5	0.6768
520.625	0.6745
520.75	0.6761
520.875	0.6745
521.0	0.6745
521.125	0.6745
521.25	0.6745
521.375	0.6745
521.5	0.6776
521.625	0.6745
521.75	0.6745
521.875	0.6745
522.0	0.6745
522.125	0.6753
522.25	0.6745
522.375	0.6768
522.5	0.6745
522.625	0.6745
522.75	0.6745
522.875	0.6745
523.0	0.6761
523.125	0.6745
523.25	0.6745
523.375	0.6753
523.5	0.6768
523.625	0.6745
523.75	0.6753
523.875	0.6761
524.0	0.6745
524.125	0.6761
524.25	0.6776
524.375	0.6745
524.5	0.6753
524.625	0.6745
524.75	0.6745
524.875	0.6745
525.0	0.6745
525.125	0.6753
525.25	0.6745
525.375	0.6745
525.5	0.6753
525.625	0.6768
525.75	0.6784
525.875	0.6784
526.0	0.6761
526.125	0.6761
526.25	0.6768
526.375	0.6792
526.5	0.6768
526.625	0.6753
526.75	0.6776
526.875	0.6792
527.0	0.6761
527.125	0.6776
527.25	0.6753
527.375	0.6761
527.5	0.6761
527.625	0.6792
527.75	0.6792
527.875	0.6776
528.0	0.6792
528.125	0.6792
528.25	0.6792
528.375	0.6784
528.5	0.6784
528.625	0.6792
528.75	0.6792
528.875	0.6776
529.0	0.6792
529.125	0.6792
529.25	0.6792
529.375	0.68
529.5	0.6792
529.625	0.68
529.75	0.6792
529.875	0.6792
530.0	0.6792
530.125	0.6792
530.25	0.6816
530.375	0.6808
530.5	0.6816
530.625	0.6839
530.75	0.6839
530.875	0.6839
531.0	0.6839
531.125	0.6839
531.25	0.6855
531.375	0.6847
531.5	0.6839
531.625	0.6839
531.75	0.6863
531.875	0.6855
532.0	0.6839
532.125	0.6863
532.25	0.6847
532.375	0.6886
532.5	0.6878
532.625	0.6886
532.75	0.6886
532.875	0.6878
533.0	0.6886
533.125	0.6886
533.25	0.6886
533.375	0.691
533.5	0.6886
533.625	0.6902
533.75	0.691
533.875	0.6933
534.0	0.6933
534.125	0.6933
534.25	0.6933
534.375	0.6933
534.5	0.6933
534.625	0.6933
534.75	0.6941
534.875	0.6973
535.0	0.6933
535.125	0.6965
535.25	0.6941
535.375	0.6933
535.5	0.6957
535.625	0.6973
535.75	0.6973
535.875	0.6965
536.0	0.6981
536.125	0.6981
536.25	0.6981
536.375	0.6981
536.5	0.6981
536.625	0.6988
536.75	0.6981
536.875	0.6981
537.0	0.7004
537.125	0.7012
537.25	0.6981
537.375	0.6981
537.5	0.6988
537.625	0.6981
537.75	0.6981
537.875	0.6988
538.0	0.7004
538.125	0.7012
538.25	0.6981
538.375	0.6981
538.5	0.6996
538.625	0.702
538.75	0.6996
538.875	0.6981
539.0	0.702
539.125	0.6981
539.25	0.7004
539.375	0.702
539.5	0.702
539.625	0.702
539.75	0.7004
539.875	0.6981
540.0	0.7012
540.125	0.702
540.25	0.702
540.375	0.7004
540.5	0.7028
540.625	0.702
540.75	0.7012
540.875	0.702
541.0	0.7004
541.125	0.7012
541.25	0.7028
541.375	0.7012
541.5	0.7028
541.625	0.7004
541.75	0.7028
541.875	0.7028
542.0	0.7012
542.125	0.7028
542.25	0.702
542.375	0.7028
542.5	0.702
542.625	0.7028
542.75	0.7028
542.875	0.7028
543.0	0.7028
543.125	0.7028
543.25	0.7028
543.375	0.7028
543.5	0.7028
543.625	0.7012
543.75	0.7012
543.875	0.7004
544.0	0.6981
544.125	0.6981
544.25	0.6981
544.375	0.6981
544.5	0.6981
544.625	0.6981
544.75	0.6973
544.875	0.6941
545.0	0.6957
545.125	0.6957
545.25	0.6965
545.375	0.6957
545.5	0.6933
545.625	0.6933
545.75	0.6933
545.875	0.6933
546.0	0.6933
546.125	0.6933
546.25	0.6933
546.375	0.6918
546.5	0.6926
546.625	0.691
546.75	0.6926
546.875	0.6918
547.0	0.6902
547.125	0.6886
547.25	0.6886
547.375	0.6886
547.5	0.6894
547.625	0.6886
547.75	0.6886
547.875	0.6886
548.0	0.6902
548.125	0.6886
548.25	0.6871
548.375	0.6871
548.5	0.6839
548.625	0.6878
548.75	0.6855
548.875	0.6847
549.0	0.6847
549.125	0.6863
549.25	0.6863
549.375	0.6847
549.5	0.6863
549.625	0.6831
549.75	0.6839
549.875	0.6839
550.0	0.6839
550.125	0.6839
550.25	0.6839
550.375	0.6816
550.5	0.6831
550.625	0.6831
550.75	0.6839
550.875	0.6839
551.0	0.6823
551.125	0.6816
551.25	0.6839
551.375	0.6839
551.5	0.6839
551.625	0.6831
551.75	0.6839
551.875	0.6839
552.0	0.6823
552.125	0.6831
552.25	0.6839
552.375	0.6839
552.5	0.6839
552.625	0.6863
552.75	0.6878
552.875	0.6863
553.0	0.6886
553.125	0.6871
553.25	0.6886
553.375	0.6886
553.5	0.6886
553.625	0.6894
553.75	0.6886
553.875	0.6886
554.0	0.6902
554.125	0.6902
554.25	0.6886
554.375	0.6886
554.5	0.6886
554.625	0.6878
554.75	0.6855
554.875	0.6839
555.0	0.6823
555.125	0.6839
555.25	0.6839
555.375	0.6839
555.5	0.68
555.625	0.6816
555.75	0.6823
555.875	0.6823
556.0	0.6831
556.125	0.6839
556.25	0.6808
556.375	0.6831
556.5	0.6839
556.625	0.6823
556.75	0.6831
556.875	0.6839
557.0	0.6839
557.125	0.6839
557.25	0.6847
557.375	0.6839
557.5	0.6886
557.625	0.6863
557.75	0.6863
557.875	0.6871
558.0	0.6871
558.125	0.6847
558.25	0.6886
558.375	0.6886
558.5	0.6886
558.625	0.6886
558.75	0.691
558.875	0.6926
559.0	0.6886
559.125	0.6933
559.25	0.6926
559.375	0.6926
559.5	0.691
559.625	0.6933
559.75	0.6926
559.875	0.6918
560.0	0.691
560.125	0.6894
560.25	0.6902
560.375	0.6902
560.5	0.6886
560.625	0.6918
560.75	0.6926
560.875	0.6933
561.0	0.702
561.125	0.7138
561.25	0.7413
561.375	0.7806
561.5	0.8411
561.625	0.9017
561.75	0.9646
561.875	1.0149
562.0	1.0511
562.125	1.0794
562.25	1.0998
562.375	1.1163
562.5	1.1273
562.625	1.1352
562.75	1.1367
562.875	1.1305
563.0	1.1092
563.125	1.0738
563.25	1.0227
563.375	0.9575
563.5	0.8883
563.625	0.8341
563.75	0.7885
563.875	0.761
564.0	0.7405
564.125	0.7264
564.25	0.7201
564.375	0.7161
564.5	0.7169
564.625	0.7232
564.75	0.7272
564.875	0.7311
565.0	0.7358
565.125	0.7358
565.25	0.7358
565.375	0.7389
565.5	0.7405
565.625	0.7382
565.75	0.7389
565.875	0.7382
566.0	0.7358
566.125	0.7303
566.25	0.7256
566.375	0.7169
566.5	0.7122
566.625	0.7091
566.75	0.7075
566.875	0.7028
567.0	0.7012
567.125	0.7004
567.25	0.6988
567.375	0.6996
567.5	0.7004
567.625	0.7028
567.75	0.6996
567.875	0.7004
568.0	0.7004
568.125	0.6996
568.25	0.6988
568.375	0.6981
568.5	0.6973
568.625	0.6949
568.75	0.6949
568.875	0.6933
569.0	0.6933
569.125	0.6933
569.25	0.6933
569.375	0.6933
569.5	0.6933
569.625	0.6933
569.75	0.6949
569.875	0.6933
570.0	0.6933
570.125	0.6926
570.25	0.6941
570.375	0.6981
570.5	0.7036
570.625	0.7161
570.75	0.7279
570.875	0.7389
571.0	0.7484
571.125	0.7547
571.25	0.7594
571.375	0.768
571.5	0.7696
571.625	0.7688
571.75	0.7712
571.875	0.7735
572.0	0.7735
572.125	0.772
572.25	0.7649
572.375	0.7594
572.5	0.7468
572.625	0.7374
572.75	0.7256
572.875	0.7146
573.0	0.7075
573.125	0.7012
573.25	0.6981
573.375	0.6957
573.5	0.6933
573.625	0.6957
573.75	0.6957
573.875	0.6988
574.0	0.6988
574.125	0.7028
574.25	0.7036
574.375	0.7028
574.5	0.7028
574.625	0.7036
574.75	0.7044
574.875	0.7075
575.0	0.7051
575.125	0.7028
575.25	0.7067
575.375	0.7044
575.5	0.7028
575.625	0.6981
575.75	0.6981
575.875	0.6965
576.0	0.6957
576.125	0.6933
576.25	0.6933
576.375	0.691
576.5	0.6918
576.625	0.6933
576.75	0.6902
576.875	0.6933
577.0	0.691
577.125	0.6933
577.25	0.6933
577.375	0.6926
577.5	0.691
577.625	0.6933
577.75	0.6933
577.875	0.6933
578.0	0.6941
578.125	0.6933
578.25	0.6973
578.375	0.6941
578.5	0.6965
578.625	0.6981
578.75	0.6981
578.875	0.6973
579.0	0.6996
579.125	0.702
579.25	0.7028
579.375	0.7067
579.5	0.7075
579.625	0.7106
579.75	0.713
579.875	0.7177
580.0	0.7169
580.125	0.7185
580.25	0.7193
580.375	0.7216
580.5	0.7216
580.625	0.7193
580.75	0.7209
580.875	0.7209
581.0	0.7177
581.125	0.7169
581.25	0.7122
581.375	0.7122
581.5	0.7075
581.625	0.7075
581.75	0.7075
581.875	0.7075
582.0	0.7067
582.125	0.7059
582.25	0.7067
582.375	0.7075
582.5	0.7075
582.625	0.7075
582.75	0.7075
582.875	0.7075
583.0	0.7091
583.125	0.7075
583.25	0.7114
583.375	0.7138
583.5	0.7209
583.625	0.7272
583.75	0.7382
583.875	0.7492
584.0	0.757
584.125	0.7641
584.25	0.7688
584.375	0.7751
584.5	0.7759
584.625	0.7775
584.75	0.7806
584.875	0.783
585.0	0.7822
585.125	0.7806
585.25	0.7767
585.375	0.7688
585.5	0.7641
585.625	0.7641
585.75	0.7641
585.875	0.772
586.0	0.7814
586.125	0.7924
586.25	0.8011
586.375	0.8066
586.5	0.8152
586.625	0.8207
586.75	0.8215
586.875	0.8254
587.0	0.827
587.125	0.8262
587.25	0.8254
587.375	0.8183
587.5	0.8081
587.625	0.7932
587.75	0.7743
587.875	0.7602
588.0	0.7468
588.125	0.7358
588.25	0.7287
588.375	0.7232
588.5	0.7201
588.625	0.7201
588.75	0.7169
588.875	0.7169
589.0	0.7169
589.125	0.7169
589.25	0.7169
589.375	0.7193
589.5	0.7201
589.625	0.7216
589.75	0.7232
589.875	0.7224
590.0	0.7264
590.125	0.7319
590.25	0.7437
590.375	0.7633
590.5	0.7885
590.625	0.8152
590.75	0.8443
590.875	0.8608
591.0	0.8765
591.125	0.8891
591.25	0.8962
591.375	0.9033
591.5	0.9103
591.625	0.915
591.75	0.915
591.875	0.9103
592.0	0.9048
592.125	0.8891
592.25	0.8718
592.375	0.8474
592.5	0.8215
592.625	0.8042
592.75	0.7893
592.875	0.7814
593.0	0.7767
593.125	0.7735
593.25	0.7688
593.375	0.7688
593.5	0.768
593.625	0.768
593.75	0.7688
593.875	0.7672
594.0	0.7641
594.125	0.7625
594.25	0.7562
594.375	0.75
594.5	0.7413
594.625	0.7405
594.75	0.7334
594.875	0.7264
595.0	0.7256
595.125	0.7216
595.25	0.7224
595.375	0.7216
595.5	0.7201
595.625	0.7216
595.75	0.7216
595.875	0.7209
596.0	0.7201
596.125	0.7193
596.25	0.7193
596.375	0.7177
596.5	0.7193
596.625	0.7177
596.75	0.7169
596.875	0.7177
597.0	0.7169
597.125	0.7169
597.25	0.7177
597.375	0.7169
597.5	0.7177
597.625	0.7216
597.75	0.7216
597.875	0.7264
598.0	0.7264
598.125	0.7279
598.25	0.7287
598.375	0.7311
598.5	0.7327
598.625	0.7334
598.75	0.7358
598.875	0.7334
599.0	0.7358
599.125	0.7358
599.25	0.7358
599.375	0.7358
599.5	0.735
599.625	0.7311
599.75	0.7264
599.875	0.724
600.0	0.7193
600.125	0.7169
600.25	0.7169
600.375	0.7138
600.5	0.7122
600.625	0.7122
600.75	0.7122
600.875	0.7114
601.0	0.7091
601.125	0.7122
601.25	0.7122
601.375	0.7114
601.5	0.7114
601.625	0.7091
601.75	0.7099
601.875	0.7106
602.0	0.7091
602.125	0.7091
602.25	0.7114
602.375	0.7122
602.5	0.713
602.625	0.7169
602.75	0.7248
602.875	0.7342
603.0	0.7444
603.125	0.7531
603.25	0.7617
603.375	0.7688
603.5	0.7735
603.625	0.7751
603.75	0.7783
603.875	0.7806
604.0	0.783
604.125	0.783
604.25	0.783
604.375	0.7822
604.5	0.7767
604.625	0.768
604.75	0.7586
604.875	0.7484
605.0	0.7358
605.125	0.7295
605.25	0.7216
605.375	0.7169
605.5	0.7122
605.625	0.7122
605.75	0.7091
605.875	0.7075
606.0	0.7075
606.125	0.7075
606.25	0.7067
606.375	0.7099
606.5	0.7122
606.625	0.713
606.75	0.7169
606.875	0.7185
607.0	0.7232
607.125	0.7272
607.25	0.7303
607.375	0.7311
607.5	0.7311
607.625	0.7311
607.75	0.7342
607.875	0.7358
608.0	0.7334
608.125	0.7342
608.25	0.7342
608.375	0.7287
608.5	0.7264
608.625	0.7256
608.75	0.7209
608.875	0.7169
609.0	0.7154
609.125	0.7138
609.25	0.7138
609.375	0.7177
609.5	0.7256
609.625	0.7342
609.75	0.7444
609.875	0.7555
610.0	0.7688
610.125	0.7759
610.25	0.7822
610.375	0.7877
610.5	0.7924
610.625	0.7893
610.75	0.7924
610.875	0.794
611.0	0.7924
611.125	0.7916
611.25	0.7869
611.375	0.7783
611.5	0.7649
611.625	0.7507
611.75	0.7374
611.875	0.7264
612.0	0.7209
612.125	0.7146
612.25	0.7122
612.375	0.7083
612.5	0.7067
612.625	0.7028
612.75	0.7028
612.875	0.7028
613.0	0.7036
613.125	0.7044
613.25	0.7028
613.375	0.7028
613.5	0.7028
613.625	0.7028
613.75	0.7004
613.875	0.7012
614.0	0.7036
614.125	0.7075
614.25	0.7138
614.375	0.7216
614.5	0.7342
614.625	0.746
614.75	0.7562
614.875	0.7649
615.0	0.772
615.125	0.7775
615.25	0.779
615.375	0.783
615.5	0.7861
615.625	0.7877
615.75	0.7877
615.875	0.7877
616.0	0.7924
616.125	0.7987
616.25	0.816
616.375	0.8349
616.5	0.8608
616.625	0.8883
616.75	0.9103
616.875	0.9292
617.0	0.9433
617.125	0.9528
617.25	0.9599
617.375	0.9677
617.5	0.9716
617.625	0.9748
617.75	0.9724
617.875	0.9614
618.0	0.9433
618.125	0.9127
618.25	0.8734
618.375	0.8309
618.5	0.7932
618.625	0.7665
618.75	0.7429
618.875	0.7295
619.0	0.7232
619.125	0.7122
619.25	0.7075
619.375	0.7075
619.5	0.7028
619.625	0.7028
619.75	0.7028
619.875	0.7028
620.0	0.7028
620.125	0.7028
620.25	0.7028
620.375	0.7028
620.5	0.7028
620.625	0.7028
620.75	0.7036
620.875	0.7044
621.0	0.7044
621.125	0.7028
621.25	0.7028
621.375	0.7036
621.5	0.7028
621.625	0.7028
621.75	0.7059
621.875	0.7028
622.0	0.7051
622.125	0.7051
622.25	0.7028
622.375	0.7044
622.5	0.7044
622.625	0.7044
622.75	0.7044
622.875	0.7044
623.0	0.7051
623.125	0.7028
623.25	0.7028
623.375	0.7028
623.5	0.7028
623.625	0.702
623.75	0.7028
623.875	0.7028
624.0	0.7028
624.125	0.7059
624.25	0.7028
624.375	0.7028
624.5	0.7028
624.625	0.7028
624.75	0.7036
624.875	0.7028
625.0	0.7028
625.125	0.7028
625.25	0.7028
625.375	0.7028
625.5	0.7028
625.625	0.7028
625.75	0.7028
625.875	0.7028
626.0	0.7036
626.125	0.7051
626.25	0.7028
626.375	0.7059
626.5	0.7091
626.625	0.7177
626.75	0.7295
626.875	0.7429
627.0	0.7641
627.125	0.7806
627.25	0.7955
627.375	0.8026
627.5	0.8113
627.625	0.8191
627.75	0.8231
627.875	0.8254
628.0	0.827
628.125	0.8309
628.25	0.8301
628.375	0.8254
628.5	0.8168
628.625	0.805
628.75	0.7861
628.875	0.7696
629.0	0.7539
629.125	0.7405
629.25	0.7311
629.375	0.7248
629.5	0.7216
629.625	0.7216
629.75	0.7216
629.875	0.7216
630.0	0.7248
630.125	0.7264
630.25	0.7264
630.375	0.7256
630.5	0.7264
630.625	0.7295
630.75	0.7279
630.875	0.7264
631.0	0.7264
631.125	0.7264
631.25	0.7232
631.375	0.724
631.5	0.7177
631.625	0.7122
631.75	0.7122
631.875	0.7099
632.0	0.7075
632.125	0.7075
632.25	0.7044
632.375	0.7028
632.5	0.7028
632.625	0.7028
632.75	0.7028
632.875	0.7028
633.0	0.7028
633.125	0.7028
633.25	0.7028
633.375	0.7028
633.5	0.7028
633.625	0.7028
633.75	0.7028
633.875	0.7028
634.0	0.7028
634.125	0.7028
634.25	0.7028
634.375	0.7028
634.5	0.7028
634.625	0.7028
634.75	0.7044
634.875	0.702
635.0	0.7028
635.125	0.7028
635.25	0.7028
635.375	0.7028
635.5	0.702
635.625	0.7028
635.75	0.7083
635.875	0.7075
636.0	0.7114
636.125	0.7169
636.25	0.7224
636.375	0.7311
636.5	0.7311
636.625	0.7405
636.75	0.7405
636.875	0.7437
637.0	0.7421
637.125	0.7452
637.25	0.746
637.375	0.746
637.5	0.7452
637.625	0.7421
637.75	0.7405
637.875	0.735
638.0	0.7279
638.125	0.7193
638.25	0.7138
638.375	0.7122
638.5	0.7075
638.625	0.7028
638.75	0.7028
638.875	0.7028
639.0	0.7012
639.125	0.6988
639.25	0.6996
639.375	0.6996
639.5	0.6981
639.625	0.6981
639.75	0.702
639.875	0.7004
640.0	0.6996
640.125	0.6996
640.25	0.7012
640.375	0.7004
640.5	0.702
640.625	0.702
640.75	0.6988
640.875	0.7012
641.0	0.7004
641.125	0.702
641.25	0.702
641.375	0.702
641.5	0.7012
641.625	0.6996
641.75	0.702
641.875	0.702
642.0	0.6988
642.125	0.6996
642.25	0.702
642.375	0.7028
642.5	0.702
642.625	0.702
642.75	0.7028
642.875	0.7028
643.0	0.7004
643.125	0.702
643.25	0.7028
643.375	0.7028
643.5	0.7028
643.625	0.7075
643.75	0.7122
643.875	0.7185
644.0	0.7311
644.125	0.7444
644.25	0.7555
644.375	0.7641
644.5	0.7696
644.625	0.7751
644.75	0.7783
644.875	0.7783
645.0	0.783
645.125	0.783
645.25	0.7838
645.375	0.783
645.5	0.7798
645.625	0.7751
645.75	0.7625
645.875	0.7531
646.0	0.7405
646.125	0.7287
646.25	0.7201
646.375	0.7138
646.5	0.7122
646.625	0.7075
646.75	0.7051
646.875	0.702
647.0	0.7067
647.125	0.7028
647.25	0.7028
647.375	0.7036
647.5	0.7051
647.625	0.7075
647.75	0.7099
647.875	0.7169
648.0	0.7216
648.125	0.7264
648.25	0.7311
648.375	0.7366
648.5	0.7405
648.625	0.7405
648.75	0.7405
648.875	0.7421
649.0	0.7452
649.125	0.7452
649.25	0.7452
649.375	0.7405
649.5	0.7405
649.625	0.735
649.75	0.7311
649.875	0.7232
650.0	0.7177
650.125	0.7138
650.25	0.7083
650.375	0.7075
650.5	0.7075
650.625	0.7059
650.75	0.7075
650.875	0.7075
651.0	0.7075
651.125	0.7075
651.25	0.7075
651.375	0.7075
651.5	0.7067
651.625	0.7036
651.75	0.7044
651.875	0.7075
652.0	0.7059
652.125	0.7075
652.25	0.7059
652.375	0.7044
652.5	0.7028
652.625	0.7028
652.75	0.7075
652.875	0.7028
653.0	0.7028
653.125	0.7028
653.25	0.7067
653.375	0.7044
653.5	0.7028
653.625	0.7028
653.75	0.7036
653.875	0.7028
654.0	0.7028
654.125	0.7028
654.25	0.7028
654.375	0.7028
654.5	0.702
654.625	0.6996
654.75	0.6981
654.875	0.6988
655.0	0.6965
655.125	0.6933
655.25	0.6933
655.375	0.6933
655.5	0.6886
655.625	0.6886
655.75	0.6863
655.875	0.6839
656.0	0.6847
656.125	0.6839
656.25	0.6816
656.375	0.6792
656.5	0.6792
656.625	0.6792
656.75	0.6792
656.875	0.6776
657.0	0.6784
657.125	0.6792
657.25	0.6776
657.375	0.6792
657.5	0.6792
657.625	0.6745
657.75	0.6745
657.875	0.6753
658.0	0.6761
658.125	0.6745
658.25	0.6729
658.375	0.6745
658.5	0.6745
658.625	0.6745
658.75	0.6729
658.875	0.6745
659.0	0.6737
659.125	0.6729
659.25	0.6745
659.375	0.6737
659.5	0.6745
659.625	0.6745
659.75	0.6745
659.875	0.6745
660.0	0.6745
660.125	0.6792
660.25	0.6792
660.375	0.6792
660.5	0.6792
660.625	0.6816
660.75	0.6816
660.875	0.6831
661.0	0.6831
661.125	0.6839
661.25	0.6839
661.375	0.6839
661.5	0.6871
661.625	0.6847
661.75	0.6839
661.875	0.6839
662.0	0.6839
662.125	0.6839
662.25	0.6839
662.375	0.6839
662.5	0.6839
662.625	0.6839
662.75	0.6839
662.875	0.6855
663.0	0.6847
663.125	0.6863
663.25	0.6839
663.375	0.6839
663.5	0.6839
663.625	0.6855
663.75	0.6863
663.875	0.6871
664.0	0.6839
664.125	0.6839
664.25	0.6847
664.375	0.6855
664.5	0.6839
664.625	0.6863
664.75	0.6839
664.875	0.6847
665.0	0.6839
665.125	0.6839
665.25	0.6839
665.375	0.6839
665.5	0.6839
665.625	0.6839
665.75	0.6839
665.875	0.6878
666.0	0.6871
666.125	0.6878
666.25	0.6871
666.375	0.6886
666.5	0.6886
666.625	0.6886
666.75	0.6863
666.875	0.6863
667.0	0.6886
667.125	0.6886
667.25	0.6886
667.375	0.6886
667.5	0.6886
667.625	0.6886
667.75	0.6863
667.875	0.6855
668.0	0.6886
668.125	0.6847
668.25	0.6878
668.375	0.6839
668.5	0.6847
668.625	0.6847
668.75	0.6863
668.875	0.6894
669.0	0.6933
669.125	0.6981
669.25	0.7075
669.375	0.7154
669.5	0.7216
669.625	0.7272
669.75	0.7264
669.875	0.7311
670.0	0.735
670.125	0.7342
670.25	0.7358
670.375	0.7374
670.5	0.7366
670.625	0.7327
670.75	0.7295
670.875	0.7232
671.0	0.7161
671.125	0.7075
671.25	0.6996
671.375	0.6949
671.5	0.6918
671.625	0.6878
671.75	0.6847
671.875	0.6839
672.0	0.6792
672.125	0.6792
672.25	0.6792
672.375	0.6792
672.5	0.6792
672.625	0.6792
672.75	0.6792
672.875	0.6784
673.0	0.6792
673.125	0.6776
673.25	0.6776
673.375	0.6768
673.5	0.6745
673.625	0.6745
673.75	0.6776
673.875	0.6792
674.0	0.6761
674.125	0.6776
674.25	0.6753
674.375	0.6776
674.5	0.6753
674.625	0.6745
674.75	0.6768
674.875	0.6776
675.0	0.6776
675.125	0.6745
675.25	0.6753
675.375	0.6761
675.5	0.6761
675.625	0.6753
675.75	0.6761
675.875	0.6761
676.0	0.6792
676.125	0.6776
676.25	0.6792
676.375	0.6792
676.5	0.6792
676.625	0.6792
676.75	0.6745
676.875	0.6792
677.0	0.6792
677.125	0.6792
677.25	0.6792
677.375	0.6768
677.5	0.6792
677.625	0.6792
677.75	0.6792
677.875	0.6792
678.0	0.6776
678.125	0.6753
678.25	0.6792
678.375	0.6784
678.5	0.6784
678.625	0.6792
678.75	0.6745
678.875	0.6784
679.0	0.6792
679.125	0.6792
679.25	0.6831
679.375	0.6855
679.5	0.6933
679.625	0.6981
679.75	0.7083
679.875	0.7146
680.0	0.7224
680.125	0.7272
680.25	0.7319
680.375	0.7358
680.5	0.7405
680.625	0.7452
680.75	0.746
680.875	0.75
681.0	0.75
681.125	0.7452
681.25	0.7413
681.375	0.735
681.5	0.7279
681.625	0.7193
681.75	0.713
681.875	0.7036
682.0	0.7028
682.125	0.6933
682.25	0.6926
682.375	0.6878
682.5	0.6839
682.625	0.6839
682.75	0.6792
682.875	0.6792
683.0	0.6745
683.125	0.6761
683.25	0.6753
683.375	0.6745
683.5	0.6745
683.625	0.6745
683.75	0.6745
683.875	0.6753
684.0	0.6753
684.125	0.6753
684.25	0.6745
684.375	0.6745
684.5	0.6745
684.625	0.6745
684.75	0.6745
684.875	0.6753
685.0	0.6745
685.125	0.6745
685.25	0.6745
685.375	0.6745
685.5	0.6761
685.625	0.6761
685.75	0.6792
685.875	0.6792
686.0	0.6792
686.125	0.6784
686.25	0.6776
686.375	0.6792
686.5	0.6792
686.625	0.6792
686.75	0.6776
686.875	0.6761
687.0	0.6792
687.125	0.6776
687.25	0.6768
687.375	0.6792
687.5	0.6784
687.625	0.6753
687.75	0.6753
687.875	0.6761
688.0	0.6776
688.125	0.6761
688.25	0.6745
688.375	0.6745
688.5	0.6745
688.625	0.6745
688.75	0.6705
688.875	0.6713
689.0	0.6745
689.125	0.6737
689.25	0.6698
689.375	0.6705
689.5	0.6698
689.625	0.6698
689.75	0.6698
689.875	0.6721
690.0	0.6698
690.125	0.6674
690.25	0.6698
690.375	0.6698
690.5	0.6698
690.625	0.669
690.75	0.6698
690.875	0.6698
691.0	0.665
691.125	0.6666
691.25	0.6666
691.375	0.665
691.5	0.6658
691.625	0.6674
691.75	0.6666
691.875	0.665
692.0	0.6658
692.125	0.665
692.25	0.665
692.375	0.665
692.5	0.665
692.625	0.665
692.75	0.665
692.875	0.6619
693.0	0.6643
693.125	0.6627
693.25	0.6643
693.375	0.6627
693.5	0.6643
693.625	0.6635
693.75	0.665
693.875	0.669
694.0	0.6705
694.125	0.6698
694.25	0.669
694.375	0.6682
694.5	0.6698
694.625	0.6698
694.75	0.6698
694.875	0.6698
695.0	0.6698
695.125	0.6698
695.25	0.6698
695.375	0.6705
695.5	0.6698
695.625	0.6698
695.75	0.6682
695.875	0.665
696.0	0.6674
696.125	0.6658
696.25	0.665
696.375	0.665
696.5	0.665
696.625	0.665
696.75	0.665
696.875	0.665
697.0	0.6643
697.125	0.6643
697.25	0.6643
697.375	0.665
697.5	0.6627
697.625	0.6603
697.75	0.6619
697.875	0.6619
698.0	0.6611
698.125	0.6643
698.25	0.6635
698.375	0.6627
698.5	0.6619
698.625	0.665
698.75	0.6611
698.875	0.665
699.0	0.6643
699.125	0.6627
699.25	0.6635
699.375	0.6611
699.5	0.665
699.625	0.665
699.75	0.665
699.875	0.665
700.0	0.6658
700.125	0.6666
700.25	0.665
700.375	0.665
700.5	0.669
700.625	0.669
700.75	0.6698
700.875	0.6745
701.0	0.6792
701.125	0.6792
701.25	0.6808
701.375	0.6855
701.5	0.6839
701.625	0.6855
701.75	0.6878
701.875	0.6886
702.0	0.6902
702.125	0.691
702.25	0.691
702.375	0.6933
702.5	0.6894
702.625	0.6886
702.75	0.6871
702.875	0.6871
703.0	0.6847
703.125	0.6839
703.25	0.6831
703.375	0.6839
703.5	0.6839
703.625	0.6831
703.75	0.6839
703.875	0.6855
704.0	0.6839
704.125	0.6847
704.25	0.6886
704.375	0.6855
704.5	0.6886
704.625	0.6878
704.75	0.6886
704.875	0.6886
705.0	0.6878
705.125	0.6886
705.25	0.6886
705.375	0.6886
705.5	0.6886
705.625	0.6918
705.75	0.6918
705.875	0.6933
706.0	0.6918
706.125	0.6933
706.25	0.6949
706.375	0.6941
706.5	0.6981
706.625	0.6941
706.75	0.6957
706.875	0.6981
707.0	0.6981
707.125	0.6981
707.25	0.6996
707.375	0.7004
707.5	0.6988
707.625	0.7012
707.75	0.7028
707.875	0.7028
708.0	0.7012
708.125	0.7028
708.25	0.7036
708.375	0.7044
708.5	0.7028
708.625	0.7036
708.75	0.7044
708.875	0.7028
709.0	0.7028
709.125	0.7028
709.25	0.7028
709.375	0.7028
709.5	0.7036
709.625	0.7075
709.75	0.7051
709.875	0.7028
710.0	0.7028
710.125	0.7044
710.25	0.7028
710.375	0.7028
710.5	0.7028
710.625	0.7028
710.75	0.7028
710.875	0.7028
711.0	0.7028
711.125	0.7028
711.25	0.7028
711.375	0.7028
711.5	0.6996
711.625	0.7028
711.75	0.6981
711.875	0.6996
712.0	0.6996
712.125	0.7012
712.25	0.6981
712.375	0.6981
712.5	0.6981
712.625	0.6981
712.75	0.6973
712.875	0.6981
713.0	0.6981
713.125	0.6981
713.25	0.6981
713.375	0.6981
713.5	0.6949
713.625	0.6949
713.75	0.6933
713.875	0.6933
714.0	0.6933
714.125	0.6933
714.25	0.6918
714.375	0.6933
714.5	0.6933
714.625	0.6918
714.75	0.6886
714.875	0.6886
715.0	0.6878
715.125	0.6886
715.25	0.6886
715.375	0.6863
715.5	0.6847
715.625	0.6839
715.75	0.6831
715.875	0.6839
716.0	0.6831
716.125	0.6839
716.25	0.6792
716.375	0.6792
716.5	0.68
716.625	0.68
716.75	0.6792
716.875	0.6792
717.0	0.6792
717.125	0.6792
717.25	0.6784
717.375	0.6784
717.5	0.6792
717.625	0.6776
717.75	0.6776
717.875	0.6784
718.0	0.6745
718.125	0.6792
718.25	0.6768
718.375	0.6761
718.5	0.6761
718.625	0.6745
718.75	0.6745
718.875	0.6745
719.0	0.6761
719.125	0.6745
719.25	0.6753
719.375	0.6753
719.5	0.6745
719.625	0.6753
719.75	0.6745
719.875	0.6745
720.0	0.6753
720.125	0.6745
720.25	0.6776
720.375	0.6792
720.5	0.6792
720.625	0.6792
720.75	0.6784
720.875	0.6792
721.0	0.6792
721.125	0.6792
721.25	0.6792
721.375	0.6831
721.5	0.6831
721.625	0.6792
721.75	0.6839
721.875	0.6831
722.0	0.6823
722.125	0.6847
722.25	0.6839
722.375	0.6839
722.5	0.6847
722.625	0.6839
722.75	0.6839
722.875	0.6855
723.0	0.6863
723.125	0.6878
723.25	0.6878
723.375	0.6894
723.5	0.6886
723.625	0.6902
723.75	0.6933
723.875	0.6933
724.0	0.6933
724.125	0.6933
724.25	0.6933
724.375	0.6981
724.5	0.6973
724.625	0.6988
724.75	0.6988
724.875	0.6996
725.0	0.6988
725.125	0.702
725.25	0.702
725.375	0.7012
725.5	0.702
725.625	0.702
725.75	0.7004
725.875	0.7028
726.0	0.7028
726.125	0.7028
726.25	0.7028
726.375	0.7028
726.5	0.702
726.625	0.7004
726.75	0.7012
726.875	0.6996
727.0	0.6981
727.125	0.6973
727.25	0.6965
727.375	0.6949
727.5	0.6933
727.625	0.6933
727.75	0.6933
727.875	0.6933
728.0	0.691
728.125	0.6886
728.25	0.6878
728.375	0.6847
728.5	0.6839
728.625	0.6839
728.75	0.6816
728.875	0.6792
729.0	0.6761
729.125	0.6768
729.25	0.6745
729.375	0.6745
729.5	0.6698
729.625	0.6698
729.75	0.6698
729.875	0.6698
730.0	0.6698
730.125	0.665
730.25	0.6666
730.375	0.665
730.5	0.665
730.625	0.6666
730.75	0.665
730.875	0.665
731.0	0.665
731.125	0.665
731.25	0.665
731.375	0.6635
731.5	0.6635
731.625	0.6635
731.75	0.6635
731.875	0.665
732.0	0.665
732.125	0.6627
732.25	0.6603
732.375	0.6603
732.5	0.6603
732.625	0.6603
732.75	0.6603
732.875	0.6603
733.0	0.6603
733.125	0.6603
733.25	0.6603
733.375	0.6603
733.5	0.6595
733.625	0.6603
733.75	0.6611
733.875	0.6603
734.0	0.6588
734.125	0.6595
734.25	0.6603
734.375	0.6603
734.5	0.6595
734.625	0.6603
734.75	0.6595
734.875	0.6595
735.0	0.6595
735.125	0.6603
735.25	0.6595
735.375	0.6595
735.5	0.6595
735.625	0.6603
735.75	0.6603
735.875	0.6603
736.0	0.6588
736.125	0.6603
736.25	0.6603
736.375	0.6603
736.5	0.6603
736.625	0.6603
736.75	0.6603
736.875	0.6603
737.0	0.6611
737.125	0.6603
737.25	0.6619
737.375	0.6619
737.5	0.6619
737.625	0.6611
737.75	0.6603
737.875	0.6611
738.0	0.6603
738.125	0.6627
738.25	0.6643
738.375	0.665
738.5	0.6619
738.625	0.6643
738.75	0.6643
738.875	0.665
739.0	0.665
739.125	0.665
739.25	0.665
739.375	0.6658
739.5	0.6682
739.625	0.6698
739.75	0.6698
739.875	0.6698
740.0	0.6698
740.125	0.6737
740.25	0.6737
740.375	0.6745
740.5	0.6745
740.625	0.6792
740.75	0.6792
740.875	0.68
741.0	0.6816
741.125	0.6863
741.25	0.6871
741.375	0.6886
741.5	0.6902
741.625	0.6894
741.75	0.6933
741.875	0.6926
742.0	0.6926
742.125	0.6933
742.25	0.6965
742.375	0.6973
742.5	0.6981
742.625	0.6981
742.75	0.6965
742.875	0.6981
743.0	0.6981
743.125	0.6981
743.25	0.6973
743.375	0.6988
743.5	0.7004
743.625	0.6996
743.75	0.6981
743.875	0.6981
744.0	0.6981
744.125	0.6996
744.25	0.6981
744.375	0.6981
744.5	0.6981
744.625	0.7004
744.75	0.6996
744.875	0.6981
745.0	0.6981
745.125	0.6957
745.25	0.6973
745.375	0.6965
745.5	0.6941
745.625	0.6941
745.75	0.6941
745.875	0.6933
746.0	0.691
746.125	0.6902
746.25	0.6918
746.375	0.6894
746.5	0.6886
746.625	0.6886
746.75	0.6886
746.875	0.6886
747.0	0.6878
747.125	0.6886
747.25	0.6886
747.375	0.6878
747.5	0.6855
747.625	0.6855
747.75	0.6863
747.875	0.6839
748.0	0.6886
748.125	0.6886
748.25	0.6871
748.375	0.6886
748.5	0.6839
748.625	0.6855
748.75	0.6863
748.875	0.6863
749.0	0.6839
749.125	0.6839
749.25	0.6878
749.375	0.6847
749.5	0.6863
749.625	0.6886
749.75	0.6863
749.875	0.6839
750.0	0.6871
750.125	0.6878
750.25	0.6863
750.375	0.6855
750.5	0.6871
750.625	0.6886
750.75	0.6855
750.875	0.6855
751.0	0.6878
751.125	0.6886
751.25	0.6886
751.375	0.6886
751.5	0.6886
751.625	0.6886
751.75	0.6886
751.875	0.6886
752.0	0.6886
752.125	0.6894
752.25	0.6886
752.375	0.6902
752.5	0.6886
752.625	0.6886
752.75	0.6886
752.875	0.6886
753.0	0.691
753.125	0.6886
753.25	0.6894
753.375	0.6933
753.5	0.6933
753.625	0.6933
753.75	0.6965
753.875	0.6973
754.0	0.6981
754.125	0.702
754.25	0.7051
754.375	0.7075
754.5	0.7083
754.625	0.7083
754.75	0.7083
754.875	0.7106
755.0	0.7099
755.125	0.7091
755.25	0.7114
755.375	0.7099
755.5	0.7083
755.625	0.7067
755.75	0.7028
755.875	0.7004
756.0	0.6981
756.125	0.6973
756.25	0.6957
756.375	0.6933
756.5	0.6941
756.625	0.6918
756.75	0.6933
756.875	0.6933
757.0	0.6933
757.125	0.6902
757.25	0.6918
757.375	0.6918
757.5	0.6894
757.625	0.6933
757.75	0.6926
757.875	0.6933
758.0	0.6933
758.125	0.6933
758.25	0.6918
758.375	0.6933
758.5	0.6933
758.625	0.6894
758.75	0.6918
758.875	0.6933
759.0	0.6918
759.125	0.6918
759.25	0.6933
759.375	0.6933
759.5	0.6918
759.625	0.6933
759.75	0.6933
759.875	0.691
760.0	0.6918
760.125	0.6918
760.25	0.6933
760.375	0.6933
760.5	0.6933
760.625	0.6918
760.75	0.6933
760.875	0.6933
761.0	0.6933
761.125	0.6918
761.25	0.6926
761.375	0.6918
761.5	0.6933
761.625	0.6933
761.75	0.6926
761.875	0.6933
762.0	0.6933
762.125	0.6941
762.25	0.6933
762.375	0.6926
762.5	0.6918
762.625	0.691
762.75	0.6933
762.875	0.6933
763.0	0.6933
763.125	0.691
763.25	0.6926
763.375	0.6926
763.5	0.6894
763.625	0.6902
763.75	0.6902
763.875	0.6886
764.0	0.6902
764.125	0.6926
764.25	0.6902
764.375	0.6886
764.5	0.6886
764.625	0.691
764.75	0.6886
764.875	0.6886
765.0	0.6894
765.125	0.6894
765.25	0.6886
765.375	0.6886
765.5	0.6886
765.625	0.6871
765.75	0.6886
765.875	0.6878
766.0	0.6863
766.125	0.6855
766.25	0.6878
766.375	0.6886
766.5	0.6886
766.625	0.6878
766.75	0.6878
766.875	0.6878
767.0	0.6839
767.125	0.6839
767.25	0.6847
767.375	0.6871
767.5	0.6855
767.625	0.6847
767.75	0.6863
767.875	0.6855
768.0	0.6839
768.125	0.6839
768.25	0.6847
768.375	0.6847
768.5	0.6839
768.625	0.6847
768.75	0.6847
768.875	0.6839
769.0	0.6839
769.125	0.6839
769.25	0.6839
769.375	0.6855
769.5	0.6839
769.625	0.6839
769.75	0.6886
769.875	0.6855
770.0	0.6839
770.125	0.6839
770.25	0.6863
770.375	0.6847
770.5	0.6839
770.625	0.6871
770.75	0.6839
770.875	0.6871
771.0	0.6871
771.125	0.6886
771.25	0.6855
771.375	0.6855
771.5	0.6863
771.625	0.6878
771.75	0.6871
771.875	0.6847
772.0	0.6847
772.125	0.6863
772.25	0.6847
772.375	0.6863
772.5	0.6863
772.625	0.6863
772.75	0.6886
772.875	0.6886
773.0	0.6871
773.125	0.6855
773.25	0.6886
773.375	0.6847
773.5	0.6878
773.625	0.6847
773.75	0.6847
773.875	0.6878
774.0	0.6886
774.125	0.6839
774.25	0.6878
774.375	0.6886
774.5	0.6878
774.625	0.6886
774.75	0.6878
774.875	0.6847
775.0	0.6886
775.125	0.6878
775.25	0.6878
775.375	0.6886
775.5	0.6886
775.625	0.6886
775.75	0.6886
775.875	0.6878
776.0	0.6871
776.125	0.6886
776.25	0.6878
776.375	0.6855
776.5	0.6855
776.625	0.6878
776.75	0.6839
776.875	0.6839
777.0	0.6839
777.125	0.6839
777.25	0.6839
777.375	0.6831
777.5	0.6792
777.625	0.6808
777.75	0.68
777.875	0.6831
778.0	0.6831
778.125	0.6839
778.25	0.6792
778.375	0.6823
778.5	0.6808
778.625	0.6792
778.75	0.6784
778.875	0.6792
779.0	0.6784
779.125	0.6792
779.25	0.6792
779.375	0.68
779.5	0.6792
779.625	0.68
779.75	0.6831
779.875	0.6831
780.0	0.6839
780.125	0.6831
780.25	0.6831
780.375	0.6839
780.5	0.6863
780.625	0.6863
780.75	0.6878
780.875	0.6894
781.0	0.6894
781.125	0.6926
781.25	0.6933
781.375	0.6949
781.5	0.6933
781.625	0.6941
781.75	0.6973
781.875	0.6957
782.0	0.6981
782.125	0.6988
782.25	0.702
782.375	0.7004
782.5	0.6996
782.625	0.7004
782.75	0.6988
782.875	0.6981
783.0	0.6996
783.125	0.6996
783.25	0.7004
783.375	0.6996
783.5	0.6988
783.625	0.6996
783.75	0.7004
783.875	0.7012
784.0	0.7012
784.125	0.7028
784.25	0.702
784.375	0.7004
784.5	0.7028
784.625	0.7012
784.75	0.7028
784.875	0.6996
785.0	0.6996
785.125	0.6981
785.25	0.6965
785.375	0.6933
785.5	0.6941
785.625	0.6933
785.75	0.6926
785.875	0.6933
786.0	0.6894
786.125	0.6902
786.25	0.6886
786.375	0.6886
786.5	0.6886
786.625	0.6886
786.75	0.6863
786.875	0.6871
787.0	0.6878
787.125	0.6871
787.25	0.6847
787.375	0.6855
787.5	0.6839
787.625	0.6839
787.75	0.6839
787.875	0.6855
788.0	0.6839
788.125	0.6847
788.25	0.6839
788.375	0.6847
788.5	0.6839
788.625	0.6839
788.75	0.6839
788.875	0.6855
789.0	0.6886
789.125	0.6894
789.25	0.6926
789.375	0.6933
789.5	0.6933
789.625	0.6965
789.75	0.6981
789.875	0.6988
790.0	0.7012
790.125	0.702
790.25	0.702
790.375	0.7004
790.5	0.7012
790.625	0.6981
790.75	0.6996
790.875	0.7012
791.0	0.6996
791.125	0.7012
791.25	0.6988
791.375	0.6996
791.5	0.6988
791.625	0.6981
791.75	0.7004
791.875	0.702
792.0	0.6996
792.125	0.6996
792.25	0.6981
792.375	0.6981
792.5	0.6996
792.625	0.6981
792.75	0.6996
792.875	0.6981
793.0	0.6981
793.125	0.6981
793.25	0.6981
793.375	0.6981
793.5	0.6988
793.625	0.6973
793.75	0.6981
793.875	0.6973
794.0	0.6973
794.125	0.6981
794.25	0.6981
794.375	0.6957
794.5	0.6981
794.625	0.6973
794.75	0.6957
794.875	0.6973
795.0	0.6981
795.125	0.6933
795.25	0.6965
795.375	0.6949
795.5	0.6933
795.625	0.6973
795.75	0.6957
795.875	0.6949
796.0	0.6973
796.125	0.6957
796.25	0.6981
796.375	0.6957
796.5	0.6957
796.625	0.6949
796.75	0.6981
796.875	0.6973
797.0	0.6941
797.125	0.6941
797.25	0.6949
797.375	0.6941
797.5	0.6941
797.625	0.6949
797.75	0.6949
797.875	0.6965
798.0	0.6965
798.125	0.6973
798.25	0.6933
798.375	0.6941
798.5	0.6933
798.625	0.6933
798.75	0.6933
798.875	0.6933
799.0	0.6933
799.125	0.6933
799.25	0.6933
799.375	0.6941
799.5	0.6933
799.625	0.6941
799.75	0.6933
799.875	0.6933
800.0	0.6933
800.125	0.6926
800.25	0.6933
800.375	0.6918
800.5	0.6918
800.625	0.691
800.75	0.6886
800.875	0.6894
801.0	0.6886
801.125	0.6886
801.25	0.6926
801.375	0.6894
801.5	0.6886
801.625	0.6886
801.75	0.6878
801.875	0.6886
802.0	0.6886
802.125	0.6886
802.25	0.6839
802.375	0.6847
802.5	0.6863
802.625	0.6863
802.75	0.6863
802.875	0.6855
803.0	0.6855
803.125	0.6839
803.25	0.6871
803.375	0.6871
803.5	0.6871
803.625	0.6839
803.75	0.6831
803.875	0.6831
804.0	0.6839
804.125	0.6839
804.25	0.6831
804.375	0.6831
804.5	0.6839
804.625	0.68
804.75	0.6831
804.875	0.6823
805.0	0.6839
805.125	0.6816
805.25	0.6792
805.375	0.6816
805.5	0.6792
805.625	0.68
805.75	0.6816
805.875	0.6831
806.0	0.68
806.125	0.6792
806.25	0.6816
806.375	0.6792
806.5	0.6792
806.625	0.68
806.75	0.6792
806.875	0.6792
807.0	0.6792
807.125	0.68
807.25	0.6784
807.375	0.6792
807.5	0.6784
807.625	0.6792
807.75	0.6792
807.875	0.6792
808.0	0.6792
808.125	0.6792
808.25	0.6792
808.375	0.6792
808.5	0.6792
808.625	0.6776
808.75	0.6776
808.875	0.6792
809.0	0.6784
809.125	0.6792
809.25	0.6776
809.375	0.6768
809.5	0.6768
809.625	0.6745
809.75	0.6753
809.875	0.6768
810.0	0.6761
810.125	0.6784
810.25	0.6792
810.375	0.6792
810.5	0.6792
810.625	0.6784
810.75	0.6776
810.875	0.6745
811.0	0.6792
811.125	0.6792
811.25	0.6784
811.375	0.6784
811.5	0.6776
811.625	0.6792
811.75	0.6784
811.875	0.6792
812.0	0.6792
812.125	0.6784
812.25	0.6792
812.375	0.6792
812.5	0.6784
812.625	0.6792
812.75	0.6792
812.875	0.6784
813.0	0.6792
813.125	0.6776
813.25	0.6792
813.375	0.6792
813.5	0.6792
813.625	0.6792
813.75	0.6792
813.875	0.6792
814.0	0.6792
814.125	0.6784
814.25	0.6784
814.375	0.6792
814.5	0.6792
814.625	0.6792
814.75	0.6792
814.875	0.6792
815.0	0.6792
815.125	0.6792
815.25	0.6792
815.375	0.6792
815.5	0.6808
815.625	0.6808
815.75	0.68
815.875	0.68
816.0	0.68
816.125	0.6792
816.25	0.68
816.375	0.6792
816.5	0.68
816.625	0.6792
816.75	0.6808
816.875	0.6792
817.0	0.6792
817.125	0.6792
817.25	0.68
817.375	0.6792
817.5	0.6792
817.625	0.6792
817.75	0.68
817.875	0.6792
818.0	0.6792
818.125	0.6792
818.25	0.6792
818.375	0.6792
818.5	0.6792
818.625	0.6792
818.75	0.6792
818.875	0.68
819.0	0.68
819.125	0.6792
819.25	0.6816
819.375	0.6792
819.5	0.68
819.625	0.68
819.75	0.68
819.875	0.6792
820.0	0.68
820.125	0.6792
820.25	0.6792
820.375	0.68
820.5	0.68
820.625	0.6808
820.75	0.6816
820.875	0.6792
821.0	0.6792
821.125	0.68
821.25	0.6792
821.375	0.6792
821.5	0.6792
821.625	0.6792
821.75	0.6792
821.875	0.6792
822.0	0.6816
822.125	0.6816
822.25	0.68
822.375	0.6792
822.5	0.68
822.625	0.6792
822.75	0.68
822.875	0.6792
823.0	0.6792
823.125	0.6808
823.25	0.68
823.375	0.6792
823.5	0.6792
823.625	0.68
823.75	0.6792
823.875	0.6792
824.0	0.6792
824.125	0.68
824.25	0.6808
824.375	0.6808
824.5	0.6792
824.625	0.6792
824.75	0.6792
824.875	0.68
825.0	0.6792
825.125	0.6792
825.25	0.6792
825.375	0.68
825.5	0.68
825.625	0.68
825.75	0.68
825.875	0.6792
826.0	0.68
826.125	0.68
826.25	0.6792
826.375	0.6839
826.5	0.6792
826.625	0.6792
826.75	0.6808
826.875	0.6823
827.0	0.6816
827.125	0.68
827.25	0.6823
827.375	0.6816
827.5	0.6816
827.625	0.6792
827.75	0.6792
827.875	0.6831
828.0	0.6831
828.125	0.6831
828.25	0.68
828.375	0.6808
828.5	0.6816
828.625	0.6792
828.75	0.6792
828.875	0.68
829.0	0.6816
829.125	0.6831
829.25	0.6816
829.375	0.6808
829.5	0.6839
829.625	0.6839
829.75	0.68
829.875	0.68
830.0	0.6808
830.125	0.6816
830.25	0.6823
830.375	0.68
830.5	0.6792
830.625	0.6816
830.75	0.68
830.875	0.6831
831.0	0.6831
831.125	0.6792
831.25	0.6816
831.375	0.6816
831.5	0.6831
831.625	0.6808
831.75	0.6839
831.875	0.6831
832.0	0.68
832.125	0.6808
832.25	0.6816
832.375	0.6839
832.5	0.6831
832.625	0.6839
832.75	0.6816
832.875	0.6792
833.0	0.6823
833.125	0.6839
833.25	0.6831
833.375	0.6823
833.5	0.6839
833.625	0.6831
833.75	0.6839
833.875	0.6816
834.0	0.6839
834.125	0.6847
834.25	0.6831
834.375	0.6839
834.5	0.6839
834.625	0.6839
834.75	0.6831
834.875	0.6831
835.0	0.6839
835.125	0.6839
835.25	0.6839
835.375	0.6823
835.5	0.6831
835.625	0.6816
835.75	0.6839
835.875	0.6839
836.0	0.6839
836.125	0.6839
836.25	0.6839
836.375	0.6831
836.5	0.6839
836.625	0.6839
836.75	0.6823
836.875	0.6816
837.0	0.6831
837.125	0.6831
837.25	0.6831
837.375	0.6839
837.5	0.6839
837.625	0.6831
837.75	0.6823
837.875	0.6816
838.0	0.6839
838.125	0.6839
838.25	0.6816
838.375	0.6839
838.5	0.6831
838.625	0.6808
838.75	0.6808
838.875	0.6839
839.0	0.6839
839.125	0.6831
839.25	0.6839
839.375	0.6823
839.5	0.6816
839.625	0.6816
839.75	0.6839
839.875	0.6839
840.0	0.6831
840.125	0.68
840.25	0.6816
840.375	0.6816
840.5	0.6831
840.625	0.6839
840.75	0.6823
840.875	0.6823
841.0	0.6839
841.125	0.6839
841.25	0.6831
841.375	0.6839
841.5	0.6847
841.625	0.6831
841.75	0.6839
841.875	0.6808
842.0	0.6808
842.125	0.6816
842.25	0.6831
842.375	0.6831
842.5	0.68
842.625	0.6839
842.75	0.6831
842.875	0.6839
843.0	0.6816
843.125	0.6808
843.25	0.6839
843.375	0.6831
843.5	0.6823
843.625	0.6823
843.75	0.6831
843.875	0.6816
844.0	0.6839
844.125	0.6792
844.25	0.6823
844.375	0.6808
844.5	0.6823
844.625	0.6839
844.75	0.6839
844.875	0.6816
845.0	0.68
845.125	0.6808
845.25	0.6816
845.375	0.6808
845.5	0.6792
845.625	0.6831
845.75	0.6823
845.875	0.6792
846.0	0.6792
846.125	0.6831
846.25	0.6831
846.375	0.6839
846.5	0.6808
846.625	0.6839
846.75	0.6831
846.875	0.6808
847.0	0.68
847.125	0.6816
847.25	0.68
847.375	0.6823
847.5	0.6816
847.625	0.6808
847.75	0.6839
847.875	0.6831
848.0	0.6831
848.125	0.6816
848.25	0.6839
848.375	0.6839
848.5	0.6816
848.625	0.6839
848.75	0.6823
848.875	0.6808
849.0	0.6839
849.125	0.6839
849.25	0.6823
849.375	0.6816
849.5	0.68
849.625	0.6808
849.75	0.6823
849.875	0.6839
850.0	0.6823
850.125	0.6839
850.25	0.6839
850.375	0.6823
850.5	0.6831
850.625	0.6839
850.75	0.6839
850.875	0.6847
851.0	0.6839
851.125	0.6816
851.25	0.6839
851.375	0.6839
851.5	0.68
851.625	0.6831
851.75	0.6839
851.875	0.6839
852.0	0.6831
852.125	0.6823
852.25	0.68
852.375	0.68
852.5	0.6839
852.625	0.6839
852.75	0.6839
852.875	0.6831
853.0	0.6831
853.125	0.6839
853.25	0.6831
853.375	0.6831
853.5	0.6839
853.625	0.6847
853.75	0.6839
853.875	0.6831
854.0	0.6831
854.125	0.6839
854.25	0.6839
854.375	0.6839
854.5	0.6847
854.625	0.6847
854.75	0.6839
854.875	0.6839
855.0	0.6839
855.125	0.6839
855.25	0.6871
855.375	0.6855
855.5	0.6886
855.625	0.6847
855.75	0.6871
855.875	0.6878
856.0	0.6847
856.125	0.6839
856.25	0.6863
856.375	0.6878
856.5	0.6886
856.625	0.6886
856.75	0.6878
856.875	0.6871
857.0	0.6871
857.125	0.6878
857.25	0.6839
857.375	0.6886
857.5	0.6902
857.625	0.6886
857.75	0.6894
857.875	0.6871
858.0	0.6894
858.125	0.6886
858.25	0.6886
858.375	0.6886
858.5	0.6886
858.625	0.6886
858.75	0.6886
858.875	0.6886
859.0	0.6886
859.125	0.6902
859.25	0.6886
859.375	0.6886
859.5	0.6886
859.625	0.6894
859.75	0.6886
859.875	0.6886
860.0	0.6886
860.125	0.6886
860.25	0.6886
860.375	0.6878
860.5	0.6871
860.625	0.6863
860.75	0.6855
860.875	0.6878
861.0	0.6855
861.125	0.6839
861.25	0.6839
861.375	0.6839
861.5	0.6839
861.625	0.6839
861.75	0.6839
861.875	0.6839
862.0	0.6839
862.125	0.6839
862.25	0.6839
862.375	0.6831
862.5	0.6831
862.625	0.6816
862.75	0.6831
862.875	0.6839
863.0	0.6839
863.125	0.6839
863.25	0.6823
863.375	0.68
863.5	0.6839
863.625	0.6831
863.75	0.6839
863.875	0.6808
864.0	0.6831
864.125	0.6823
864.25	0.6831
864.375	0.6839
864.5	0.6823
864.625	0.6808
864.75	0.6839
864.875	0.6823
865.0	0.6839
865.125	0.6831
865.25	0.6823
865.375	0.6839
865.5	0.6839
865.625	0.6839
865.75	0.6823
865.875	0.6839
866.0	0.6816
866.125	0.6839
866.25	0.6831
866.375	0.6839
866.5	0.6839
866.625	0.6839
866.75	0.6839
866.875	0.6839
867.0	0.6831
867.125	0.6839
867.25	0.6839
867.375	0.6847
867.5	0.6839
867.625	0.6839
867.75	0.6839
867.875	0.6839
868.0	0.6886
868.125	0.6839
868.25	0.6855
868.375	0.6855
868.5	0.6839
868.625	0.6839
868.75	0.6863
868.875	0.6863
869.0	0.6855
869.125	0.6886
869.25	0.6886
869.375	0.6855
869.5	0.6878
869.625	0.6894
869.75	0.691
869.875	0.6894
870.0	0.6926
870.125	0.6933
870.25	0.6933
870.375	0.6933
870.5	0.6933
870.625	0.6941
870.75	0.6949
870.875	0.6949
871.0	0.6973
871.125	0.6981
871.25	0.6988
871.375	0.6981
871.5	0.6981
871.625	0.6981
871.75	0.6996
871.875	0.7004
872.0	0.7028
872.125	0.7028
872.25	0.7028
872.375	0.7028
872.5	0.7028
872.625	0.7028
872.75	0.7036
872.875	0.7028
873.0	0.7028
873.125	0.7075
873.25	0.7028
873.375	0.7028
873.5	0.7036
873.625	0.7028
873.75	0.7067
873.875	0.7075
874.0	0.7075
874.125	0.7067
874.25	0.7075
874.375	0.7075
874.5	0.7067
874.625	0.7075
874.75	0.7075
874.875	0.7099
875.0	0.7075
875.125	0.7075
875.25	0.7099
875.375	0.7106
875.5	0.7091
875.625	0.7106
875.75	0.7091
875.875	0.7075
876.0	0.7075
876.125	0.7091
876.25	0.7075
876.375	0.7083
876.5	0.7075
876.625	0.7075
876.75	0.7075
876.875	0.7075
877.0	0.7075
877.125	0.7075
877.25	0.7059
877.375	0.7028
877.5	0.7028
877.625	0.7028
877.75	0.7028
877.875	0.7028
878.0	0.7075
878.125	0.7036
878.25	0.7067
878.375	0.7075
878.5	0.7075
878.625	0.7075
878.75	0.7075
878.875	0.7099
879.0	0.7114
879.125	0.7099
879.25	0.7091
879.375	0.7106
879.5	0.7122
879.625	0.7122
879.75	0.7122
879.875	0.7122
880.0	0.7122
880.125	0.7122
880.25	0.7122
880.375	0.7114
880.5	0.7106
880.625	0.7083
880.75	0.7075
880.875	0.7028
881.0	0.7012
881.125	0.6996
881.25	0.6957
881.375	0.6949
881.5	0.6926
881.625	0.6886
881.75	0.6886
881.875	0.6871
882.0	0.6839
882.125	0.6839
882.25	0.6808
882.375	0.6792
882.5	0.6792
882.625	0.6792
882.75	0.6792
882.875	0.6792
883.0	0.6776
883.125	0.6792
883.25	0.6792
883.375	0.6792
883.5	0.68
883.625	0.6792
883.75	0.6792
883.875	0.6792
884.0	0.6792
884.125	0.68
884.25	0.68
884.375	0.6816
884.5	0.6823
884.625	0.6831
884.75	0.6808
884.875	0.6839
885.0	0.6839
885.125	0.6839
885.25	0.6823
885.375	0.6808
885.5	0.6808
885.625	0.6839
885.75	0.6831
885.875	0.6816
886.0	0.6808
886.125	0.6839
886.25	0.6831
886.375	0.6823
886.5	0.6839
886.625	0.6816
886.75	0.6823
886.875	0.6839
887.0	0.6839
887.125	0.6839
887.25	0.6839
887.375	0.6831
887.5	0.6839
887.625	0.6831
887.75	0.6831
887.875	0.6792
888.0	0.6792
888.125	0.6808
888.25	0.68
888.375	0.6816
888.5	0.6816
888.625	0.6816
888.75	0.6823
888.875	0.68
889.0	0.6816
889.125	0.68
889.25	0.6792
889.375	0.6816
889.5	0.6808
889.625	0.6839
889.75	0.6839
889.875	0.6808
890.0	0.6831
890.125	0.6839
890.25	0.6839
890.375	0.6839
890.5	0.6816
890.625	0.6831
890.75	0.6839
890.875	0.6831
891.0	0.6823
891.125	0.6839
891.25	0.6839
891.375	0.6847
891.5	0.6839
891.625	0.6839
891.75	0.6847
891.875	0.6839
892.0	0.6823
892.125	0.6839
892.25	0.6839
892.375	0.6839
892.5	0.6839
892.625	0.6839
892.75	0.6839
892.875	0.6839
893.0	0.6839
893.125	0.6847
893.25	0.6839
893.375	0.6839
893.5	0.6839
893.625	0.6839
893.75	0.6839
893.875	0.6839
894.0	0.6839
894.125	0.6839
894.25	0.6839
894.375	0.6839
894.5	0.6839
894.625	0.6839
894.75	0.6839
894.875	0.6839
895.0	0.6839
895.125	0.6839
895.25	0.6839
895.375	0.6839
895.5	0.6839
895.625	0.6839
895.75	0.6831
895.875	0.6855
896.0	0.6839
896.125	0.6816
896.25	0.6792
896.375	0.6831
896.5	0.6831
896.625	0.6816
896.75	0.6816
896.875	0.6808
897.0	0.6839
897.125	0.6839
897.25	0.6831
897.375	0.6831
897.5	0.6792
897.625	0.6792
897.75	0.68
897.875	0.6831
898.0	0.6808
898.125	0.68
898.25	0.6816
898.375	0.6792
898.5	0.6808
898.625	0.68
898.75	0.6839
898.875	0.6823
899.0	0.6808
899.125	0.6816
899.25	0.6831
899.375	0.6847
899.5	0.6839
899.625	0.6839
899.75	0.6839
899.875	0.6839
