300.0	0.2216
300.125	0.2216
300.25	0.2216
300.375	0.2216
300.5	0.2209
300.625	0.2216
300.75	0.2216
300.875	0.2216
301.0	0.2224
301.125	0.2216
301.25	0.2216
301.375	0.2216
301.5	0.2224
301.625	0.2216
301.75	0.2216
301.875	0.2216
302.0	0.2216
302.125	0.2224
302.25	0.2216
302.375	0.2216
302.5	0.2216
302.625	0.2216
302.75	0.2216
302.875	0.2216
303.0	0.2216
303.125	0.2216
303.25	0.2216
303.375	0.2216
303.5	0.2216
303.625	0.2216
303.75	0.2216
303.875	0.2216
304.0	0.2216
304.125	0.2216
304.25	0.2232
304.375	0.2224
304.5	0.2232
304.625	0.2216
304.75	0.2216
304.875	0.224
305.0	0.2224
305.125	0.2216
305.25	0.2216
305.375	0.2224
305.5	0.2232
305.625	0.2232
305.75	0.2224
305.875	0.2232
306.0	0.2224
306.125	0.2216
306.25	0.2224
306.375	0.2224
306.5	0.2224
306.625	0.2216
306.75	0.2216
306.875	0.2216
307.0	0.2216
307.125	0.2232
307.25	0.2224
307.375	0.224
307.5	0.2216
307.625	0.2216
307.75	0.2216
307.875	0.2216
308.0	0.2224
308.125	0.2216
308.25	0.2216
308.375	0.2216
308.5	0.2216
308.625	0.2216
308.75	0.2216
308.875	0.2216
309.0	0.2216
309.125	0.2216
309.25	0.2216
309.375	0.2216
309.5	0.2224
309.625	0.2216
309.75	0.2216
309.875	0.2216
310.0	0.2216
310.125	0.2216
310.25	0.2216
310.375	0.2216
310.5	0.2224
310.625	0.2216
310.75	0.2216
310.875	0.2216
311.0	0.2216
311.125	0.2216
311.25	0.2216
311.375	0.2216
311.5	0.2216
311.625	0.2216
311.75	0.2216
311.875	0.2216
312.0	0.2216
312.125	0.2216
312.25	0.2216
312.375	0.2216
312.5	0.2209
312.625	0.2216
312.75	0.2216
312.875	0.2216
313.0	0.2216
313.125	0.2216
313.25	0.2216
313.375	0.2209
313.5	0.2216
313.625	0.2224
313.75	0.2216
313.875	0.2216
314.0	0.2209
314.125	0.2209
314.25	0.2216
314.375	0.2216
314.5	0.2216
314.625	0.2216
314.75	0.2216
314.875	0.2216
315.0	0.2216
315.125	0.2216
315.25	0.2224
315.375	0.2232
315.5	0.2224
315.625	0.2224
315.75	0.2216
315.875	0.2216
316.0	0.2216
316.125	0.224
316.25	0.2216
316.375	0.2248
316.5	0.2232
316.625	0.2232
316.75	0.2264
316.875	0.2232
317.0	0.2256
317.125	0.2248
317.25	0.2264
317.375	0.2264
317.5	0.2264
317.625	0.2264
317.75	0.2256
317.875	0.2264
318.0	0.2264
318.125	0.2256
318.25	0.2264
318.375	0.2256
318.5	0.2264
318.625	0.2256
318.75	0.2264
318.875	0.2264
319.0	0.2264
319.125	0.2264
319.25	0.2272
319.375	0.2272
319.5	0.2303
319.625	0.2272
319.75	0.2264
319.875	0.2272
320.0	0.2287
320.125	0.2264
320.25	0.2287
320.375	0.2272
320.5	0.2287
320.625	0.2287
320.75	0.2264
320.875	0.2264
321.0	0.2264
321.125	0.2264
321.25	0.2264
321.375	0.2264
321.5	0.2264
321.625	0.2279
321.75	0.2272
321.875	0.2272
322.0	0.2279
322.125	0.2287
322.25	0.2287
322.375	0.2311
322.5	0.2311
322.625	0.2311
322.75	0.2311
322.875	0.2311
323.0	0.2311
323.125	0.2327
323.25	0.2311
323.375	0.2327
323.5	0.2311
323.625	0.2327
323.75	0.2311
323.875	0.2311
324.0	0.2311
324.125	0.2319
324.25	0.2311
324.375	0.2311
324.5	0.2311
324.625	0.2311
324.75	0.2311
324.875	0.2311
325.0	0.2311
325.125	0.2311
325.25	0.2303
325.375	0.2295
325.5	0.2311
325.625	0.2303
325.75	0.2272
325.875	0.2303
326.0	0.2279
326.125	0.2279
326.25	0.2264
326.375	0.2272
326.5	0.2272
326.625	0.2279
326.75	0.2272
326.875	0.2272
327.0	0.2295
327.125	0.2264
327.25	0.2287
327.375	0.2279
327.5	0.2279
327.625	0.2295
327.75	0.2279
327.875	0.2279
328.0	0.2279
328.125	0.2279
328.25	0.2295
328.375	0.2311
328.5	0.2311
328.625	0.2295
328.75	0.2311
328.875	0.2311
329.0	0.2311
329.125	0.2358
329.25	0.2358
329.375	0.2358
329.5	0.2366
329.625	0.2366
329.75	0.2374
329.875	0.2374
330.0	0.2366
330.125	0.2382
330.25	0.2374
330.375	0.2389
330.5	0.2358
330.625	0.2358
330.75	0.2358
330.875	0.2311
331.0	0.2311
331.125	0.2295
331.25	0.2295
331.375	0.2272
331.5	0.2279
331.625	0.2264
331.75	0.2279
331.875	0.2264
332.0	0.2264
332.125	0.2272
332.25	0.2264
332.375	0.2264
332.5	0.2264
332.625	0.2264
332.75	0.2264
332.875	0.2264
333.0	0.2264
333.125	0.2264
333.25	0.2264
333.375	0.2264
333.5	0.2264
333.625	0.2272
333.75	0.2264
333.875	0.2264
334.0	0.2264
334.125	0.2264
334.25	0.2264
334.375	0.2264
334.5	0.2264
334.625	0.2264
334.75	0.2256
334.875	0.2264
335.0	0.2264
335.125	0.2264
335.25	0.2264
335.375	0.2264
335.5	0.2264
335.625	0.2264
335.75	0.2264
335.875	0.2264
336.0	0.2264
336.125	0.2264
336.25	0.2264
336.375	0.2279
336.5	0.2264
336.625	0.2279
336.75	0.2279
336.875	0.2264
337.0	0.2287
337.125	0.2272
337.25	0.2279
337.375	0.2279
337.5	0.2272
337.625	0.2295
337.75	0.2287
337.875	0.2272
338.0	0.2264
338.125	0.2264
338.25	0.2264
338.375	0.2272
338.5	0.2279
338.625	0.2256
338.75	0.2272
338.875	0.2264
339.0	0.2264
339.125	0.2264
339.25	0.2264
339.375	0.2264
339.5	0.2264
339.625	0.2248
339.75	0.2264
339.875	0.2264
340.0	0.2264
340.125	0.2264
340.25	0.2264
340.375	0.2264
340.5	0.2264
340.625	0.2264
340.75	0.2264
340.875	0.2272
341.0	0.2264
341.125	0.2264
341.25	0.2264
341.375	0.2264
341.5	0.2264
341.625	0.2272
341.75	0.2264
341.875	0.2264
342.0	0.2272
342.125	0.2256
342.25	0.2264
342.375	0.2264
342.5	0.2264
342.625	0.2264
342.75	0.2264
342.875	0.2264
343.0	0.2248
343.125	0.2264
343.25	0.2264
343.375	0.2256
343.5	0.2264
343.625	0.2264
343.75	0.2264
343.875	0.2256
344.0	0.2256
344.125	0.2264
344.25	0.2264
344.375	0.2264
344.5	0.2264
344.625	0.2264
344.75	0.2264
344.875	0.2264
345.0	0.2264
345.125	0.2264
345.25	0.2256
345.375	0.2256
345.5	0.2256
345.625	0.2264
345.75	0.2272
345.875	0.2264
346.0	0.2264
346.125	0.2264
346.25	0.2264
346.375	0.2264
346.5	0.2264
346.625	0.2264
346.75	0.2264
346.875	0.2264
347.0	0.2264
347.125	0.2264
347.25	0.2264
347.375	0.2264
347.5	0.2264
347.625	0.2264
347.75	0.2248
347.875	0.2264
348.0	0.2264
348.125	0.2264
348.25	0.2256
348.375	0.2264
348.5	0.2264
348.625	0.2248
348.75	0.2224
348.875	0.2264
349.0	0.2264
349.125	0.2264
349.25	0.2256
349.375	0.2256
349.5	0.2232
349.625	0.2256
349.75	0.2248
349.875	0.2216
350.0	0.224
350.125	0.2256
350.25	0.2248
350.375	0.2224
350.5	0.224
350.625	0.2248
350.75	0.2256
350.875	0.2224
351.0	0.2232
351.125	0.224
351.25	0.2248
351.375	0.2264
351.5	0.2224
351.625	0.224
351.75	0.224
351.875	0.2256
352.0	0.2224
352.125	0.2248
352.25	0.224
352.375	0.2256
352.5	0.2256
352.625	0.2248
352.75	0.224
352.875	0.2232
353.0	0.2256
353.125	0.2256
353.25	0.2264
353.375	0.2256
353.5	0.2224
353.625	0.224
353.75	0.224
353.875	0.224
354.0	0.2248
354.125	0.2248
354.25	0.2248
354.375	0.2264
354.5	0.2224
354.625	0.2264
354.75	0.2264
354.875	0.2248
355.0	0.2264
355.125	0.2248
355.25	0.2256
355.375	0.2224
355.5	0.2248
355.625	0.2248
355.75	0.2248
355.875	0.2256
356.0	0.2256
356.125	0.2264
356.25	0.2264
356.375	0.2264
356.5	0.2264
356.625	0.2256
356.75	0.2264
356.875	0.2264
357.0	0.224
357.125	0.2264
357.25	0.2256
357.375	0.2264
357.5	0.2264
357.625	0.2256
357.75	0.2248
357.875	0.2232
358.0	0.2264
358.125	0.2248
358.25	0.2264
358.375	0.224
358.5	0.2264
358.625	0.2256
358.75	0.2264
358.875	0.2248
359.0	0.2264
359.125	0.2256
359.25	0.2256
359.375	0.2256
359.5	0.224
359.625	0.224
359.75	0.2256
359.875	0.2248
360.0	0.2248
360.125	0.2232
360.25	0.224
360.375	0.2256
360.5	0.2264
360.625	0.2248
360.75	0.2256
360.875	0.2256
361.0	0.2272
361.125	0.2248
361.25	0.2248
361.375	0.2256
361.5	0.2224
361.625	0.2256
361.75	0.2248
361.875	0.2256
362.0	0.2264
362.125	0.2216
362.25	0.2248
362.375	0.224
362.5	0.2256
362.625	0.224
362.75	0.224
362.875	0.2248
363.0	0.224
363.125	0.2248
363.25	0.2232
363.375	0.224
363.5	0.2232
363.625	0.2256
363.75	0.2256
363.875	0.2264
364.0	0.224
364.125	0.2232
364.25	0.2232
364.375	0.2256
364.5	0.2216
364.625	0.2256
364.75	0.2256
364.875	0.2232
365.0	0.2232
365.125	0.224
365.25	0.224
365.375	0.2248
365.5	0.224
365.625	0.2224
365.75	0.2224
365.875	0.2248
366.0	0.2248
366.125	0.224
366.25	0.2248
366.375	0.224
366.5	0.224
366.625	0.2224
366.75	0.2248
366.875	0.224
367.0	0.2248
367.125	0.2224
367.25	0.2216
367.375	0.2248
367.5	0.2232
367.625	0.224
367.75	0.224
367.875	0.2264
368.0	0.2264
368.125	0.2248
368.25	0.2248
368.375	0.2264
368.5	0.2264
368.625	0.2232
368.75	0.2224
368.875	0.224
369.0	0.2256
369.125	0.224
369.25	0.224
369.375	0.2248
369.5	0.2224
369.625	0.2232
369.75	0.2232
369.875	0.2256
370.0	0.224
370.125	0.2256
370.25	0.2256
370.375	0.2256
370.5	0.2264
370.625	0.2256
370.75	0.2264
370.875	0.2264
371.0	0.2264
371.125	0.2256
371.25	0.2264
371.375	0.2256
371.5	0.2256
371.625	0.2264
371.75	0.2264
371.875	0.2264
372.0	0.2264
372.125	0.2264
372.25	0.2256
372.375	0.2248
372.5	0.2264
372.625	0.2264
372.75	0.2264
372.875	0.2264
373.0	0.2264
373.125	0.2264
373.25	0.2256
373.375	0.2264
373.5	0.2264
373.625	0.2256
373.75	0.2264
373.875	0.2264
374.0	0.2264
374.125	0.2256
374.25	0.2256
374.375	0.2256
374.5	0.2256
374.625	0.2264
374.75	0.2256
374.875	0.2264
375.0	0.2264
375.125	0.2264
375.25	0.2264
375.375	0.224
375.5	0.2264
375.625	0.2264
375.75	0.2264
375.875	0.2264
376.0	0.2264
376.125	0.2256
376.25	0.2264
376.375	0.2264
376.5	0.2272
376.625	0.2264
376.75	0.2272
376.875	0.2264
377.0	0.2264
377.125	0.2264
377.25	0.2264
377.375	0.2264
377.5	0.2264
377.625	0.2256
377.75	0.2264
377.875	0.2264
378.0	0.2264
378.125	0.2264
378.25	0.2279
378.375	0.2264
378.5	0.2264
378.625	0.2264
378.75	0.2264
378.875	0.2264
379.0	0.2264
379.125	0.2264
379.25	0.2264
379.375	0.2264
379.5	0.2264
379.625	0.2264
379.75	0.2264
379.875	0.2256
380.0	0.2264
380.125	0.2272
380.25	0.2279
380.375	0.2279
380.5	0.2264
380.625	0.2264
380.75	0.2264
380.875	0.2264
381.0	0.2264
381.125	0.2264
381.25	0.2264
381.375	0.2264
381.5	0.2264
381.625	0.2264
381.75	0.2256
381.875	0.2256
382.0	0.2256
382.125	0.2264
382.25	0.2264
382.375	0.2264
382.5	0.2264
382.625	0.2264
382.75	0.2264
382.875	0.2264
383.0	0.2264
383.125	0.2264
383.25	0.2264
383.375	0.2264
383.5	0.2264
383.625	0.2264
383.75	0.2264
383.875	0.2264
384.0	0.2264
384.125	0.2264
384.25	0.2256
384.375	0.2264
384.5	0.2264
384.625	0.2264
384.75	0.2264
384.875	0.2264
385.0	0.2256
385.125	0.2256
385.25	0.2272
385.375	0.2272
385.5	0.2264
385.625	0.2264
385.75	0.2256
385.875	0.2264
386.0	0.2256
386.125	0.2256
386.25	0.2264
386.375	0.2256
386.5	0.2264
386.625	0.2264
386.75	0.2264
386.875	0.2264
387.0	0.2256
387.125	0.2264
387.25	0.2264
387.375	0.2264
387.5	0.2264
387.625	0.2264
387.75	0.2264
387.875	0.2264
388.0	0.2264
388.125	0.2248
388.25	0.2256
388.375	0.224
388.5	0.2264
388.625	0.2248
388.75	0.2256
388.875	0.2264
389.0	0.2248
389.125	0.2256
389.25	0.2256
389.375	0.2232
389.5	0.2248
389.625	0.2232
389.75	0.2248
389.875	0.2248
390.0	0.2232
390.125	0.2248
390.25	0.2264
390.375	0.2232
390.5	0.2248
390.625	0.224
390.75	0.2224
390.875	0.2256
391.0	0.2224
391.125	0.2232
391.25	0.2232
391.375	0.2256
391.5	0.2224
391.625	0.2216
391.75	0.2216
391.875	0.2216
392.0	0.224
392.125	0.2232
392.25	0.2216
392.375	0.224
392.5	0.2216
392.625	0.2264
392.75	0.2224
392.875	0.2224
393.0	0.2216
393.125	0.2224
393.25	0.2216
393.375	0.2224
393.5	0.2224
393.625	0.2232
393.75	0.2224
393.875	0.2264
394.0	0.2256
394.125	0.2224
394.25	0.2232
394.375	0.2224
394.5	0.2232
394.625	0.2264
394.75	0.2256
394.875	0.2256
395.0	0.2232
395.125	0.2224
395.25	0.2224
395.375	0.224
395.5	0.2256
395.625	0.2248
395.75	0.2264
395.875	0.224
396.0	0.2232
396.125	0.2248
396.25	0.2248
396.375	0.2248
396.5	0.2232
396.625	0.2248
396.75	0.2264
396.875	0.2256
397.0	0.2264
397.125	0.2248
397.25	0.2248
397.375	0.2264
397.5	0.224
397.625	0.2232
397.75	0.224
397.875	0.2264
398.0	0.2232
398.125	0.2264
398.25	0.2232
398.375	0.2232
398.5	0.224
398.625	0.224
398.75	0.2256
398.875	0.224
399.0	0.2232
399.125	0.2224
399.25	0.2256
399.375	0.2248
399.5	0.2216
399.625	0.2264
399.75	0.2224
399.875	0.2256
400.0	0.224
400.125	0.2224
400.25	0.2216
400.375	0.224
400.5	0.2224
400.625	0.2232
400.75	0.2216
400.875	0.2224
401.0	0.2248
401.125	0.2232
401.25	0.2248
401.375	0.2232
401.5	0.2256
401.625	0.2256
401.75	0.2232
401.875	0.2224
402.0	0.224
402.125	0.2248
402.25	0.2248
402.375	0.2248
402.5	0.2256
402.625	0.2248
402.75	0.2248
402.875	0.2264
403.0	0.2256
403.125	0.2256
403.25	0.2256
403.375	0.2256
403.5	0.2264
403.625	0.2264
403.75	0.2264
403.875	0.2264
404.0	0.2264
404.125	0.2256
404.25	0.2264
404.375	0.2264
404.5	0.2248
404.625	0.2264
404.75	0.2256
404.875	0.2264
405.0	0.2264
405.125	0.2264
405.25	0.2264
405.375	0.2248
405.5	0.2256
405.625	0.2264
405.75	0.2256
405.875	0.2264
406.0	0.2256
406.125	0.2264
406.25	0.2264
406.375	0.2264
406.5	0.2264
406.625	0.2264
406.75	0.2256
406.875	0.2264
407.0	0.2264
407.125	0.2264
407.25	0.2272
407.375	0.2264
407.5	0.2264
407.625	0.2248
407.75	0.2264
407.875	0.2272
408.0	0.2264
408.125	0.2264
408.25	0.2264
408.375	0.2264
408.5	0.2264
408.625	0.2264
408.75	0.2264
408.875	0.2264
409.0	0.2264
409.125	0.2264
409.25	0.2264
409.375	0.2256
409.5	0.2264
409.625	0.2264
409.75	0.2264
409.875	0.2264
410.0	0.2264
410.125	0.2264
410.25	0.2256
410.375	0.2264
410.5	0.2256
410.625	0.2264
410.75	0.2264
410.875	0.2264
411.0	0.2264
411.125	0.2264
411.25	0.2256
411.375	0.2256
411.5	0.2264
411.625	0.2256
411.75	0.2264
411.875	0.2272
412.0	0.2264
412.125	0.2264
412.25	0.2264
412.375	0.2264
412.5	0.2256
412.625	0.2248
412.75	0.2264
412.875	0.2264
413.0	0.2256
413.125	0.2264
413.25	0.2264
413.375	0.2264
413.5	0.2264
413.625	0.2264
413.75	0.2264
413.875	0.2264
414.0	0.2264
414.125	0.2248
414.25	0.2264
414.375	0.2264
414.5	0.2264
414.625	0.2264
414.75	0.2264
414.875	0.2264
415.0	0.2264
415.125	0.2264
415.25	0.2264
415.375	0.2264
415.5	0.2264
415.625	0.2264
415.75	0.2264
415.875	0.2264
416.0	0.2264
416.125	0.2264
416.25	0.2256
416.375	0.2264
416.5	0.2264
416.625	0.2264
416.75	0.2264
416.875	0.2264
417.0	0.2264
417.125	0.2264
417.25	0.2256
417.375	0.2264
417.5	0.2264
417.625	0.2264
417.75	0.2264
417.875	0.2264
418.0	0.2264
418.125	0.2264
418.25	0.2264
418.375	0.2264
418.5	0.2264
418.625	0.2248
418.75	0.2248
418.875	0.2264
419.0	0.2256
419.125	0.2256
419.25	0.2264
419.375	0.2264
419.5	0.2256
419.625	0.2264
419.75	0.2256
419.875	0.2272
420.0	0.2256
420.125	0.2232
420.25	0.2248
420.375	0.2264
420.5	0.2264
420.625	0.2256
420.75	0.2264
420.875	0.2264
421.0	0.2248
421.125	0.2264
421.25	0.2264
421.375	0.2264
421.5	0.2264
421.625	0.2264
421.75	0.2264
421.875	0.2264
422.0	0.2264
422.125	0.2264
422.25	0.2264
422.375	0.2248
422.5	0.2264
422.625	0.2248
422.75	0.2264
422.875	0.2272
423.0	0.2264
423.125	0.2248
423.25	0.2264
423.375	0.2264
423.5	0.2256
423.625	0.2264
423.75	0.2264
423.875	0.2248
424.0	0.2264
424.125	0.2264
424.25	0.2264
424.375	0.2264
424.5	0.2264
424.625	0.2264
424.75	0.2264
424.875	0.2264
425.0	0.2264
425.125	0.2272
425.25	0.2264
425.375	0.2264
425.5	0.2264
425.625	0.2264
425.75	0.2264
425.875	0.2264
426.0	0.2264
426.125	0.2272
426.25	0.2272
426.375	0.2264
426.5	0.2264
426.625	0.2264
426.75	0.2264
426.875	0.2264
427.0	0.2264
427.125	0.2264
427.25	0.2272
427.375	0.2264
427.5	0.2264
427.625	0.2264
427.75	0.2264
427.875	0.2264
428.0	0.2264
428.125	0.2264
428.25	0.2264
428.375	0.2264
428.5	0.2264
428.625	0.2272
428.75	0.2264
428.875	0.2272
429.0	0.2264
429.125	0.2264
429.25	0.2264
429.375	0.2272
429.5	0.2264
429.625	0.2264
429.75	0.2264
429.875	0.2264
430.0	0.2264
430.125	0.2295
430.25	0.2264
430.375	0.2264
430.5	0.2264
430.625	0.2272
430.75	0.2272
430.875	0.2272
431.0	0.2272
431.125	0.2272
431.25	0.2272
431.375	0.2264
431.5	0.2264
431.625	0.2264
431.75	0.2272
431.875	0.2272
432.0	0.2264
432.125	0.2287
432.25	0.2279
432.375	0.2264
432.5	0.2279
432.625	0.2295
432.75	0.2279
432.875	0.2264
433.0	0.2279
433.125	0.2279
433.25	0.2279
433.375	0.2272
433.5	0.2272
433.625	0.2272
433.75	0.2272
433.875	0.2311
434.0	0.2279
434.125	0.2264
434.25	0.2279
434.375	0.2279
434.5	0.2264
434.625	0.2256
434.75	0.2264
434.875	0.2272
435.0	0.2264
435.125	0.2264
435.25	0.2272
435.375	0.2272
435.5	0.2272
435.625	0.2264
435.75	0.2287
435.875	0.2264
436.0	0.2272
436.125	0.2264
436.25	0.2264
436.375	0.2272
436.5	0.2264
436.625	0.2264
436.75	0.2264
436.875	0.2264
437.0	0.2256
437.125	0.2264
437.25	0.2264
437.375	0.2256
437.5	0.2256
437.625	0.2264
437.75	0.2264
437.875	0.2264
438.0	0.2248
438.125	0.2232
438.25	0.2216
438.375	0.2232
438.5	0.2232
438.625	0.224
438.75	0.2232
438.875	0.2216
439.0	0.2232
439.125	0.2216
439.25	0.2216
439.375	0.2216
439.5	0.2216
439.625	0.2216
439.75	0.2216
439.875	0.2216
440.0	0.2224
440.125	0.2216
440.25	0.2216
440.375	0.2216
440.5	0.2216
440.625	0.2216
440.75	0.2216
440.875	0.2216
441.0	0.2216
441.125	0.2216
441.25	0.2216
441.375	0.2216
441.5	0.2216
441.625	0.2216
441.75	0.2216
441.875	0.2216
442.0	0.2216
442.125	0.2216
442.25	0.2216
442.375	0.2209
442.5	0.2216
442.625	0.2216
442.75	0.2216
442.875	0.2216
443.0	0.2209
443.125	0.2169
443.25	0.2201
443.375	0.2201
443.5	0.2209
443.625	0.2209
443.75	0.2216
443.875	0.2216
444.0	0.2193
444.125	0.2201
444.25	0.2201
444.375	0.2216
444.5	0.2201
444.625	0.2185
444.75	0.2209
444.875	0.2201
445.0	0.2209
445.125	0.2209
445.25	0.2216
445.375	0.2193
445.5	0.2216
445.625	0.2216
445.75	0.2216
445.875	0.2216
446.0	0.2216
446.125	0.2216
446.25	0.2216
446.375	0.2216
446.5	0.2216
446.625	0.224
446.75	0.2224
446.875	0.2248
447.0	0.2256
447.125	0.2216
447.25	0.2248
447.375	0.2264
447.5	0.2256
447.625	0.224
447.75	0.2264
447.875	0.2248
448.0	0.224
448.125	0.2256
448.25	0.2216
448.375	0.2216
448.5	0.2224
448.625	0.2216
448.75	0.2216
448.875	0.2216
449.0	0.2216
449.125	0.2216
449.25	0.2216
449.375	0.2209
449.5	0.2209
449.625	0.2209
449.75	0.2201
449.875	0.2193
450.0	0.2177
450.125	0.2193
450.25	0.2193
450.375	0.2209
450.5	0.2201
450.625	0.2209
450.75	0.2216
450.875	0.2216
451.0	0.2216
451.125	0.2216
451.25	0.2216
451.375	0.2216
451.5	0.2216
451.625	0.2224
451.75	0.2216
451.875	0.2224
452.0	0.2264
452.125	0.2256
452.25	0.2264
452.375	0.2272
452.5	0.2264
452.625	0.2264
452.75	0.2264
452.875	0.2264
453.0	0.2264
453.125	0.2272
453.25	0.2264
453.375	0.2272
453.5	0.2272
453.625	0.2287
453.75	0.2303
453.875	0.2295
454.0	0.2295
454.125	0.2311
454.25	0.2311
454.375	0.2311
454.5	0.2303
454.625	0.2311
454.75	0.2303
454.875	0.2311
455.0	0.2311
455.125	0.2311
455.25	0.2311
455.375	0.2311
455.5	0.2303
455.625	0.2327
455.75	0.2311
455.875	0.2311
456.0	0.2311
456.125	0.2319
456.25	0.2327
456.375	0.2319
456.5	0.2311
456.625	0.2327
456.75	0.2358
456.875	0.2334
457.0	0.2334
457.125	0.2358
457.25	0.2342
457.375	0.2342
457.5	0.2342
457.625	0.235
457.75	0.2342
457.875	0.2358
458.0	0.235
458.125	0.235
458.25	0.235
458.375	0.2342
458.5	0.2358
458.625	0.235
458.75	0.235
458.875	0.2358
459.0	0.2358
459.125	0.2342
459.25	0.2358
459.375	0.2358
459.5	0.2358
459.625	0.2358
459.75	0.2366
459.875	0.235
460.0	0.235
460.125	0.2358
460.25	0.2358
460.375	0.2358
460.5	0.2358
460.625	0.2358
460.75	0.235
460.875	0.2327
461.0	0.235
461.125	0.2358
461.25	0.235
461.375	0.2358
461.5	0.235
461.625	0.2342
461.75	0.2342
461.875	0.2334
462.0	0.2358
462.125	0.2358
462.25	0.235
462.375	0.235
462.5	0.2342
462.625	0.2358
462.75	0.2358
462.875	0.2366
463.0	0.2358
463.125	0.2358
463.25	0.2358
463.375	0.2358
463.5	0.2358
463.625	0.2358
463.75	0.235
463.875	0.2358
464.0	0.235
464.125	0.2358
464.25	0.2358
464.375	0.235
464.5	0.2358
464.625	0.2358
464.75	0.2342
464.875	0.2358
465.0	0.2358
465.125	0.2358
465.25	0.2358
465.375	0.2358
465.5	0.2334
465.625	0.2358
465.75	0.2358
465.875	0.2358
466.0	0.235
466.125	0.235
466.25	0.2358
466.375	0.235
466.5	0.2358
466.625	0.235
466.75	0.235
466.875	0.2358
467.0	0.235
467.125	0.2334
467.25	0.2358
467.375	0.2358
467.5	0.2358
467.625	0.2358
467.75	0.235
467.875	0.2358
468.0	0.2327
468.125	0.235
468.25	0.2358
468.375	0.235
468.5	0.2358
468.625	0.2342
468.75	0.2342
468.875	0.2358
469.0	0.2358
469.125	0.2358
469.25	0.2358
469.375	0.2334
469.5	0.2358
469.625	0.2358
469.75	0.2358
469.875	0.235
470.0	0.235
470.125	0.235
470.25	0.2342
470.375	0.2342
470.5	0.2334
470.625	0.235
470.75	0.235
470.875	0.2358
471.0	0.235
471.125	0.2334
471.25	0.2358
471.375	0.2358
471.5	0.235
471.625	0.235
471.75	0.2358
471.875	0.235
472.0	0.2358
472.125	0.2358
472.25	0.2358
472.375	0.235
472.5	0.2358
472.625	0.2358
472.75	0.2334
472.875	0.235
473.0	0.2358
473.125	0.2358
473.25	0.2358
473.375	0.2342
473.5	0.235
473.625	0.2358
473.75	0.235
473.875	0.2358
474.0	0.2342
474.125	0.2358
474.25	0.2358
474.375	0.2358
474.5	0.2358
474.625	0.2358
474.75	0.235
474.875	0.2358
475.0	0.2334
475.125	0.2334
475.25	0.235
475.375	0.2358
475.5	0.2358
475.625	0.2358
475.75	0.2342
475.875	0.235
476.0	0.235
476.125	0.2358
476.25	0.2342
476.375	0.2358
476.5	0.235
476.625	0.2358
476.75	0.2358
476.875	0.235
477.0	0.2358
477.125	0.2358
477.25	0.2358
477.375	0.2358
477.5	0.235
477.625	0.2358
477.75	0.2358
477.875	0.235
478.0	0.2358
478.125	0.2358
478.25	0.235
478.375	0.2358
478.5	0.2366
478.625	0.2358
478.75	0.2358
478.875	0.2342
479.0	0.2342
479.125	0.2358
479.25	0.2342
479.375	0.235
479.5	0.2358
479.625	0.2358
479.75	0.2358
479.875	0.2358
480.0	0.235
480.125	0.235
480.25	0.2358
480.375	0.2358
480.5	0.2358
480.625	0.2358
480.75	0.2358
480.875	0.2358
481.0	0.2358
481.125	0.2358
481.25	0.2358
481.375	0.2358
481.5	0.2358
481.625	0.2358
481.75	0.235
481.875	0.2358
482.0	0.2366
482.125	0.2358
482.25	0.2358
482.375	0.2358
482.5	0.2358
482.625	0.2358
482.75	0.2358
482.875	0.2358
483.0	0.2358
483.125	0.2358
483.25	0.2358
483.375	0.2358
483.5	0.2342
483.625	0.2358
483.75	0.235
483.875	0.235
484.0	0.2358
484.125	0.2366
484.25	0.2358
484.375	0.2358
484.5	0.2358
484.625	0.2358
484.75	0.2358
484.875	0.2358
485.0	0.2358
485.125	0.2358
485.25	0.235
485.375	0.2358
485.5	0.2358
485.625	0.2358
485.75	0.2358
485.875	0.2358
486.0	0.2358
486.125	0.2358
486.25	0.2358
486.375	0.235
486.5	0.2358
486.625	0.2358
486.75	0.235
486.875	0.2358
487.0	0.2358
487.125	0.2358
487.25	0.235
487.375	0.2358
487.5	0.2358
487.625	0.235
487.75	0.2358
487.875	0.2358
488.0	0.2358
488.125	0.2358
488.25	0.2358
488.375	0.2358
488.5	0.235
488.625	0.2358
488.75	0.2366
488.875	0.2334
489.0	0.2358
489.125	0.2358
489.25	0.2358
489.375	0.2342
489.5	0.2358
489.625	0.235
489.75	0.2358
489.875	0.2358
490.0	0.2358
490.125	0.2342
490.25	0.2358
490.375	0.2342
490.5	0.2358
490.625	0.2358
490.75	0.235
490.875	0.2358
491.0	0.235
491.125	0.2342
491.25	0.2366
491.375	0.235
491.5	0.235
491.625	0.235
491.75	0.2358
491.875	0.2358
492.0	0.2358
492.125	0.235
492.25	0.2358
492.375	0.2358
492.5	0.2358
492.625	0.2358
492.75	0.2358
492.875	0.2358
493.0	0.2358
493.125	0.2358
493.25	0.2334
493.375	0.235
493.5	0.2358
493.625	0.2358
493.75	0.2342
493.875	0.2358
494.0	0.2342
494.125	0.2358
494.25	0.235
494.375	0.2334
494.5	0.235
494.625	0.2358
494.75	0.235
494.875	0.2342
495.0	0.2342
495.125	0.235
495.25	0.235
495.375	0.2358
495.5	0.2358
495.625	0.235
495.75	0.2358
495.875	0.2342
496.0	0.2358
496.125	0.2342
496.25	0.2358
496.375	0.2358
496.5	0.2358
496.625	0.2358
496.75	0.2334
496.875	0.2358
497.0	0.2358
497.125	0.235
497.25	0.235
497.375	0.2358
497.5	0.2358
497.625	0.2342
497.75	0.2358
497.875	0.2358
498.0	0.235
498.125	0.2358
498.25	0.2358
498.375	0.235
498.5	0.2358
498.625	0.2342
498.75	0.235
498.875	0.2342
499.0	0.2358
499.125	0.2358
499.25	0.2342
499.375	0.2358
499.5	0.2358
499.625	0.235
499.75	0.2358
499.875	0.2358
500.0	0.2342
500.125	0.2358
500.25	0.2358
500.375	0.2342
500.5	0.235
500.625	0.2358
500.75	0.235
500.875	0.2358
501.0	0.2358
501.125	0.2327
501.25	0.2342
501.375	0.2334
501.5	0.2334
501.625	0.2358
501.75	0.2358
501.875	0.235
502.0	0.235
502.125	0.2358
502.25	0.2342
502.375	0.2358
502.5	0.2358
502.625	0.2358
502.75	0.2358
502.875	0.2342
503.0	0.2334
503.125	0.2342
503.25	0.2358
503.375	0.235
503.5	0.2358
503.625	0.235
503.75	0.2358
503.875	0.2358
504.0	0.2358
504.125	0.235
504.25	0.235
504.375	0.2358
504.5	0.235
504.625	0.2358
504.75	0.2358
504.875	0.2358
505.0	0.2358
505.125	0.235
505.25	0.2358
505.375	0.2358
505.5	0.2358
505.625	0.2358
505.75	0.235
505.875	0.2358
506.0	0.2358
506.125	0.2334
506.25	0.2358
506.375	0.2358
506.5	0.2358
506.625	0.235
506.75	0.2358
506.875	0.235
507.0	0.2358
507.125	0.2358
507.25	0.2358
507.375	0.2358
507.5	0.235
507.625	0.2358
507.75	0.2358
507.875	0.2358
508.0	0.235
508.125	0.235
508.25	0.235
508.375	0.2358
508.5	0.2358
508.625	0.2358
508.75	0.235
508.875	0.2358
509.0	0.2358
509.125	0.2358
509.25	0.2358
509.375	0.2358
509.5	0.2358
509.625	0.2358
509.75	0.2358
509.875	0.2358
510.0	0.2358
510.125	0.2358
510.25	0.2342
510.375	0.2358
510.5	0.2358
510.625	0.2358
510.75	0.2366
510.875	0.2358
511.0	0.235
511.125	0.235
511.25	0.2358
511.375	0.2358
511.5	0.2358
511.625	0.2358
511.75	0.2358
511.875	0.2358
512.0	0.2358
512.125	0.2366
512.25	0.2358
512.375	0.2358
512.5	0.235
512.625	0.2358
512.75	0.2358
512.875	0.2358
513.0	0.2366
513.125	0.2358
513.25	0.2358
513.375	0.2358
513.5	0.2358
513.625	0.2358
513.75	0.235
513.875	0.235
514.0	0.2358
514.125	0.2334
514.25	0.2358
514.375	0.2342
514.5	0.2358
514.625	0.2342
514.75	0.235
514.875	0.2358
515.0	0.2358
515.125	0.235
515.25	0.235
515.375	0.2342
515.5	0.2358
515.625	0.235
515.75	0.2358
515.875	0.235
516.0	0.2342
516.125	0.235
516.25	0.2358
516.375	0.2358
516.5	0.2358
516.625	0.2358
516.75	0.2358
516.875	0.235
517.0	0.2358
517.125	0.2358
517.25	0.2358
517.375	0.2358
517.5	0.2358
517.625	0.235
517.75	0.2358
517.875	0.2358
518.0	0.235
518.125	0.2358
518.25	0.2342
518.375	0.235
518.5	0.235
518.625	0.235
518.75	0.235
518.875	0.2358
519.0	0.2358
519.125	0.2358
519.25	0.235
519.375	0.235
519.5	0.235
519.625	0.2358
519.75	0.235
519.875	0.2334
520.0	0.235
520.125	0.2334
520.25	0.2342
520.375	0.2358
520.5	0.2358
520.625	0.235
520.75	0.235
520.875	0.2358
521.0	0.2334
521.125	0.235
521.25	0.2334
521.375	0.2358
521.5	0.2358
521.625	0.235
521.75	0.2342
521.875	0.2342
522.0	0.2334
522.125	0.2334
522.25	0.2358
522.375	0.235
522.5	0.2342
522.625	0.2358
522.75	0.2342
522.875	0.2342
523.0	0.2358
523.125	0.2358
523.25	0.2342
523.375	0.2358
523.5	0.235
523.625	0.2358
523.75	0.2358
523.875	0.2342
524.0	0.2342
524.125	0.2334
524.25	0.2358
524.375	0.2358
524.5	0.2342
524.625	0.235
524.75	0.2358
524.875	0.2358
525.0	0.2358
525.125	0.235
525.25	0.2358
525.375	0.2342
525.5	0.2358
525.625	0.2334
525.75	0.2358
525.875	0.235
526.0	0.2358
526.125	0.2358
526.25	0.2358
526.375	0.2358
526.5	0.235
526.625	0.2358
526.75	0.2358
526.875	0.2358
527.0	0.2358
527.125	0.2358
527.25	0.2366
527.375	0.2358
527.5	0.2366
527.625	0.2358
527.75	0.2358
527.875	0.2358
528.0	0.235
528.125	0.235
528.25	0.2358
528.375	0.2358
528.5	0.235
528.625	0.2358
528.75	0.2358
528.875	0.2358
529.0	0.235
529.125	0.2358
529.25	0.2358
529.375	0.2358
529.5	0.2358
529.625	0.2358
529.75	0.2358
529.875	0.2358
530.0	0.2358
530.125	0.2358
530.25	0.235
530.375	0.2366
530.5	0.2358
530.625	0.2358
530.75	0.2358
530.875	0.2358
531.0	0.2358
531.125	0.2358
531.25	0.2358
531.375	0.2358
531.5	0.2358
531.625	0.2358
531.75	0.2358
531.875	0.2374
532.0	0.2358
532.125	0.2358
532.25	0.2374
532.375	0.2358
532.5	0.2358
532.625	0.2358
532.75	0.2358
532.875	0.2382
533.0	0.2374
533.125	0.2382
533.25	0.2374
533.375	0.2366
533.5	0.2358
533.625	0.2374
533.75	0.2358
533.875	0.2358
534.0	0.2382
534.125	0.2374
534.25	0.2389
534.375	0.2405
534.5	0.2389
534.625	0.2389
534.75	0.2382
534.875	0.2397
535.0	0.2405
535.125	0.2405
535.25	0.2405
535.375	0.2397
535.5	0.2405
535.625	0.2405
535.75	0.2405
535.875	0.2405
536.0	0.2405
536.125	0.2405
536.25	0.2413
536.375	0.2413
536.5	0.2413
536.625	0.2429
536.75	0.2421
536.875	0.2429
537.0	0.2444
537.125	0.2413
537.25	0.2421
537.375	0.2421
537.5	0.2405
537.625	0.2413
537.75	0.2437
537.875	0.2413
538.0	0.2444
538.125	0.2452
538.25	0.2444
538.375	0.2429
538.5	0.2452
538.625	0.2444
538.75	0.2452
538.875	0.2429
539.0	0.2421
539.125	0.2413
539.25	0.2444
539.375	0.2452
539.5	0.2429
539.625	0.2429
539.75	0.2429
539.875	0.2437
540.0	0.2437
540.125	0.2444
540.25	0.2437
540.375	0.2429
540.5	0.2444
540.625	0.2437
540.75	0.2444
540.875	0.2452
541.0	0.2421
541.125	0.2437
541.25	0.2444
541.375	0.2429
541.5	0.2452
541.625	0.2444
541.75	0.2429
541.875	0.2421
542.0	0.2429
542.125	0.2452
542.25	0.2421
542.375	0.2444
542.5	0.2437
542.625	0.2437
542.75	0.2429
542.875	0.2444
543.0	0.2437
543.125	0.2429
543.25	0.2429
543.375	0.2421
543.5	0.2444
543.625	0.2444
543.75	0.2437
543.875	0.2413
544.0	0.2429
544.125	0.2413
544.25	0.2421
544.375	0.2429
544.5	0.2397
544.625	0.2405
544.75	0.2405
544.875	0.2405
545.0	0.2405
545.125	0.2405
545.25	0.2405
545.375	0.2405
545.5	0.2397
545.625	0.2405
545.75	0.2405
545.875	0.2382
546.0	0.2405
546.125	0.2397
546.25	0.2389
546.375	0.2405
546.5	0.2382
546.625	0.2405
546.75	0.2389
546.875	0.2358
547.0	0.2405
547.125	0.2382
547.25	0.2374
547.375	0.2382
547.5	0.2374
547.625	0.2366
547.75	0.2366
547.875	0.2382
548.0	0.2382
548.125	0.2358
548.25	0.2374
548.375	0.2374
548.5	0.2366
548.625	0.2382
548.75	0.2358
548.875	0.2358
549.0	0.2382
549.125	0.2358
549.25	0.235
549.375	0.2358
549.5	0.2374
549.625	0.2358
549.75	0.2366
549.875	0.2374
550.0	0.2358
550.125	0.2358
550.25	0.2366
550.375	0.2358
550.5	0.2358
550.625	0.2358
550.75	0.2366
550.875	0.2382
551.0	0.2366
551.125	0.2358
551.25	0.2374
551.375	0.2358
551.5	0.2366
551.625	0.2366
551.75	0.2374
551.875	0.2358
552.0	0.2358
552.125	0.2358
552.25	0.2382
552.375	0.2374
552.5	0.2389
552.625	0.2389
552.75	0.2389
552.875	0.2366
553.0	0.2382
553.125	0.2389
553.25	0.2366
553.375	0.2382
553.5	0.2397
553.625	0.2397
553.75	0.2366
553.875	0.2382
554.0	0.2397
554.125	0.2382
554.25	0.2374
554.375	0.2382
554.5	0.2358
554.625	0.2366
554.75	0.2366
554.875	0.2374
555.0	0.2358
555.125	0.2358
555.25	0.2366
555.375	0.2374
555.5	0.2374
555.625	0.2382
555.75	0.2374
555.875	0.2358
556.0	0.2358
556.125	0.2374
556.25	0.2358
556.375	0.2358
556.5	0.2358
556.625	0.2358
556.75	0.2358
556.875	0.2358
557.0	0.2366
557.125	0.2358
557.25	0.2358
557.375	0.2358
557.5	0.2366
557.625	0.2366
557.75	0.2366
557.875	0.2389
558.0	0.2366
558.125	0.2366
558.25	0.2405
558.375	0.2397
558.5	0.2397
558.625	0.2397
558.75	0.2389
558.875	0.2397
559.0	0.2405
559.125	0.2405
559.25	0.2389
559.375	0.2405
559.5	0.2397
559.625	0.2374
559.75	0.2366
559.875	0.2374
560.0	0.2405
560.125	0.2389
560.25	0.2374
560.375	0.2382
560.5	0.2405
560.625	0.2413
560.75	0.2421
560.875	0.2476
561.0	0.2562
561.125	0.268
561.25	0.2814
561.375	0.2987
561.5	0.3128
561.625	0.3254
561.75	0.3309
561.875	0.3396
562.0	0.3443
562.125	0.3474
562.25	0.349
562.375	0.3529
562.5	0.3506
562.625	0.3482
562.75	0.3411
562.875	0.3286
563.0	0.3136
563.125	0.2979
563.25	0.2845
563.375	0.2712
563.5	0.261
563.625	0.2555
563.75	0.25
563.875	0.2468
564.0	0.2452
564.125	0.2452
564.25	0.246
564.375	0.246
564.5	0.2468
564.625	0.2492
564.75	0.25
564.875	0.2507
565.0	0.25
565.125	0.2507
565.25	0.2515
565.375	0.2515
565.5	0.25
565.625	0.2515
565.75	0.25
565.875	0.25
566.0	0.2468
566.125	0.246
566.25	0.2452
566.375	0.2452
566.5	0.2452
566.625	0.2444
566.75	0.2413
566.875	0.2429
567.0	0.2429
567.125	0.2421
567.25	0.2413
567.375	0.2444
567.5	0.2437
567.625	0.2437
567.75	0.2405
567.875	0.2429
568.0	0.2444
568.125	0.2421
568.25	0.2405
568.375	0.2413
568.5	0.2405
568.625	0.2405
568.75	0.2405
568.875	0.2405
569.0	0.2405
569.125	0.2405
569.25	0.2405
569.375	0.2405
569.5	0.2405
569.625	0.2397
569.75	0.2389
569.875	0.2413
570.0	0.2413
570.125	0.2429
570.25	0.2437
570.375	0.2468
570.5	0.25
570.625	0.2539
570.75	0.2547
570.875	0.2547
571.0	0.257
571.125	0.2562
571.25	0.2586
571.375	0.2594
571.5	0.2594
571.625	0.2594
571.75	0.2594
571.875	0.2594
572.0	0.2594
572.125	0.2547
572.25	0.2507
572.375	0.2476
572.5	0.2452
572.625	0.2452
572.75	0.2421
572.875	0.2405
573.0	0.2405
573.125	0.2397
573.25	0.2397
573.375	0.2405
573.5	0.2405
573.625	0.2405
573.75	0.2405
573.875	0.2405
574.0	0.2413
574.125	0.2413
574.25	0.2429
574.375	0.2421
574.5	0.2405
574.625	0.2437
574.75	0.2429
574.875	0.2413
575.0	0.2405
575.125	0.2405
575.25	0.2405
575.375	0.2405
575.5	0.2382
575.625	0.2366
575.75	0.2389
575.875	0.2366
576.0	0.2389
576.125	0.2366
576.25	0.2358
576.375	0.2358
576.5	0.2366
576.625	0.2374
576.75	0.2374
576.875	0.2366
577.0	0.2358
577.125	0.2358
577.25	0.2358
577.375	0.2366
577.5	0.2358
577.625	0.2358
577.75	0.2366
577.875	0.2358
578.0	0.2366
578.125	0.2358
578.25	0.2374
578.375	0.2374
578.5	0.2366
578.625	0.2358
578.75	0.2358
578.875	0.2358
579.0	0.2397
579.125	0.2405
579.25	0.2397
579.375	0.2405
579.5	0.2405
579.625	0.2405
579.75	0.2405
579.875	0.2405
580.0	0.2421
580.125	0.2405
580.25	0.2413
580.375	0.2421
580.5	0.2421
580.625	0.2421
580.75	0.2405
580.875	0.2405
581.0	0.2405
581.125	0.2382
581.25	0.2382
581.375	0.2358
581.5	0.2358
581.625	0.2366
581.75	0.2397
581.875	0.2366
582.0	0.2358
582.125	0.2374
582.25	0.2366
582.375	0.2382
582.5	0.2374
582.625	0.2358
582.75	0.2358
582.875	0.2374
583.0	0.2389
583.125	0.2405
583.25	0.2405
583.375	0.2452
583.5	0.246
583.625	0.25
583.75	0.25
583.875	0.25
584.0	0.2539
584.125	0.2547
584.25	0.2547
584.375	0.2562
584.5	0.2562
584.625	0.2555
584.75	0.2555
584.875	0.2547
585.0	0.2547
585.125	0.2531
585.25	0.2515
585.375	0.25
585.5	0.25
585.625	0.2547
585.75	0.257
585.875	0.2594
586.0	0.2625
586.125	0.2633
586.25	0.2633
586.375	0.2641
586.5	0.2641
586.625	0.2657
586.75	0.2649
586.875	0.2649
587.0	0.2641
587.125	0.2633
587.25	0.2602
587.375	0.257
587.5	0.2547
587.625	0.2492
587.75	0.2468
587.875	0.2437
588.0	0.2405
588.125	0.2405
588.25	0.2405
588.375	0.2405
588.5	0.2405
588.625	0.2405
588.75	0.2397
588.875	0.2405
589.0	0.2397
589.125	0.2405
589.25	0.2405
589.375	0.2413
589.5	0.2405
589.625	0.2405
589.75	0.2405
589.875	0.2437
590.0	0.2468
590.125	0.2531
590.25	0.2594
590.375	0.2665
590.5	0.2735
590.625	0.2759
590.75	0.2783
590.875	0.283
591.0	0.2838
591.125	0.2877
591.25	0.2869
591.375	0.2877
591.5	0.2877
591.625	0.2877
591.75	0.283
591.875	0.2814
592.0	0.2783
592.125	0.2688
592.25	0.2641
592.375	0.261
592.5	0.2594
592.625	0.2562
592.75	0.2547
592.875	0.2547
593.0	0.2547
593.125	0.2547
593.25	0.2539
593.375	0.2523
593.5	0.2539
593.625	0.2547
593.75	0.2531
593.875	0.25
594.0	0.25
594.125	0.25
594.25	0.2468
594.375	0.2452
594.5	0.2452
594.625	0.2437
594.75	0.2421
594.875	0.2429
595.0	0.2405
595.125	0.2421
595.25	0.2405
595.375	0.2421
595.5	0.2413
595.625	0.2421
595.75	0.2405
595.875	0.2405
596.0	0.2413
596.125	0.2405
596.25	0.2405
596.375	0.2405
596.5	0.2405
596.625	0.2405
596.75	0.2405
596.875	0.2405
597.0	0.2405
597.125	0.2429
597.25	0.2405
597.375	0.2405
597.5	0.2413
597.625	0.2429
597.75	0.2452
597.875	0.246
598.0	0.2452
598.125	0.2444
598.25	0.2444
598.375	0.2452
598.5	0.2437
598.625	0.2452
598.75	0.2452
598.875	0.2452
599.0	0.2452
599.125	0.2452
599.25	0.2452
599.375	0.2421
599.5	0.2405
599.625	0.2405
599.75	0.2397
599.875	0.2405
600.0	0.2405
600.125	0.2397
600.25	0.2405
600.375	0.2397
600.5	0.2374
600.625	0.2382
600.75	0.2374
600.875	0.2358
601.0	0.2366
601.125	0.2389
601.25	0.2382
601.375	0.2389
601.5	0.2389
601.625	0.2389
601.75	0.2358
601.875	0.2382
602.0	0.2382
602.125	0.2382
602.25	0.2389
602.375	0.2405
602.5	0.2413
602.625	0.2444
602.75	0.246
602.875	0.25
603.0	0.25
603.125	0.2539
603.25	0.2547
603.375	0.2555
603.5	0.2547
603.625	0.2578
603.75	0.2555
603.875	0.2547
604.0	0.2562
604.125	0.2547
604.25	0.2539
604.375	0.25
604.5	0.2492
604.625	0.2476
604.75	0.2444
604.875	0.2421
605.0	0.2405
605.125	0.2389
605.25	0.2389
605.375	0.2397
605.5	0.2382
605.625	0.2382
605.75	0.2382
605.875	0.2366
606.0	0.2397
606.125	0.2382
606.25	0.2382
606.375	0.2382
606.5	0.2397
606.625	0.2405
606.75	0.2421
606.875	0.2452
607.0	0.2444
607.125	0.2452
607.25	0.2437
607.375	0.2452
607.5	0.2444
607.625	0.2452
607.75	0.2452
607.875	0.246
608.0	0.2437
608.125	0.2437
608.25	0.2444
608.375	0.2429
608.5	0.2413
608.625	0.2405
608.75	0.2389
608.875	0.2405
609.0	0.2405
609.125	0.2405
609.25	0.2413
609.375	0.2452
609.5	0.2468
609.625	0.25
609.75	0.2547
609.875	0.2562
610.0	0.2547
610.125	0.2578
610.25	0.2578
610.375	0.2586
610.5	0.2586
610.625	0.2578
610.75	0.2586
610.875	0.2578
611.0	0.2547
611.125	0.2531
611.25	0.25
611.375	0.2452
611.5	0.2437
611.625	0.2413
611.75	0.2389
611.875	0.2389
612.0	0.2366
612.125	0.2358
612.25	0.2366
612.375	0.2358
612.5	0.2358
612.625	0.2358
612.75	0.2374
612.875	0.2358
613.0	0.2358
613.125	0.2366
613.25	0.2358
613.375	0.2366
613.5	0.2358
613.625	0.2358
613.75	0.2358
613.875	0.2366
614.0	0.2382
614.125	0.2421
614.25	0.2437
614.375	0.246
614.5	0.25
614.625	0.25
614.75	0.2523
614.875	0.2539
615.0	0.2547
615.125	0.2547
615.25	0.2547
615.375	0.2555
615.5	0.2562
615.625	0.2555
615.75	0.2594
615.875	0.2594
616.0	0.2633
616.125	0.2688
616.25	0.2735
616.375	0.2806
616.5	0.2869
616.625	0.2893
616.75	0.2924
616.875	0.2948
617.0	0.2971
617.125	0.2971
617.25	0.2979
617.375	0.2971
617.5	0.2963
617.625	0.2924
617.75	0.2877
617.875	0.2798
618.0	0.2712
618.125	0.2617
618.25	0.2539
618.375	0.2476
618.5	0.2444
618.625	0.2405
618.75	0.2366
618.875	0.2374
619.0	0.2358
619.125	0.2358
619.25	0.2358
619.375	0.2358
619.5	0.2342
619.625	0.2358
619.75	0.235
619.875	0.2358
620.0	0.2366
620.125	0.235
620.25	0.2358
620.375	0.2358
620.5	0.2358
620.625	0.2358
620.75	0.2358
620.875	0.2358
621.0	0.2358
621.125	0.2342
621.25	0.2358
621.375	0.2358
621.5	0.2358
621.625	0.2358
621.75	0.2358
621.875	0.2358
622.0	0.2358
622.125	0.235
622.25	0.2358
622.375	0.2358
622.5	0.2334
622.625	0.2358
622.75	0.2358
622.875	0.2358
623.0	0.2342
623.125	0.2358
623.25	0.235
623.375	0.2358
623.5	0.2358
623.625	0.235
623.75	0.2358
623.875	0.2358
624.0	0.2358
624.125	0.2358
624.25	0.2358
624.375	0.2358
624.5	0.2358
624.625	0.2334
624.75	0.2358
624.875	0.2358
625.0	0.2358
625.125	0.2358
625.25	0.2358
625.375	0.2358
625.5	0.2358
625.625	0.2358
625.75	0.2358
625.875	0.2342
626.0	0.2358
626.125	0.235
626.25	0.2358
626.375	0.2389
626.5	0.2405
626.625	0.2452
626.75	0.25
626.875	0.2515
627.0	0.2539
627.125	0.257
627.25	0.2594
627.375	0.2594
627.5	0.2602
627.625	0.2594
627.75	0.261
627.875	0.2602
628.0	0.2602
628.125	0.2594
628.25	0.2555
628.375	0.2539
628.5	0.2484
628.625	0.2452
628.75	0.2405
628.875	0.2397
629.0	0.2358
629.125	0.2358
629.25	0.235
629.375	0.2342
629.5	0.235
629.625	0.2358
629.75	0.235
629.875	0.2334
630.0	0.2358
630.125	0.2358
630.25	0.2358
630.375	0.235
630.5	0.2358
630.625	0.2358
630.75	0.235
630.875	0.235
631.0	0.2334
631.125	0.2319
631.25	0.2311
631.375	0.2311
631.5	0.2303
631.625	0.2311
631.75	0.2295
631.875	0.2279
632.0	0.2287
632.125	0.2272
632.25	0.2279
632.375	0.2279
632.5	0.2279
632.625	0.2279
632.75	0.2264
632.875	0.2272
633.0	0.2279
633.125	0.2303
633.25	0.2272
633.375	0.2272
633.5	0.2279
633.625	0.2279
633.75	0.2295
633.875	0.2295
634.0	0.2279
634.125	0.2264
634.25	0.2272
634.375	0.2264
634.5	0.2279
634.625	0.2279
634.75	0.2264
634.875	0.2272
635.0	0.2272
635.125	0.2272
635.25	0.2287
635.375	0.2264
635.5	0.2287
635.625	0.2303
635.75	0.2311
635.875	0.2327
636.0	0.2334
636.125	0.2358
636.25	0.2366
636.375	0.2382
636.5	0.2366
636.625	0.2366
636.75	0.2382
636.875	0.2382
637.0	0.2397
637.125	0.2397
637.25	0.2397
637.375	0.2374
637.5	0.2358
637.625	0.2358
637.75	0.2311
637.875	0.2311
638.0	0.2295
638.125	0.2287
638.25	0.2295
638.375	0.2303
638.5	0.2272
638.625	0.2295
638.75	0.2264
638.875	0.2272
639.0	0.2279
639.125	0.2264
639.25	0.2272
639.375	0.2264
639.5	0.2272
639.625	0.2264
639.75	0.2272
639.875	0.2272
640.0	0.2264
640.125	0.2264
640.25	0.2264
640.375	0.2272
640.5	0.2272
640.625	0.2264
640.75	0.2295
640.875	0.2272
641.0	0.2264
641.125	0.2264
641.25	0.2264
641.375	0.2272
641.5	0.2272
641.625	0.2264
641.75	0.2264
641.875	0.2272
642.0	0.2264
642.125	0.2264
642.25	0.2264
642.375	0.2264
642.5	0.2279
642.625	0.2264
642.75	0.2264
642.875	0.2272
643.0	0.2264
643.125	0.2279
643.25	0.2295
643.375	0.2279
643.5	0.2295
643.625	0.2327
643.75	0.2358
643.875	0.2405
644.0	0.2405
644.125	0.2444
644.25	0.2452
644.375	0.2452
644.5	0.2452
644.625	0.2492
644.75	0.246
644.875	0.25
645.0	0.2476
645.125	0.2452
645.25	0.2452
645.375	0.2452
645.5	0.2405
645.625	0.2374
645.75	0.2366
645.875	0.2334
646.0	0.2311
646.125	0.2311
646.25	0.2272
646.375	0.2264
646.5	0.2279
646.625	0.2287
646.75	0.2279
646.875	0.2272
647.0	0.2279
647.125	0.2279
647.25	0.2272
647.375	0.2295
647.5	0.2311
647.625	0.2319
647.75	0.2311
647.875	0.2358
648.0	0.2358
648.125	0.2358
648.25	0.2366
648.375	0.2374
648.5	0.2358
648.625	0.2366
648.75	0.2366
648.875	0.2382
649.0	0.2374
649.125	0.2358
649.25	0.2358
649.375	0.2358
649.5	0.2334
649.625	0.2342
649.75	0.2311
649.875	0.2311
650.0	0.2303
650.125	0.2303
650.25	0.2279
650.375	0.2303
650.5	0.2287
650.625	0.2295
650.75	0.2272
650.875	0.2279
651.0	0.2287
651.125	0.2295
651.25	0.2287
651.375	0.2295
651.5	0.2279
651.625	0.2303
651.75	0.2279
651.875	0.2295
652.0	0.2264
652.125	0.2272
652.25	0.2264
652.375	0.2279
652.5	0.2287
652.625	0.2272
652.75	0.2264
652.875	0.2264
653.0	0.2303
653.125	0.2279
653.25	0.2264
653.375	0.2264
653.5	0.2272
653.625	0.2272
653.75	0.2272
653.875	0.2272
654.0	0.2272
654.125	0.2272
654.25	0.2264
654.375	0.2287
654.5	0.2272
654.625	0.2264
654.75	0.2295
654.875	0.2272
655.0	0.2264
655.125	0.2264
655.25	0.2272
655.375	0.2264
655.5	0.2264
655.625	0.2264
655.75	0.2264
655.875	0.2272
656.0	0.2272
656.125	0.2272
656.25	0.2264
656.375	0.2295
656.5	0.2272
656.625	0.2272
656.75	0.2295
656.875	0.2279
657.0	0.2279
657.125	0.2264
657.25	0.2264
657.375	0.2272
657.5	0.2287
657.625	0.2287
657.75	0.2287
657.875	0.2272
658.0	0.2287
658.125	0.2295
658.25	0.2279
658.375	0.2279
658.5	0.2272
658.625	0.2272
658.75	0.2272
658.875	0.2279
659.0	0.2295
659.125	0.2279
659.25	0.2295
659.375	0.2287
659.5	0.2279
659.625	0.2272
659.75	0.2279
659.875	0.2287
660.0	0.2272
660.125	0.2311
660.25	0.2287
660.375	0.2272
660.5	0.2287
660.625	0.2279
660.75	0.2264
660.875	0.2287
661.0	0.2303
661.125	0.2279
661.25	0.2295
661.375	0.2272
661.5	0.2264
661.625	0.2279
661.75	0.2272
661.875	0.2264
662.0	0.2295
662.125	0.2272
662.25	0.2264
662.375	0.2264
662.5	0.2272
662.625	0.2272
662.75	0.2264
662.875	0.2264
663.0	0.2264
663.125	0.2264
663.25	0.2272
663.375	0.2264
663.5	0.2264
663.625	0.2264
663.75	0.2264
663.875	0.2264
664.0	0.2272
664.125	0.2264
664.25	0.2264
664.375	0.2264
664.5	0.2264
664.625	0.2264
664.75	0.2272
664.875	0.2264
665.0	0.2264
665.125	0.2272
665.25	0.2264
665.375	0.2264
665.5	0.2264
665.625	0.2264
665.75	0.2272
665.875	0.2264
666.0	0.2272
666.125	0.2272
666.25	0.2264
666.375	0.2264
666.5	0.2264
666.625	0.2272
666.75	0.2272
666.875	0.2264
667.0	0.2272
667.125	0.2272
667.25	0.2295
667.375	0.2264
667.5	0.2279
667.625	0.2264
667.75	0.2264
667.875	0.2279
668.0	0.2264
668.125	0.2279
668.25	0.2272
668.375	0.2287
668.5	0.2279
668.625	0.2279
668.75	0.2311
668.875	0.2311
669.0	0.2342
669.125	0.2358
669.25	0.2358
669.375	0.2374
669.5	0.2382
669.625	0.2405
669.75	0.2405
669.875	0.2405
670.0	0.2405
670.125	0.2405
670.25	0.2405
670.375	0.2389
670.5	0.2374
670.625	0.2358
670.75	0.2342
670.875	0.2319
671.0	0.2311
671.125	0.2279
671.25	0.2279
671.375	0.2264
671.5	0.2264
671.625	0.2272
671.75	0.2264
671.875	0.2272
672.0	0.2272
672.125	0.2264
672.25	0.2264
672.375	0.2264
672.5	0.2256
672.625	0.2264
672.75	0.2272
672.875	0.2264
673.0	0.2272
673.125	0.2264
673.25	0.2264
673.375	0.2264
673.5	0.2264
673.625	0.2272
673.75	0.2264
673.875	0.2264
674.0	0.2256
674.125	0.2264
674.25	0.2264
674.375	0.2264
674.5	0.2264
674.625	0.2256
674.75	0.2279
674.875	0.2264
675.0	0.2264
675.125	0.2256
675.25	0.2264
675.375	0.2264
675.5	0.2264
675.625	0.2264
675.75	0.2264
675.875	0.2264
676.0	0.2264
676.125	0.2264
676.25	0.2264
676.375	0.2264
676.5	0.2264
676.625	0.2264
676.75	0.2256
676.875	0.2264
677.0	0.2264
677.125	0.2264
677.25	0.2272
677.375	0.2279
677.5	0.2272
677.625	0.2279
677.75	0.2264
677.875	0.2272
678.0	0.2264
678.125	0.2264
678.25	0.2264
678.375	0.2264
678.5	0.2272
678.625	0.2264
678.75	0.2264
678.875	0.2264
679.0	0.2287
679.125	0.2311
679.25	0.2319
679.375	0.2319
679.5	0.2358
679.625	0.2366
679.75	0.2405
679.875	0.2405
680.0	0.2413
680.125	0.2405
680.25	0.2444
680.375	0.2437
680.5	0.2444
680.625	0.2452
680.75	0.2452
680.875	0.2429
681.0	0.2437
681.125	0.2405
681.25	0.2397
681.375	0.2358
681.5	0.2358
681.625	0.235
681.75	0.2334
681.875	0.2319
682.0	0.2311
682.125	0.2303
682.25	0.2303
682.375	0.2272
682.5	0.2287
682.625	0.2264
682.75	0.2295
682.875	0.2272
683.0	0.2264
683.125	0.2264
683.25	0.2264
683.375	0.2272
683.5	0.2264
683.625	0.2264
683.75	0.2264
683.875	0.2264
684.0	0.2279
684.125	0.2279
684.25	0.2264
684.375	0.2272
684.5	0.2272
684.625	0.2264
684.75	0.2272
684.875	0.2264
685.0	0.2264
685.125	0.2264
685.25	0.2264
685.375	0.2264
685.5	0.2264
685.625	0.2264
685.75	0.2272
685.875	0.2264
686.0	0.2264
686.125	0.2256
686.25	0.2264
686.375	0.2264
686.5	0.2264
686.625	0.2264
686.75	0.2264
686.875	0.2264
687.0	0.2264
687.125	0.2264
687.25	0.2264
687.375	0.2264
687.5	0.2264
687.625	0.2264
687.75	0.2264
687.875	0.2256
688.0	0.2264
688.125	0.2264
688.25	0.2264
688.375	0.2264
688.5	0.2264
688.625	0.2264
688.75	0.2264
688.875	0.2264
689.0	0.2264
689.125	0.2264
689.25	0.2264
689.375	0.2264
689.5	0.2264
689.625	0.2264
689.75	0.2264
689.875	0.2264
690.0	0.2264
690.125	0.2264
690.25	0.2264
690.375	0.2264
690.5	0.2264
690.625	0.2272
690.75	0.2272
690.875	0.2264
691.0	0.2264
691.125	0.2264
691.25	0.2264
691.375	0.2264
691.5	0.2264
691.625	0.2264
691.75	0.2264
691.875	0.2264
692.0	0.2264
692.125	0.2264
692.25	0.2264
692.375	0.2264
692.5	0.2264
692.625	0.2272
692.75	0.2264
692.875	0.2264
693.0	0.2264
693.125	0.2264
693.25	0.2264
693.375	0.2264
693.5	0.2264
693.625	0.2264
693.75	0.2264
693.875	0.2279
694.0	0.2279
694.125	0.2279
694.25	0.2279
694.375	0.2279
694.5	0.2272
694.625	0.2264
694.75	0.2264
694.875	0.2264
695.0	0.2287
695.125	0.2272
695.25	0.2279
695.375	0.2272
695.5	0.2279
695.625	0.2272
695.75	0.2264
695.875	0.2264
696.0	0.2272
696.125	0.2264
696.25	0.2264
696.375	0.2264
696.5	0.2279
696.625	0.2264
696.75	0.2264
696.875	0.2264
697.0	0.2264
697.125	0.2272
697.25	0.2264
697.375	0.2264
697.5	0.2264
697.625	0.2264
697.75	0.2264
697.875	0.2264
698.0	0.2264
698.125	0.2272
698.25	0.2264
698.375	0.2264
698.5	0.2272
698.625	0.2264
698.75	0.2264
698.875	0.2264
699.0	0.2264
699.125	0.2264
699.25	0.2264
699.375	0.2264
699.5	0.2264
699.625	0.2264
699.75	0.2256
699.875	0.2264
700.0	0.2264
700.125	0.2264
700.25	0.2264
700.375	0.2264
700.5	0.2279
700.625	0.2264
700.75	0.2279
700.875	0.2303
701.0	0.2295
701.125	0.2311
701.25	0.2295
701.375	0.2303
701.5	0.2311
701.625	0.2303
701.75	0.2311
701.875	0.2311
702.0	0.2311
702.125	0.2303
702.25	0.2311
702.375	0.2311
702.5	0.2295
702.625	0.2295
702.75	0.2272
702.875	0.2264
703.0	0.2287
703.125	0.2264
703.25	0.2264
703.375	0.2256
703.5	0.2272
703.625	0.2272
703.75	0.2272
703.875	0.2272
704.0	0.2272
704.125	0.2264
704.25	0.2264
704.375	0.2272
704.5	0.2264
704.625	0.2264
704.75	0.2272
704.875	0.2264
705.0	0.2272
705.125	0.2272
705.25	0.2256
705.375	0.2264
705.5	0.2264
705.625	0.2264
705.75	0.2264
705.875	0.2264
706.0	0.2264
706.125	0.2272
706.25	0.2264
706.375	0.2264
706.5	0.2264
706.625	0.2272
706.75	0.2272
706.875	0.2272
707.0	0.2264
707.125	0.2264
707.25	0.2264
707.375	0.2264
707.5	0.2272
707.625	0.2264
707.75	0.2264
707.875	0.2264
708.0	0.2264
708.125	0.2264
708.25	0.2264
708.375	0.2264
708.5	0.2272
708.625	0.2264
708.75	0.2272
708.875	0.2264
709.0	0.2264
709.125	0.2264
709.25	0.2264
709.375	0.2287
709.5	0.2264
709.625	0.2264
709.75	0.2264
709.875	0.2264
710.0	0.2264
710.125	0.2264
710.25	0.2264
710.375	0.2264
710.5	0.2264
710.625	0.2279
710.75	0.2264
710.875	0.2264
711.0	0.2264
711.125	0.2264
711.25	0.2264
711.375	0.2272
711.5	0.2264
711.625	0.2264
711.75	0.2264
711.875	0.2264
712.0	0.2264
712.125	0.2264
712.25	0.2264
712.375	0.2264
712.5	0.2264
712.625	0.2264
712.75	0.2272
712.875	0.2272
713.0	0.2272
713.125	0.2264
713.25	0.2264
713.375	0.2264
713.5	0.2279
713.625	0.2264
713.75	0.2264
713.875	0.2264
714.0	0.2272
714.125	0.2264
714.25	0.2264
714.375	0.2272
714.5	0.2272
714.625	0.2287
714.75	0.2272
714.875	0.2279
715.0	0.2279
715.125	0.2264
715.25	0.2264
715.375	0.2264
715.5	0.2272
715.625	0.2264
715.75	0.2264
715.875	0.2264
716.0	0.2264
716.125	0.2264
716.25	0.2272
716.375	0.2264
716.5	0.2264
716.625	0.2279
716.75	0.2264
716.875	0.2264
717.0	0.2264
717.125	0.2264
717.25	0.2264
717.375	0.2264
717.5	0.2264
717.625	0.2264
717.75	0.2264
717.875	0.2264
718.0	0.2272
718.125	0.2279
718.25	0.2264
718.375	0.2264
718.5	0.2264
718.625	0.2272
718.75	0.2264
718.875	0.2264
719.0	0.2272
719.125	0.2264
719.25	0.2264
719.375	0.2264
719.5	0.2256
719.625	0.2264
719.75	0.2264
719.875	0.2279
720.0	0.2264
720.125	0.2272
720.25	0.2264
720.375	0.2264
720.5	0.2264
720.625	0.2264
720.75	0.2272
720.875	0.2287
721.0	0.2272
721.125	0.2279
721.25	0.2272
721.375	0.2264
721.5	0.2272
721.625	0.2264
721.75	0.2272
721.875	0.2264
722.0	0.2279
722.125	0.2264
722.25	0.2279
722.375	0.2272
722.5	0.2256
722.625	0.2264
722.75	0.2264
722.875	0.2256
723.0	0.2264
723.125	0.2264
723.25	0.2264
723.375	0.2264
723.5	0.2264
723.625	0.2279
723.75	0.2264
723.875	0.2264
724.0	0.2264
724.125	0.2264
724.25	0.2256
724.375	0.2272
724.5	0.2264
724.625	0.2264
724.75	0.2264
724.875	0.2264
725.0	0.2264
725.125	0.2279
725.25	0.2264
725.375	0.2264
725.5	0.2264
725.625	0.2264
725.75	0.2264
725.875	0.2264
726.0	0.2264
726.125	0.2264
726.25	0.2264
726.375	0.2272
726.5	0.2272
726.625	0.2272
726.75	0.2264
726.875	0.2264
727.0	0.2264
727.125	0.2264
727.25	0.2264
727.375	0.2264
727.5	0.2272
727.625	0.2264
727.75	0.2264
727.875	0.2264
728.0	0.2264
728.125	0.2264
728.25	0.2264
728.375	0.2264
728.5	0.2264
728.625	0.2264
728.75	0.2279
728.875	0.2264
729.0	0.2264
729.125	0.2264
729.25	0.2279
729.375	0.2264
729.5	0.2264
729.625	0.2264
729.75	0.2264
729.875	0.2264
730.0	0.2272
730.125	0.2264
730.25	0.2264
730.375	0.2287
730.5	0.2264
730.625	0.2264
730.75	0.2272
730.875	0.2264
731.0	0.2272
731.125	0.2272
731.25	0.2279
731.375	0.2272
731.5	0.2287
731.625	0.2295
731.75	0.2264
731.875	0.2264
732.0	0.2279
732.125	0.2272
732.25	0.2264
732.375	0.2272
732.5	0.2279
732.625	0.2279
732.75	0.2272
732.875	0.2279
733.0	0.2264
733.125	0.2264
733.25	0.2264
733.375	0.2272
733.5	0.2272
733.625	0.2264
733.75	0.2264
733.875	0.2272
734.0	0.2279
734.125	0.2279
734.25	0.2279
734.375	0.2264
734.5	0.2264
734.625	0.2279
734.75	0.2264
734.875	0.2287
735.0	0.2264
735.125	0.2279
735.25	0.2272
735.375	0.2279
735.5	0.2264
735.625	0.2272
735.75	0.2279
735.875	0.2264
736.0	0.2287
736.125	0.2264
736.25	0.2279
736.375	0.2264
736.5	0.2264
736.625	0.2295
736.75	0.2264
736.875	0.2272
737.0	0.2264
737.125	0.2279
737.25	0.2264
737.375	0.2287
737.5	0.2272
737.625	0.2295
737.75	0.2264
737.875	0.2264
738.0	0.2272
738.125	0.2264
738.25	0.2264
738.375	0.2264
738.5	0.2264
738.625	0.2287
738.75	0.2264
738.875	0.2279
739.0	0.2272
739.125	0.2264
739.25	0.2264
739.375	0.2272
739.5	0.2279
739.625	0.2272
739.75	0.2279
739.875	0.2264
740.0	0.2272
740.125	0.2279
740.25	0.2279
740.375	0.2272
740.5	0.2287
740.625	0.2264
740.75	0.2303
740.875	0.2272
741.0	0.2272
741.125	0.2272
741.25	0.2272
741.375	0.2287
741.5	0.2272
741.625	0.2279
741.75	0.2279
741.875	0.2279
742.0	0.2272
742.125	0.2272
742.25	0.2287
742.375	0.2295
742.5	0.2287
742.625	0.2287
742.75	0.2287
742.875	0.2287
743.0	0.2287
743.125	0.2272
743.25	0.2264
743.375	0.2279
743.5	0.2287
743.625	0.2264
743.75	0.2264
743.875	0.2303
744.0	0.2287
744.125	0.2264
744.25	0.2279
744.375	0.2303
744.5	0.2295
744.625	0.2311
744.75	0.2264
744.875	0.2279
745.0	0.2264
745.125	0.2264
745.25	0.2287
745.375	0.2303
745.5	0.2287
745.625	0.2303
745.75	0.2272
745.875	0.2264
746.0	0.2295
746.125	0.2272
746.25	0.2264
746.375	0.2295
746.5	0.2287
746.625	0.2303
746.75	0.2295
746.875	0.2303
747.0	0.2287
747.125	0.2287
747.25	0.2279
747.375	0.2279
747.5	0.2264
747.625	0.2279
747.75	0.2279
747.875	0.2272
748.0	0.2279
748.125	0.2264
748.25	0.2272
748.375	0.2287
748.5	0.2272
748.625	0.2295
748.75	0.2295
748.875	0.2287
749.0	0.2279
749.125	0.2279
749.25	0.2279
749.375	0.2295
749.5	0.2287
749.625	0.2287
749.75	0.2264
749.875	0.2272
750.0	0.2272
750.125	0.2287
750.25	0.2264
750.375	0.2264
750.5	0.2264
750.625	0.2264
750.75	0.2272
750.875	0.2279
751.0	0.2272
751.125	0.2264
751.25	0.2264
751.375	0.2264
751.5	0.2264
751.625	0.2264
751.75	0.2264
751.875	0.2279
752.0	0.2264
752.125	0.2264
752.25	0.2264
752.375	0.2264
752.5	0.2248
752.625	0.2264
752.75	0.2264
752.875	0.2264
753.0	0.2264
753.125	0.2264
753.25	0.2256
753.375	0.2264
753.5	0.2264
753.625	0.2272
753.75	0.2272
753.875	0.2264
754.0	0.2264
754.125	0.2279
754.25	0.2303
754.375	0.2295
754.5	0.2295
754.625	0.2287
754.75	0.2303
754.875	0.2311
755.0	0.2311
755.125	0.2295
755.25	0.2279
755.375	0.2279
755.5	0.2287
755.625	0.2264
755.75	0.2264
755.875	0.2264
756.0	0.2264
756.125	0.2264
756.25	0.2264
756.375	0.2264
756.5	0.2264
756.625	0.2264
756.75	0.2264
756.875	0.2256
757.0	0.2256
757.125	0.2264
757.25	0.2264
757.375	0.2264
757.5	0.2264
757.625	0.2264
757.75	0.2264
757.875	0.2264
758.0	0.2272
758.125	0.2272
758.25	0.2279
758.375	0.2272
758.5	0.2264
758.625	0.2272
758.75	0.2264
758.875	0.2279
759.0	0.2272
759.125	0.2287
759.25	0.2295
759.375	0.2295
759.5	0.2311
759.625	0.2295
759.75	0.2311
759.875	0.2311
760.0	0.2311
760.125	0.2311
760.25	0.2303
760.375	0.2311
760.5	0.2311
760.625	0.2311
760.75	0.2311
760.875	0.2311
761.0	0.2311
761.125	0.2311
761.25	0.2311
761.375	0.2311
761.5	0.2311
761.625	0.2311
761.75	0.2311
761.875	0.2311
762.0	0.2311
762.125	0.2319
762.25	0.2311
762.375	0.2311
762.5	0.2311
762.625	0.2334
762.75	0.2311
762.875	0.2311
763.0	0.2311
763.125	0.2311
763.25	0.2319
763.375	0.2311
763.5	0.2311
763.625	0.2319
763.75	0.2311
763.875	0.2334
764.0	0.2311
764.125	0.2319
764.25	0.2319
764.375	0.2319
764.5	0.2311
764.625	0.2327
764.75	0.2311
764.875	0.2319
765.0	0.2319
765.125	0.2319
765.25	0.2311
765.375	0.2319
765.5	0.2327
765.625	0.2319
765.75	0.2319
765.875	0.2319
766.0	0.2311
766.125	0.2311
766.25	0.2311
766.375	0.2311
766.5	0.2311
766.625	0.2327
766.75	0.2303
766.875	0.2311
767.0	0.2311
767.125	0.2311
767.25	0.2311
767.375	0.2311
767.5	0.2311
767.625	0.2319
767.75	0.2311
767.875	0.2311
768.0	0.2311
768.125	0.2311
768.25	0.2311
768.375	0.2311
768.5	0.2311
768.625	0.2311
768.75	0.2303
768.875	0.2295
769.0	0.2311
769.125	0.2303
769.25	0.2303
769.375	0.2279
769.5	0.2287
769.625	0.2295
769.75	0.2264
769.875	0.2264
770.0	0.2272
770.125	0.2264
770.25	0.2264
770.375	0.2264
770.5	0.2264
770.625	0.2256
770.75	0.2264
770.875	0.2248
771.0	0.2232
771.125	0.2216
771.25	0.2232
771.375	0.2216
771.5	0.2216
771.625	0.2216
771.75	0.2216
771.875	0.2216
772.0	0.2216
772.125	0.2216
772.25	0.2201
772.375	0.2216
772.5	0.2216
772.625	0.2209
772.75	0.2201
772.875	0.2201
773.0	0.2201
773.125	0.2216
773.25	0.2193
773.375	0.2216
773.5	0.2193
773.625	0.2201
773.75	0.2209
773.875	0.2201
774.0	0.2193
774.125	0.2193
774.25	0.2193
774.375	0.2169
774.5	0.2177
774.625	0.2193
774.75	0.2177
774.875	0.2177
775.0	0.2177
775.125	0.2193
775.25	0.2201
775.375	0.2201
775.5	0.2201
775.625	0.2193
775.75	0.2169
775.875	0.2193
776.0	0.2185
776.125	0.2177
776.25	0.2177
776.375	0.2177
776.5	0.2169
776.625	0.2185
776.75	0.2177
776.875	0.2185
777.0	0.2169
777.125	0.2169
777.25	0.2177
777.375	0.2169
777.5	0.2169
777.625	0.2193
777.75	0.2169
777.875	0.2161
778.0	0.2169
778.125	0.2169
778.25	0.2169
778.375	0.2169
778.5	0.2169
778.625	0.2169
778.75	0.2177
778.875	0.2161
779.0	0.2169
779.125	0.2169
779.25	0.2161
779.375	0.2169
779.5	0.2161
779.625	0.2169
779.75	0.2169
779.875	0.2169
780.0	0.2169
780.125	0.2161
780.25	0.2169
780.375	0.2169
780.5	0.2169
780.625	0.2154
780.75	0.2169
780.875	0.2146
781.0	0.2169
781.125	0.2169
781.25	0.2169
781.375	0.2169
781.5	0.2169
781.625	0.2169
781.75	0.2161
781.875	0.2146
782.0	0.2154
782.125	0.2169
782.25	0.2169
782.375	0.2161
782.5	0.2169
782.625	0.2154
782.75	0.2169
782.875	0.2154
783.0	0.2146
783.125	0.2169
783.25	0.2169
783.375	0.2169
783.5	0.2169
783.625	0.2177
783.75	0.2169
783.875	0.2169
784.0	0.2185
784.125	0.2169
784.25	0.2169
784.375	0.2169
784.5	0.2169
784.625	0.2169
784.75	0.2169
784.875	0.2169
785.0	0.2185
785.125	0.2193
785.25	0.2177
785.375	0.2193
785.5	0.2209
785.625	0.2201
785.75	0.2216
785.875	0.2193
786.0	0.2216
786.125	0.2216
786.25	0.2216
786.375	0.2209
786.5	0.2201
786.625	0.2216
786.75	0.2216
786.875	0.2216
787.0	0.2216
787.125	0.2216
787.25	0.2216
787.375	0.2216
787.5	0.2224
787.625	0.2232
787.75	0.2224
787.875	0.2248
788.0	0.2264
788.125	0.224
788.25	0.224
788.375	0.2264
788.5	0.224
788.625	0.2224
788.75	0.2232
788.875	0.2224
789.0	0.2216
789.125	0.2216
789.25	0.2216
789.375	0.2216
789.5	0.2216
789.625	0.2209
789.75	0.2216
789.875	0.2216
790.0	0.2216
790.125	0.2216
790.25	0.2216
790.375	0.2216
790.5	0.2209
790.625	0.2201
790.75	0.2193
790.875	0.2209
791.0	0.2216
791.125	0.2216
791.25	0.2209
791.375	0.2209
791.5	0.2216
791.625	0.2209
791.75	0.2193
791.875	0.2201
792.0	0.2185
792.125	0.2169
792.25	0.2201
792.375	0.2201
792.5	0.2177
792.625	0.2193
792.75	0.2193
792.875	0.2209
793.0	0.2177
793.125	0.2169
793.25	0.2185
793.375	0.2177
793.5	0.2201
793.625	0.2216
793.75	0.2201
793.875	0.2177
794.0	0.2193
794.125	0.2193
794.25	0.2177
794.375	0.2216
794.5	0.2209
794.625	0.2209
794.75	0.2193
794.875	0.2185
795.0	0.2201
795.125	0.2169
795.25	0.2185
795.375	0.2177
795.5	0.2216
795.625	0.2209
795.75	0.2201
795.875	0.2177
796.0	0.2201
796.125	0.2185
796.25	0.2193
796.375	0.2185
796.5	0.2177
796.625	0.2201
796.75	0.2209
796.875	0.2209
797.0	0.2209
797.125	0.2209
797.25	0.2201
797.375	0.2185
797.5	0.2209
797.625	0.2185
797.75	0.2216
797.875	0.2201
798.0	0.2209
798.125	0.2216
798.25	0.2193
798.375	0.2201
798.5	0.2209
798.625	0.2216
798.75	0.2193
798.875	0.2216
799.0	0.2209
799.125	0.2201
799.25	0.2193
799.375	0.2185
799.5	0.2201
799.625	0.2201
799.75	0.2216
799.875	0.2216
800.0	0.2216
800.125	0.2185
800.25	0.2216
800.375	0.2201
800.5	0.2209
800.625	0.2193
800.75	0.2185
800.875	0.2209
801.0	0.2193
801.125	0.2209
801.25	0.2185
801.375	0.2185
801.5	0.2201
801.625	0.2201
801.75	0.2201
801.875	0.2209
802.0	0.2209
802.125	0.2216
802.25	0.2185
802.375	0.2201
802.5	0.2201
802.625	0.2209
802.75	0.2216
802.875	0.2216
803.0	0.2216
803.125	0.2185
803.25	0.2216
803.375	0.2216
803.5	0.2201
803.625	0.2216
803.75	0.2201
803.875	0.2216
804.0	0.2216
804.125	0.2216
804.25	0.2209
804.375	0.2216
804.5	0.2216
804.625	0.2216
804.75	0.2216
804.875	0.2216
805.0	0.2201
805.125	0.2216
805.25	0.2216
805.375	0.2201
805.5	0.2201
805.625	0.2216
805.75	0.2216
805.875	0.2201
806.0	0.2201
806.125	0.2201
806.25	0.2209
806.375	0.2209
806.5	0.2216
806.625	0.2209
806.75	0.2216
806.875	0.2193
807.0	0.2216
807.125	0.2201
807.25	0.2216
807.375	0.2216
807.5	0.2216
807.625	0.2216
807.75	0.2216
807.875	0.2209
808.0	0.2209
808.125	0.2216
808.25	0.2201
808.375	0.2216
808.5	0.2216
808.625	0.2216
808.75	0.2201
808.875	0.2216
809.0	0.2216
809.125	0.2224
809.25	0.2209
809.375	0.2216
809.5	0.2216
809.625	0.2216
809.75	0.2201
809.875	0.2216
810.0	0.2209
810.125	0.2201
810.25	0.2216
810.375	0.2209
810.5	0.2216
810.625	0.2216
810.75	0.2216
810.875	0.2216
811.0	0.2201
811.125	0.2216
811.25	0.2216
811.375	0.2216
811.5	0.2209
811.625	0.2216
811.75	0.2209
811.875	0.2216
812.0	0.2216
812.125	0.2216
812.25	0.2209
812.375	0.2193
812.5	0.2209
812.625	0.2209
812.75	0.2201
812.875	0.2201
813.0	0.2185
813.125	0.2193
813.25	0.2193
813.375	0.2216
813.5	0.2216
813.625	0.2201
813.75	0.2201
813.875	0.2193
814.0	0.2216
814.125	0.2201
814.25	0.2201
814.375	0.2209
814.5	0.2209
814.625	0.2209
814.75	0.2216
814.875	0.2216
815.0	0.2193
815.125	0.2209
815.25	0.2216
815.375	0.2201
815.5	0.2216
815.625	0.2185
815.75	0.2209
815.875	0.2216
816.0	0.2216
816.125	0.2216
816.25	0.2193
816.375	0.2209
816.5	0.2201
816.625	0.2201
816.75	0.2216
816.875	0.2185
817.0	0.2209
817.125	0.2201
817.25	0.2209
817.375	0.2185
817.5	0.2193
817.625	0.2201
817.75	0.2216
817.875	0.2216
818.0	0.2216
818.125	0.2216
818.25	0.2209
818.375	0.2209
818.5	0.2201
818.625	0.2193
818.75	0.2201
818.875	0.2209
819.0	0.2209
819.125	0.2209
819.25	0.2209
819.375	0.2193
819.5	0.2209
819.625	0.2201
819.75	0.2216
819.875	0.2201
820.0	0.2216
820.125	0.2201
820.25	0.2216
820.375	0.2201
820.5	0.2209
820.625	0.2209
820.75	0.2216
820.875	0.2185
821.0	0.2193
821.125	0.2193
821.25	0.2216
821.375	0.2185
821.5	0.2185
821.625	0.2209
821.75	0.2209
821.875	0.2216
822.0	0.2201
822.125	0.2185
822.25	0.2216
822.375	0.2216
822.5	0.2209
822.625	0.2185
822.75	0.2216
822.875	0.2216
823.0	0.2216
823.125	0.2185
823.25	0.2193
823.375	0.2193
823.5	0.2193
823.625	0.2185
823.75	0.2201
823.875	0.2209
824.0	0.2201
824.125	0.2193
824.25	0.2193
824.375	0.2209
824.5	0.2216
824.625	0.2216
824.75	0.2193
824.875	0.2201
825.0	0.2193
825.125	0.2216
825.25	0.2209
825.375	0.2177
825.5	0.2209
825.625	0.2185
825.75	0.2201
825.875	0.2193
826.0	0.2185
826.125	0.2193
826.25	0.2169
826.375	0.2177
826.5	0.2193
826.625	0.2193
826.75	0.2193
826.875	0.2177
827.0	0.2216
827.125	0.2209
827.25	0.2193
827.375	0.2177
827.5	0.2201
827.625	0.2169
827.75	0.2193
827.875	0.2201
828.0	0.2177
828.125	0.2185
828.25	0.2169
828.375	0.2193
828.5	0.2177
828.625	0.2193
828.75	0.2193
828.875	0.2185
829.0	0.2177
829.125	0.2185
829.25	0.2193
829.375	0.2177
829.5	0.2169
829.625	0.2185
829.75	0.2185
829.875	0.2177
830.0	0.2177
830.125	0.2177
830.25	0.2193
830.375	0.2177
830.5	0.2193
830.625	0.2185
830.75	0.2193
830.875	0.2209
831.0	0.2169
831.125	0.2185
831.25	0.2193
831.375	0.2193
831.5	0.2185
831.625	0.2177
831.75	0.2169
831.875	0.2193
832.0	0.2169
832.125	0.2177
832.25	0.2185
832.375	0.2177
832.5	0.2169
832.625	0.2201
832.75	0.2177
832.875	0.2177
833.0	0.2185
833.125	0.2185
833.25	0.2169
833.375	0.2177
833.5	0.2177
833.625	0.2185
833.75	0.2177
833.875	0.2169
834.0	0.2169
834.125	0.2177
834.25	0.2169
834.375	0.2185
834.5	0.2193
834.625	0.2169
834.75	0.2177
834.875	0.2193
835.0	0.2169
835.125	0.2169
835.25	0.2185
835.375	0.2169
835.5	0.2177
835.625	0.2177
835.75	0.2177
835.875	0.2185
836.0	0.2177
836.125	0.2169
836.25	0.2177
836.375	0.2185
836.5	0.2193
836.625	0.2169
836.75	0.2169
836.875	0.2177
837.0	0.2169
837.125	0.2185
837.25	0.2177
837.375	0.2193
837.5	0.2193
837.625	0.2177
837.75	0.2169
837.875	0.2177
838.0	0.2169
838.125	0.2193
838.25	0.2169
838.375	0.2177
838.5	0.2169
838.625	0.2169
838.75	0.2169
838.875	0.2161
839.0	0.2185
839.125	0.2177
839.25	0.2185
839.375	0.2169
839.5	0.2185
839.625	0.2169
839.75	0.2177
839.875	0.2177
840.0	0.2169
840.125	0.2185
840.25	0.2169
840.375	0.2177
840.5	0.2169
840.625	0.2177
840.75	0.2185
840.875	0.2161
841.0	0.2169
841.125	0.2185
841.25	0.2169
841.375	0.2177
841.5	0.2169
841.625	0.2177
841.75	0.2169
841.875	0.2185
842.0	0.2185
842.125	0.2169
842.25	0.2185
842.375	0.2169
842.5	0.2169
842.625	0.2177
842.75	0.2193
842.875	0.2185
843.0	0.2201
843.125	0.2185
843.25	0.2177
843.375	0.2177
843.5	0.2193
843.625	0.2177
843.75	0.2169
843.875	0.2177
844.0	0.2177
844.125	0.2177
844.25	0.2177
844.375	0.2177
844.5	0.2177
844.625	0.2169
844.75	0.2169
844.875	0.2169
845.0	0.2169
845.125	0.2169
845.25	0.2169
845.375	0.2185
845.5	0.2177
845.625	0.2169
845.75	0.2177
845.875	0.2185
846.0	0.2177
846.125	0.2177
846.25	0.2177
846.375	0.2169
846.5	0.2169
846.625	0.2169
846.75	0.2177
846.875	0.2185
847.0	0.2169
847.125	0.2201
847.25	0.2169
847.375	0.2177
847.5	0.2185
847.625	0.2169
847.75	0.2177
847.875	0.2169
848.0	0.2169
848.125	0.2185
848.25	0.2185
848.375	0.2169
848.5	0.2185
848.625	0.2177
848.75	0.2177
848.875	0.2185
849.0	0.2193
849.125	0.2177
849.25	0.2193
849.375	0.2185
849.5	0.2177
849.625	0.2169
849.75	0.2169
849.875	0.2185
850.0	0.2169
850.125	0.2169
850.25	0.2169
850.375	0.2169
850.5	0.2169
850.625	0.2185
850.75	0.2177
850.875	0.2201
851.0	0.2177
851.125	0.2169
851.25	0.2169
851.375	0.2177
851.5	0.2169
851.625	0.2177
851.75	0.2169
851.875	0.2185
852.0	0.2185
852.125	0.2177
852.25	0.2169
852.375	0.2193
852.5	0.2185
852.625	0.2169
852.75	0.2169
852.875	0.2185
853.0	0.2193
853.125	0.2177
853.25	0.2193
853.375	0.2169
853.5	0.2185
853.625	0.2177
853.75	0.2169
853.875	0.2169
854.0	0.2169
854.125	0.2185
854.25	0.2177
854.375	0.2169
854.5	0.2185
854.625	0.2169
854.75	0.2169
854.875	0.2177
855.0	0.2185
855.125	0.2185
855.25	0.2185
855.375	0.2169
855.5	0.2177
855.625	0.2169
855.75	0.2169
855.875	0.2185
856.0	0.2177
856.125	0.2169
856.25	0.2169
856.375	0.2169
856.5	0.2193
856.625	0.2201
856.75	0.2185
856.875	0.2169
857.0	0.2185
857.125	0.2169
857.25	0.2169
857.375	0.2185
857.5	0.2169
857.625	0.2185
857.75	0.2201
857.875	0.2177
858.0	0.2185
858.125	0.2185
858.25	0.2185
858.375	0.2177
858.5	0.2185
858.625	0.2185
858.75	0.2169
858.875	0.2169
859.0	0.2169
859.125	0.2193
859.25	0.2169
859.375	0.2177
859.5	0.2193
859.625	0.2193
859.75	0.2169
859.875	0.2193
860.0	0.2185
860.125	0.2185
860.25	0.2169
860.375	0.2169
860.5	0.2169
860.625	0.2185
860.75	0.2185
860.875	0.2185
861.0	0.2177
861.125	0.2185
861.25	0.2193
861.375	0.2201
861.5	0.2177
861.625	0.2169
861.75	0.2169
861.875	0.2185
862.0	0.2177
862.125	0.2185
862.25	0.2185
862.375	0.2185
862.5	0.2169
862.625	0.2169
862.75	0.2169
862.875	0.2177
863.0	0.2177
863.125	0.2185
863.25	0.2169
863.375	0.2169
863.5	0.2169
863.625	0.2185
863.75	0.2177
863.875	0.2169
864.0	0.2177
864.125	0.2169
864.25	0.2169
864.375	0.2177
864.5	0.2193
864.625	0.2177
864.75	0.2177
864.875	0.2193
865.0	0.2169
865.125	0.2185
865.25	0.2177
865.375	0.2169
865.5	0.2169
865.625	0.2185
865.75	0.2185
865.875	0.2193
866.0	0.2169
866.125	0.2169
866.25	0.2193
866.375	0.2193
866.5	0.2185
866.625	0.2169
866.75	0.2169
866.875	0.2185
867.0	0.2169
867.125	0.2169
867.25	0.2169
867.375	0.2169
867.5	0.2177
867.625	0.2169
867.75	0.2169
867.875	0.2177
868.0	0.2177
868.125	0.2169
868.25	0.2177
868.375	0.2177
868.5	0.2169
868.625	0.2177
868.75	0.2169
868.875	0.2185
869.0	0.2177
869.125	0.2177
869.25	0.2169
869.375	0.2177
869.5	0.2161
869.625	0.2169
869.75	0.2177
869.875	0.2177
870.0	0.2169
870.125	0.2169
870.25	0.2169
870.375	0.2169
870.5	0.2169
870.625	0.2169
870.75	0.2185
870.875	0.2177
871.0	0.2169
871.125	0.2169
871.25	0.2169
871.375	0.2185
871.5	0.2169
871.625	0.2169
871.75	0.2177
871.875	0.2177
872.0	0.2169
872.125	0.2177
872.25	0.2185
872.375	0.2161
872.5	0.2185
872.625	0.2169
872.75	0.2169
872.875	0.2169
873.0	0.2169
873.125	0.2177
873.25	0.2169
873.375	0.2169
873.5	0.2169
873.625	0.2169
873.75	0.2185
873.875	0.2169
874.0	0.2177
874.125	0.2169
874.25	0.2169
874.375	0.2169
874.5	0.2169
874.625	0.2161
874.75	0.2177
874.875	0.2169
875.0	0.2177
875.125	0.2185
875.25	0.2177
875.375	0.2169
875.5	0.2177
875.625	0.2177
875.75	0.2169
875.875	0.2169
876.0	0.2169
876.125	0.2177
876.25	0.2169
876.375	0.2177
876.5	0.2177
876.625	0.2185
876.75	0.2177
876.875	0.2169
877.0	0.2169
877.125	0.2169
877.25	0.2185
877.375	0.2169
877.5	0.2169
877.625	0.2169
877.75	0.2169
877.875	0.2177
878.0	0.2169
878.125	0.2177
878.25	0.2185
878.375	0.2169
878.5	0.2177
878.625	0.2169
878.75	0.2169
878.875	0.2193
879.0	0.2169
879.125	0.2201
879.25	0.2177
879.375	0.2169
879.5	0.2193
879.625	0.2177
879.75	0.2177
879.875	0.2177
880.0	0.2169
880.125	0.2177
880.25	0.2201
880.375	0.2169
880.5	0.2185
880.625	0.2169
880.75	0.2169
880.875	0.2177
881.0	0.2177
881.125	0.2169
881.25	0.2185
881.375	0.2193
881.5	0.2177
881.625	0.2169
881.75	0.2169
881.875	0.2169
882.0	0.2177
882.125	0.2169
882.25	0.2169
882.375	0.2169
882.5	0.2185
882.625	0.2169
882.75	0.2169
882.875	0.2169
883.0	0.2193
883.125	0.2169
883.25	0.2177
883.375	0.2177
883.5	0.2169
883.625	0.2169
883.75	0.2193
883.875	0.2201
884.0	0.2169
884.125	0.2177
884.25	0.2185
884.375	0.2169
884.5	0.2169
884.625	0.2177
884.75	0.2169
884.875	0.2185
885.0	0.2169
885.125	0.2169
885.25	0.2169
885.375	0.2177
885.5	0.2169
885.625	0.2169
885.75	0.2177
885.875	0.2185
886.0	0.2169
886.125	0.2185
886.25	0.2169
886.375	0.2161
886.5	0.2177
886.625	0.2169
886.75	0.2169
886.875	0.2169
887.0	0.2169
887.125	0.2177
887.25	0.2185
887.375	0.2177
887.5	0.2201
887.625	0.2169
887.75	0.2169
887.875	0.2169
888.0	0.2169
888.125	0.2177
888.25	0.2169
888.375	0.2169
888.5	0.2177
888.625	0.2185
888.75	0.2169
888.875	0.2169
889.0	0.2169
889.125	0.2169
889.25	0.2169
889.375	0.2169
889.5	0.2177
889.625	0.2169
889.75	0.2161
889.875	0.2177
890.0	0.2169
890.125	0.2169
890.25	0.2177
890.375	0.2177
890.5	0.2177
890.625	0.2169
890.75	0.2169
890.875	0.2185
891.0	0.2169
891.125	0.2185
891.25	0.2169
891.375	0.2185
891.5	0.2169
891.625	0.2169
891.75	0.2177
891.875	0.2169
892.0	0.2177
892.125	0.2169
892.25	0.2177
892.375	0.2193
892.5	0.2185
892.625	0.2177
892.75	0.2177
892.875	0.2169
893.0	0.2169
893.125	0.2177
893.25	0.2169
893.375	0.2169
893.5	0.2169
893.625	0.2169
893.75	0.2177
893.875	0.2177
894.0	0.2169
894.125	0.2169
894.25	0.2169
894.375	0.2185
894.5	0.2169
894.625	0.2169
894.75	0.2169
894.875	0.2169
895.0	0.2169
895.125	0.2185
895.25	0.2169
895.375	0.2169
895.5	0.2169
895.625	0.2169
895.75	0.2169
895.875	0.2169
896.0	0.2169
896.125	0.2169
896.25	0.2169
896.375	0.2185
896.5	0.2177
896.625	0.2177
896.75	0.2169
896.875	0.2169
897.0	0.2169
897.125	0.2169
897.25	0.2169
897.375	0.2161
897.5	0.2169
897.625	0.2169
897.75	0.2177
897.875	0.2169
898.0	0.2177
898.125	0.2169
898.25	0.2169
898.375	0.2169
898.5	0.2169
898.625	0.2177
898.75	0.2169
898.875	0.2177
899.0	0.2177
899.125	0.2169
899.25	0.2169
899.375	0.2169
899.5	0.2177
899.625	0.2185
899.75	0.2169
899.875	0.2169
