300.0	0.0086
300.125	0.0086
300.25	0.0062
300.375	0.007
300.5	0.0078
300.625	0.0078
300.75	0.0055
300.875	0.0078
301.0	0.007
301.125	0.0062
301.25	0.0078
301.375	0.0062
301.5	0.007
301.625	0.007
301.75	0.0094
301.875	0.0078
302.0	0.0055
302.125	0.007
302.25	0.007
302.375	0.0086
302.5	0.0078
302.625	0.0078
302.75	0.0078
302.875	0.0078
303.0	0.0086
303.125	0.0078
303.25	0.0094
303.375	0.0094
303.5	0.0094
303.625	0.0094
303.75	0.0094
303.875	0.0086
304.0	0.0094
304.125	0.0094
304.25	0.0094
304.375	0.0094
304.5	0.0094
304.625	0.0094
304.75	0.0102
304.875	0.0102
305.0	0.0094
305.125	0.0094
305.25	0.0102
305.375	0.0094
305.5	0.0102
305.625	0.0094
305.75	0.0094
305.875	0.0094
306.0	0.0094
306.125	0.0094
306.25	0.0094
306.375	0.0086
306.5	0.0094
306.625	0.0094
306.75	0.0094
306.875	0.0086
307.0	0.0094
307.125	0.0094
307.25	0.0086
307.375	0.0086
307.5	0.0094
307.625	0.0094
307.75	0.0094
307.875	0.0094
308.0	0.0094
308.125	0.0094
308.25	0.0086
308.375	0.0094
308.5	0.0094
308.625	0.0086
308.75	0.0086
308.875	0.0094
309.0	0.0086
309.125	0.0078
309.25	0.0094
309.375	0.0078
309.5	0.0086
309.625	0.0078
309.75	0.0078
309.875	0.0094
310.0	0.0078
310.125	0.0094
310.25	0.0086
310.375	0.0086
310.5	0.0094
310.625	0.0086
310.75	0.0086
310.875	0.0094
311.0	0.0094
311.125	0.0094
311.25	0.0094
311.375	0.0094
311.5	0.0094
311.625	0.0094
311.75	0.0094
311.875	0.0094
312.0	0.0094
312.125	0.0094
312.25	0.0094
312.375	0.0117
312.5	0.0141
312.625	0.0141
312.75	0.0141
312.875	0.0172
313.0	0.0188
313.125	0.022
313.25	0.0235
313.375	0.0243
313.5	0.0283
313.625	0.0322
313.75	0.0369
313.875	0.0377
314.0	0.04
314.125	0.04
314.25	0.0424
314.375	0.0416
314.5	0.0424
314.625	0.0416
314.75	0.0385
314.875	0.0393
315.0	0.0353
315.125	0.033
315.25	0.029
315.375	0.0243
315.5	0.0212
315.625	0.018
315.75	0.0141
315.875	0.011
316.0	0.0094
316.125	0.0086
316.25	0.0086
316.375	0.0078
316.5	0.0086
316.625	0.0078
316.75	0.007
316.875	0.0078
317.0	0.007
317.125	0.0086
317.25	0.0094
317.375	0.007
317.5	0.0078
317.625	0.0055
317.75	0.0094
317.875	0.0086
318.0	0.007
318.125	0.0078
318.25	0.007
318.375	0.007
318.5	0.0047
318.625	0.0078
318.75	0.0086
318.875	0.007
319.0	0.0062
319.125	0.0078
319.25	0.0094
319.375	0.007
319.5	0.0047
319.625	0.0094
319.75	0.0086
319.875	0.007
320.0	0.0094
320.125	0.0055
320.25	0.0094
320.375	0.007
320.5	0.0094
320.625	0.0055
320.75	0.0086
320.875	0.0078
321.0	0.0062
321.125	0.0086
321.25	0.0078
321.375	0.007
321.5	0.007
321.625	0.0086
321.75	0.0086
321.875	0.0062
322.0	0.0055
322.125	0.0086
322.25	0.007
322.375	0.0062
322.5	0.0078
322.625	0.0086
322.75	0.007
322.875	0.007
323.0	0.0078
323.125	0.0055
323.25	0.0062
323.375	0.0094
323.5	0.0094
323.625	0.0078
323.75	0.007
323.875	0.0086
324.0	0.0062
324.125	0.0094
324.25	0.0062
324.375	0.007
324.5	0.0086
324.625	0.0078
324.75	0.0094
324.875	0.0086
325.0	0.0062
325.125	0.0078
325.25	0.0094
325.375	0.0086
325.5	0.007
325.625	0.0078
325.75	0.0078
325.875	0.0094
326.0	0.0086
326.125	0.0094
326.25	0.0094
326.375	0.0102
326.5	0.0094
326.625	0.0094
326.75	0.0094
326.875	0.0094
327.0	0.0094
327.125	0.0094
327.25	0.011
327.375	0.011
327.5	0.0094
327.625	0.0102
327.75	0.011
327.875	0.0094
328.0	0.0094
328.125	0.0094
328.25	0.0094
328.375	0.011
328.5	0.0094
328.625	0.0094
328.75	0.0094
328.875	0.0094
329.0	0.0094
329.125	0.0133
329.25	0.0125
329.375	0.0141
329.5	0.0133
329.625	0.0149
329.75	0.0165
329.875	0.0188
330.0	0.0196
330.125	0.0196
330.25	0.0227
330.375	0.0235
330.5	0.0243
330.625	0.0259
330.75	0.0267
330.875	0.0259
331.0	0.0267
331.125	0.0243
331.25	0.0243
331.375	0.022
331.5	0.0235
331.625	0.0204
331.75	0.0196
331.875	0.0172
332.0	0.0165
332.125	0.0141
332.25	0.0141
332.375	0.0141
332.5	0.0125
332.625	0.0141
332.75	0.0141
332.875	0.0157
333.0	0.0149
333.125	0.018
333.25	0.0188
333.375	0.0188
333.5	0.0235
333.625	0.0243
333.75	0.0283
333.875	0.0322
334.0	0.0338
334.125	0.0377
334.25	0.0416
334.375	0.0424
334.5	0.0432
334.625	0.0448
334.75	0.0463
334.875	0.0463
335.0	0.044
335.125	0.0432
335.25	0.0416
335.375	0.0377
335.5	0.0345
335.625	0.033
335.75	0.0283
335.875	0.0235
336.0	0.0227
336.125	0.018
336.25	0.0141
336.375	0.0125
336.5	0.011
336.625	0.0094
336.75	0.0086
336.875	0.0094
337.0	0.0086
337.125	0.007
337.25	0.0078
337.375	0.0094
337.5	0.0078
337.625	0.0094
337.75	0.0062
337.875	0.0078
338.0	0.0078
338.125	0.0086
338.25	0.0086
338.375	0.0078
338.5	0.0086
338.625	0.0086
338.75	0.0078
338.875	0.0078
339.0	0.0078
339.125	0.0094
339.25	0.0086
339.375	0.007
339.5	0.0094
339.625	0.0086
339.75	0.0086
339.875	0.007
340.0	0.0094
340.125	0.0094
340.25	0.0094
340.375	0.0094
340.5	0.0094
340.625	0.0094
340.75	0.0094
340.875	0.0086
341.0	0.0094
341.125	0.0078
341.25	0.0094
341.375	0.0094
341.5	0.0094
341.625	0.0094
341.75	0.0094
341.875	0.0094
342.0	0.0094
342.125	0.0086
342.25	0.0094
342.375	0.0094
342.5	0.0094
342.625	0.0086
342.75	0.0086
342.875	0.007
343.0	0.0094
343.125	0.0094
343.25	0.0094
343.375	0.0094
343.5	0.0094
343.625	0.0102
343.75	0.011
343.875	0.0102
344.0	0.0102
344.125	0.0094
344.25	0.0125
344.375	0.0094
344.5	0.0117
344.625	0.0086
344.75	0.0094
344.875	0.0094
345.0	0.0094
345.125	0.011
345.25	0.0078
345.375	0.0094
345.5	0.0086
345.625	0.0094
345.75	0.0094
345.875	0.0094
346.0	0.0094
346.125	0.0094
346.25	0.0094
346.375	0.0094
346.5	0.0094
346.625	0.0102
346.75	0.0102
346.875	0.0117
347.0	0.0125
347.125	0.0141
347.25	0.0141
347.375	0.0149
347.5	0.018
347.625	0.018
347.75	0.0172
347.875	0.0188
348.0	0.018
348.125	0.018
348.25	0.0188
348.375	0.0172
348.5	0.0172
348.625	0.0165
348.75	0.0149
348.875	0.0141
349.0	0.0141
349.125	0.0102
349.25	0.0117
349.375	0.0094
349.5	0.0094
349.625	0.0094
349.75	0.0086
349.875	0.0094
350.0	0.0094
350.125	0.0094
350.25	0.0102
350.375	0.011
350.5	0.0102
350.625	0.0094
350.75	0.0117
350.875	0.0133
351.0	0.0141
351.125	0.0141
351.25	0.0172
351.375	0.0188
351.5	0.018
351.625	0.0212
351.75	0.0235
351.875	0.0235
352.0	0.0235
352.125	0.0267
352.25	0.0283
352.375	0.0283
352.5	0.0275
352.625	0.0267
352.75	0.0267
352.875	0.0251
353.0	0.0243
353.125	0.0235
353.25	0.0235
353.375	0.0204
353.5	0.0165
353.625	0.0165
353.75	0.0141
353.875	0.011
354.0	0.0102
354.125	0.0094
354.25	0.0094
354.375	0.0094
354.5	0.0094
354.625	0.0094
354.75	0.0078
354.875	0.0094
355.0	0.0094
355.125	0.0094
355.25	0.0094
355.375	0.0117
355.5	0.0117
355.625	0.011
355.75	0.011
355.875	0.0094
356.0	0.0141
356.125	0.0157
356.25	0.0165
356.375	0.0172
356.5	0.0188
356.625	0.0196
356.75	0.0227
356.875	0.0235
357.0	0.0251
357.125	0.0251
357.25	0.0235
357.375	0.0275
357.5	0.0275
357.625	0.0267
357.75	0.0235
357.875	0.0235
358.0	0.0235
358.125	0.0212
358.25	0.0204
358.375	0.0172
358.5	0.0157
358.625	0.0117
358.75	0.0094
358.875	0.0094
359.0	0.0094
359.125	0.007
359.25	0.0094
359.375	0.0078
359.5	0.0086
359.625	0.0078
359.75	0.0078
359.875	0.0055
360.0	0.007
360.125	0.0062
360.25	0.0078
360.375	0.0094
360.5	0.0055
360.625	0.0078
360.75	0.0055
360.875	0.0078
361.0	0.0086
361.125	0.0086
361.25	0.0094
361.375	0.0078
361.5	0.0086
361.625	0.0094
361.75	0.0094
361.875	0.0102
362.0	0.0094
362.125	0.011
362.25	0.0102
362.375	0.0094
362.5	0.0117
362.625	0.0094
362.75	0.0094
362.875	0.011
363.0	0.0094
363.125	0.011
363.25	0.0094
363.375	0.0094
363.5	0.0094
363.625	0.0094
363.75	0.0094
363.875	0.0094
364.0	0.0094
364.125	0.0102
364.25	0.0094
364.375	0.0094
364.5	0.0086
364.625	0.0094
364.75	0.0094
364.875	0.0094
365.0	0.011
365.125	0.011
365.25	0.0094
365.375	0.0102
365.5	0.0102
365.625	0.0133
365.75	0.0141
365.875	0.0141
366.0	0.0141
366.125	0.0133
366.25	0.0141
366.375	0.0149
366.5	0.0133
366.625	0.0141
366.75	0.0141
366.875	0.0141
367.0	0.0133
367.125	0.011
367.25	0.0102
367.375	0.0094
367.5	0.0094
367.625	0.0094
367.75	0.0094
367.875	0.0094
368.0	0.0102
368.125	0.0094
368.25	0.0086
368.375	0.0086
368.5	0.0094
368.625	0.0094
368.75	0.0094
368.875	0.0094
369.0	0.0094
369.125	0.0094
369.25	0.0094
369.375	0.0094
369.5	0.0094
369.625	0.0102
369.75	0.011
369.875	0.0117
370.0	0.0102
370.125	0.0125
370.25	0.0133
370.375	0.0141
370.5	0.0141
370.625	0.0149
370.75	0.0165
370.875	0.0157
371.0	0.0149
371.125	0.0149
371.25	0.0165
371.375	0.0141
371.5	0.0141
371.625	0.0141
371.75	0.0141
371.875	0.0141
372.0	0.0102
372.125	0.0094
372.25	0.0102
372.375	0.0094
372.5	0.0094
372.625	0.0094
372.75	0.0094
372.875	0.0078
373.0	0.0078
373.125	0.007
373.25	0.0086
373.375	0.007
373.5	0.0078
373.625	0.007
373.75	0.0094
373.875	0.0086
374.0	0.0094
374.125	0.0086
374.25	0.0094
374.375	0.0086
374.5	0.0094
374.625	0.0078
374.75	0.0094
374.875	0.0102
375.0	0.0094
375.125	0.011
375.25	0.011
375.375	0.011
375.5	0.0117
375.625	0.0141
375.75	0.0149
375.875	0.0141
376.0	0.0141
376.125	0.018
376.25	0.018
376.375	0.018
376.5	0.018
376.625	0.0172
376.75	0.0172
376.875	0.0165
377.0	0.0157
377.125	0.0157
377.25	0.0141
377.375	0.0141
377.5	0.0141
377.625	0.0125
377.75	0.0102
377.875	0.0094
378.0	0.0094
378.125	0.0078
378.25	0.0078
378.375	0.0094
378.5	0.007
378.625	0.007
378.75	0.0086
378.875	0.0047
379.0	0.0078
379.125	0.0086
379.25	0.0062
379.375	0.0055
379.5	0.0062
379.625	0.0062
379.75	0.0078
379.875	0.0086
380.0	0.007
380.125	0.0078
380.25	0.007
380.375	0.0086
380.5	0.007
380.625	0.0078
380.75	0.0094
380.875	0.0094
381.0	0.0094
381.125	0.0094
381.25	0.0094
381.375	0.0094
381.5	0.0094
381.625	0.0102
381.75	0.0102
381.875	0.0102
382.0	0.0117
382.125	0.0125
382.25	0.0094
382.375	0.0141
382.5	0.0133
382.625	0.0117
382.75	0.0141
382.875	0.0133
383.0	0.0133
383.125	0.011
383.25	0.0125
383.375	0.0125
383.5	0.0094
383.625	0.0094
383.75	0.0094
383.875	0.0094
384.0	0.0094
384.125	0.0094
384.25	0.0094
384.375	0.0094
384.5	0.0094
384.625	0.0094
384.75	0.0094
384.875	0.0086
385.0	0.0086
385.125	0.0094
385.25	0.0094
385.375	0.0094
385.5	0.0094
385.625	0.0086
385.75	0.0094
385.875	0.0094
386.0	0.0102
386.125	0.0102
386.25	0.0094
386.375	0.011
386.5	0.0094
386.625	0.0094
386.75	0.0094
386.875	0.0102
387.0	0.0086
387.125	0.0094
387.25	0.0094
387.375	0.0094
387.5	0.0094
387.625	0.0094
387.75	0.0078
387.875	0.0086
388.0	0.0078
388.125	0.0094
388.25	0.0086
388.375	0.0094
388.5	0.0094
388.625	0.0086
388.75	0.0094
388.875	0.0086
389.0	0.0086
389.125	0.0094
389.25	0.0086
389.375	0.0094
389.5	0.0094
389.625	0.0094
389.75	0.0086
389.875	0.0102
390.0	0.0086
390.125	0.0102
390.25	0.0102
390.375	0.0117
390.5	0.0102
390.625	0.0125
390.75	0.0094
390.875	0.0125
391.0	0.011
391.125	0.0094
391.25	0.0117
391.375	0.0117
391.5	0.0094
391.625	0.0094
391.75	0.0094
391.875	0.0094
392.0	0.0094
392.125	0.0086
392.25	0.007
392.375	0.0062
392.5	0.0094
392.625	0.0086
392.75	0.0078
392.875	0.0086
393.0	0.0055
393.125	0.0086
393.25	0.0078
393.375	0.0078
393.5	0.0055
393.625	0.007
393.75	0.0086
393.875	0.0078
394.0	0.0062
394.125	0.0078
394.25	0.0086
394.375	0.0086
394.5	0.0078
394.625	0.0094
394.75	0.0078
394.875	0.0094
395.0	0.0094
395.125	0.0094
395.25	0.0094
395.375	0.0086
395.5	0.0086
395.625	0.011
395.75	0.0094
395.875	0.0102
396.0	0.0094
396.125	0.0102
396.25	0.0125
396.375	0.011
396.5	0.0117
396.625	0.0117
396.75	0.0125
396.875	0.0125
397.0	0.0133
397.125	0.0102
397.25	0.0102
397.375	0.0094
397.5	0.011
397.625	0.0094
397.75	0.0094
397.875	0.0094
398.0	0.0078
398.125	0.0078
398.25	0.0094
398.375	0.007
398.5	0.0055
398.625	0.0086
398.75	0.0078
398.875	0.007
399.0	0.0078
399.125	0.0055
399.25	0.0062
399.375	0.0078
399.5	0.0062
399.625	0.007
399.75	0.0078
399.875	0.0078
400.0	0.0094
400.125	0.0055
400.25	0.0055
400.375	0.0086
400.5	0.0086
400.625	0.0086
400.75	0.0094
400.875	0.0086
401.0	0.0078
401.125	0.0078
401.25	0.007
401.375	0.0078
401.5	0.0094
401.625	0.0086
401.75	0.0094
401.875	0.0094
402.0	0.0086
402.125	0.0094
402.25	0.0078
402.375	0.0094
402.5	0.0094
402.625	0.0094
402.75	0.0102
402.875	0.0102
403.0	0.0102
403.125	0.0094
403.25	0.0094
403.375	0.0094
403.5	0.0094
403.625	0.0094
403.75	0.0094
403.875	0.0102
404.0	0.011
404.125	0.0102
404.25	0.0094
404.375	0.0094
404.5	0.0094
404.625	0.0078
404.75	0.0094
404.875	0.0094
405.0	0.0086
405.125	0.0086
405.25	0.0094
405.375	0.0062
405.5	0.007
405.625	0.007
405.75	0.0062
405.875	0.007
406.0	0.0062
406.125	0.0047
406.25	0.0055
406.375	0.0055
406.5	0.0055
406.625	0.007
406.75	0.0062
406.875	0.0047
407.0	0.007
407.125	0.007
407.25	0.0055
407.375	0.0055
407.5	0.0055
407.625	0.007
407.75	0.0086
407.875	0.0078
408.0	0.0086
408.125	0.0078
408.25	0.0055
408.375	0.0062
408.5	0.0062
408.625	0.0086
408.75	0.0062
408.875	0.007
409.0	0.0078
409.125	0.0055
409.25	0.0078
409.375	0.0078
409.5	0.0062
409.625	0.0086
409.75	0.0094
409.875	0.0078
410.0	0.0086
410.125	0.0086
410.25	0.0094
410.375	0.0094
410.5	0.0086
410.625	0.0094
410.75	0.0086
410.875	0.0094
411.0	0.0094
411.125	0.0086
411.25	0.0094
411.375	0.0102
411.5	0.0094
411.625	0.0094
411.75	0.0094
411.875	0.0094
412.0	0.0094
412.125	0.0094
412.25	0.0094
412.375	0.0094
412.5	0.0094
412.625	0.0086
412.75	0.0094
412.875	0.0086
413.0	0.0078
413.125	0.0086
413.25	0.0078
413.375	0.007
413.5	0.007
413.625	0.0078
413.75	0.0062
413.875	0.0047
414.0	0.0062
414.125	0.0047
414.25	0.0078
414.375	0.007
414.5	0.0055
414.625	0.0047
414.75	0.0055
414.875	0.0055
415.0	0.0086
415.125	0.0055
415.25	0.007
415.375	0.0047
415.5	0.0062
415.625	0.0062
415.75	0.0062
415.875	0.0078
416.0	0.0055
416.125	0.0086
416.25	0.0078
416.375	0.0047
416.5	0.0055
416.625	0.0078
416.75	0.0094
416.875	0.0094
417.0	0.007
417.125	0.0078
417.25	0.0094
417.375	0.0094
417.5	0.0078
417.625	0.0086
417.75	0.0086
417.875	0.0094
418.0	0.0094
418.125	0.0094
418.25	0.0094
418.375	0.0094
418.5	0.0094
418.625	0.0094
418.75	0.0094
418.875	0.007
419.0	0.0086
419.125	0.0086
419.25	0.0078
419.375	0.007
419.5	0.0078
419.625	0.007
419.75	0.0055
419.875	0.0062
420.0	0.0078
420.125	0.0055
420.25	0.0047
420.375	0.007
420.5	0.0047
420.625	0.007
420.75	0.0078
420.875	0.0055
421.0	0.007
421.125	0.0078
421.25	0.0047
421.375	0.007
421.5	0.0062
421.625	0.0062
421.75	0.0055
421.875	0.007
422.0	0.0086
422.125	0.007
422.25	0.0062
422.375	0.0047
422.5	0.0055
422.625	0.0055
422.75	0.007
422.875	0.0062
423.0	0.0062
423.125	0.0094
423.25	0.0086
423.375	0.007
423.5	0.0078
423.625	0.0055
423.75	0.0086
423.875	0.0086
424.0	0.0055
424.125	0.0094
424.25	0.007
424.375	0.0078
424.5	0.0078
424.625	0.007
424.75	0.007
424.875	0.0086
425.0	0.0086
425.125	0.0094
425.25	0.0078
425.375	0.0086
425.5	0.0086
425.625	0.0094
425.75	0.0078
425.875	0.0094
426.0	0.0078
426.125	0.0086
426.25	0.0086
426.375	0.0078
426.5	0.0086
426.625	0.0078
426.75	0.0086
426.875	0.0047
427.0	0.0062
427.125	0.0078
427.25	0.0062
427.375	0.0062
427.5	0.0055
427.625	0.0055
427.75	0.0055
427.875	0.0062
428.0	0.0055
428.125	0.007
428.25	0.007
428.375	0.0055
428.5	0.007
428.625	0.0062
428.75	0.007
428.875	0.0047
429.0	0.007
429.125	0.0047
429.25	0.0055
429.375	0.007
429.5	0.0055
429.625	0.0047
429.75	0.0047
429.875	0.0062
430.0	0.0055
430.125	0.0062
430.25	0.0055
430.375	0.0047
430.5	0.0047
430.625	0.0062
430.75	0.0047
430.875	0.0078
431.0	0.0062
431.125	0.007
431.25	0.0055
431.375	0.0055
431.5	0.007
431.625	0.0047
431.75	0.0078
431.875	0.007
432.0	0.0062
432.125	0.0086
432.25	0.0055
432.375	0.0062
432.5	0.0086
432.625	0.0078
432.75	0.0078
432.875	0.007
433.0	0.0078
433.125	0.007
433.25	0.007
433.375	0.0078
433.5	0.0078
433.625	0.007
433.75	0.0062
433.875	0.0055
434.0	0.0062
434.125	0.0062
434.25	0.007
434.375	0.0047
434.5	0.007
434.625	0.0062
434.75	0.0047
434.875	0.0055
435.0	0.0047
435.125	0.0047
435.25	0.0055
435.375	0.0055
435.5	0.0055
435.625	0.0055
435.75	0.0062
435.875	0.0062
436.0	0.0047
436.125	0.0055
436.25	0.0062
436.375	0.0047
436.5	0.0047
436.625	0.0055
436.75	0.0062
436.875	0.0055
437.0	0.0055
437.125	0.0047
437.25	0.0047
437.375	0.0055
437.5	0.0047
437.625	0.0047
437.75	0.0047
437.875	0.0055
438.0	0.0047
438.125	0.0047
438.25	0.0047
438.375	0.0047
438.5	0.0055
438.625	0.0047
438.75	0.0047
438.875	0.0047
439.0	0.007
439.125	0.0055
439.25	0.0062
439.375	0.0055
439.5	0.0055
439.625	0.007
439.75	0.007
439.875	0.0047
440.0	0.0055
440.125	0.0055
440.25	0.007
440.375	0.0062
440.5	0.0055
440.625	0.0062
440.75	0.0047
440.875	0.0062
441.0	0.0062
441.125	0.0055
441.25	0.0078
441.375	0.0078
441.5	0.0062
441.625	0.0078
441.75	0.007
441.875	0.007
442.0	0.007
442.125	0.007
442.25	0.0055
442.375	0.0047
442.5	0.0062
442.625	0.0055
442.75	0.0062
442.875	0.0062
443.0	0.0062
443.125	0.0062
443.25	0.0062
443.375	0.0055
443.5	0.0047
443.625	0.0062
443.75	0.0055
443.875	0.007
444.0	0.0047
444.125	0.0047
444.25	0.0055
444.375	0.0055
444.5	0.0047
444.625	0.0055
444.75	0.0047
444.875	0.0062
445.0	0.0062
445.125	0.0055
445.25	0.0047
445.375	0.0047
445.5	0.0055
445.625	0.0062
445.75	0.0062
445.875	0.0047
446.0	0.0047
446.125	0.0055
446.25	0.0055
446.375	0.0055
446.5	0.0047
446.625	0.0055
446.75	0.0062
446.875	0.0055
447.0	0.0047
447.125	0.0055
447.25	0.0062
447.375	0.0055
447.5	0.007
447.625	0.0055
447.75	0.0047
447.875	0.007
448.0	0.0055
448.125	0.0055
448.25	0.0047
448.375	0.007
448.5	0.0078
448.625	0.007
448.75	0.0055
448.875	0.0047
449.0	0.0055
449.125	0.0062
449.25	0.0055
449.375	0.007
449.5	0.0047
449.625	0.0055
449.75	0.0047
449.875	0.0062
450.0	0.0047
450.125	0.0047
450.25	0.0055
450.375	0.0047
450.5	0.0055
450.625	0.007
450.75	0.0047
450.875	0.0047
451.0	0.0047
451.125	0.007
451.25	0.0062
451.375	0.0055
451.5	0.0062
451.625	0.0055
451.75	0.0055
451.875	0.0055
452.0	0.0047
452.125	0.007
452.25	0.0047
452.375	0.0047
452.5	0.0047
452.625	0.0047
452.75	0.0055
452.875	0.0047
453.0	0.0055
453.125	0.0047
453.25	0.0055
453.375	0.0047
453.5	0.0055
453.625	0.0055
453.75	0.0055
453.875	0.0055
454.0	0.0055
454.125	0.0062
454.25	0.0047
454.375	0.0047
454.5	0.0062
454.625	0.0062
454.75	0.0055
454.875	0.0047
455.0	0.0055
455.125	0.0047
455.25	0.0078
455.375	0.0062
455.5	0.007
455.625	0.0055
455.75	0.0047
455.875	0.0047
456.0	0.0055
456.125	0.0055
456.25	0.0062
456.375	0.0047
456.5	0.0047
456.625	0.0062
456.75	0.0055
456.875	0.0055
457.0	0.0047
457.125	0.0047
457.25	0.0055
457.375	0.0047
457.5	0.0047
457.625	0.0062
457.75	0.0055
457.875	0.0055
458.0	0.0055
458.125	0.0062
458.25	0.0055
458.375	0.0047
458.5	0.0062
458.625	0.0062
458.75	0.0047
458.875	0.0062
459.0	0.0062
459.125	0.0047
459.25	0.0055
459.375	0.0055
459.5	0.007
459.625	0.0062
459.75	0.007
459.875	0.0047
460.0	0.0047
460.125	0.0055
460.25	0.0062
460.375	0.0055
460.5	0.0062
460.625	0.0062
460.75	0.0047
460.875	0.0062
461.0	0.007
461.125	0.0055
461.25	0.0062
461.375	0.0047
461.5	0.0062
461.625	0.0062
461.75	0.0062
461.875	0.0062
462.0	0.0062
462.125	0.0047
462.25	0.0086
462.375	0.0055
462.5	0.0055
462.625	0.0047
462.75	0.0047
462.875	0.0055
463.0	0.0055
463.125	0.0062
463.25	0.0062
463.375	0.0047
463.5	0.007
463.625	0.0047
463.75	0.0062
463.875	0.0055
464.0	0.0094
464.125	0.0062
464.25	0.0047
464.375	0.0055
464.5	0.007
464.625	0.007
464.75	0.0062
464.875	0.0062
465.0	0.0062
465.125	0.0055
465.25	0.0062
465.375	0.0062
465.5	0.0078
465.625	0.0055
465.75	0.0062
465.875	0.0055
466.0	0.007
466.125	0.0078
466.25	0.0055
466.375	0.0055
466.5	0.0062
466.625	0.0094
466.75	0.0078
466.875	0.0047
467.0	0.0047
467.125	0.0047
467.25	0.0055
467.375	0.0047
467.5	0.007
467.625	0.0062
467.75	0.0047
467.875	0.0062
468.0	0.0055
468.125	0.0078
468.25	0.007
468.375	0.0047
468.5	0.0078
468.625	0.0062
468.75	0.007
468.875	0.0078
469.0	0.0078
469.125	0.0047
469.25	0.0055
469.375	0.0047
469.5	0.0055
469.625	0.0062
469.75	0.0078
469.875	0.0086
470.0	0.0062
470.125	0.0055
470.25	0.0047
470.375	0.0062
470.5	0.0055
470.625	0.0055
470.75	0.0055
470.875	0.0047
471.0	0.0062
471.125	0.0047
471.25	0.0055
471.375	0.0062
471.5	0.0055
471.625	0.0047
471.75	0.0055
471.875	0.0047
472.0	0.0047
472.125	0.0062
472.25	0.0055
472.375	0.0062
472.5	0.0062
472.625	0.007
472.75	0.0062
472.875	0.0047
473.0	0.0062
473.125	0.007
473.25	0.0055
473.375	0.0078
473.5	0.0055
473.625	0.0055
473.75	0.0062
473.875	0.007
474.0	0.007
474.125	0.0062
474.25	0.007
474.375	0.0062
474.5	0.0062
474.625	0.0062
474.75	0.0062
474.875	0.0047
475.0	0.0047
475.125	0.0062
475.25	0.0078
475.375	0.0047
475.5	0.0078
475.625	0.0055
475.75	0.0062
475.875	0.0047
476.0	0.007
476.125	0.007
476.25	0.0047
476.375	0.0055
476.5	0.0086
476.625	0.0047
476.75	0.0078
476.875	0.0055
477.0	0.0062
477.125	0.0055
477.25	0.0047
477.375	0.007
477.5	0.0062
477.625	0.0062
477.75	0.0047
477.875	0.0078
478.0	0.0047
478.125	0.0062
478.25	0.0047
478.375	0.0062
478.5	0.007
478.625	0.007
478.75	0.0062
478.875	0.0055
479.0	0.0062
479.125	0.007
479.25	0.0078
479.375	0.007
479.5	0.0062
479.625	0.0062
479.75	0.0086
479.875	0.0055
480.0	0.007
480.125	0.0047
480.25	0.0047
480.375	0.0062
480.5	0.007
480.625	0.0047
480.75	0.0047
480.875	0.0055
481.0	0.0078
481.125	0.0055
481.25	0.0055
481.375	0.0055
481.5	0.0055
481.625	0.0047
481.75	0.0062
481.875	0.0062
482.0	0.007
482.125	0.0047
482.25	0.007
482.375	0.0078
482.5	0.0055
482.625	0.0047
482.75	0.007
482.875	0.0062
483.0	0.0078
483.125	0.0062
483.25	0.0055
483.375	0.0062
483.5	0.0078
483.625	0.007
483.75	0.0086
483.875	0.0062
484.0	0.0062
484.125	0.0047
484.25	0.0086
484.375	0.007
484.5	0.0062
484.625	0.0055
484.75	0.0062
484.875	0.0094
485.0	0.007
485.125	0.0078
485.25	0.0055
485.375	0.0062
485.5	0.007
485.625	0.0062
485.75	0.007
485.875	0.0055
486.0	0.0047
486.125	0.0055
486.25	0.0062
486.375	0.0055
486.5	0.007
486.625	0.0055
486.75	0.0078
486.875	0.0078
487.0	0.0078
487.125	0.007
487.25	0.0062
487.375	0.007
487.5	0.0078
487.625	0.007
487.75	0.0055
487.875	0.0055
488.0	0.007
488.125	0.0062
488.25	0.007
488.375	0.0078
488.5	0.0086
488.625	0.007
488.75	0.0062
488.875	0.0078
489.0	0.0047
489.125	0.007
489.25	0.007
489.375	0.0055
489.5	0.0078
489.625	0.0078
489.75	0.007
489.875	0.0086
490.0	0.0078
490.125	0.0086
490.25	0.0078
490.375	0.0078
490.5	0.0094
490.625	0.0086
490.75	0.0086
490.875	0.0055
491.0	0.0062
491.125	0.0047
491.25	0.0086
491.375	0.0055
491.5	0.0062
491.625	0.007
491.75	0.0055
491.875	0.0086
492.0	0.0094
492.125	0.0086
492.25	0.0078
492.375	0.0055
492.5	0.0078
492.625	0.0086
492.75	0.007
492.875	0.0094
493.0	0.007
493.125	0.007
493.25	0.007
493.375	0.0078
493.5	0.007
493.625	0.0055
493.75	0.0055
493.875	0.0078
494.0	0.0094
494.125	0.0094
494.25	0.0086
494.375	0.0094
494.5	0.0062
494.625	0.0078
494.75	0.0094
494.875	0.0062
495.0	0.0094
495.125	0.0086
495.25	0.0094
495.375	0.0078
495.5	0.007
495.625	0.0086
495.75	0.0047
495.875	0.0062
496.0	0.0078
496.125	0.0086
496.25	0.0078
496.375	0.0078
496.5	0.0062
496.625	0.007
496.75	0.007
496.875	0.0055
497.0	0.0078
497.125	0.0094
497.25	0.0078
497.375	0.0055
497.5	0.0078
497.625	0.0094
497.75	0.007
497.875	0.007
498.0	0.0047
498.125	0.0086
498.25	0.0055
498.375	0.0055
498.5	0.0062
498.625	0.0047
498.75	0.007
498.875	0.0078
499.0	0.0062
499.125	0.0062
499.25	0.0086
499.375	0.0062
499.5	0.007
499.625	0.0055
499.75	0.0062
499.875	0.0055
500.0	0.0078
500.125	0.007
500.25	0.0047
500.375	0.007
500.5	0.0047
500.625	0.0047
500.75	0.0062
500.875	0.0055
501.0	0.0062
501.125	0.0055
501.25	0.0062
501.375	0.007
501.5	0.0055
501.625	0.0062
501.75	0.007
501.875	0.0055
502.0	0.007
502.125	0.0047
502.25	0.0055
502.375	0.0062
502.5	0.0062
502.625	0.0062
502.75	0.0094
502.875	0.0062
503.0	0.0055
503.125	0.0078
503.25	0.0078
503.375	0.0078
503.5	0.0047
503.625	0.0055
503.75	0.0078
503.875	0.0062
504.0	0.0047
504.125	0.007
504.25	0.007
504.375	0.0062
504.5	0.0062
504.625	0.0055
504.75	0.0047
504.875	0.007
505.0	0.0055
505.125	0.0047
505.25	0.0062
505.375	0.0047
505.5	0.0055
505.625	0.0055
505.75	0.007
505.875	0.0062
506.0	0.0062
506.125	0.0055
506.25	0.007
506.375	0.007
506.5	0.0062
506.625	0.007
506.75	0.007
506.875	0.0055
507.0	0.007
507.125	0.0086
507.25	0.0062
507.375	0.007
507.5	0.0078
507.625	0.0078
507.75	0.0062
507.875	0.0078
508.0	0.0062
508.125	0.007
508.25	0.007
508.375	0.007
508.5	0.0055
508.625	0.0055
508.75	0.0062
508.875	0.0062
509.0	0.0078
509.125	0.0055
509.25	0.0055
509.375	0.0055
509.5	0.0062
509.625	0.0055
509.75	0.007
509.875	0.007
510.0	0.0086
510.125	0.0062
510.25	0.0062
510.375	0.0078
510.5	0.007
510.625	0.0094
510.75	0.0055
510.875	0.007
511.0	0.0062
511.125	0.0078
511.25	0.0078
511.375	0.007
511.5	0.0078
511.625	0.0078
511.75	0.007
511.875	0.0055
512.0	0.0062
512.125	0.0062
512.25	0.0062
512.375	0.0086
512.5	0.0094
512.625	0.007
512.75	0.007
512.875	0.0055
513.0	0.007
513.125	0.007
513.25	0.0078
513.375	0.0086
513.5	0.0086
513.625	0.007
513.75	0.0094
513.875	0.007
514.0	0.0078
514.125	0.0062
514.25	0.0094
514.375	0.0078
514.5	0.0086
514.625	0.0086
514.75	0.0086
514.875	0.0078
515.0	0.0078
515.125	0.0078
515.25	0.0086
515.375	0.0094
515.5	0.0086
515.625	0.007
515.75	0.0078
515.875	0.0078
516.0	0.0078
516.125	0.0078
516.25	0.0078
516.375	0.0078
516.5	0.0086
516.625	0.0094
516.75	0.0055
516.875	0.0078
517.0	0.0094
517.125	0.007
517.25	0.0055
517.375	0.0062
517.5	0.007
517.625	0.007
517.75	0.007
517.875	0.0062
518.0	0.0055
518.125	0.007
518.25	0.007
518.375	0.007
518.5	0.0062
518.625	0.0062
518.75	0.0078
518.875	0.0086
519.0	0.0047
519.125	0.007
519.25	0.007
519.375	0.0078
519.5	0.0047
519.625	0.0078
519.75	0.0062
519.875	0.0086
520.0	0.0078
520.125	0.0047
520.25	0.0078
520.375	0.0055
520.5	0.007
520.625	0.007
520.75	0.0078
520.875	0.007
521.0	0.0055
521.125	0.0094
521.25	0.0078
521.375	0.0062
521.5	0.0055
521.625	0.0055
521.75	0.0078
521.875	0.0078
522.0	0.007
522.125	0.007
522.25	0.007
522.375	0.0062
522.5	0.0062
522.625	0.0047
522.75	0.007
522.875	0.0086
523.0	0.007
523.125	0.0078
523.25	0.0047
523.375	0.0078
523.5	0.0078
523.625	0.0086
523.75	0.0055
523.875	0.0086
524.0	0.0062
524.125	0.0062
524.25	0.0086
524.375	0.0055
524.5	0.0062
524.625	0.0047
524.75	0.0078
524.875	0.0086
525.0	0.0062
525.125	0.0055
525.25	0.0094
525.375	0.007
525.5	0.0055
525.625	0.0062
525.75	0.0086
525.875	0.0078
526.0	0.0086
526.125	0.0062
526.25	0.0055
526.375	0.007
526.5	0.007
526.625	0.007
526.75	0.0047
526.875	0.0047
527.0	0.0062
527.125	0.007
527.25	0.0062
527.375	0.0094
527.5	0.0078
527.625	0.007
527.75	0.0078
527.875	0.007
528.0	0.007
528.125	0.0078
528.25	0.0094
528.375	0.0047
528.5	0.007
528.625	0.007
528.75	0.0062
528.875	0.0062
529.0	0.0078
529.125	0.007
529.25	0.0062
529.375	0.0062
529.5	0.0078
529.625	0.007
529.75	0.0062
529.875	0.0062
530.0	0.0062
530.125	0.007
530.25	0.0062
530.375	0.0047
530.5	0.0062
530.625	0.0055
530.75	0.007
530.875	0.0078
531.0	0.007
531.125	0.007
531.25	0.0055
531.375	0.0062
531.5	0.0047
531.625	0.007
531.75	0.007
531.875	0.0062
532.0	0.0055
532.125	0.0078
532.25	0.0062
532.375	0.007
532.5	0.0055
532.625	0.007
532.75	0.0047
532.875	0.0055
533.0	0.007
533.125	0.0078
533.25	0.007
533.375	0.0062
533.5	0.0062
533.625	0.0062
533.75	0.0086
533.875	0.0055
534.0	0.0047
534.125	0.0055
534.25	0.007
534.375	0.0062
534.5	0.007
534.625	0.007
534.75	0.0055
534.875	0.007
535.0	0.007
535.125	0.0047
535.25	0.0055
535.375	0.0078
535.5	0.0047
535.625	0.0055
535.75	0.0062
535.875	0.0055
536.0	0.0086
536.125	0.007
536.25	0.0047
536.375	0.0055
536.5	0.0055
536.625	0.007
536.75	0.0094
536.875	0.0062
537.0	0.0055
537.125	0.0047
537.25	0.0062
537.375	0.0062
537.5	0.0047
537.625	0.0062
537.75	0.0062
537.875	0.0062
538.0	0.0055
538.125	0.0062
538.25	0.0062
538.375	0.0078
538.5	0.007
538.625	0.0062
538.75	0.0055
538.875	0.007
539.0	0.0062
539.125	0.0078
539.25	0.0047
539.375	0.0062
539.5	0.0086
539.625	0.0047
539.75	0.0055
539.875	0.0078
540.0	0.0047
540.125	0.0062
540.25	0.0078
540.375	0.0086
540.5	0.0039
540.625	0.0047
540.75	0.007
540.875	0.0055
541.0	0.0047
541.125	0.0062
541.25	0.0047
541.375	0.007
541.5	0.0062
541.625	0.0062
541.75	0.0055
541.875	0.0047
542.0	0.007
542.125	0.007
542.25	0.007
542.375	0.0055
542.5	0.0055
542.625	0.007
542.75	0.0062
542.875	0.007
543.0	0.0062
543.125	0.0055
543.25	0.0062
543.375	0.0047
543.5	0.0047
543.625	0.0047
543.75	0.0062
543.875	0.0078
544.0	0.0062
544.125	0.0062
544.25	0.0062
544.375	0.0062
544.5	0.0047
544.625	0.0047
544.75	0.0055
544.875	0.0062
545.0	0.0047
545.125	0.0062
545.25	0.0062
545.375	0.0062
545.5	0.0062
545.625	0.0047
545.75	0.0047
545.875	0.0055
546.0	0.007
546.125	0.0062
546.25	0.0078
546.375	0.0062
546.5	0.007
546.625	0.0047
546.75	0.0062
546.875	0.0078
547.0	0.0062
547.125	0.0062
547.25	0.0062
547.375	0.0062
547.5	0.0055
547.625	0.0078
547.75	0.0062
547.875	0.0086
548.0	0.0078
548.125	0.007
548.25	0.0086
548.375	0.0086
548.5	0.0086
548.625	0.0094
548.75	0.0086
548.875	0.0094
549.0	0.007
549.125	0.0086
549.25	0.0086
549.375	0.0094
549.5	0.0094
549.625	0.0086
549.75	0.0086
549.875	0.0094
550.0	0.0062
550.125	0.0102
550.25	0.0086
550.375	0.0094
550.5	0.0086
550.625	0.0094
550.75	0.0094
550.875	0.0094
551.0	0.0094
551.125	0.0094
551.25	0.0094
551.375	0.0094
551.5	0.0086
551.625	0.0094
551.75	0.0094
551.875	0.0086
552.0	0.0094
552.125	0.0094
552.25	0.0086
552.375	0.007
552.5	0.0086
552.625	0.0062
552.75	0.0094
552.875	0.0094
553.0	0.0086
553.125	0.0094
553.25	0.0078
553.375	0.0086
553.5	0.0094
553.625	0.0094
553.75	0.0094
553.875	0.0094
554.0	0.0094
554.125	0.0094
554.25	0.0094
554.375	0.0094
554.5	0.0094
554.625	0.0094
554.75	0.0078
554.875	0.0094
555.0	0.0094
555.125	0.0094
555.25	0.0094
555.375	0.0086
555.5	0.0094
555.625	0.0094
555.75	0.0094
555.875	0.0094
556.0	0.0094
556.125	0.0094
556.25	0.0086
556.375	0.0086
556.5	0.0086
556.625	0.0094
556.75	0.0094
556.875	0.0094
557.0	0.0078
557.125	0.0086
557.25	0.0094
557.375	0.0086
557.5	0.0086
557.625	0.0094
557.75	0.0094
557.875	0.007
558.0	0.0094
558.125	0.0094
558.25	0.0094
558.375	0.0086
558.5	0.0086
558.625	0.0094
558.75	0.0094
558.875	0.0078
559.0	0.0086
559.125	0.0094
559.25	0.0094
559.375	0.0086
559.5	0.0094
559.625	0.0094
559.75	0.0086
559.875	0.0086
560.0	0.0094
560.125	0.0094
560.25	0.0094
560.375	0.0094
560.5	0.0094
560.625	0.0094
560.75	0.0078
560.875	0.0094
561.0	0.0078
561.125	0.0094
561.25	0.0086
561.375	0.0086
561.5	0.0078
561.625	0.0094
561.75	0.0086
561.875	0.0094
562.0	0.007
562.125	0.0094
562.25	0.0094
562.375	0.0094
562.5	0.0094
562.625	0.0086
562.75	0.007
562.875	0.007
563.0	0.0086
563.125	0.0086
563.25	0.0094
563.375	0.007
563.5	0.0078
563.625	0.007
563.75	0.007
563.875	0.0086
564.0	0.0094
564.125	0.0078
564.25	0.0086
564.375	0.0094
564.5	0.0094
564.625	0.0078
564.75	0.0078
564.875	0.0078
565.0	0.0078
565.125	0.0094
565.25	0.0094
565.375	0.0086
565.5	0.0094
565.625	0.0094
565.75	0.0094
565.875	0.0094
566.0	0.0086
566.125	0.0094
566.25	0.0094
566.375	0.0086
566.5	0.0094
566.625	0.0094
566.75	0.0094
566.875	0.0086
567.0	0.0086
567.125	0.0086
567.25	0.0094
567.375	0.0094
567.5	0.0078
567.625	0.0078
567.75	0.0078
567.875	0.0086
568.0	0.0078
568.125	0.0094
568.25	0.0094
568.375	0.0078
568.5	0.0094
568.625	0.0086
568.75	0.007
568.875	0.007
569.0	0.0086
569.125	0.0078
569.25	0.0086
569.375	0.0078
569.5	0.0078
569.625	0.007
569.75	0.0078
569.875	0.0086
570.0	0.0086
570.125	0.0078
570.25	0.0062
570.375	0.0094
570.5	0.007
570.625	0.0078
570.75	0.0086
570.875	0.0094
571.0	0.0086
571.125	0.0094
571.25	0.0094
571.375	0.0078
571.5	0.0094
571.625	0.0094
571.75	0.0094
571.875	0.0078
572.0	0.0086
572.125	0.007
572.25	0.007
572.375	0.0078
572.5	0.007
572.625	0.0078
572.75	0.0078
572.875	0.0078
573.0	0.0078
573.125	0.0078
573.25	0.0055
573.375	0.0062
573.5	0.0055
573.625	0.0062
573.75	0.0055
573.875	0.0062
574.0	0.007
574.125	0.0086
574.25	0.007
574.375	0.0055
574.5	0.0047
574.625	0.0055
574.75	0.0047
574.875	0.0047
575.0	0.007
575.125	0.0055
575.25	0.0047
575.375	0.0047
575.5	0.0078
575.625	0.0055
575.75	0.0047
575.875	0.0047
576.0	0.0047
576.125	0.0047
576.25	0.0062
576.375	0.0047
576.5	0.0047
576.625	0.0047
576.75	0.0055
576.875	0.0047
577.0	0.0047
577.125	0.0055
577.25	0.0047
577.375	0.0047
577.5	0.0055
577.625	0.0062
577.75	0.0055
577.875	0.0047
578.0	0.0055
578.125	0.0055
578.25	0.0047
578.375	0.0047
578.5	0.0047
578.625	0.0047
578.75	0.0047
578.875	0.0055
579.0	0.0062
579.125	0.0047
579.25	0.0062
579.375	0.0047
579.5	0.0047
579.625	0.0047
579.75	0.0062
579.875	0.0062
580.0	0.0055
580.125	0.0047
580.25	0.0062
580.375	0.0055
580.5	0.0047
580.625	0.0062
580.75	0.0055
580.875	0.0047
581.0	0.0047
581.125	0.0062
581.25	0.0055
581.375	0.0047
581.5	0.0047
581.625	0.0047
581.75	0.0047
581.875	0.0047
582.0	0.0047
582.125	0.0062
582.25	0.0047
582.375	0.0055
582.5	0.0047
582.625	0.0055
582.75	0.0062
582.875	0.0055
583.0	0.0062
583.125	0.0062
583.25	0.0047
583.375	0.0055
583.5	0.0047
583.625	0.0047
583.75	0.0047
583.875	0.0055
584.0	0.0047
584.125	0.0055
584.25	0.0047
584.375	0.0047
584.5	0.0047
584.625	0.0047
584.75	0.0047
584.875	0.0039
585.0	0.0055
585.125	0.0047
585.25	0.0047
585.375	0.0047
585.5	0.0031
585.625	0.0047
585.75	0.0047
585.875	0.0047
586.0	0.0062
586.125	0.0055
586.25	0.0047
586.375	0.0047
586.5	0.0047
586.625	0.0047
586.75	0.0062
586.875	0.0055
587.0	0.0047
587.125	0.0055
587.25	0.0055
587.375	0.0055
587.5	0.0047
587.625	0.0047
587.75	0.0047
587.875	0.0055
588.0	0.0047
588.125	0.0055
588.25	0.0055
588.375	0.0047
588.5	0.0047
588.625	0.0047
588.75	0.0055
588.875	0.0047
589.0	0.0047
589.125	0.0047
589.25	0.0047
589.375	0.0047
589.5	0.0047
589.625	0.0047
589.75	0.0047
589.875	0.0047
590.0	0.0055
590.125	0.0055
590.25	0.0047
590.375	0.0047
590.5	0.0039
590.625	0.0047
590.75	0.0047
590.875	0.0055
591.0	0.0047
591.125	0.0062
591.25	0.0047
591.375	0.0047
591.5	0.0047
591.625	0.0047
591.75	0.007
591.875	0.0047
592.0	0.0055
592.125	0.0055
592.25	0.0062
592.375	0.0047
592.5	0.0055
592.625	0.0047
592.75	0.0039
592.875	0.0047
593.0	0.0062
593.125	0.0047
593.25	0.0047
593.375	0.0062
593.5	0.0047
593.625	0.0055
593.75	0.0047
593.875	0.0055
594.0	0.0047
594.125	0.0055
594.25	0.0047
594.375	0.0047
594.5	0.0047
594.625	0.0047
594.75	0.0039
594.875	0.0062
595.0	0.0047
595.125	0.0055
595.25	0.0047
595.375	0.0047
595.5	0.0047
595.625	0.0047
595.75	0.0047
595.875	0.0055
596.0	0.0055
596.125	0.0055
596.25	0.0047
596.375	0.0062
596.5	0.0047
596.625	0.0047
596.75	0.0055
596.875	0.0055
597.0	0.0047
597.125	0.0062
597.25	0.007
597.375	0.0062
597.5	0.0062
597.625	0.007
597.75	0.0047
597.875	0.0062
598.0	0.0055
598.125	0.007
598.25	0.007
598.375	0.0055
598.5	0.0078
598.625	0.0086
598.75	0.0078
598.875	0.0078
599.0	0.007
599.125	0.0078
599.25	0.0078
599.375	0.007
599.5	0.007
599.625	0.0078
599.75	0.0078
599.875	0.0062
600.0	0.007
600.125	0.0062
600.25	0.0047
600.375	0.0055
600.5	0.0047
600.625	0.0047
600.75	0.007
600.875	0.0047
601.0	0.0055
601.125	0.0047
601.25	0.0047
601.375	0.0055
601.5	0.0055
601.625	0.0047
601.75	0.0078
601.875	0.0062
602.0	0.0047
602.125	0.0055
602.25	0.0047
602.375	0.007
602.5	0.007
602.625	0.0094
602.75	0.0086
602.875	0.0086
603.0	0.0086
603.125	0.0094
603.25	0.0094
603.375	0.0094
603.5	0.0094
603.625	0.0094
603.75	0.0094
603.875	0.0094
604.0	0.0094
604.125	0.0094
604.25	0.0094
604.375	0.0086
604.5	0.0078
604.625	0.0078
604.75	0.0086
604.875	0.0055
605.0	0.007
605.125	0.0078
605.25	0.007
605.375	0.0078
605.5	0.007
605.625	0.007
605.75	0.007
605.875	0.0078
606.0	0.0086
606.125	0.0086
606.25	0.0086
606.375	0.0086
606.5	0.0086
606.625	0.007
606.75	0.0094
606.875	0.0094
607.0	0.0094
607.125	0.0117
607.25	0.011
607.375	0.0117
607.5	0.0133
607.625	0.0141
607.75	0.0141
607.875	0.0133
608.0	0.0141
608.125	0.0141
608.25	0.0141
608.375	0.0125
608.5	0.0133
608.625	0.0094
608.75	0.0102
608.875	0.0117
609.0	0.0094
609.125	0.0094
609.25	0.0094
609.375	0.007
609.5	0.0055
609.625	0.0047
609.75	0.0047
609.875	0.0047
610.0	0.0047
610.125	0.0047
610.25	0.0047
610.375	0.0031
610.5	0.0047
610.625	0.0047
610.75	0.0047
610.875	0.0047
611.0	0.0047
611.125	0.0055
611.25	0.0055
611.375	0.0047
611.5	0.0047
611.625	0.0055
611.75	0.0047
611.875	0.0055
612.0	0.0047
612.125	0.0047
612.25	0.0062
612.375	0.0047
612.5	0.0047
612.625	0.0047
612.75	0.0047
612.875	0.0047
613.0	0.0047
613.125	0.0047
613.25	0.007
613.375	0.0047
613.5	0.0047
613.625	0.0047
613.75	0.0047
613.875	0.0047
614.0	0.0047
614.125	0.0047
614.25	0.0047
614.375	0.0062
614.5	0.0047
614.625	0.0047
614.75	0.0055
614.875	0.0055
615.0	0.0055
615.125	0.0047
615.25	0.0062
615.375	0.0047
615.5	0.0047
615.625	0.0047
615.75	0.0055
615.875	0.0047
616.0	0.0047
616.125	0.0047
616.25	0.0047
616.375	0.007
616.5	0.0055
616.625	0.0055
616.75	0.0055
616.875	0.0055
617.0	0.0047
617.125	0.0062
617.25	0.0047
617.375	0.0055
617.5	0.007
617.625	0.0047
617.75	0.0047
617.875	0.007
618.0	0.0055
618.125	0.0055
618.25	0.0055
618.375	0.007
618.5	0.007
618.625	0.0047
618.75	0.007
618.875	0.0062
619.0	0.0062
619.125	0.0055
619.25	0.007
619.375	0.0062
619.5	0.0094
619.625	0.0055
619.75	0.0055
619.875	0.0078
620.0	0.0078
620.125	0.0078
620.25	0.0086
620.375	0.0062
620.5	0.007
620.625	0.007
620.75	0.0086
620.875	0.0078
621.0	0.0086
621.125	0.0062
621.25	0.0078
621.375	0.0094
621.5	0.007
621.625	0.0094
621.75	0.0078
621.875	0.007
622.0	0.0078
622.125	0.0062
622.25	0.007
622.375	0.0086
622.5	0.0086
622.625	0.0086
622.75	0.0078
622.875	0.0078
623.0	0.0055
623.125	0.0078
623.25	0.0078
623.375	0.007
623.5	0.007
623.625	0.0086
623.75	0.0047
623.875	0.0062
624.0	0.0055
624.125	0.0055
624.25	0.0047
624.375	0.0078
624.5	0.0047
624.625	0.007
624.75	0.0062
624.875	0.0086
625.0	0.007
625.125	0.0062
625.25	0.0062
625.375	0.0047
625.5	0.0055
625.625	0.0062
625.75	0.007
625.875	0.0078
626.0	0.0078
626.125	0.0062
626.25	0.0078
626.375	0.007
626.5	0.0078
626.625	0.0062
626.75	0.007
626.875	0.0086
627.0	0.0094
627.125	0.0086
627.25	0.0078
627.375	0.0086
627.5	0.0086
627.625	0.0094
627.75	0.0086
627.875	0.0094
628.0	0.0094
628.125	0.0094
628.25	0.0062
628.375	0.0086
628.5	0.0094
628.625	0.0086
628.75	0.0094
628.875	0.0094
629.0	0.0094
629.125	0.0086
629.25	0.0094
629.375	0.0086
629.5	0.0094
629.625	0.0094
629.75	0.0102
629.875	0.0094
630.0	0.0094
630.125	0.0078
630.25	0.0078
630.375	0.0094
630.5	0.0094
630.625	0.0078
630.75	0.0086
630.875	0.0086
631.0	0.0094
631.125	0.0078
631.25	0.0086
631.375	0.0078
631.5	0.0086
631.625	0.0094
631.75	0.0078
631.875	0.0086
632.0	0.0078
632.125	0.0086
632.25	0.0086
632.375	0.0086
632.5	0.0094
632.625	0.0094
632.75	0.0094
632.875	0.0094
633.0	0.0094
633.125	0.0086
633.25	0.0094
633.375	0.0078
633.5	0.0094
633.625	0.0094
633.75	0.0094
633.875	0.0094
634.0	0.0094
634.125	0.0086
634.25	0.0062
634.375	0.0086
634.5	0.0094
634.625	0.0086
634.75	0.0094
634.875	0.0086
635.0	0.0086
635.125	0.0086
635.25	0.0094
635.375	0.0094
635.5	0.0094
635.625	0.0094
635.75	0.0086
635.875	0.0086
636.0	0.0094
636.125	0.0086
636.25	0.0086
636.375	0.0086
636.5	0.0086
636.625	0.0094
636.75	0.0086
636.875	0.0094
637.0	0.0094
637.125	0.0094
637.25	0.0086
637.375	0.0086
637.5	0.0094
637.625	0.0094
637.75	0.0086
637.875	0.0078
638.0	0.0094
638.125	0.0086
638.25	0.0094
638.375	0.0086
638.5	0.0094
638.625	0.0094
638.75	0.0086
638.875	0.0094
639.0	0.0086
639.125	0.0078
639.25	0.0086
639.375	0.007
639.5	0.007
639.625	0.007
639.75	0.0078
639.875	0.0055
640.0	0.007
640.125	0.0055
640.25	0.0055
640.375	0.0078
640.5	0.0062
640.625	0.0078
640.75	0.007
640.875	0.007
641.0	0.0055
641.125	0.0078
641.25	0.007
641.375	0.0094
641.5	0.0062
641.625	0.007
641.75	0.0062
641.875	0.007
642.0	0.007
642.125	0.0078
642.25	0.007
642.375	0.0062
642.5	0.0078
642.625	0.0062
642.75	0.007
642.875	0.0094
643.0	0.007
643.125	0.0086
643.25	0.0094
643.375	0.0086
643.5	0.0086
643.625	0.0094
643.75	0.0094
643.875	0.0078
644.0	0.0094
644.125	0.0086
644.25	0.0078
644.375	0.0094
644.5	0.0086
644.625	0.0078
644.75	0.0094
644.875	0.0094
645.0	0.007
645.125	0.0086
645.25	0.0078
645.375	0.007
645.5	0.0078
645.625	0.0086
645.75	0.0086
645.875	0.0086
646.0	0.0078
646.125	0.0094
646.25	0.0062
646.375	0.007
646.5	0.0086
646.625	0.0078
646.75	0.0094
646.875	0.007
647.0	0.0094
647.125	0.0094
647.25	0.0086
647.375	0.0094
647.5	0.0094
647.625	0.0094
647.75	0.0094
647.875	0.0086
648.0	0.0102
648.125	0.0094
648.25	0.0094
648.375	0.011
648.5	0.0133
648.625	0.0141
648.75	0.0141
648.875	0.0133
649.0	0.0149
649.125	0.0141
649.25	0.0157
649.375	0.0188
649.5	0.018
649.625	0.0188
649.75	0.0196
649.875	0.0235
650.0	0.0235
650.125	0.0235
650.25	0.0243
650.375	0.0235
650.5	0.0235
650.625	0.0227
650.75	0.0227
650.875	0.0227
651.0	0.0188
651.125	0.0188
651.25	0.018
651.375	0.0165
651.5	0.0141
651.625	0.0125
651.75	0.0094
651.875	0.0102
652.0	0.0086
652.125	0.0078
652.25	0.0078
652.375	0.0047
652.5	0.0047
652.625	0.0055
652.75	0.0047
652.875	0.0047
653.0	0.0047
653.125	0.0047
653.25	0.0047
653.375	0.0047
653.5	0.0047
653.625	0.0047
653.75	0.0047
653.875	0.0047
654.0	0.0047
654.125	0.0047
654.25	0.0055
654.375	0.0047
654.5	0.0047
654.625	0.0031
654.75	0.0047
654.875	0.0047
655.0	0.0055
655.125	0.0047
655.25	0.0047
655.375	0.0047
655.5	0.0047
655.625	0.0047
655.75	0.0047
655.875	0.0047
656.0	0.0047
656.125	0.0047
656.25	0.0047
656.375	0.0055
656.5	0.0047
656.625	0.0047
656.75	0.0047
656.875	0.0039
657.0	0.0047
657.125	0.0047
657.25	0.0055
657.375	0.0047
657.5	0.0047
657.625	0.0047
657.75	0.0055
657.875	0.0047
658.0	0.0047
658.125	0.0047
658.25	0.0047
658.375	0.0047
658.5	0.0047
658.625	0.0055
658.75	0.0047
658.875	0.0047
659.0	0.0055
659.125	0.007
659.25	0.007
659.375	0.0047
659.5	0.0062
659.625	0.0055
659.75	0.0055
659.875	0.0047
660.0	0.0047
660.125	0.0055
660.25	0.0055
660.375	0.0055
660.5	0.0047
660.625	0.007
660.75	0.0047
660.875	0.0055
661.0	0.0062
661.125	0.0055
661.25	0.0047
661.375	0.0055
661.5	0.0055
661.625	0.0055
661.75	0.0047
661.875	0.0062
662.0	0.0055
662.125	0.0062
662.25	0.0055
662.375	0.0047
662.5	0.0055
662.625	0.0047
662.75	0.0047
662.875	0.0055
663.0	0.0047
663.125	0.0062
663.25	0.0055
663.375	0.0055
663.5	0.0062
663.625	0.007
663.75	0.0047
663.875	0.0047
664.0	0.0047
664.125	0.0062
664.25	0.0047
664.375	0.0047
664.5	0.0047
664.625	0.0055
664.75	0.0055
664.875	0.0055
665.0	0.0062
665.125	0.0047
665.25	0.0062
665.375	0.0055
665.5	0.0055
665.625	0.0062
665.75	0.0078
665.875	0.0047
666.0	0.0055
666.125	0.0047
666.25	0.0047
666.375	0.0047
666.5	0.0047
666.625	0.0047
666.75	0.0047
666.875	0.0055
667.0	0.0062
667.125	0.0055
667.25	0.0047
667.375	0.0055
667.5	0.0047
667.625	0.0055
667.75	0.0055
667.875	0.0062
668.0	0.0047
668.125	0.0047
668.25	0.0047
668.375	0.0047
668.5	0.0047
668.625	0.0055
668.75	0.0062
668.875	0.007
669.0	0.0062
669.125	0.0047
669.25	0.0047
669.375	0.0047
669.5	0.0047
669.625	0.0062
669.75	0.0055
669.875	0.0055
670.0	0.0047
670.125	0.0047
670.25	0.0062
670.375	0.007
670.5	0.0047
670.625	0.0055
670.75	0.0062
670.875	0.0047
671.0	0.0062
671.125	0.0047
671.25	0.0047
671.375	0.0062
671.5	0.0055
671.625	0.0062
671.75	0.0047
671.875	0.0047
672.0	0.0047
672.125	0.0047
672.25	0.0047
672.375	0.0062
672.5	0.0047
672.625	0.0055
672.75	0.0047
672.875	0.0047
673.0	0.0047
673.125	0.007
673.25	0.007
673.375	0.0047
673.5	0.0047
673.625	0.007
673.75	0.0062
673.875	0.0047
674.0	0.007
674.125	0.0047
674.25	0.0047
674.375	0.0062
674.5	0.0047
674.625	0.0055
674.75	0.0047
674.875	0.0047
675.0	0.0055
675.125	0.0078
675.25	0.0062
675.375	0.007
675.5	0.0062
675.625	0.0078
675.75	0.0055
675.875	0.0086
676.0	0.0062
676.125	0.0047
676.25	0.0086
676.375	0.0055
676.5	0.0062
676.625	0.0055
676.75	0.007
676.875	0.007
677.0	0.0047
677.125	0.0055
677.25	0.0055
677.375	0.0055
677.5	0.0062
677.625	0.0062
677.75	0.0062
677.875	0.0047
678.0	0.0055
678.125	0.0047
678.25	0.0039
678.375	0.0047
678.5	0.0055
678.625	0.0047
678.75	0.0062
678.875	0.0047
679.0	0.0047
679.125	0.0047
679.25	0.0047
679.375	0.0047
679.5	0.0047
679.625	0.0047
679.75	0.0055
679.875	0.0055
680.0	0.0047
680.125	0.0047
680.25	0.0055
680.375	0.0047
680.5	0.0055
680.625	0.0047
680.75	0.0055
680.875	0.0047
681.0	0.0055
681.125	0.0047
681.25	0.007
681.375	0.0047
681.5	0.007
681.625	0.0086
681.75	0.0086
681.875	0.0094
682.0	0.0078
682.125	0.0094
682.25	0.0062
682.375	0.0086
682.5	0.0094
682.625	0.0094
682.75	0.0094
682.875	0.011
683.0	0.0094
683.125	0.0102
683.25	0.011
683.375	0.0117
683.5	0.0102
683.625	0.0125
683.75	0.0094
683.875	0.0094
684.0	0.0094
684.125	0.0094
684.25	0.0094
684.375	0.0094
684.5	0.0086
684.625	0.0078
684.75	0.007
684.875	0.007
685.0	0.0055
685.125	0.0062
685.25	0.0047
685.375	0.0047
685.5	0.0031
685.625	0.0047
685.75	0.0047
685.875	0.0047
686.0	0.0047
686.125	0.0047
686.25	0.0039
686.375	0.0047
686.5	0.0055
686.625	0.0047
686.75	0.0047
686.875	0.0047
687.0	0.0047
687.125	0.0039
687.25	0.0047
687.375	0.0062
687.5	0.0047
687.625	0.0062
687.75	0.0062
687.875	0.0047
688.0	0.007
688.125	0.0062
688.25	0.007
688.375	0.007
688.5	0.007
688.625	0.0086
688.75	0.0086
688.875	0.007
689.0	0.0094
689.125	0.0094
689.25	0.0094
689.375	0.0102
689.5	0.0094
689.625	0.0133
689.75	0.011
689.875	0.0133
690.0	0.0125
690.125	0.0133
690.25	0.0133
690.375	0.0117
690.5	0.0141
690.625	0.0141
690.75	0.0172
690.875	0.0172
691.0	0.0188
691.125	0.0188
691.25	0.0188
691.375	0.0172
691.5	0.0188
691.625	0.018
691.75	0.0188
691.875	0.0188
692.0	0.0165
692.125	0.018
692.25	0.0157
692.375	0.0141
692.5	0.0141
692.625	0.0125
692.75	0.0094
692.875	0.0094
693.0	0.0086
693.125	0.007
693.25	0.0086
693.375	0.007
693.5	0.0055
693.625	0.0055
693.75	0.0062
693.875	0.0047
694.0	0.0047
694.125	0.0062
694.25	0.0055
694.375	0.0047
694.5	0.0047
694.625	0.0062
694.75	0.0047
694.875	0.0047
695.0	0.0078
695.125	0.0047
695.25	0.0055
695.375	0.0055
695.5	0.0062
695.625	0.0062
695.75	0.0055
695.875	0.0055
696.0	0.0055
696.125	0.0055
696.25	0.007
696.375	0.0047
696.5	0.0047
696.625	0.0047
696.75	0.0055
696.875	0.0047
697.0	0.0047
697.125	0.007
697.25	0.0047
697.375	0.0047
697.5	0.0047
697.625	0.0055
697.75	0.0078
697.875	0.0047
698.0	0.0055
698.125	0.0055
698.25	0.0047
698.375	0.0055
698.5	0.0062
698.625	0.0062
698.75	0.0055
698.875	0.0062
699.0	0.0055
699.125	0.0062
699.25	0.0078
699.375	0.0047
699.5	0.0055
699.625	0.007
699.75	0.0055
699.875	0.0055
700.0	0.0047
700.125	0.0047
700.25	0.0078
700.375	0.007
700.5	0.0055
700.625	0.007
700.75	0.0047
700.875	0.0047
701.0	0.0062
701.125	0.0055
701.25	0.0047
701.375	0.0055
701.5	0.0078
701.625	0.0047
701.75	0.0047
701.875	0.0086
702.0	0.0047
702.125	0.0062
702.25	0.0055
702.375	0.0055
702.5	0.0055
702.625	0.0047
702.75	0.0047
702.875	0.0055
703.0	0.0062
703.125	0.0062
703.25	0.0047
703.375	0.0047
703.5	0.0047
703.625	0.0047
703.75	0.0062
703.875	0.007
704.0	0.007
704.125	0.0062
704.25	0.0047
704.375	0.007
704.5	0.0055
704.625	0.0062
704.75	0.0062
704.875	0.0055
705.0	0.0078
705.125	0.007
705.25	0.0062
705.375	0.0062
705.5	0.0055
705.625	0.0062
705.75	0.0062
705.875	0.0047
706.0	0.0047
706.125	0.0047
706.25	0.0055
706.375	0.0047
706.5	0.0055
706.625	0.0047
706.75	0.0062
706.875	0.007
707.0	0.0047
707.125	0.007
707.25	0.0047
707.375	0.007
707.5	0.0055
707.625	0.007
707.75	0.0062
707.875	0.007
708.0	0.0062
708.125	0.0047
708.25	0.0062
708.375	0.0062
708.5	0.0078
708.625	0.0055
708.75	0.0062
708.875	0.0047
709.0	0.0047
709.125	0.0055
709.25	0.0078
709.375	0.0062
709.5	0.007
709.625	0.007
709.75	0.0062
709.875	0.0055
710.0	0.0078
710.125	0.0078
710.25	0.007
710.375	0.0094
710.5	0.0086
710.625	0.0086
710.75	0.007
710.875	0.0094
711.0	0.0078
711.125	0.007
711.25	0.007
711.375	0.0078
711.5	0.0086
711.625	0.007
711.75	0.0062
711.875	0.0062
712.0	0.0062
712.125	0.0062
712.25	0.007
712.375	0.007
712.5	0.007
712.625	0.0055
712.75	0.0055
712.875	0.0062
713.0	0.0062
713.125	0.0047
713.25	0.0047
713.375	0.007
713.5	0.0047
713.625	0.0047
713.75	0.0055
713.875	0.0062
714.0	0.0047
714.125	0.0055
714.25	0.0062
714.375	0.0062
714.5	0.0062
714.625	0.0062
714.75	0.0047
714.875	0.0062
715.0	0.0055
715.125	0.0062
715.25	0.0047
715.375	0.0062
715.5	0.0055
715.625	0.0055
715.75	0.007
715.875	0.0078
716.0	0.0062
716.125	0.0078
716.25	0.0078
716.375	0.0086
716.5	0.0094
716.625	0.0078
716.75	0.0078
716.875	0.0078
717.0	0.007
717.125	0.0094
717.25	0.0094
717.375	0.0094
717.5	0.0094
717.625	0.0094
717.75	0.0086
717.875	0.0086
718.0	0.0094
718.125	0.0094
718.25	0.0094
718.375	0.0094
718.5	0.0086
718.625	0.0094
718.75	0.0094
718.875	0.0086
719.0	0.0086
719.125	0.0078
719.25	0.0094
719.375	0.0078
719.5	0.0062
719.625	0.007
719.75	0.0062
719.875	0.0047
720.0	0.0055
720.125	0.007
720.25	0.0055
720.375	0.0055
720.5	0.0055
720.625	0.0055
720.75	0.0055
720.875	0.0047
721.0	0.0055
721.125	0.0062
721.25	0.0047
721.375	0.0062
721.5	0.0047
721.625	0.0055
721.75	0.0078
721.875	0.0062
722.0	0.007
722.125	0.0062
722.25	0.0047
722.375	0.0062
722.5	0.0078
722.625	0.0078
722.75	0.0062
722.875	0.0078
723.0	0.0062
723.125	0.0062
723.25	0.0086
723.375	0.0078
723.5	0.007
723.625	0.007
723.75	0.007
723.875	0.0086
724.0	0.0062
724.125	0.007
724.25	0.0094
724.375	0.0086
724.5	0.0094
724.625	0.0078
724.75	0.0086
724.875	0.0094
725.0	0.0086
725.125	0.0094
725.25	0.0094
725.375	0.0094
725.5	0.0094
725.625	0.0094
725.75	0.0094
725.875	0.0102
726.0	0.0102
726.125	0.0094
726.25	0.0094
726.375	0.0094
726.5	0.0094
726.625	0.0102
726.75	0.0102
726.875	0.0102
727.0	0.011
727.125	0.0102
727.25	0.011
727.375	0.011
727.5	0.0102
727.625	0.0102
727.75	0.0094
727.875	0.0094
728.0	0.0094
728.125	0.0094
728.25	0.0094
728.375	0.0094
728.5	0.0094
728.625	0.0094
728.75	0.0078
728.875	0.0086
729.0	0.007
729.125	0.0062
729.25	0.007
729.375	0.0047
729.5	0.0062
729.625	0.0047
729.75	0.0062
729.875	0.0055
730.0	0.0047
730.125	0.0055
730.25	0.0062
730.375	0.0047
730.5	0.0062
730.625	0.0047
730.75	0.007
730.875	0.0055
731.0	0.007
731.125	0.0062
731.25	0.0062
731.375	0.0062
731.5	0.0047
731.625	0.0062
731.75	0.0047
731.875	0.0055
732.0	0.0047
732.125	0.0047
732.25	0.007
732.375	0.0055
732.5	0.0055
732.625	0.0055
732.75	0.0055
732.875	0.0055
733.0	0.0055
733.125	0.0047
733.25	0.0047
733.375	0.0055
733.5	0.007
733.625	0.007
733.75	0.0062
733.875	0.0055
734.0	0.007
734.125	0.0086
734.25	0.0062
734.375	0.0086
734.5	0.0055
734.625	0.0078
734.75	0.0094
734.875	0.0086
735.0	0.007
735.125	0.0094
735.25	0.0094
735.375	0.0094
735.5	0.0078
735.625	0.0094
735.75	0.0094
735.875	0.0086
736.0	0.0094
736.125	0.0094
736.25	0.0094
736.375	0.0094
736.5	0.0094
736.625	0.0094
736.75	0.0094
736.875	0.0102
737.0	0.0094
737.125	0.0094
737.25	0.0133
737.375	0.011
737.5	0.0094
737.625	0.0117
737.75	0.0102
737.875	0.0094
738.0	0.0094
738.125	0.0094
738.25	0.0094
738.375	0.0086
738.5	0.007
738.625	0.007
738.75	0.0047
738.875	0.0062
739.0	0.0055
739.125	0.0062
739.25	0.0047
739.375	0.0047
739.5	0.0047
739.625	0.0047
739.75	0.0047
739.875	0.0047
740.0	0.0047
740.125	0.0047
740.25	0.0047
740.375	0.0047
740.5	0.0055
740.625	0.0062
740.75	0.0047
740.875	0.0047
741.0	0.007
741.125	0.0047
741.25	0.0039
741.375	0.0047
741.5	0.0047
741.625	0.0062
741.75	0.0047
741.875	0.0047
742.0	0.0047
742.125	0.0047
742.25	0.0047
742.375	0.007
742.5	0.0047
742.625	0.0047
742.75	0.0047
742.875	0.0047
743.0	0.0047
743.125	0.0047
743.25	0.0055
743.375	0.0047
743.5	0.0047
743.625	0.0047
743.75	0.0047
743.875	0.0047
744.0	0.0047
744.125	0.0047
744.25	0.0047
744.375	0.0055
744.5	0.0047
744.625	0.0062
744.75	0.0055
744.875	0.0047
745.0	0.0047
745.125	0.0055
745.25	0.0047
745.375	0.0047
745.5	0.0055
745.625	0.0047
745.75	0.0047
745.875	0.0062
746.0	0.0062
746.125	0.0062
746.25	0.0047
746.375	0.0047
746.5	0.0047
746.625	0.0047
746.75	0.0055
746.875	0.0047
747.0	0.0047
747.125	0.0062
747.25	0.0055
747.375	0.007
747.5	0.0055
747.625	0.0055
747.75	0.0062
747.875	0.0062
748.0	0.0062
748.125	0.0062
748.25	0.007
748.375	0.0047
748.5	0.0062
748.625	0.0062
748.75	0.0047
748.875	0.0047
749.0	0.0062
749.125	0.0047
749.25	0.0055
749.375	0.0047
749.5	0.0047
749.625	0.0055
749.75	0.0055
749.875	0.0047
750.0	0.0055
750.125	0.0055
750.25	0.0047
750.375	0.007
750.5	0.0062
750.625	0.0047
750.75	0.0055
750.875	0.0047
751.0	0.0055
751.125	0.0055
751.25	0.0062
751.375	0.0047
751.5	0.0055
751.625	0.0047
751.75	0.0062
751.875	0.0047
752.0	0.0047
752.125	0.0047
752.25	0.007
752.375	0.0047
752.5	0.0055
752.625	0.0047
752.75	0.0062
752.875	0.0055
753.0	0.0055
753.125	0.0047
753.25	0.0047
753.375	0.0062
753.5	0.0062
753.625	0.0055
753.75	0.0047
753.875	0.0047
754.0	0.0047
754.125	0.0047
754.25	0.007
754.375	0.007
754.5	0.0078
754.625	0.007
754.75	0.0047
754.875	0.0062
755.0	0.0086
755.125	0.007
755.25	0.007
755.375	0.0078
755.5	0.0062
755.625	0.0055
755.75	0.007
755.875	0.007
756.0	0.0078
756.125	0.0062
756.25	0.007
756.375	0.007
756.5	0.007
756.625	0.0055
756.75	0.0047
756.875	0.0062
757.0	0.0047
757.125	0.0062
757.25	0.0047
757.375	0.0047
757.5	0.0062
757.625	0.0047
757.75	0.0062
757.875	0.0047
758.0	0.0055
758.125	0.007
758.25	0.0047
758.375	0.0047
758.5	0.0047
758.625	0.0055
758.75	0.0047
758.875	0.0047
759.0	0.0055
759.125	0.0055
759.25	0.0047
759.375	0.0047
759.5	0.0055
759.625	0.0047
759.75	0.0047
759.875	0.0055
760.0	0.007
760.125	0.0055
760.25	0.0047
760.375	0.0055
760.5	0.0047
760.625	0.0047
760.75	0.0062
760.875	0.0047
761.0	0.0055
761.125	0.0047
761.25	0.0055
761.375	0.0047
761.5	0.0055
761.625	0.007
761.75	0.0055
761.875	0.0055
762.0	0.0047
762.125	0.0055
762.25	0.0047
762.375	0.0055
762.5	0.0047
762.625	0.007
762.75	0.0062
762.875	0.0078
763.0	0.0055
763.125	0.0062
763.25	0.0055
763.375	0.0055
763.5	0.0086
763.625	0.0062
763.75	0.007
763.875	0.0062
764.0	0.0055
764.125	0.007
764.25	0.0062
764.375	0.0078
764.5	0.007
764.625	0.0062
764.75	0.0078
764.875	0.007
765.0	0.0086
765.125	0.0062
765.25	0.0086
765.375	0.0086
765.5	0.007
765.625	0.0055
765.75	0.007
765.875	0.0078
766.0	0.0047
766.125	0.0055
766.25	0.0062
766.375	0.0047
766.5	0.0062
766.625	0.0047
766.75	0.0047
766.875	0.0047
767.0	0.0062
767.125	0.0047
767.25	0.0047
767.375	0.0047
767.5	0.0062
767.625	0.0047
767.75	0.0047
767.875	0.0055
768.0	0.0055
768.125	0.0047
768.25	0.0062
768.375	0.0047
768.5	0.0047
768.625	0.0047
768.75	0.0047
768.875	0.0055
769.0	0.0047
769.125	0.0062
769.25	0.007
769.375	0.0047
769.5	0.0062
769.625	0.0047
769.75	0.0047
769.875	0.0047
770.0	0.0047
770.125	0.0062
770.25	0.0047
770.375	0.0047
770.5	0.0047
770.625	0.0047
770.75	0.0047
770.875	0.0055
771.0	0.0047
771.125	0.0047
771.25	0.0055
771.375	0.0047
771.5	0.0047
771.625	0.0055
771.75	0.0055
771.875	0.0047
772.0	0.0047
772.125	0.0047
772.25	0.0047
772.375	0.0047
772.5	0.0047
772.625	0.0047
772.75	0.0062
772.875	0.0062
773.0	0.0047
773.125	0.007
773.25	0.0047
773.375	0.0047
773.5	0.0055
773.625	0.0047
773.75	0.0047
773.875	0.0055
774.0	0.007
774.125	0.007
774.25	0.0062
774.375	0.0047
774.5	0.0055
774.625	0.0055
774.75	0.0047
774.875	0.0078
775.0	0.0047
775.125	0.0086
775.25	0.0047
775.375	0.0062
775.5	0.0062
775.625	0.0055
775.75	0.007
775.875	0.0062
776.0	0.0078
776.125	0.007
776.25	0.0062
776.375	0.007
776.5	0.0094
776.625	0.007
776.75	0.007
776.875	0.0062
777.0	0.007
777.125	0.0078
777.25	0.0055
777.375	0.0047
777.5	0.0062
777.625	0.0047
777.75	0.0047
777.875	0.0047
778.0	0.0047
778.125	0.0047
778.25	0.0047
778.375	0.0047
778.5	0.0047
778.625	0.0047
778.75	0.0047
778.875	0.0047
779.0	0.0047
779.125	0.0047
779.25	0.0047
779.375	0.0047
779.5	0.0047
779.625	0.0047
779.75	0.0047
779.875	0.0047
780.0	0.0047
780.125	0.0047
780.25	0.0055
780.375	0.0055
780.5	0.0062
780.625	0.0047
780.75	0.0055
780.875	0.007
781.0	0.0047
781.125	0.0047
781.25	0.0047
781.375	0.0055
781.5	0.0047
781.625	0.0055
781.75	0.0047
781.875	0.0047
782.0	0.0047
782.125	0.0062
782.25	0.0047
782.375	0.0047
782.5	0.0047
782.625	0.0047
782.75	0.0055
782.875	0.0047
783.0	0.0047
783.125	0.0055
783.25	0.0055
783.375	0.0047
783.5	0.0047
783.625	0.0047
783.75	0.0047
783.875	0.0055
784.0	0.0055
784.125	0.0047
784.25	0.0047
784.375	0.0047
784.5	0.0047
784.625	0.0055
784.75	0.0047
784.875	0.0047
785.0	0.0047
785.125	0.0055
785.25	0.0047
785.375	0.0047
785.5	0.0047
785.625	0.0055
785.75	0.0055
785.875	0.0055
786.0	0.0055
786.125	0.0047
786.25	0.0062
786.375	0.0047
786.5	0.0047
786.625	0.0047
786.75	0.007
786.875	0.0062
787.0	0.0047
787.125	0.0047
787.25	0.0062
787.375	0.0055
787.5	0.0047
787.625	0.0047
787.75	0.0055
787.875	0.0047
788.0	0.007
788.125	0.0055
788.25	0.007
788.375	0.0055
788.5	0.0047
788.625	0.0055
788.75	0.0062
788.875	0.0055
789.0	0.0062
789.125	0.0055
789.25	0.0062
789.375	0.0047
789.5	0.0055
789.625	0.0047
789.75	0.0047
789.875	0.0047
790.0	0.0055
790.125	0.0047
790.25	0.0047
790.375	0.0047
790.5	0.0062
790.625	0.0039
790.75	0.0047
790.875	0.0047
791.0	0.0047
791.125	0.0047
791.25	0.0047
791.375	0.0047
791.5	0.0047
791.625	0.0047
791.75	0.0047
791.875	0.0047
792.0	0.0047
792.125	0.0047
792.25	0.0047
792.375	0.0047
792.5	0.0055
792.625	0.0047
792.75	0.0055
792.875	0.0047
793.0	0.0047
793.125	0.0055
793.25	0.007
793.375	0.0047
793.5	0.0047
793.625	0.0047
793.75	0.0055
793.875	0.0055
794.0	0.0047
794.125	0.0047
794.25	0.0047
794.375	0.0039
794.5	0.0062
794.625	0.0047
794.75	0.0047
794.875	0.0047
795.0	0.0047
795.125	0.007
795.25	0.0047
795.375	0.0055
795.5	0.0062
795.625	0.0047
795.75	0.007
795.875	0.0047
796.0	0.0062
796.125	0.0047
796.25	0.0062
796.375	0.0047
796.5	0.0062
796.625	0.0047
796.75	0.0055
796.875	0.0055
797.0	0.0062
797.125	0.0055
797.25	0.0062
797.375	0.0055
797.5	0.0047
797.625	0.0047
797.75	0.0047
797.875	0.0047
798.0	0.0047
798.125	0.0047
798.25	0.0047
798.375	0.0047
798.5	0.0055
798.625	0.0047
798.75	0.0047
798.875	0.0047
799.0	0.0047
799.125	0.0062
799.25	0.0047
799.375	0.0047
799.5	0.0055
799.625	0.0055
799.75	0.0047
799.875	0.0055
800.0	0.0047
800.125	0.0047
800.25	0.0047
800.375	0.0047
800.5	0.0047
800.625	0.0047
800.75	0.0055
800.875	0.0062
801.0	0.0047
801.125	0.0047
801.25	0.0062
801.375	0.0047
801.5	0.0039
801.625	0.0047
801.75	0.0047
801.875	0.0047
802.0	0.0047
802.125	0.0055
802.25	0.0047
802.375	0.0055
802.5	0.0047
802.625	0.0047
802.75	0.0047
802.875	0.0047
803.0	0.0047
803.125	0.0047
803.25	0.0047
803.375	0.0047
803.5	0.0047
803.625	0.0055
803.75	0.0062
803.875	0.0062
804.0	0.0055
804.125	0.0047
804.25	0.0055
804.375	0.0055
804.5	0.0062
804.625	0.0047
804.75	0.0086
804.875	0.0055
805.0	0.0062
805.125	0.0047
805.25	0.0062
805.375	0.0055
805.5	0.0062
805.625	0.0055
805.75	0.0055
805.875	0.0047
806.0	0.0055
806.125	0.0047
806.25	0.0062
806.375	0.0047
806.5	0.0047
806.625	0.0055
806.75	0.0055
806.875	0.0047
807.0	0.0055
807.125	0.0047
807.25	0.0039
807.375	0.0047
807.5	0.0055
807.625	0.0047
807.75	0.0055
807.875	0.0055
808.0	0.0047
808.125	0.0055
808.25	0.0047
808.375	0.0062
808.5	0.0047
808.625	0.0047
808.75	0.0055
808.875	0.0039
809.0	0.0047
809.125	0.0047
809.25	0.0047
809.375	0.0039
809.5	0.0047
809.625	0.0055
809.75	0.0047
809.875	0.0047
810.0	0.0047
810.125	0.0047
810.25	0.0047
810.375	0.0047
810.5	0.0047
810.625	0.0047
810.75	0.0047
810.875	0.0047
811.0	0.0055
811.125	0.0047
811.25	0.0055
811.375	0.0047
811.5	0.0047
811.625	0.0047
811.75	0.0047
811.875	0.0047
812.0	0.0047
812.125	0.0047
812.25	0.0047
812.375	0.0047
812.5	0.0047
812.625	0.0047
812.75	0.0047
812.875	0.0047
813.0	0.0047
813.125	0.0047
813.25	0.0047
813.375	0.0047
813.5	0.0047
813.625	0.0047
813.75	0.0047
813.875	0.0039
814.0	0.0047
814.125	0.0047
814.25	0.0047
814.375	0.0047
814.5	0.0039
814.625	0.0047
814.75	0.0047
814.875	0.0039
815.0	0.0031
815.125	0.0031
815.25	0.0047
815.375	0.0055
815.5	0.0047
815.625	0.0031
815.75	0.0047
815.875	0.0047
816.0	0.0055
816.125	0.0047
816.25	0.0047
816.375	0.0039
816.5	0.0047
816.625	0.0047
816.75	0.0047
816.875	0.0047
817.0	0.0047
817.125	0.0047
817.25	0.0047
817.375	0.0047
817.5	0.0047
817.625	0.0047
817.75	0.0047
817.875	0.0039
818.0	0.0055
818.125	0.0047
818.25	0.0047
818.375	0.0047
818.5	0.0039
818.625	0.0039
818.75	0.0039
818.875	0.0047
819.0	0.0047
819.125	0.0047
819.25	0.0047
819.375	0.0039
819.5	0.0047
819.625	0.0047
819.75	0.0047
819.875	0.0039
820.0	0.0047
820.125	0.0047
820.25	0.0047
820.375	0.0023
820.5	0.0047
820.625	0.0055
820.75	0.0047
820.875	0.0039
821.0	0.0047
821.125	0.0023
821.25	0.0031
821.375	0.0047
821.5	0.0047
821.625	0.0047
821.75	0.0047
821.875	0.0039
822.0	0.0047
822.125	0.0023
822.25	0.0047
822.375	0.0047
822.5	0.0047
822.625	0.0047
822.75	0.0047
822.875	0.0039
823.0	0.0055
823.125	0.0039
823.25	0.0039
823.375	0.0047
823.5	0.0039
823.625	0.0031
823.75	0.0039
823.875	0.0039
824.0	0.0047
824.125	0.0047
824.25	0.0031
824.375	0.0047
824.5	0.0039
824.625	0.0047
824.75	0.0031
824.875	0.0047
825.0	0.0047
825.125	0.0031
825.25	0.0047
825.375	0.0047
825.5	0.0039
825.625	0.0047
825.75	0.0039
825.875	0.0047
826.0	0.0047
826.125	0.0039
826.25	0.0047
826.375	0.0047
826.5	0.0047
826.625	0.0039
826.75	0.0031
826.875	0.0039
827.0	0.0039
827.125	0.0031
827.25	0.0047
827.375	0.0047
827.5	0.0047
827.625	0.0047
827.75	0.0039
827.875	0.0047
828.0	0.0047
828.125	0.0047
828.25	0.0047
828.375	0.0047
828.5	0.0047
828.625	0.0039
828.75	0.0055
828.875	0.0055
829.0	0.0047
829.125	0.0039
829.25	0.0047
829.375	0.0047
829.5	0.0055
829.625	0.0047
829.75	0.0055
829.875	0.0055
830.0	0.0055
830.125	0.0047
830.25	0.0047
830.375	0.0047
830.5	0.0047
830.625	0.0039
830.75	0.0039
830.875	0.007
831.0	0.0047
831.125	0.0047
831.25	0.0047
831.375	0.0047
831.5	0.0047
831.625	0.0047
831.75	0.0039
831.875	0.0047
832.0	0.0047
832.125	0.0047
832.25	0.0047
832.375	0.0047
832.5	0.0047
832.625	0.0047
832.75	0.0047
832.875	0.0047
833.0	0.0047
833.125	0.0039
833.25	0.0047
833.375	0.0062
833.5	0.0039
833.625	0.0047
833.75	0.0055
833.875	0.0047
834.0	0.0047
834.125	0.0047
834.25	0.0047
834.375	0.0047
834.5	0.0047
834.625	0.0047
834.75	0.0047
834.875	0.0047
835.0	0.0047
835.125	0.0047
835.25	0.0055
835.375	0.0047
835.5	0.0047
835.625	0.0039
835.75	0.0047
835.875	0.0047
836.0	0.0047
836.125	0.0047
836.25	0.0047
836.375	0.0047
836.5	0.0039
836.625	0.0039
836.75	0.0055
836.875	0.0047
837.0	0.0047
837.125	0.0039
837.25	0.0039
837.375	0.0047
837.5	0.0047
837.625	0.0047
837.75	0.0047
837.875	0.0047
838.0	0.0039
838.125	0.0047
838.25	0.0047
838.375	0.0047
838.5	0.0047
838.625	0.0047
838.75	0.0047
838.875	0.0047
839.0	0.0047
839.125	0.0047
839.25	0.0047
839.375	0.0039
839.5	0.0047
839.625	0.0047
839.75	0.0047
839.875	0.0039
840.0	0.0047
840.125	0.0047
840.25	0.0055
840.375	0.0047
840.5	0.0047
840.625	0.0047
840.75	0.0047
840.875	0.0047
841.0	0.0047
841.125	0.0047
841.25	0.0047
841.375	0.0047
841.5	0.0047
841.625	0.0047
841.75	0.0047
841.875	0.0039
842.0	0.0039
842.125	0.0039
842.25	0.0039
842.375	0.0039
842.5	0.0047
842.625	0.0039
842.75	0.0047
842.875	0.0047
843.0	0.0047
843.125	0.0047
843.25	0.0039
843.375	0.0055
843.5	0.0047
843.625	0.0047
843.75	0.0047
843.875	0.0047
844.0	0.0047
844.125	0.0062
844.25	0.0055
844.375	0.0047
844.5	0.0047
844.625	0.0047
844.75	0.0047
844.875	0.0047
845.0	0.0039
845.125	0.0039
845.25	0.0055
845.375	0.0039
845.5	0.0039
845.625	0.0039
845.75	0.0055
845.875	0.0055
846.0	0.0047
846.125	0.0047
846.25	0.0039
846.375	0.0047
846.5	0.0047
846.625	0.0039
846.75	0.0039
846.875	0.0047
847.0	0.0047
847.125	0.0047
847.25	0.0047
847.375	0.0047
847.5	0.0047
847.625	0.0031
847.75	0.0047
847.875	0.0047
848.0	0.0039
848.125	0.0055
848.25	0.0047
848.375	0.0047
848.5	0.0047
848.625	0.0039
848.75	0.0047
848.875	0.0047
849.0	0.0047
849.125	0.0047
849.25	0.0047
849.375	0.0047
849.5	0.0047
849.625	0.0047
849.75	0.0047
849.875	0.0047
850.0	0.0047
850.125	0.0047
850.25	0.0047
850.375	0.0039
850.5	0.0047
850.625	0.0047
850.75	0.0047
850.875	0.0039
851.0	0.0047
851.125	0.0055
851.25	0.007
851.375	0.0047
851.5	0.0047
851.625	0.0047
851.75	0.0047
851.875	0.0062
852.0	0.0047
852.125	0.0047
852.25	0.0047
852.375	0.0047
852.5	0.0047
852.625	0.0047
852.75	0.0047
852.875	0.0047
853.0	0.0039
853.125	0.0031
853.25	0.0047
853.375	0.0047
853.5	0.0047
853.625	0.0039
853.75	0.0047
853.875	0.0047
854.0	0.0047
854.125	0.0047
854.25	0.0047
854.375	0.0047
854.5	0.0047
854.625	0.0055
854.75	0.0047
854.875	0.0047
855.0	0.0039
855.125	0.0039
855.25	0.0047
855.375	0.0047
855.5	0.0047
855.625	0.0047
855.75	0.0039
855.875	0.0047
856.0	0.0047
856.125	0.0047
856.25	0.0031
856.375	0.0047
856.5	0.0047
856.625	0.0047
856.75	0.0039
856.875	0.0047
857.0	0.0047
857.125	0.0047
857.25	0.0047
857.375	0.0047
857.5	0.0047
857.625	0.0047
857.75	0.0047
857.875	0.0047
858.0	0.0047
858.125	0.0047
858.25	0.0039
858.375	0.0047
858.5	0.0047
858.625	0.0055
858.75	0.0047
858.875	0.0055
859.0	0.0039
859.125	0.0039
859.25	0.0047
859.375	0.0047
859.5	0.0023
859.625	0.0047
859.75	0.0047
859.875	0.0047
860.0	0.0047
860.125	0.0047
860.25	0.0039
860.375	0.0047
860.5	0.0047
860.625	0.0047
860.75	0.0047
860.875	0.0047
861.0	0.0047
861.125	0.0047
861.25	0.0039
861.375	0.0047
861.5	0.0047
861.625	0.0055
861.75	0.0039
861.875	0.0047
862.0	0.0031
862.125	0.0047
862.25	0.0047
862.375	0.0055
862.5	0.0047
862.625	0.0047
862.75	0.0047
862.875	0.0047
863.0	0.0047
863.125	0.0055
863.25	0.0047
863.375	0.0047
863.5	0.0039
863.625	0.0047
863.75	0.0047
863.875	0.0047
864.0	0.0039
864.125	0.0039
864.25	0.0047
864.375	0.0047
864.5	0.0039
864.625	0.0023
864.75	0.0047
864.875	0.0047
865.0	0.0039
865.125	0.0047
865.25	0.0031
865.375	0.0047
865.5	0.0015
865.625	0.0047
865.75	0.0047
865.875	0.0039
866.0	0.0047
866.125	0.0047
866.25	0.0031
866.375	0.0047
866.5	0.0047
866.625	0.0047
866.75	0.0047
866.875	0.0039
867.0	0.0047
867.125	0.0047
867.25	0.0047
867.375	0.0047
867.5	0.0039
867.625	0.0047
867.75	0.0047
867.875	0.0047
868.0	0.0047
868.125	0.0055
868.25	0.0047
868.375	0.0047
868.5	0.0047
868.625	0.0047
868.75	0.0047
868.875	0.0055
869.0	0.0047
869.125	0.0039
869.25	0.0047
869.375	0.0039
869.5	0.0047
869.625	0.0047
869.75	0.0039
869.875	0.0031
870.0	0.0047
870.125	0.0023
870.25	0.0047
870.375	0.0047
870.5	0.0047
870.625	0.0039
870.75	0.0031
870.875	0.0047
871.0	0.0047
871.125	0.0047
871.25	0.0047
871.375	0.0047
871.5	0.0055
871.625	0.0047
871.75	0.0047
871.875	0.0047
872.0	0.0047
872.125	0.0039
872.25	0.0039
872.375	0.0055
872.5	0.0047
872.625	0.0023
872.75	0.0047
872.875	0.0039
873.0	0.0047
873.125	0.0047
873.25	0.0039
873.375	0.0047
873.5	0.0047
873.625	0.0031
873.75	0.0047
873.875	0.0047
874.0	0.0039
874.125	0.0055
874.25	0.0047
874.375	0.0047
874.5	0.0047
874.625	0.0047
874.75	0.0031
874.875	0.0047
875.0	0.0047
875.125	0.0047
875.25	0.0047
875.375	0.0039
875.5	0.0039
875.625	0.0039
875.75	0.0047
875.875	0.0047
876.0	0.0047
876.125	0.0047
876.25	0.0031
876.375	0.0047
876.5	0.0031
876.625	0.0039
876.75	0.0039
876.875	0.0039
877.0	0.0047
877.125	0.0039
877.25	0.0047
877.375	0.0055
877.5	0.0055
877.625	0.0039
877.75	0.0047
877.875	0.0047
878.0	0.0039
878.125	0.0039
878.25	0.0047
878.375	0.0047
878.5	0.0047
878.625	0.0039
878.75	0.0039
878.875	0.0047
879.0	0.0047
879.125	0.0047
879.25	0.0047
879.375	0.0047
879.5	0.0047
879.625	0.0047
879.75	0.0039
879.875	0.0055
880.0	0.0047
880.125	0.0055
880.25	0.0047
880.375	0.0047
880.5	0.0031
880.625	0.0047
880.75	0.0047
880.875	0.0047
881.0	0.0047
881.125	0.0047
881.25	0.0047
881.375	0.0039
881.5	0.0047
881.625	0.0047
881.75	0.0047
881.875	0.0047
882.0	0.0047
882.125	0.0039
882.25	0.0047
882.375	0.0039
882.5	0.0047
882.625	0.0047
882.75	0.0047
882.875	0.0047
883.0	0.0047
883.125	0.0055
883.25	0.0047
883.375	0.0047
883.5	0.0055
883.625	0.0047
883.75	0.0047
883.875	0.0047
884.0	0.0039
884.125	0.0055
884.25	0.0055
884.375	0.0047
884.5	0.0047
884.625	0.0055
884.75	0.0047
884.875	0.0047
885.0	0.0062
885.125	0.0047
885.25	0.0047
885.375	0.0047
885.5	0.0047
885.625	0.0047
885.75	0.0047
885.875	0.0047
886.0	0.0047
886.125	0.0047
886.25	0.0055
886.375	0.0047
886.5	0.0047
886.625	0.0055
886.75	0.0047
886.875	0.0062
887.0	0.0047
887.125	0.0055
887.25	0.0039
887.375	0.0047
887.5	0.0047
887.625	0.0047
887.75	0.0047
887.875	0.0047
888.0	0.0047
888.125	0.0055
888.25	0.0047
888.375	0.0047
888.5	0.0055
888.625	0.0055
888.75	0.0047
888.875	0.007
889.0	0.0039
889.125	0.0047
889.25	0.0047
889.375	0.0055
889.5	0.0047
889.625	0.0047
889.75	0.0055
889.875	0.0047
890.0	0.0039
890.125	0.0055
890.25	0.0047
890.375	0.0047
890.5	0.007
890.625	0.0047
890.75	0.0047
890.875	0.0047
891.0	0.0047
891.125	0.0047
891.25	0.0047
891.375	0.0047
891.5	0.0055
891.625	0.0055
891.75	0.0047
891.875	0.0047
892.0	0.0047
892.125	0.0039
892.25	0.0047
892.375	0.0047
892.5	0.0047
892.625	0.0047
892.75	0.0047
892.875	0.0047
893.0	0.0047
893.125	0.0047
893.25	0.0047
893.375	0.0047
893.5	0.0039
893.625	0.0055
893.75	0.0055
893.875	0.0055
894.0	0.0055
894.125	0.0039
894.25	0.0055
894.375	0.0047
894.5	0.0047
894.625	0.0047
894.75	0.0055
894.875	0.0047
895.0	0.0047
895.125	0.0055
895.25	0.0055
895.375	0.0047
895.5	0.0047
895.625	0.0047
895.75	0.0055
895.875	0.0055
896.0	0.0055
896.125	0.0047
896.25	0.0047
896.375	0.0047
896.5	0.0047
896.625	0.0062
896.75	0.0047
896.875	0.0047
897.0	0.0047
897.125	0.0047
897.25	0.0039
897.375	0.0055
897.5	0.0047
897.625	0.0039
897.75	0.0047
897.875	0.0047
898.0	0.0047
898.125	0.0047
898.25	0.0047
898.375	0.0047
898.5	0.0047
898.625	0.0047
898.75	0.0047
898.875	0.0047
899.0	0.0047
899.125	0.0047
899.25	0.0055
899.375	0.0047
899.5	0.0047
899.625	0.0047
899.75	0.0047
899.875	0.0055
