300.0	0.2405
300.125	0.2405
300.25	0.2405
300.375	0.2405
300.5	0.2405
300.625	0.2405
300.75	0.2405
300.875	0.2405
301.0	0.2413
301.125	0.2405
301.25	0.2405
301.375	0.2405
301.5	0.2405
301.625	0.2405
301.75	0.2405
301.875	0.2413
302.0	0.2405
302.125	0.2405
302.25	0.2421
302.375	0.2413
302.5	0.2429
302.625	0.2405
302.75	0.2421
302.875	0.2429
303.0	0.2437
303.125	0.2452
303.25	0.2452
303.375	0.2452
303.5	0.2476
303.625	0.25
303.75	0.25
303.875	0.2515
304.0	0.2547
304.125	0.2555
304.25	0.2594
304.375	0.2594
304.5	0.2602
304.625	0.2633
304.75	0.2617
304.875	0.2641
305.0	0.2641
305.125	0.2641
305.25	0.2649
305.375	0.2641
305.5	0.2649
305.625	0.268
305.75	0.2657
305.875	0.2672
306.0	0.2672
306.125	0.2657
306.25	0.2657
306.375	0.2641
306.5	0.2657
306.625	0.2672
306.75	0.2641
306.875	0.2641
307.0	0.2641
307.125	0.261
307.25	0.2617
307.375	0.2594
307.5	0.257
307.625	0.2555
307.75	0.2547
307.875	0.2539
308.0	0.2507
308.125	0.25
308.25	0.2531
308.375	0.2539
308.5	0.2531
308.625	0.2547
308.75	0.2539
308.875	0.2531
309.0	0.2547
309.125	0.2539
309.25	0.2547
309.375	0.2531
309.5	0.2531
309.625	0.2515
309.75	0.25
309.875	0.2492
310.0	0.25
310.125	0.25
310.25	0.25
310.375	0.25
310.5	0.25
310.625	0.25
310.75	0.25
310.875	0.2507
311.0	0.2547
311.125	0.2547
311.25	0.2547
311.375	0.2562
311.5	0.2562
311.625	0.2594
311.75	0.2586
311.875	0.2594
312.0	0.2602
312.125	0.2641
312.25	0.2641
312.375	0.2641
312.5	0.2688
312.625	0.272
312.75	0.2775
312.875	0.2806
313.0	0.2877
313.125	0.2948
313.25	0.305
313.375	0.3191
313.5	0.3325
313.625	0.349
313.75	0.3718
313.875	0.393
314.0	0.4221
314.125	0.4528
314.25	0.4858
314.375	0.5157
314.5	0.5408
314.625	0.5581
314.75	0.5715
314.875	0.5786
315.0	0.5801
315.125	0.5754
315.25	0.566
315.375	0.5526
315.5	0.533
315.625	0.5125
315.75	0.4842
315.875	0.4528
316.0	0.4182
316.125	0.3797
316.25	0.3451
316.375	0.316
316.5	0.2916
316.625	0.2759
316.75	0.2633
316.875	0.2547
317.0	0.2515
317.125	0.2476
317.25	0.2452
317.375	0.246
317.5	0.2452
317.625	0.2452
317.75	0.2429
317.875	0.2452
318.0	0.2452
318.125	0.2452
318.25	0.2452
318.375	0.2429
318.5	0.2452
318.625	0.2444
318.75	0.2452
318.875	0.2444
319.0	0.2444
319.125	0.2437
319.25	0.2452
319.375	0.2437
319.5	0.2429
319.625	0.2421
319.75	0.2413
319.875	0.2444
320.0	0.2413
320.125	0.2421
320.25	0.2405
320.375	0.2413
320.5	0.2452
320.625	0.2405
320.75	0.2421
320.875	0.2429
321.0	0.2437
321.125	0.2421
321.25	0.2421
321.375	0.2437
321.5	0.2437
321.625	0.2452
321.75	0.2437
321.875	0.2421
322.0	0.2444
322.125	0.2437
322.25	0.2444
322.375	0.2429
322.5	0.2452
322.625	0.2444
322.75	0.2437
322.875	0.2444
323.0	0.2437
323.125	0.2429
323.25	0.2437
323.375	0.2413
323.5	0.2429
323.625	0.2421
323.75	0.2429
323.875	0.2452
324.0	0.2437
324.125	0.2437
324.25	0.2429
324.375	0.2444
324.5	0.2452
324.625	0.2444
324.75	0.2444
324.875	0.2452
325.0	0.2452
325.125	0.2452
325.25	0.2437
325.375	0.2452
325.5	0.2452
325.625	0.246
325.75	0.2452
325.875	0.2492
326.0	0.2476
326.125	0.2476
326.25	0.25
326.375	0.25
326.5	0.2547
326.625	0.2555
326.75	0.2562
326.875	0.2594
327.0	0.2633
327.125	0.2672
327.25	0.2688
327.375	0.2735
327.5	0.2735
327.625	0.2775
327.75	0.2759
327.875	0.2767
328.0	0.2735
328.125	0.2767
328.25	0.2775
328.375	0.2751
328.5	0.2735
328.625	0.2727
328.75	0.2735
328.875	0.2727
329.0	0.272
329.125	0.2704
329.25	0.2727
329.375	0.2743
329.5	0.2783
329.625	0.283
329.75	0.29
329.875	0.294
330.0	0.3026
330.125	0.3128
330.25	0.3238
330.375	0.3372
330.5	0.3522
330.625	0.3671
330.75	0.3828
330.875	0.3954
331.0	0.4072
331.125	0.415
331.25	0.4198
331.375	0.4198
331.5	0.4213
331.625	0.4182
331.75	0.4127
331.875	0.4056
332.0	0.3977
332.125	0.3875
332.25	0.375
332.375	0.3616
332.5	0.3459
332.625	0.3301
332.75	0.3168
332.875	0.3066
333.0	0.3018
333.125	0.3018
333.25	0.305
333.375	0.3113
333.5	0.3199
333.625	0.3309
333.75	0.3427
333.875	0.3584
334.0	0.3781
334.125	0.3993
334.25	0.4221
334.375	0.4488
334.5	0.4787
334.625	0.511
334.75	0.544
334.875	0.5707
335.0	0.5935
335.125	0.6069
335.25	0.6124
335.375	0.6171
335.5	0.6132
335.625	0.6037
335.75	0.5896
335.875	0.5699
336.0	0.5487
336.125	0.522
336.25	0.4858
336.375	0.4481
336.5	0.4095
336.625	0.3694
336.75	0.3364
336.875	0.3089
337.0	0.2885
337.125	0.2743
337.25	0.2625
337.375	0.2555
337.5	0.25
337.625	0.2468
337.75	0.2452
337.875	0.2452
338.0	0.2452
338.125	0.2452
338.25	0.2452
338.375	0.2444
338.5	0.2452
338.625	0.2452
338.75	0.2452
338.875	0.2444
339.0	0.2452
339.125	0.2452
339.25	0.2452
339.375	0.2452
339.5	0.2452
339.625	0.246
339.75	0.2452
339.875	0.2452
340.0	0.2468
340.125	0.2476
340.25	0.2476
340.375	0.2468
340.5	0.2492
340.625	0.25
340.75	0.2507
340.875	0.2507
341.0	0.2547
341.125	0.2547
341.25	0.2547
341.375	0.2562
341.5	0.2586
341.625	0.257
341.75	0.2586
341.875	0.2586
342.0	0.2594
342.125	0.2578
342.25	0.257
342.375	0.2578
342.5	0.2578
342.625	0.2555
342.75	0.257
342.875	0.2547
343.0	0.2547
343.125	0.2555
343.25	0.2547
343.375	0.2578
343.5	0.2594
343.625	0.2625
343.75	0.2649
343.875	0.2688
344.0	0.2727
344.125	0.2783
344.25	0.2806
344.375	0.2822
344.5	0.2845
344.625	0.2877
344.75	0.2869
344.875	0.2869
345.0	0.2845
345.125	0.2845
345.25	0.2814
345.375	0.2783
345.5	0.2783
345.625	0.2735
345.75	0.2704
345.875	0.2657
346.0	0.2641
346.125	0.2594
346.25	0.2578
346.375	0.2562
346.5	0.2594
346.625	0.2594
346.75	0.2594
346.875	0.2633
347.0	0.268
347.125	0.2735
347.25	0.2783
347.375	0.2845
347.5	0.2924
347.625	0.2971
347.75	0.3089
347.875	0.3199
348.0	0.3278
348.125	0.3356
348.25	0.3411
348.375	0.3443
348.5	0.3482
348.625	0.3466
348.75	0.3459
348.875	0.3435
349.0	0.3396
349.125	0.3349
349.25	0.3309
349.375	0.3223
349.5	0.3136
349.625	0.3042
349.75	0.2948
349.875	0.2869
350.0	0.279
350.125	0.272
350.25	0.2688
350.375	0.268
350.5	0.268
350.625	0.2688
350.75	0.2696
350.875	0.2735
351.0	0.2783
351.125	0.283
351.25	0.2877
351.375	0.2971
351.5	0.3026
351.625	0.3113
351.75	0.3223
351.875	0.3325
352.0	0.3459
352.125	0.3608
352.25	0.375
352.375	0.3899
352.5	0.4064
352.625	0.4166
352.75	0.4276
352.875	0.4339
353.0	0.4378
353.125	0.4363
353.25	0.4323
353.375	0.4292
353.5	0.4198
353.625	0.4103
353.75	0.4001
353.875	0.3844
354.0	0.3687
354.125	0.3506
354.25	0.3309
354.375	0.3113
354.5	0.2932
354.625	0.2822
354.75	0.2704
354.875	0.2649
355.0	0.2602
355.125	0.257
355.25	0.257
355.375	0.2594
355.5	0.2594
355.625	0.2641
355.75	0.2657
355.875	0.2696
356.0	0.2735
356.125	0.2814
356.25	0.2877
356.375	0.2932
356.5	0.3003
356.625	0.3105
356.75	0.3191
356.875	0.3317
357.0	0.3459
357.125	0.3584
357.25	0.3734
357.375	0.3867
357.5	0.4017
357.625	0.4119
357.75	0.4198
357.875	0.4245
358.0	0.4237
358.125	0.4221
358.25	0.4198
358.375	0.4127
358.5	0.404
358.625	0.3922
358.75	0.3789
358.875	0.3639
359.0	0.3474
359.125	0.3278
359.25	0.3097
359.375	0.29
359.5	0.2767
359.625	0.2665
359.75	0.2578
359.875	0.2531
360.0	0.2484
360.125	0.2452
360.25	0.2452
360.375	0.2452
360.5	0.2444
360.625	0.2452
360.75	0.2444
360.875	0.2452
361.0	0.2468
361.125	0.2476
361.25	0.2476
361.375	0.25
361.5	0.2507
361.625	0.2523
361.75	0.2547
361.875	0.2555
362.0	0.2578
362.125	0.2594
362.25	0.2633
362.375	0.2665
362.5	0.2696
362.625	0.2735
362.75	0.2767
362.875	0.279
363.0	0.2783
363.125	0.279
363.25	0.2798
363.375	0.2783
363.5	0.2783
363.625	0.2767
363.75	0.2735
363.875	0.2735
364.0	0.2712
364.125	0.2688
364.25	0.2657
364.375	0.2641
364.5	0.2594
364.625	0.257
364.75	0.2578
364.875	0.2586
365.0	0.2578
365.125	0.2594
365.25	0.261
365.375	0.2641
365.5	0.268
365.625	0.2712
365.75	0.2735
365.875	0.279
366.0	0.2845
366.125	0.2924
366.25	0.2963
366.375	0.2995
366.5	0.305
366.625	0.3081
366.75	0.3081
366.875	0.3089
367.0	0.3097
367.125	0.3066
367.25	0.3066
367.375	0.3018
367.5	0.2971
367.625	0.2971
367.75	0.2916
367.875	0.2861
368.0	0.2814
368.125	0.2743
368.25	0.2688
368.375	0.2672
368.5	0.2641
368.625	0.2633
368.75	0.261
368.875	0.2594
369.0	0.2594
369.125	0.2594
369.25	0.2617
369.375	0.2617
369.5	0.2625
369.625	0.2649
369.75	0.2649
369.875	0.2688
370.0	0.2688
370.125	0.2735
370.25	0.2743
370.375	0.2798
370.5	0.2845
370.625	0.2908
370.75	0.2971
370.875	0.3058
371.0	0.3121
371.125	0.3183
371.25	0.3254
371.375	0.3301
371.5	0.3301
371.625	0.3325
371.75	0.3301
371.875	0.3278
372.0	0.3254
372.125	0.3207
372.25	0.316
372.375	0.3105
372.5	0.3018
372.625	0.294
372.75	0.2853
372.875	0.2743
373.0	0.268
373.125	0.2594
373.25	0.2547
373.375	0.2507
373.5	0.25
373.625	0.2468
373.75	0.2452
373.875	0.2452
374.0	0.2468
374.125	0.2484
374.25	0.2484
374.375	0.25
374.5	0.2507
374.625	0.2547
374.75	0.2562
374.875	0.2578
375.0	0.2594
375.125	0.2641
375.25	0.2641
375.375	0.2696
375.5	0.2727
375.625	0.279
375.75	0.283
375.875	0.2869
376.0	0.2924
376.125	0.2987
376.25	0.3066
376.375	0.316
376.5	0.3207
376.625	0.3301
376.75	0.3364
376.875	0.3427
377.0	0.3459
377.125	0.3443
377.25	0.3451
377.375	0.3435
377.5	0.3404
377.625	0.3349
377.75	0.3301
377.875	0.3231
378.0	0.3136
378.125	0.3066
378.25	0.2955
378.375	0.2845
378.5	0.2735
378.625	0.2641
378.75	0.2578
378.875	0.25
379.0	0.2452
379.125	0.2452
379.25	0.2429
379.375	0.2405
379.5	0.2405
379.625	0.2405
379.75	0.2413
379.875	0.2405
380.0	0.2429
380.125	0.2437
380.25	0.2444
380.375	0.2452
380.5	0.2452
380.625	0.2452
380.75	0.2452
380.875	0.246
381.0	0.25
381.125	0.25
381.25	0.2523
381.375	0.2547
381.5	0.257
381.625	0.2594
381.75	0.2625
381.875	0.2641
382.0	0.2688
382.125	0.2727
382.25	0.2735
382.375	0.2814
382.5	0.2845
382.625	0.2908
382.75	0.294
382.875	0.3003
383.0	0.3003
383.125	0.3026
383.25	0.3026
383.375	0.3018
383.5	0.3018
383.625	0.2995
383.75	0.2971
383.875	0.294
384.0	0.2893
384.125	0.2853
384.25	0.2806
384.375	0.2735
384.5	0.268
384.625	0.2633
384.75	0.2594
384.875	0.2578
385.0	0.2555
385.125	0.2547
385.25	0.2547
385.375	0.2547
385.5	0.2578
385.625	0.2594
385.75	0.2625
385.875	0.2649
386.0	0.2688
386.125	0.2688
386.25	0.2735
386.375	0.2735
386.5	0.2767
386.625	0.2751
386.75	0.2743
386.875	0.2759
387.0	0.2767
387.125	0.2735
387.25	0.2727
387.375	0.2704
387.5	0.268
387.625	0.2649
387.75	0.2617
387.875	0.2594
388.0	0.2547
388.125	0.2531
388.25	0.25
388.375	0.25
388.5	0.2492
388.625	0.2476
388.75	0.246
388.875	0.25
389.0	0.25
389.125	0.25
389.25	0.2515
389.375	0.2547
389.5	0.2531
389.625	0.2547
389.75	0.2562
389.875	0.2578
390.0	0.2594
390.125	0.2594
390.25	0.2641
390.375	0.2657
390.5	0.2727
390.625	0.2735
390.75	0.2783
390.875	0.283
391.0	0.283
391.125	0.2861
391.25	0.2869
391.375	0.2853
391.5	0.2877
391.625	0.2845
391.75	0.283
391.875	0.283
392.0	0.2783
392.125	0.2743
392.25	0.2735
392.375	0.2688
392.5	0.2649
392.625	0.2594
392.75	0.2555
392.875	0.25
393.0	0.2484
393.125	0.2452
393.25	0.2452
393.375	0.2429
393.5	0.2444
393.625	0.2421
393.75	0.2429
393.875	0.2444
394.0	0.2444
394.125	0.2452
394.25	0.2444
394.375	0.2452
394.5	0.246
394.625	0.2452
394.75	0.2468
394.875	0.2476
395.0	0.2484
395.125	0.25
395.25	0.25
395.375	0.2547
395.5	0.2539
395.625	0.2547
395.75	0.2586
395.875	0.261
396.0	0.2617
396.125	0.2649
396.25	0.268
396.375	0.272
396.5	0.2743
396.625	0.2783
396.75	0.2814
396.875	0.2838
397.0	0.2877
397.125	0.2877
397.25	0.2877
397.375	0.2877
397.5	0.2853
397.625	0.2838
397.75	0.2822
397.875	0.279
398.0	0.2775
398.125	0.272
398.25	0.2688
398.375	0.2641
398.5	0.2586
398.625	0.2539
398.75	0.25
398.875	0.2468
399.0	0.2452
399.125	0.2437
399.25	0.2437
399.375	0.2413
399.5	0.2405
399.625	0.2405
399.75	0.2405
399.875	0.2405
400.0	0.2421
400.125	0.2405
400.25	0.2405
400.375	0.2421
400.5	0.2437
400.625	0.2452
400.75	0.2452
400.875	0.2452
401.0	0.2452
401.125	0.2452
401.25	0.2452
401.375	0.2452
401.5	0.2452
401.625	0.2468
401.75	0.2492
401.875	0.25
402.0	0.2492
402.125	0.2515
402.25	0.2523
402.375	0.2515
402.5	0.2539
402.625	0.2547
402.75	0.2555
402.875	0.2594
403.0	0.2602
403.125	0.2617
403.25	0.2649
403.375	0.2688
403.5	0.2688
403.625	0.2735
403.75	0.2735
403.875	0.2767
404.0	0.2783
404.125	0.2775
404.25	0.2775
404.375	0.2767
404.5	0.2759
404.625	0.2759
404.75	0.2696
404.875	0.2688
405.0	0.268
405.125	0.2641
405.25	0.2602
405.375	0.2555
405.5	0.2539
405.625	0.2476
405.75	0.246
405.875	0.2437
406.0	0.2429
406.125	0.2413
406.25	0.2405
406.375	0.2397
406.5	0.2397
406.625	0.2366
406.75	0.2382
406.875	0.2374
407.0	0.2358
407.125	0.2382
407.25	0.2374
407.375	0.2389
407.5	0.2374
407.625	0.2382
407.75	0.2382
407.875	0.2374
408.0	0.2366
408.125	0.2389
408.25	0.2389
408.375	0.2382
408.5	0.2389
408.625	0.2397
408.75	0.2405
408.875	0.2405
409.0	0.2397
409.125	0.2405
409.25	0.2405
409.375	0.2405
409.5	0.2405
409.625	0.2421
409.75	0.2444
409.875	0.2444
410.0	0.2444
410.125	0.2452
410.25	0.246
410.375	0.25
410.5	0.25
410.625	0.2492
410.75	0.2515
410.875	0.2539
411.0	0.2555
411.125	0.2555
411.25	0.2586
411.375	0.2594
411.5	0.2594
411.625	0.2594
411.75	0.261
411.875	0.261
412.0	0.2641
412.125	0.261
412.25	0.2641
412.375	0.2633
412.5	0.2625
412.625	0.2602
412.75	0.2594
412.875	0.2594
413.0	0.257
413.125	0.2547
413.25	0.2539
413.375	0.2523
413.5	0.25
413.625	0.25
413.75	0.2484
413.875	0.2452
414.0	0.2437
414.125	0.2421
414.25	0.2405
414.375	0.2374
414.5	0.2366
414.625	0.2397
414.75	0.2374
414.875	0.2389
415.0	0.2366
415.125	0.2358
415.25	0.2358
415.375	0.2358
415.5	0.2382
415.625	0.2382
415.75	0.2389
415.875	0.2366
416.0	0.2389
416.125	0.2366
416.25	0.2389
416.375	0.2382
416.5	0.2389
416.625	0.2389
416.75	0.2405
416.875	0.2405
417.0	0.2413
417.125	0.2413
417.25	0.2444
417.375	0.2444
417.5	0.2444
417.625	0.2452
417.75	0.2468
417.875	0.25
418.0	0.25
418.125	0.2515
418.25	0.2531
418.375	0.2515
418.5	0.2547
418.625	0.2547
418.75	0.2547
418.875	0.2547
419.0	0.2547
419.125	0.2531
419.25	0.25
419.375	0.25
419.5	0.25
419.625	0.2468
419.75	0.2452
419.875	0.2452
420.0	0.2413
420.125	0.2421
420.25	0.2405
420.375	0.2405
420.5	0.2405
420.625	0.2382
420.75	0.2366
420.875	0.2366
421.0	0.2358
421.125	0.2382
421.25	0.2382
421.375	0.2366
421.5	0.2382
421.625	0.2374
421.75	0.2405
421.875	0.2405
422.0	0.2405
422.125	0.2382
422.25	0.2389
422.375	0.2389
422.5	0.2405
422.625	0.2405
422.75	0.2397
422.875	0.2405
423.0	0.2413
423.125	0.2405
423.25	0.2405
423.375	0.2397
423.5	0.2405
423.625	0.2405
423.75	0.2405
423.875	0.2405
424.0	0.2405
424.125	0.2405
424.25	0.2429
424.375	0.2421
424.5	0.2429
424.625	0.2444
424.75	0.2444
424.875	0.246
425.0	0.2452
425.125	0.2452
425.25	0.2484
425.375	0.2484
425.5	0.25
425.625	0.25
425.75	0.25
425.875	0.2515
426.0	0.25
426.125	0.25
426.25	0.2507
426.375	0.25
426.5	0.25
426.625	0.2492
426.75	0.2476
426.875	0.2484
427.0	0.2452
427.125	0.2452
427.25	0.2437
427.375	0.2421
427.5	0.2405
427.625	0.2405
427.75	0.2405
427.875	0.2382
428.0	0.2382
428.125	0.2366
428.25	0.2366
428.375	0.2366
428.5	0.2366
428.625	0.2358
428.75	0.2382
428.875	0.2366
429.0	0.2366
429.125	0.2366
429.25	0.2366
429.375	0.2358
429.5	0.2358
429.625	0.2382
429.75	0.2358
429.875	0.2366
430.0	0.2374
430.125	0.2358
430.25	0.2358
430.375	0.2374
430.5	0.2358
430.625	0.2358
430.75	0.2389
430.875	0.2389
431.0	0.2366
431.125	0.2397
431.25	0.2366
431.375	0.2397
431.5	0.2366
431.625	0.2389
431.75	0.2397
431.875	0.2389
432.0	0.2397
432.125	0.2397
432.25	0.2405
432.375	0.2397
432.5	0.2405
432.625	0.2405
432.75	0.2405
432.875	0.2405
433.0	0.2405
433.125	0.2421
433.25	0.2405
433.375	0.2437
433.5	0.2444
433.625	0.2452
433.75	0.2452
433.875	0.2452
434.0	0.2452
434.125	0.2452
434.25	0.2452
434.375	0.2452
434.5	0.2452
434.625	0.2437
434.75	0.246
434.875	0.2444
435.0	0.2444
435.125	0.2437
435.25	0.2429
435.375	0.2413
435.5	0.2405
435.625	0.2389
435.75	0.2397
435.875	0.2382
436.0	0.2389
436.125	0.2366
436.25	0.2358
436.375	0.2358
436.5	0.2358
436.625	0.2358
436.75	0.2366
436.875	0.2366
437.0	0.2358
437.125	0.2358
437.25	0.2358
437.375	0.2374
437.5	0.2366
437.625	0.2374
437.75	0.2374
437.875	0.2374
438.0	0.2358
438.125	0.2366
438.25	0.235
438.375	0.2358
438.5	0.2366
438.625	0.2358
438.75	0.2358
438.875	0.2358
439.0	0.2366
439.125	0.2358
439.25	0.2358
439.375	0.2358
439.5	0.2374
439.625	0.2382
439.75	0.2366
439.875	0.2374
440.0	0.2389
440.125	0.2389
440.25	0.2389
440.375	0.2389
440.5	0.2389
440.625	0.2374
440.75	0.2397
440.875	0.2405
441.0	0.2405
441.125	0.2413
441.25	0.2405
441.375	0.2405
441.5	0.2429
441.625	0.2421
441.75	0.2437
441.875	0.2452
442.0	0.2437
442.125	0.2421
442.25	0.2413
442.375	0.2413
442.5	0.2405
442.625	0.2405
442.75	0.2413
442.875	0.2405
443.0	0.2397
443.125	0.2397
443.25	0.2389
443.375	0.2397
443.5	0.2382
443.625	0.2374
443.75	0.2358
443.875	0.2358
444.0	0.2382
444.125	0.2358
444.25	0.2358
444.375	0.2358
444.5	0.2358
444.625	0.2358
444.75	0.2366
444.875	0.2358
445.0	0.2358
445.125	0.2358
445.25	0.2358
445.375	0.2358
445.5	0.2358
445.625	0.2358
445.75	0.2358
445.875	0.2358
446.0	0.2342
446.125	0.2358
446.25	0.2358
446.375	0.2358
446.5	0.2358
446.625	0.2358
446.75	0.2366
446.875	0.235
447.0	0.2374
447.125	0.2358
447.25	0.2358
447.375	0.2358
447.5	0.2366
447.625	0.2358
447.75	0.2366
447.875	0.2374
448.0	0.2389
448.125	0.2382
448.25	0.2397
448.375	0.2366
448.5	0.2397
448.625	0.2397
448.75	0.2389
448.875	0.2405
449.0	0.2405
449.125	0.2405
449.25	0.2397
449.375	0.2405
449.5	0.2389
449.625	0.2405
449.75	0.2413
449.875	0.2405
450.0	0.2382
450.125	0.2366
450.25	0.2382
450.375	0.2358
450.5	0.2374
450.625	0.2366
450.75	0.2358
450.875	0.2366
451.0	0.2358
451.125	0.235
451.25	0.2358
451.375	0.2358
451.5	0.2366
451.625	0.2358
451.75	0.2358
451.875	0.235
452.0	0.2358
452.125	0.2358
452.25	0.2358
452.375	0.235
452.5	0.2358
452.625	0.2366
452.75	0.2358
452.875	0.2358
453.0	0.2366
453.125	0.2366
453.25	0.2358
453.375	0.2358
453.5	0.2366
453.625	0.2358
453.75	0.2358
453.875	0.2358
454.0	0.2358
454.125	0.2358
454.25	0.2358
454.375	0.2358
454.5	0.2358
454.625	0.2358
454.75	0.235
454.875	0.2358
455.0	0.2382
455.125	0.2358
455.25	0.2374
455.375	0.2358
455.5	0.2382
455.625	0.2374
455.75	0.2358
455.875	0.2374
456.0	0.2374
456.125	0.2366
456.25	0.2358
456.375	0.2374
456.5	0.2366
456.625	0.2366
456.75	0.2374
456.875	0.2374
457.0	0.2382
457.125	0.2366
457.25	0.2374
457.375	0.2389
457.5	0.2374
457.625	0.2358
457.75	0.2405
457.875	0.2389
458.0	0.2397
458.125	0.2397
458.25	0.2405
458.375	0.2413
458.5	0.2382
458.625	0.2389
458.75	0.2389
458.875	0.2389
459.0	0.2389
459.125	0.2382
459.25	0.2389
459.375	0.2382
459.5	0.2382
459.625	0.2358
459.75	0.2358
459.875	0.2374
460.0	0.2358
460.125	0.2358
460.25	0.2358
460.375	0.2358
460.5	0.235
460.625	0.2358
460.75	0.2358
460.875	0.2358
461.0	0.2358
461.125	0.2358
461.25	0.2366
461.375	0.2358
461.5	0.2358
461.625	0.2358
461.75	0.2358
461.875	0.2366
462.0	0.2358
462.125	0.2366
462.25	0.2366
462.375	0.2358
462.5	0.2358
462.625	0.2358
462.75	0.2358
462.875	0.2358
463.0	0.2358
463.125	0.2358
463.25	0.2358
463.375	0.2366
463.5	0.2358
463.625	0.2358
463.75	0.2374
463.875	0.2366
464.0	0.2374
464.125	0.2358
464.25	0.2366
464.375	0.2358
464.5	0.2358
464.625	0.2374
464.75	0.2374
464.875	0.2389
465.0	0.2374
465.125	0.2374
465.25	0.2366
465.375	0.2397
465.5	0.2358
465.625	0.2366
465.75	0.2366
465.875	0.2382
466.0	0.2366
466.125	0.2366
466.25	0.2366
466.375	0.2358
466.5	0.2382
466.625	0.2397
466.75	0.2358
466.875	0.2397
467.0	0.2374
467.125	0.2358
467.25	0.2374
467.375	0.2382
467.5	0.2382
467.625	0.2374
467.75	0.2382
467.875	0.2397
468.0	0.2405
468.125	0.2389
468.25	0.2389
468.375	0.2389
468.5	0.2405
468.625	0.2389
468.75	0.2389
468.875	0.2405
469.0	0.2389
469.125	0.2397
469.25	0.2374
469.375	0.2382
469.5	0.2358
469.625	0.2366
469.75	0.2397
469.875	0.2389
470.0	0.2366
470.125	0.2358
470.25	0.2374
470.375	0.2366
470.5	0.2374
470.625	0.2358
470.75	0.2389
470.875	0.2358
471.0	0.2358
471.125	0.2358
471.25	0.2358
471.375	0.2358
471.5	0.2382
471.625	0.2366
471.75	0.2358
471.875	0.2358
472.0	0.2366
472.125	0.2358
472.25	0.2366
472.375	0.2382
472.5	0.2358
472.625	0.2382
472.75	0.2358
472.875	0.2389
473.0	0.2382
473.125	0.2389
473.25	0.2366
473.375	0.2358
473.5	0.2358
473.625	0.2374
473.75	0.2366
473.875	0.2366
474.0	0.2374
474.125	0.2366
474.25	0.2366
474.375	0.2374
474.5	0.2358
474.625	0.2382
474.75	0.2374
474.875	0.2366
475.0	0.2374
475.125	0.2374
475.25	0.2366
475.375	0.2382
475.5	0.2374
475.625	0.2366
475.75	0.2374
475.875	0.2358
476.0	0.2374
476.125	0.2358
476.25	0.2358
476.375	0.2358
476.5	0.2366
476.625	0.2358
476.75	0.2358
476.875	0.2382
477.0	0.2358
477.125	0.2366
477.25	0.2382
477.375	0.2374
477.5	0.2374
477.625	0.2374
477.75	0.2358
477.875	0.2358
478.0	0.2389
478.125	0.2374
478.25	0.2358
478.375	0.2374
478.5	0.2358
478.625	0.2405
478.75	0.2374
478.875	0.2382
479.0	0.2374
479.125	0.2382
479.25	0.2397
479.375	0.2389
479.5	0.2397
479.625	0.2389
479.75	0.2405
479.875	0.2405
480.0	0.2405
480.125	0.2405
480.25	0.2405
480.375	0.2366
480.5	0.2397
480.625	0.2405
480.75	0.2397
480.875	0.2413
481.0	0.2413
481.125	0.2405
481.25	0.2397
481.375	0.2389
481.5	0.2397
481.625	0.2405
481.75	0.2405
481.875	0.2405
482.0	0.2405
482.125	0.2405
482.25	0.2405
482.375	0.2405
482.5	0.2405
482.625	0.2405
482.75	0.2405
482.875	0.2421
483.0	0.2421
483.125	0.2413
483.25	0.2413
483.375	0.2421
483.5	0.2405
483.625	0.2405
483.75	0.2405
483.875	0.2413
484.0	0.2405
484.125	0.2397
484.25	0.2405
484.375	0.2405
484.5	0.2405
484.625	0.2405
484.75	0.2405
484.875	0.2397
485.0	0.2389
485.125	0.2389
485.25	0.2397
485.375	0.2397
485.5	0.2374
485.625	0.2374
485.75	0.2389
485.875	0.2389
486.0	0.2382
486.125	0.2382
486.25	0.2366
486.375	0.2397
486.5	0.2366
486.625	0.2397
486.75	0.2374
486.875	0.2374
487.0	0.2374
487.125	0.2405
487.25	0.2382
487.375	0.2405
487.5	0.2374
487.625	0.2397
487.75	0.2405
487.875	0.2389
488.0	0.2405
488.125	0.2389
488.25	0.2397
488.375	0.2405
488.5	0.2405
488.625	0.2405
488.75	0.2405
488.875	0.2397
489.0	0.2405
489.125	0.2405
489.25	0.2405
489.375	0.2413
489.5	0.2405
489.625	0.2421
489.75	0.2405
489.875	0.2413
490.0	0.2413
490.125	0.2413
490.25	0.2405
490.375	0.2429
490.5	0.2429
490.625	0.2421
490.75	0.2429
490.875	0.2429
491.0	0.2413
491.125	0.2429
491.25	0.2421
491.375	0.2437
491.5	0.2413
491.625	0.2429
491.75	0.2429
491.875	0.2429
492.0	0.2444
492.125	0.2452
492.25	0.2444
492.375	0.2452
492.5	0.2437
492.625	0.2444
492.75	0.2444
492.875	0.2444
493.0	0.2452
493.125	0.2429
493.25	0.2452
493.375	0.2444
493.5	0.2452
493.625	0.2452
493.75	0.2452
493.875	0.2452
494.0	0.2452
494.125	0.2452
494.25	0.2452
494.375	0.2452
494.5	0.2452
494.625	0.2452
494.75	0.2452
494.875	0.246
495.0	0.2452
495.125	0.2452
495.25	0.2452
495.375	0.2452
495.5	0.2452
495.625	0.2437
495.75	0.2437
495.875	0.2437
496.0	0.2452
496.125	0.2452
496.25	0.2444
496.375	0.2429
496.5	0.2421
496.625	0.2429
496.75	0.2421
496.875	0.2405
497.0	0.2429
497.125	0.2429
497.25	0.2405
497.375	0.2405
497.5	0.2413
497.625	0.2429
497.75	0.2421
497.875	0.2405
498.0	0.2413
498.125	0.2405
498.25	0.2405
498.375	0.2405
498.5	0.2405
498.625	0.2405
498.75	0.2405
498.875	0.2405
499.0	0.2405
499.125	0.2405
499.25	0.2405
499.375	0.2405
499.5	0.2397
499.625	0.2389
499.75	0.2374
499.875	0.2397
500.0	0.2382
500.125	0.2382
500.25	0.2374
500.375	0.2382
500.5	0.2397
500.625	0.2374
500.75	0.2374
500.875	0.2389
501.0	0.2374
501.125	0.2358
501.25	0.2389
501.375	0.2366
501.5	0.2382
501.625	0.2382
501.75	0.2358
501.875	0.2397
502.0	0.2389
502.125	0.2366
502.25	0.2382
502.375	0.2358
502.5	0.2374
502.625	0.2382
502.75	0.2389
502.875	0.2366
503.0	0.2358
503.125	0.2374
503.25	0.2374
503.375	0.2382
503.5	0.2358
503.625	0.2374
503.75	0.2374
503.875	0.2374
504.0	0.2382
504.125	0.2374
504.25	0.2374
504.375	0.2366
504.5	0.2374
504.625	0.2366
504.75	0.2389
504.875	0.2382
505.0	0.2358
505.125	0.2397
505.25	0.2382
505.375	0.2374
505.5	0.2358
505.625	0.2366
505.75	0.2358
505.875	0.2374
506.0	0.2374
506.125	0.2358
506.25	0.2374
506.375	0.2366
506.5	0.2382
506.625	0.2366
506.75	0.2358
506.875	0.2374
507.0	0.2374
507.125	0.2374
507.25	0.2397
507.375	0.2397
507.5	0.2358
507.625	0.2358
507.75	0.2358
507.875	0.2366
508.0	0.2389
508.125	0.2382
508.25	0.2374
508.375	0.2382
508.5	0.2374
508.625	0.2374
508.75	0.2374
508.875	0.2358
509.0	0.2366
509.125	0.2366
509.25	0.2358
509.375	0.2374
509.5	0.2358
509.625	0.2382
509.75	0.2358
509.875	0.2358
510.0	0.2374
510.125	0.2358
510.25	0.2374
510.375	0.2366
510.5	0.2382
510.625	0.2374
510.75	0.2374
510.875	0.2382
511.0	0.2397
511.125	0.2382
511.25	0.2366
511.375	0.2405
511.5	0.2389
511.625	0.2405
511.75	0.2405
511.875	0.2405
512.0	0.2405
512.125	0.2405
512.25	0.2405
512.375	0.2413
512.5	0.2421
512.625	0.2405
512.75	0.2413
512.875	0.2437
513.0	0.2429
513.125	0.2405
513.25	0.2452
513.375	0.2437
513.5	0.2444
513.625	0.2437
513.75	0.2437
513.875	0.2452
514.0	0.2452
514.125	0.2413
514.25	0.2437
514.375	0.2444
514.5	0.2413
514.625	0.2444
514.75	0.2429
514.875	0.2429
515.0	0.2437
515.125	0.2437
515.25	0.2421
515.375	0.2421
515.5	0.2429
515.625	0.2444
515.75	0.2405
515.875	0.2429
516.0	0.2444
516.125	0.2437
516.25	0.2437
516.375	0.2452
516.5	0.2444
516.625	0.2437
516.75	0.2421
516.875	0.2429
517.0	0.2444
517.125	0.2452
517.25	0.2444
517.375	0.2444
517.5	0.2429
517.625	0.2413
517.75	0.2437
517.875	0.2437
518.0	0.2437
518.125	0.2421
518.25	0.2421
518.375	0.2421
518.5	0.2413
518.625	0.2429
518.75	0.2405
518.875	0.2405
519.0	0.2405
519.125	0.2429
519.25	0.2421
519.375	0.2405
519.5	0.2405
519.625	0.2405
519.75	0.2405
519.875	0.2405
520.0	0.2397
520.125	0.2405
520.25	0.2405
520.375	0.2405
520.5	0.2413
520.625	0.2405
520.75	0.2405
520.875	0.2405
521.0	0.2405
521.125	0.2405
521.25	0.2405
521.375	0.2405
521.5	0.2389
521.625	0.2405
521.75	0.2405
521.875	0.2413
522.0	0.2405
522.125	0.2397
522.25	0.2397
522.375	0.2405
522.5	0.2405
522.625	0.2397
522.75	0.2405
522.875	0.2397
523.0	0.2405
523.125	0.2413
523.25	0.2397
523.375	0.2405
523.5	0.2405
523.625	0.2405
523.75	0.2405
523.875	0.2405
524.0	0.2405
524.125	0.2389
524.25	0.2405
524.375	0.2421
524.5	0.2374
524.625	0.2389
524.75	0.2405
524.875	0.2389
525.0	0.2405
525.125	0.2397
525.25	0.2405
525.375	0.2389
525.5	0.2389
525.625	0.2382
525.75	0.2366
525.875	0.2389
526.0	0.2366
526.125	0.2358
526.25	0.2382
526.375	0.2366
526.5	0.2358
526.625	0.2366
526.75	0.2366
526.875	0.2358
527.0	0.2358
527.125	0.2358
527.25	0.2358
527.375	0.2374
527.5	0.2366
527.625	0.2374
527.75	0.2358
527.875	0.2366
528.0	0.2366
528.125	0.2382
528.25	0.2366
528.375	0.2366
528.5	0.2405
528.625	0.2358
528.75	0.2382
528.875	0.2366
529.0	0.2382
529.125	0.2389
529.25	0.2382
529.375	0.2374
529.5	0.2374
529.625	0.2382
529.75	0.2374
529.875	0.2358
530.0	0.2358
530.125	0.2374
530.25	0.2358
530.375	0.2366
530.5	0.2358
530.625	0.2358
530.75	0.2374
530.875	0.2358
531.0	0.2389
531.125	0.2358
531.25	0.2366
531.375	0.2358
531.5	0.2374
531.625	0.2389
531.75	0.2358
531.875	0.2358
532.0	0.2366
532.125	0.2358
532.25	0.2374
532.375	0.2374
532.5	0.2358
532.625	0.2358
532.75	0.2358
532.875	0.2358
533.0	0.2358
533.125	0.2374
533.25	0.2366
533.375	0.2358
533.5	0.2358
533.625	0.235
533.75	0.2358
533.875	0.2358
534.0	0.2358
534.125	0.235
534.25	0.2358
534.375	0.2366
534.5	0.2358
534.625	0.2358
534.75	0.2358
534.875	0.2342
535.0	0.2327
535.125	0.2311
535.25	0.2311
535.375	0.2287
535.5	0.2279
535.625	0.2303
535.75	0.2279
535.875	0.2264
536.0	0.2264
536.125	0.2264
536.25	0.2264
536.375	0.2232
536.5	0.2216
536.625	0.2232
536.75	0.2216
536.875	0.2216
537.0	0.2232
537.125	0.2224
537.25	0.2224
537.375	0.2216
537.5	0.2216
537.625	0.2216
537.75	0.2216
537.875	0.2185
538.0	0.2177
538.125	0.2161
538.25	0.2122
538.375	0.2083
538.5	0.2067
538.625	0.2051
538.75	0.202
538.875	0.1981
539.0	0.1981
539.125	0.1965
539.25	0.1965
539.375	0.1957
539.5	0.1933
539.625	0.1949
539.75	0.1933
539.875	0.1933
540.0	0.1933
540.125	0.191
540.25	0.1933
540.375	0.1933
540.5	0.1933
540.625	0.1926
540.75	0.1933
540.875	0.1933
541.0	0.1933
541.125	0.1941
541.25	0.1949
541.375	0.1981
541.5	0.1988
541.625	0.1981
541.75	0.1981
541.875	0.202
542.0	0.2036
542.125	0.2044
542.25	0.2075
542.375	0.2075
542.5	0.2075
542.625	0.2106
542.75	0.2091
542.875	0.2099
543.0	0.2122
543.125	0.2122
543.25	0.2122
543.375	0.2122
543.5	0.2122
543.625	0.2122
543.75	0.2122
543.875	0.2138
544.0	0.213
544.125	0.2146
544.25	0.2138
544.375	0.213
544.5	0.213
544.625	0.2122
544.75	0.2154
544.875	0.2146
545.0	0.2138
545.125	0.213
545.25	0.2146
545.375	0.2122
545.5	0.213
545.625	0.2138
545.75	0.2138
545.875	0.2146
546.0	0.2146
546.125	0.2138
546.25	0.2122
546.375	0.2122
546.5	0.2122
546.625	0.2138
546.75	0.213
546.875	0.213
547.0	0.2122
547.125	0.2122
547.25	0.2146
547.375	0.2138
547.5	0.2122
547.625	0.2122
547.75	0.2146
547.875	0.2122
548.0	0.2122
548.125	0.2138
548.25	0.2122
548.375	0.2154
548.5	0.2161
548.625	0.2161
548.75	0.2169
548.875	0.2161
549.0	0.2169
549.125	0.2169
549.25	0.2169
549.375	0.2169
549.5	0.2177
549.625	0.2209
549.75	0.2216
549.875	0.2209
550.0	0.2209
550.125	0.2216
550.25	0.2216
550.375	0.2216
550.5	0.2216
550.625	0.2216
550.75	0.2216
550.875	0.2216
551.0	0.2232
551.125	0.2224
551.25	0.2224
551.375	0.2224
551.5	0.2248
551.625	0.2248
551.75	0.2256
551.875	0.2232
552.0	0.2216
552.125	0.224
552.25	0.2216
552.375	0.2216
552.5	0.2216
552.625	0.2216
552.75	0.2216
552.875	0.2216
553.0	0.2216
553.125	0.2216
553.25	0.2201
553.375	0.2185
553.5	0.2201
553.625	0.2193
553.75	0.2201
553.875	0.2201
554.0	0.2209
554.125	0.2216
554.25	0.2216
554.375	0.2216
554.5	0.2216
554.625	0.2216
554.75	0.224
554.875	0.2248
555.0	0.2232
555.125	0.2264
555.25	0.2264
555.375	0.2264
555.5	0.2264
555.625	0.2264
555.75	0.2264
555.875	0.2256
556.0	0.2264
556.125	0.2264
556.25	0.2264
556.375	0.2264
556.5	0.2264
556.625	0.2264
556.75	0.2279
556.875	0.2264
557.0	0.2264
557.125	0.2264
557.25	0.2264
557.375	0.2264
557.5	0.2256
557.625	0.2224
557.75	0.2216
557.875	0.2216
558.0	0.2224
558.125	0.2216
558.25	0.2216
558.375	0.2216
558.5	0.2209
558.625	0.2216
558.75	0.2216
558.875	0.2209
559.0	0.2216
559.125	0.2209
559.25	0.2216
559.375	0.2216
559.5	0.2216
559.625	0.2216
559.75	0.2216
559.875	0.2209
560.0	0.2216
560.125	0.2216
560.25	0.2216
560.375	0.2216
560.5	0.2216
560.625	0.2224
560.75	0.2216
560.875	0.2216
561.0	0.2216
561.125	0.2232
561.25	0.2216
561.375	0.2216
561.5	0.2216
561.625	0.2216
561.75	0.2216
561.875	0.2224
562.0	0.2216
562.125	0.2193
562.25	0.2216
562.375	0.2185
562.5	0.2169
562.625	0.2177
562.75	0.2177
562.875	0.2169
563.0	0.2169
563.125	0.2169
563.25	0.2169
563.375	0.2161
563.5	0.2169
563.625	0.2138
563.75	0.2146
563.875	0.2161
564.0	0.2169
564.125	0.2169
564.25	0.2169
564.375	0.2169
564.5	0.2161
564.625	0.2169
564.75	0.2169
564.875	0.2177
565.0	0.2169
565.125	0.2169
565.25	0.2169
565.375	0.2169
565.5	0.2169
565.625	0.2193
565.75	0.2193
565.875	0.2201
566.0	0.2201
566.125	0.2216
566.25	0.2216
566.375	0.2216
566.5	0.2216
566.625	0.2216
566.75	0.2216
566.875	0.2256
567.0	0.2232
567.125	0.2232
567.25	0.2264
567.375	0.2256
567.5	0.2256
567.625	0.2264
567.75	0.2264
567.875	0.2256
568.0	0.2264
568.125	0.2264
568.25	0.2264
568.375	0.2264
568.5	0.2279
568.625	0.2279
568.75	0.2303
568.875	0.2319
569.0	0.2311
569.125	0.2342
569.25	0.2366
569.375	0.2374
569.5	0.2382
569.625	0.2374
569.75	0.2405
569.875	0.2405
570.0	0.2405
570.125	0.2413
570.25	0.2397
570.375	0.2405
570.5	0.2413
570.625	0.2444
570.75	0.2421
570.875	0.2437
571.0	0.2437
571.125	0.2452
571.25	0.2452
571.375	0.2468
571.5	0.2468
571.625	0.2468
571.75	0.2452
571.875	0.2476
572.0	0.2476
572.125	0.2484
572.25	0.2452
572.375	0.246
572.5	0.2452
572.625	0.2452
572.75	0.2452
572.875	0.2437
573.0	0.2437
573.125	0.2444
573.25	0.2405
573.375	0.2413
573.5	0.2405
573.625	0.2405
573.75	0.2397
573.875	0.2382
574.0	0.2389
574.125	0.2382
574.25	0.2397
574.375	0.2374
574.5	0.2389
574.625	0.2374
574.75	0.2358
574.875	0.2374
575.0	0.2405
575.125	0.2397
575.25	0.2405
575.375	0.2405
575.5	0.2405
575.625	0.2405
575.75	0.2405
575.875	0.2405
576.0	0.2405
576.125	0.2405
576.25	0.2405
576.375	0.2405
576.5	0.2405
576.625	0.2405
576.75	0.2413
576.875	0.2405
577.0	0.2405
577.125	0.2429
577.25	0.2421
577.375	0.2421
577.5	0.2429
577.625	0.2437
577.75	0.2444
577.875	0.2405
578.0	0.2413
578.125	0.2421
578.25	0.2413
578.375	0.2405
578.5	0.2405
578.625	0.2405
578.75	0.2405
578.875	0.2405
579.0	0.2397
579.125	0.2405
579.25	0.2389
579.375	0.2374
579.5	0.2374
579.625	0.2374
579.75	0.2382
579.875	0.2382
580.0	0.2389
580.125	0.2374
580.25	0.2374
580.375	0.2374
580.5	0.2405
580.625	0.2405
580.75	0.2397
580.875	0.2405
581.0	0.2397
581.125	0.2405
581.25	0.2405
581.375	0.2397
581.5	0.2397
581.625	0.2405
581.75	0.2413
581.875	0.2405
582.0	0.2413
582.125	0.2405
582.25	0.2405
582.375	0.2405
582.5	0.2389
582.625	0.2405
582.75	0.2405
582.875	0.2405
583.0	0.2405
583.125	0.2405
583.25	0.2405
583.375	0.2405
583.5	0.2397
583.625	0.2405
583.75	0.2405
583.875	0.2389
584.0	0.2397
584.125	0.2405
584.25	0.2405
584.375	0.2382
584.5	0.2374
584.625	0.2374
584.75	0.2358
584.875	0.2358
585.0	0.2374
585.125	0.2358
585.25	0.2358
585.375	0.2358
585.5	0.2358
585.625	0.2358
585.75	0.2358
585.875	0.2358
586.0	0.2358
586.125	0.2358
586.25	0.2358
586.375	0.235
586.5	0.2358
586.625	0.2358
586.75	0.2358
586.875	0.2358
587.0	0.2358
587.125	0.2366
587.25	0.2374
587.375	0.235
587.5	0.2358
587.625	0.2358
587.75	0.2358
587.875	0.2358
588.0	0.2366
588.125	0.2358
588.25	0.2374
588.375	0.2358
588.5	0.2358
588.625	0.235
588.75	0.2358
588.875	0.2358
589.0	0.2358
589.125	0.2358
589.25	0.2358
589.375	0.2358
589.5	0.2358
589.625	0.2358
589.75	0.2358
589.875	0.2358
590.0	0.235
590.125	0.2358
590.25	0.235
590.375	0.2358
590.5	0.2358
590.625	0.2358
590.75	0.2358
590.875	0.235
591.0	0.2358
591.125	0.235
591.25	0.2358
591.375	0.235
591.5	0.2358
591.625	0.2358
591.75	0.2358
591.875	0.2358
592.0	0.2358
592.125	0.235
592.25	0.235
592.375	0.235
592.5	0.2358
592.625	0.2358
592.75	0.235
592.875	0.2358
593.0	0.2342
593.125	0.2358
593.25	0.2358
593.375	0.2366
593.5	0.2358
593.625	0.2358
593.75	0.2358
593.875	0.2358
594.0	0.2358
594.125	0.2358
594.25	0.2358
594.375	0.2358
594.5	0.2342
594.625	0.2358
594.75	0.2358
594.875	0.2358
595.0	0.2358
595.125	0.2358
595.25	0.2358
595.375	0.2358
595.5	0.2358
595.625	0.2382
595.75	0.2358
595.875	0.2358
596.0	0.2358
596.125	0.2366
596.25	0.2358
596.375	0.2358
596.5	0.2374
596.625	0.2389
596.75	0.2374
596.875	0.2389
597.0	0.2405
597.125	0.2389
597.25	0.2405
597.375	0.2389
597.5	0.2405
597.625	0.2405
597.75	0.2413
597.875	0.2429
598.0	0.2421
598.125	0.2437
598.25	0.2444
598.375	0.2444
598.5	0.2437
598.625	0.2452
598.75	0.2452
598.875	0.2452
599.0	0.2468
599.125	0.2484
599.25	0.2484
599.375	0.2476
599.5	0.25
599.625	0.2507
599.75	0.25
599.875	0.2515
600.0	0.2515
600.125	0.2523
600.25	0.2531
600.375	0.2531
600.5	0.2515
600.625	0.25
600.75	0.2492
600.875	0.25
601.0	0.2476
601.125	0.2476
601.25	0.2452
601.375	0.2452
601.5	0.2452
601.625	0.246
601.75	0.2452
601.875	0.2452
602.0	0.2452
602.125	0.2452
602.25	0.2476
602.375	0.246
602.5	0.25
602.625	0.25
602.75	0.2507
602.875	0.2547
603.0	0.2547
603.125	0.2586
603.25	0.2602
603.375	0.261
603.5	0.2641
603.625	0.2649
603.75	0.2665
603.875	0.2641
604.0	0.2641
604.125	0.2641
604.25	0.2594
604.375	0.2594
604.5	0.2547
604.625	0.2547
604.75	0.2515
604.875	0.2484
605.0	0.2444
605.125	0.2405
605.25	0.2382
605.375	0.2358
605.5	0.235
605.625	0.2311
605.75	0.2327
605.875	0.2342
606.0	0.235
606.125	0.2374
606.25	0.2405
606.375	0.2429
606.5	0.2452
606.625	0.25
606.75	0.2539
606.875	0.2586
607.0	0.261
607.125	0.2657
607.25	0.2688
607.375	0.2735
607.5	0.2783
607.625	0.2822
607.75	0.2877
607.875	0.2924
608.0	0.2995
608.125	0.3058
608.25	0.3073
608.375	0.3113
608.5	0.3113
608.625	0.3105
608.75	0.3113
608.875	0.3066
609.0	0.3066
609.125	0.3018
609.25	0.2971
609.375	0.2924
609.5	0.2845
609.625	0.2775
609.75	0.2688
609.875	0.2617
610.0	0.2547
610.125	0.2492
610.25	0.2452
610.375	0.2429
610.5	0.2405
610.625	0.2389
610.75	0.2366
610.875	0.2358
611.0	0.2358
611.125	0.2358
611.25	0.2358
611.375	0.2358
611.5	0.2358
611.625	0.2389
611.75	0.2358
611.875	0.2374
612.0	0.2389
612.125	0.2374
612.25	0.2389
612.375	0.2366
612.5	0.2397
612.625	0.2405
612.75	0.2421
612.875	0.2429
613.0	0.2405
613.125	0.2413
613.25	0.2429
613.375	0.2429
613.5	0.2413
613.625	0.2429
613.75	0.2429
613.875	0.2421
614.0	0.2437
614.125	0.2444
614.25	0.2429
614.375	0.2413
614.5	0.2429
614.625	0.2429
614.75	0.2444
614.875	0.2429
615.0	0.2452
615.125	0.2444
615.25	0.2429
615.375	0.2429
615.5	0.2437
615.625	0.2421
615.75	0.2437
615.875	0.2405
616.0	0.2421
616.125	0.2413
616.25	0.2421
616.375	0.2405
616.5	0.2405
616.625	0.2405
616.75	0.2405
616.875	0.2405
617.0	0.2397
617.125	0.2397
617.25	0.2382
617.375	0.2389
617.5	0.2382
617.625	0.2382
617.75	0.2382
617.875	0.2358
618.0	0.2374
618.125	0.2397
618.25	0.2382
618.375	0.2366
618.5	0.2382
618.625	0.2382
618.75	0.2358
618.875	0.2382
619.0	0.2397
619.125	0.2397
619.25	0.2405
619.375	0.2397
619.5	0.2405
619.625	0.2405
619.75	0.2413
619.875	0.2405
620.0	0.2413
620.125	0.2421
620.25	0.2444
620.375	0.2452
620.5	0.2452
620.625	0.2444
620.75	0.2452
620.875	0.2452
621.0	0.2452
621.125	0.2452
621.25	0.2444
621.375	0.2452
621.5	0.2452
621.625	0.2444
621.75	0.2452
621.875	0.2452
622.0	0.2452
622.125	0.2452
622.25	0.2452
622.375	0.2452
622.5	0.2452
622.625	0.2452
622.75	0.2452
622.875	0.2444
623.0	0.2452
623.125	0.2444
623.25	0.2444
623.375	0.2452
623.5	0.2444
623.625	0.2444
623.75	0.2444
623.875	0.2421
624.0	0.2413
624.125	0.2405
624.25	0.2405
624.375	0.2405
624.5	0.2405
624.625	0.2397
624.75	0.2405
624.875	0.2389
625.0	0.2389
625.125	0.2366
625.25	0.2389
625.375	0.2397
625.5	0.2366
625.625	0.2382
625.75	0.2382
625.875	0.2374
626.0	0.2405
626.125	0.2389
626.25	0.2405
626.375	0.2405
626.5	0.2405
626.625	0.2405
626.75	0.2413
626.875	0.2397
627.0	0.2429
627.125	0.2429
627.25	0.2444
627.375	0.2452
627.5	0.2452
627.625	0.2452
627.75	0.2484
627.875	0.2492
628.0	0.25
628.125	0.25
628.25	0.2507
628.375	0.2539
628.5	0.2515
628.625	0.2531
628.75	0.2523
628.875	0.2547
629.0	0.2555
629.125	0.2547
629.25	0.2547
629.375	0.2578
629.5	0.2547
629.625	0.2594
629.75	0.2594
629.875	0.2602
630.0	0.2617
630.125	0.2617
630.25	0.261
630.375	0.261
630.5	0.261
630.625	0.2617
630.75	0.2617
630.875	0.2594
631.0	0.2594
631.125	0.2586
631.25	0.257
631.375	0.2547
631.5	0.2547
631.625	0.2547
631.75	0.2547
631.875	0.2539
632.0	0.2523
632.125	0.2523
632.25	0.2515
632.375	0.25
632.5	0.25
632.625	0.25
632.75	0.2539
632.875	0.2547
633.0	0.2547
633.125	0.2547
633.25	0.2539
633.375	0.2555
633.5	0.2562
633.625	0.2562
633.75	0.2562
633.875	0.2578
634.0	0.2586
634.125	0.257
634.25	0.2555
634.375	0.257
634.5	0.2562
634.625	0.2555
634.75	0.2555
634.875	0.2547
635.0	0.2539
635.125	0.2547
635.25	0.2531
635.375	0.2523
635.5	0.2539
635.625	0.2539
635.75	0.2547
635.875	0.2547
636.0	0.2523
636.125	0.2547
636.25	0.2547
636.375	0.2547
636.5	0.2547
636.625	0.2547
636.75	0.2547
636.875	0.2547
637.0	0.2547
637.125	0.2555
637.25	0.2539
637.375	0.2555
637.5	0.2562
637.625	0.2547
637.75	0.2586
637.875	0.2578
638.0	0.2578
638.125	0.2578
638.25	0.2586
638.375	0.2586
638.5	0.2594
638.625	0.2578
638.75	0.2578
638.875	0.2562
639.0	0.2555
639.125	0.257
639.25	0.2547
639.375	0.2539
639.5	0.2515
639.625	0.2507
639.75	0.25
639.875	0.2492
640.0	0.2484
640.125	0.2452
640.25	0.2452
640.375	0.2444
640.5	0.2452
640.625	0.2421
640.75	0.2444
640.875	0.2437
641.0	0.2429
641.125	0.2421
641.25	0.2421
641.375	0.2429
641.5	0.2437
641.625	0.2413
641.75	0.2444
641.875	0.2437
642.0	0.2413
642.125	0.2429
642.25	0.2444
642.375	0.2444
642.5	0.2452
642.625	0.2452
642.75	0.2452
642.875	0.246
643.0	0.246
643.125	0.246
643.25	0.2476
643.375	0.25
643.5	0.25
643.625	0.2515
643.75	0.2531
643.875	0.2547
644.0	0.2547
644.125	0.2539
644.25	0.2547
644.375	0.2547
644.5	0.2547
644.625	0.2547
644.75	0.2539
644.875	0.2547
645.0	0.2547
645.125	0.2547
645.25	0.2539
645.375	0.2531
645.5	0.2547
645.625	0.2523
645.75	0.2531
645.875	0.2547
646.0	0.2515
646.125	0.2539
646.25	0.2531
646.375	0.2547
646.5	0.2547
646.625	0.2555
646.75	0.257
646.875	0.2547
647.0	0.2562
647.125	0.2594
647.25	0.2586
647.375	0.2602
647.5	0.2641
647.625	0.2641
647.75	0.2657
647.875	0.2688
648.0	0.2704
648.125	0.2727
648.25	0.2743
648.375	0.279
648.5	0.283
648.625	0.2877
648.75	0.2924
648.875	0.2971
649.0	0.3018
649.125	0.3066
649.25	0.3097
649.375	0.316
649.5	0.3199
649.625	0.3278
649.75	0.3325
649.875	0.3404
650.0	0.3506
650.125	0.3632
650.25	0.3757
650.375	0.3899
650.5	0.4009
650.625	0.4072
650.75	0.4127
650.875	0.4143
651.0	0.415
651.125	0.4135
651.25	0.4095
651.375	0.4056
651.5	0.3962
651.625	0.3883
651.75	0.3757
651.875	0.3632
652.0	0.3474
652.125	0.3278
652.25	0.3097
652.375	0.2924
652.5	0.2783
652.625	0.268
652.75	0.2594
652.875	0.2523
653.0	0.25
653.125	0.2452
653.25	0.2452
653.375	0.2444
653.5	0.2413
653.625	0.2421
653.75	0.2405
653.875	0.2421
654.0	0.2437
654.125	0.2413
654.25	0.2429
654.375	0.2421
654.5	0.2413
654.625	0.2405
654.75	0.2405
654.875	0.2421
655.0	0.2405
655.125	0.2405
655.25	0.2405
655.375	0.2405
655.5	0.2405
655.625	0.2397
655.75	0.2405
655.875	0.2405
656.0	0.2405
656.125	0.2389
656.25	0.2397
656.375	0.2389
656.5	0.2405
656.625	0.2382
656.75	0.2374
656.875	0.2374
657.0	0.2366
657.125	0.2358
657.25	0.2382
657.375	0.2374
657.5	0.2389
657.625	0.2366
657.75	0.2358
657.875	0.2382
658.0	0.2374
658.125	0.2374
658.25	0.2366
658.375	0.2374
658.5	0.2358
658.625	0.2358
658.75	0.2358
658.875	0.2358
659.0	0.2358
659.125	0.2358
659.25	0.2358
659.375	0.2366
659.5	0.2358
659.625	0.2358
659.75	0.2366
659.875	0.2382
660.0	0.2366
660.125	0.2358
660.25	0.2358
660.375	0.2358
660.5	0.2358
660.625	0.2358
660.75	0.2374
660.875	0.2358
661.0	0.2382
661.125	0.2358
661.25	0.2374
661.375	0.2358
661.5	0.2389
661.625	0.2382
661.75	0.2358
661.875	0.2358
662.0	0.2366
662.125	0.2358
662.25	0.2358
662.375	0.2374
662.5	0.2358
662.625	0.2366
662.75	0.2358
662.875	0.2366
663.0	0.2358
663.125	0.2358
663.25	0.2366
663.375	0.2358
663.5	0.2358
663.625	0.2358
663.75	0.2374
663.875	0.2382
664.0	0.2358
664.125	0.235
664.25	0.2366
664.375	0.235
664.5	0.2358
664.625	0.2358
664.75	0.2358
664.875	0.2358
665.0	0.2358
665.125	0.2366
665.25	0.2358
665.375	0.2358
665.5	0.2358
665.625	0.2358
665.75	0.2358
665.875	0.2358
666.0	0.235
666.125	0.235
666.25	0.2358
666.375	0.2358
666.5	0.2358
666.625	0.2358
666.75	0.2358
666.875	0.2358
667.0	0.2358
667.125	0.235
667.25	0.2342
667.375	0.2358
667.5	0.235
667.625	0.2358
667.75	0.2358
667.875	0.2358
668.0	0.2358
668.125	0.2358
668.25	0.235
668.375	0.2358
668.5	0.2358
668.625	0.235
668.75	0.2358
668.875	0.2358
669.0	0.2358
669.125	0.235
669.25	0.2358
669.375	0.2358
669.5	0.2358
669.625	0.2358
669.75	0.235
669.875	0.2358
670.0	0.2358
670.125	0.2358
670.25	0.2358
670.375	0.2358
670.5	0.2358
670.625	0.2358
670.75	0.2358
670.875	0.2358
671.0	0.2358
671.125	0.2358
671.25	0.2358
671.375	0.2358
671.5	0.2358
671.625	0.2358
671.75	0.2358
671.875	0.2358
672.0	0.2358
672.125	0.2358
672.25	0.2358
672.375	0.2366
672.5	0.2366
672.625	0.2366
672.75	0.2358
672.875	0.2358
673.0	0.2374
673.125	0.2358
673.25	0.2366
673.375	0.2358
673.5	0.2358
673.625	0.2358
673.75	0.2366
673.875	0.2358
674.0	0.2358
674.125	0.2358
674.25	0.2389
674.375	0.2397
674.5	0.2389
674.625	0.2397
674.75	0.2405
674.875	0.2405
675.0	0.2405
675.125	0.2405
675.25	0.2405
675.375	0.2421
675.5	0.2421
675.625	0.2429
675.75	0.2452
675.875	0.2452
676.0	0.2452
676.125	0.2452
676.25	0.2468
676.375	0.2484
676.5	0.25
676.625	0.2492
676.75	0.2492
676.875	0.2452
677.0	0.2484
677.125	0.2468
677.25	0.2484
677.375	0.246
677.5	0.246
677.625	0.2452
677.75	0.2444
677.875	0.2429
678.0	0.2421
678.125	0.2413
678.25	0.2405
678.375	0.2405
678.5	0.2397
678.625	0.2382
678.75	0.2374
678.875	0.2382
679.0	0.2366
679.125	0.2405
679.25	0.2405
679.375	0.2405
679.5	0.2397
679.625	0.2405
679.75	0.2405
679.875	0.2421
680.0	0.2421
680.125	0.2421
680.25	0.2429
680.375	0.2444
680.5	0.2452
680.625	0.2452
680.75	0.2452
680.875	0.2468
681.0	0.2468
681.125	0.25
681.25	0.25
681.375	0.25
681.5	0.2531
681.625	0.2547
681.75	0.2547
681.875	0.2547
682.0	0.2586
682.125	0.2594
682.25	0.261
682.375	0.2633
682.5	0.2641
682.625	0.2657
682.75	0.268
682.875	0.2688
683.0	0.272
683.125	0.2743
683.25	0.2783
683.375	0.283
683.5	0.2885
683.625	0.2916
683.75	0.2948
683.875	0.2963
684.0	0.2971
684.125	0.2971
684.25	0.2971
684.375	0.2955
684.5	0.2948
684.625	0.29
684.75	0.2877
684.875	0.283
685.0	0.2783
685.125	0.2712
685.25	0.2641
685.375	0.2594
685.5	0.2547
685.625	0.25
685.75	0.2452
685.875	0.2444
686.0	0.2405
686.125	0.2413
686.25	0.2405
686.375	0.2405
686.5	0.2405
686.625	0.2413
686.75	0.2405
686.875	0.2405
687.0	0.2405
687.125	0.2405
687.25	0.2421
687.375	0.2413
687.5	0.2437
687.625	0.2452
687.75	0.2452
687.875	0.2452
688.0	0.2452
688.125	0.25
688.25	0.2492
688.375	0.25
688.5	0.2539
688.625	0.2547
688.75	0.2547
688.875	0.2586
689.0	0.2594
689.125	0.2625
689.25	0.2649
689.375	0.2688
689.5	0.2688
689.625	0.2727
689.75	0.2759
689.875	0.279
690.0	0.2814
690.125	0.2838
690.25	0.2877
690.375	0.2924
690.5	0.294
690.625	0.2979
690.75	0.3011
690.875	0.3066
691.0	0.3113
691.125	0.3191
691.25	0.3262
691.375	0.3349
691.5	0.3443
691.625	0.3506
691.75	0.3553
691.875	0.3584
692.0	0.3584
692.125	0.3584
692.25	0.3553
692.375	0.3529
692.5	0.3474
692.625	0.3411
692.75	0.3341
692.875	0.3246
693.0	0.3128
693.125	0.3011
693.25	0.2869
693.375	0.2743
693.5	0.2641
693.625	0.2547
693.75	0.25
693.875	0.2452
694.0	0.2413
694.125	0.2397
694.25	0.2374
694.375	0.2374
694.5	0.2358
694.625	0.235
694.75	0.2358
694.875	0.2358
695.0	0.235
695.125	0.2358
695.25	0.2358
695.375	0.2334
695.5	0.2358
695.625	0.2358
695.75	0.2358
695.875	0.2334
696.0	0.235
696.125	0.2358
696.25	0.235
696.375	0.2358
696.5	0.235
696.625	0.235
696.75	0.2342
696.875	0.2342
697.0	0.2358
697.125	0.2358
697.25	0.2358
697.375	0.2358
697.5	0.2358
697.625	0.2358
697.75	0.2358
697.875	0.235
698.0	0.2358
698.125	0.235
698.25	0.2358
698.375	0.235
698.5	0.2358
698.625	0.2358
698.75	0.2358
698.875	0.235
699.0	0.2358
699.125	0.2358
699.25	0.2358
699.375	0.2358
699.5	0.2358
699.625	0.2374
699.75	0.2358
699.875	0.2358
700.0	0.2358
700.125	0.2358
700.25	0.2358
700.375	0.2366
700.5	0.235
700.625	0.2358
700.75	0.2374
700.875	0.2358
701.0	0.2366
701.125	0.2374
701.25	0.2374
701.375	0.2374
701.5	0.2358
701.625	0.2366
701.75	0.2382
701.875	0.2366
702.0	0.2374
702.125	0.2382
702.25	0.2358
702.375	0.2366
702.5	0.2366
702.625	0.2358
702.75	0.2405
702.875	0.2374
703.0	0.2382
703.125	0.2389
703.25	0.2397
703.375	0.2405
703.5	0.2382
703.625	0.2382
703.75	0.2397
703.875	0.2405
704.0	0.2389
704.125	0.2389
704.25	0.2405
704.375	0.2389
704.5	0.2405
704.625	0.2405
704.75	0.2405
704.875	0.2397
705.0	0.2405
705.125	0.2405
705.25	0.2405
705.375	0.2405
705.5	0.2405
705.625	0.2397
705.75	0.2389
705.875	0.2397
706.0	0.2389
706.125	0.2389
706.25	0.2405
706.375	0.2366
706.5	0.2389
706.625	0.2374
706.75	0.2366
706.875	0.2358
707.0	0.2358
707.125	0.2366
707.25	0.2374
707.375	0.2358
707.5	0.2358
707.625	0.2358
707.75	0.2382
707.875	0.2358
708.0	0.2374
708.125	0.2397
708.25	0.2397
708.375	0.2366
708.5	0.2389
708.625	0.2397
708.75	0.2397
708.875	0.2405
709.0	0.2397
709.125	0.2405
709.25	0.2405
709.375	0.2421
709.5	0.2405
709.625	0.2429
709.75	0.2452
709.875	0.2452
710.0	0.246
710.125	0.2468
710.25	0.2452
710.375	0.2468
710.5	0.2476
710.625	0.25
710.75	0.25
710.875	0.25
711.0	0.2523
711.125	0.2507
711.25	0.2507
711.375	0.2523
711.5	0.25
711.625	0.25
711.75	0.25
711.875	0.25
712.0	0.2476
712.125	0.246
712.25	0.2452
712.375	0.2452
712.5	0.2437
712.625	0.2405
712.75	0.2405
712.875	0.2397
713.0	0.2397
713.125	0.2405
713.25	0.2397
713.375	0.2397
713.5	0.2397
713.625	0.2405
713.75	0.2405
713.875	0.2397
714.0	0.2405
714.125	0.2405
714.25	0.2405
714.375	0.2405
714.5	0.2405
714.625	0.2405
714.75	0.2405
714.875	0.2405
715.0	0.2405
715.125	0.2405
715.25	0.2405
715.375	0.2405
715.5	0.2413
715.625	0.2405
715.75	0.2429
715.875	0.2421
716.0	0.2413
716.125	0.2429
716.25	0.2452
716.375	0.2444
716.5	0.2452
716.625	0.2452
716.75	0.2476
716.875	0.2452
717.0	0.246
717.125	0.25
717.25	0.25
717.375	0.25
717.5	0.2531
717.625	0.2515
717.75	0.2547
717.875	0.2555
718.0	0.2578
718.125	0.2594
718.25	0.261
718.375	0.261
718.5	0.2641
718.625	0.2641
718.75	0.2633
718.875	0.2641
719.0	0.2641
719.125	0.2633
719.25	0.2594
719.375	0.2594
719.5	0.2594
719.625	0.2547
719.75	0.2547
719.875	0.25
720.0	0.25
720.125	0.2452
720.25	0.2413
720.375	0.2413
720.5	0.2405
720.625	0.2374
720.75	0.2389
720.875	0.2382
721.0	0.2374
721.125	0.2358
721.25	0.2358
721.375	0.2374
721.5	0.2397
721.625	0.2397
721.75	0.2405
721.875	0.2405
722.0	0.2405
722.125	0.2405
722.25	0.2397
722.375	0.2397
722.5	0.2405
722.625	0.2405
722.75	0.2421
722.875	0.2405
723.0	0.2437
723.125	0.2421
723.25	0.2413
723.375	0.2452
723.5	0.2452
723.625	0.2452
723.75	0.2452
723.875	0.2452
724.0	0.2452
724.125	0.2468
724.25	0.2484
724.375	0.2484
724.5	0.25
724.625	0.25
724.75	0.25
724.875	0.2507
725.0	0.2507
725.125	0.2531
725.25	0.2547
725.375	0.2539
725.5	0.2562
725.625	0.2555
725.75	0.257
725.875	0.2594
726.0	0.2594
726.125	0.2617
726.25	0.261
726.375	0.2641
726.5	0.2657
726.625	0.2657
726.75	0.2688
726.875	0.2704
727.0	0.2751
727.125	0.2759
727.25	0.2783
727.375	0.283
727.5	0.2845
727.625	0.2877
727.75	0.2877
727.875	0.2877
728.0	0.2861
728.125	0.2861
728.25	0.2838
728.375	0.283
728.5	0.2806
728.625	0.2783
728.75	0.2735
728.875	0.2688
729.0	0.2641
729.125	0.2594
729.25	0.2539
729.375	0.25
729.5	0.2444
729.625	0.2429
729.75	0.2405
729.875	0.2366
730.0	0.2358
730.125	0.2358
730.25	0.2358
730.375	0.2358
730.5	0.2358
730.625	0.2358
730.75	0.235
730.875	0.2358
731.0	0.2358
731.125	0.2358
731.25	0.2358
731.375	0.2358
731.5	0.2358
731.625	0.2358
731.75	0.2358
731.875	0.2358
732.0	0.2374
732.125	0.235
732.25	0.2374
732.375	0.2358
732.5	0.2374
732.625	0.2374
732.75	0.2366
732.875	0.2374
733.0	0.2358
733.125	0.2389
733.25	0.2389
733.375	0.2405
733.5	0.2405
733.625	0.2405
733.75	0.2405
733.875	0.2405
734.0	0.2429
734.125	0.2421
734.25	0.2444
734.375	0.2421
734.5	0.2452
734.625	0.2452
734.75	0.2444
734.875	0.246
735.0	0.2468
735.125	0.2492
735.25	0.25
735.375	0.25
735.5	0.2523
735.625	0.2539
735.75	0.2547
735.875	0.2539
736.0	0.2547
736.125	0.2578
736.25	0.2586
736.375	0.2594
736.5	0.2594
736.625	0.2633
736.75	0.2641
736.875	0.2665
737.0	0.2688
737.125	0.2735
737.25	0.2759
737.375	0.2775
737.5	0.279
737.625	0.2806
737.75	0.283
737.875	0.283
738.0	0.279
738.125	0.279
738.25	0.2775
738.375	0.2735
738.5	0.272
738.625	0.2688
738.75	0.2641
738.875	0.2586
739.0	0.2547
739.125	0.25
739.25	0.2452
739.375	0.2421
739.5	0.2405
739.625	0.2358
739.75	0.2358
739.875	0.2358
740.0	0.2358
740.125	0.2358
740.25	0.2358
740.375	0.2358
740.5	0.2358
740.625	0.2358
740.75	0.2358
740.875	0.2358
741.0	0.2342
741.125	0.2358
741.25	0.2342
741.375	0.2327
741.5	0.2342
741.625	0.2327
741.75	0.235
741.875	0.2342
742.0	0.2334
742.125	0.235
742.25	0.235
742.375	0.235
742.5	0.2358
742.625	0.2334
742.75	0.2334
742.875	0.2319
743.0	0.2358
743.125	0.2342
743.25	0.235
743.375	0.2327
743.5	0.235
743.625	0.2358
743.75	0.2342
743.875	0.2342
744.0	0.235
744.125	0.235
744.25	0.235
744.375	0.2358
744.5	0.2358
744.625	0.2358
744.75	0.2358
744.875	0.2358
745.0	0.2358
745.125	0.2358
745.25	0.235
745.375	0.2358
745.5	0.2358
745.625	0.2358
745.75	0.2358
745.875	0.2366
746.0	0.2374
746.125	0.2366
746.25	0.2382
746.375	0.2374
746.5	0.2382
746.625	0.2374
746.75	0.2405
746.875	0.2397
747.0	0.2405
747.125	0.2397
747.25	0.2382
747.375	0.2413
747.5	0.2413
747.625	0.2437
747.75	0.2429
747.875	0.2437
748.0	0.2444
748.125	0.2421
748.25	0.2421
748.375	0.2452
748.5	0.2444
748.625	0.2429
748.75	0.2444
748.875	0.2405
749.0	0.2405
749.125	0.2405
749.25	0.2405
749.375	0.2389
749.5	0.2389
749.625	0.2358
749.75	0.2358
749.875	0.2374
750.0	0.2358
750.125	0.2358
750.25	0.2366
750.375	0.2358
750.5	0.2358
750.625	0.2358
750.75	0.2358
750.875	0.2358
751.0	0.2366
751.125	0.2358
751.25	0.2358
751.375	0.2358
751.5	0.2366
751.625	0.2366
751.75	0.2358
751.875	0.2358
752.0	0.2358
752.125	0.2366
752.25	0.2358
752.375	0.2366
752.5	0.2366
752.625	0.2358
752.75	0.2366
752.875	0.2358
753.0	0.2382
753.125	0.2366
753.25	0.2374
753.375	0.2382
753.5	0.2405
753.625	0.2397
753.75	0.2405
753.875	0.2413
754.0	0.2405
754.125	0.2405
754.25	0.2405
754.375	0.2413
754.5	0.2437
754.625	0.2429
754.75	0.2405
754.875	0.2413
755.0	0.2452
755.125	0.2452
755.25	0.2452
755.375	0.2444
755.5	0.2452
755.625	0.246
755.75	0.2476
755.875	0.2452
756.0	0.2468
756.125	0.2468
756.25	0.2452
756.375	0.2452
756.5	0.2452
756.625	0.2452
756.75	0.2444
756.875	0.2444
757.0	0.2405
757.125	0.2405
757.25	0.2389
757.375	0.2382
757.5	0.2366
757.625	0.2366
757.75	0.235
757.875	0.2358
758.0	0.235
758.125	0.2358
758.25	0.2358
758.375	0.2358
758.5	0.2342
758.625	0.235
758.75	0.2358
758.875	0.2358
759.0	0.2358
759.125	0.2358
759.25	0.2358
759.375	0.2358
759.5	0.2358
759.625	0.2358
759.75	0.2366
759.875	0.2358
760.0	0.2374
760.125	0.2366
760.25	0.2374
760.375	0.2366
760.5	0.2358
760.625	0.2374
760.75	0.2358
760.875	0.2358
761.0	0.2366
761.125	0.2358
761.25	0.2358
761.375	0.2358
761.5	0.2366
761.625	0.2358
761.75	0.2358
761.875	0.2358
762.0	0.2374
762.125	0.2358
762.25	0.2358
762.375	0.2358
762.5	0.2389
762.625	0.2374
762.75	0.2374
762.875	0.2389
763.0	0.2382
763.125	0.2405
763.25	0.2405
763.375	0.2405
763.5	0.2405
763.625	0.2413
763.75	0.2413
763.875	0.2413
764.0	0.2444
764.125	0.2437
764.25	0.2452
764.375	0.2437
764.5	0.2444
764.625	0.2452
764.75	0.2468
764.875	0.25
765.0	0.25
765.125	0.25
765.25	0.25
765.375	0.25
765.5	0.25
765.625	0.25
765.75	0.25
765.875	0.25
766.0	0.2492
766.125	0.2476
766.25	0.2452
766.375	0.2437
766.5	0.2429
766.625	0.2405
766.75	0.2382
766.875	0.2358
767.0	0.2358
767.125	0.2358
767.25	0.235
767.375	0.2327
767.5	0.2327
767.625	0.2319
767.75	0.2319
767.875	0.2319
768.0	0.2311
768.125	0.2311
768.25	0.2311
768.375	0.2311
768.5	0.2311
768.625	0.2319
768.75	0.2311
768.875	0.2311
769.0	0.2327
769.125	0.2311
769.25	0.2327
769.375	0.2319
769.5	0.2319
769.625	0.2311
769.75	0.2311
769.875	0.2311
770.0	0.2311
770.125	0.2311
770.25	0.2311
770.375	0.2311
770.5	0.2334
770.625	0.2319
770.75	0.2327
770.875	0.2311
771.0	0.2327
771.125	0.2319
771.25	0.2327
771.375	0.2342
771.5	0.235
771.625	0.235
771.75	0.2334
771.875	0.2342
772.0	0.2358
772.125	0.2358
772.25	0.2358
772.375	0.2358
772.5	0.2358
772.625	0.2358
772.75	0.2358
772.875	0.2358
773.0	0.235
773.125	0.2358
773.25	0.2358
773.375	0.2374
773.5	0.2374
773.625	0.2389
773.75	0.2382
773.875	0.2374
774.0	0.2389
774.125	0.2405
774.25	0.2397
774.375	0.2397
774.5	0.2405
774.625	0.2405
774.75	0.2405
774.875	0.2405
775.0	0.2413
775.125	0.2421
775.25	0.2437
775.375	0.2437
775.5	0.2437
775.625	0.2444
775.75	0.2452
775.875	0.2492
776.0	0.25
776.125	0.25
776.25	0.2507
776.375	0.2507
776.5	0.2507
776.625	0.2523
776.75	0.2523
776.875	0.25
777.0	0.2507
777.125	0.25
777.25	0.2492
777.375	0.2484
777.5	0.2468
777.625	0.2452
777.75	0.2452
777.875	0.2413
778.0	0.2397
778.125	0.2405
778.25	0.2366
778.375	0.2358
778.5	0.2358
778.625	0.235
778.75	0.2342
778.875	0.2327
779.0	0.2327
779.125	0.2327
779.25	0.2342
779.375	0.2342
779.5	0.2327
779.625	0.2311
779.75	0.2327
779.875	0.2327
780.0	0.2319
780.125	0.2327
780.25	0.2334
780.375	0.2311
780.5	0.2319
780.625	0.2327
780.75	0.2311
780.875	0.2319
781.0	0.2327
781.125	0.2327
781.25	0.2319
781.375	0.2319
781.5	0.2342
781.625	0.2311
781.75	0.2319
781.875	0.2319
782.0	0.235
782.125	0.2334
782.25	0.2358
782.375	0.235
782.5	0.235
782.625	0.2319
782.75	0.2327
782.875	0.2319
783.0	0.2358
783.125	0.2342
783.25	0.2334
783.375	0.2342
783.5	0.2334
783.625	0.2327
783.75	0.2334
783.875	0.2327
784.0	0.2358
784.125	0.2358
784.25	0.2358
784.375	0.2342
784.5	0.2358
784.625	0.2358
784.75	0.2358
784.875	0.2334
785.0	0.2334
785.125	0.235
785.25	0.235
785.375	0.2358
785.5	0.2358
785.625	0.2358
785.75	0.2358
785.875	0.2358
786.0	0.2358
786.125	0.2358
786.25	0.2358
786.375	0.2358
786.5	0.2358
786.625	0.2358
786.75	0.2358
786.875	0.2366
787.0	0.2366
787.125	0.2358
787.25	0.2358
787.375	0.2382
787.5	0.2366
787.625	0.2382
787.75	0.2389
787.875	0.2397
788.0	0.2397
788.125	0.2405
788.25	0.2405
788.375	0.2405
788.5	0.2413
788.625	0.2413
788.75	0.2429
788.875	0.2437
789.0	0.2429
789.125	0.2421
789.25	0.2405
789.375	0.2405
789.5	0.2389
789.625	0.2397
789.75	0.2397
789.875	0.2382
790.0	0.2382
790.125	0.2358
790.25	0.235
790.375	0.235
790.5	0.2319
790.625	0.2342
790.75	0.2334
790.875	0.2327
791.0	0.2311
791.125	0.2319
791.25	0.2311
791.375	0.2327
791.5	0.2342
791.625	0.2327
791.75	0.2334
791.875	0.2327
792.0	0.2327
792.125	0.2334
792.25	0.2334
792.375	0.2311
792.5	0.2319
792.625	0.2334
792.75	0.2334
792.875	0.2334
793.0	0.2311
793.125	0.2319
793.25	0.2342
793.375	0.2342
793.5	0.235
793.625	0.235
793.75	0.2342
793.875	0.2358
794.0	0.2358
794.125	0.2342
794.25	0.2358
794.375	0.235
794.5	0.2358
794.625	0.2366
794.75	0.2358
794.875	0.2358
795.0	0.2358
795.125	0.2358
795.25	0.2358
795.375	0.2366
795.5	0.2358
795.625	0.2358
795.75	0.2366
795.875	0.2366
796.0	0.2382
796.125	0.2366
796.25	0.2358
796.375	0.2358
796.5	0.2358
796.625	0.2366
796.75	0.2358
796.875	0.2358
797.0	0.2358
797.125	0.2334
797.25	0.2319
797.375	0.2327
797.5	0.2311
797.625	0.2311
797.75	0.2311
797.875	0.2319
798.0	0.2311
798.125	0.2327
798.25	0.2311
798.375	0.2311
798.5	0.2311
798.625	0.2311
798.75	0.2311
798.875	0.2311
799.0	0.2311
799.125	0.2303
799.25	0.2311
799.375	0.2319
799.5	0.2319
799.625	0.2311
799.75	0.2311
799.875	0.2319
800.0	0.2319
800.125	0.2311
800.25	0.2319
800.375	0.2319
800.5	0.2311
800.625	0.2311
800.75	0.2311
800.875	0.2303
801.0	0.2303
801.125	0.2311
801.25	0.2311
801.375	0.2319
801.5	0.2319
801.625	0.2319
801.75	0.235
801.875	0.2327
802.0	0.2334
802.125	0.2342
802.25	0.2334
802.375	0.2334
802.5	0.235
802.625	0.235
802.75	0.2342
802.875	0.2342
803.0	0.2342
803.125	0.235
803.25	0.2358
803.375	0.2342
803.5	0.2358
803.625	0.235
803.75	0.2342
803.875	0.2358
804.0	0.2358
804.125	0.2358
804.25	0.2358
804.375	0.2358
804.5	0.2358
804.625	0.235
804.75	0.2366
804.875	0.2358
805.0	0.2358
805.125	0.2366
805.25	0.2366
805.375	0.2358
805.5	0.2366
805.625	0.2366
805.75	0.2397
805.875	0.2374
806.0	0.2397
806.125	0.2382
806.25	0.2366
806.375	0.2382
806.5	0.2374
806.625	0.2358
806.75	0.2358
806.875	0.2358
807.0	0.2358
807.125	0.2358
807.25	0.2334
807.375	0.2319
807.5	0.2342
807.625	0.2334
807.75	0.2327
807.875	0.2327
808.0	0.2342
808.125	0.2311
808.25	0.2311
808.375	0.2319
808.5	0.2334
808.625	0.2319
808.75	0.2327
808.875	0.2327
809.0	0.2327
809.125	0.2311
809.25	0.2334
809.375	0.2311
809.5	0.2319
809.625	0.2311
809.75	0.2327
809.875	0.2311
810.0	0.2311
810.125	0.2311
810.25	0.2319
810.375	0.2327
810.5	0.2327
810.625	0.2319
810.75	0.2342
810.875	0.2342
811.0	0.2319
811.125	0.2319
811.25	0.2319
811.375	0.2327
811.5	0.2319
811.625	0.2334
811.75	0.2311
811.875	0.2311
812.0	0.2319
812.125	0.2319
812.25	0.2311
812.375	0.2311
812.5	0.2319
812.625	0.2311
812.75	0.2319
812.875	0.2311
813.0	0.2311
813.125	0.2319
813.25	0.2311
813.375	0.2334
813.5	0.2319
813.625	0.2334
813.75	0.2327
813.875	0.2319
814.0	0.2342
814.125	0.2334
814.25	0.2334
814.375	0.2358
814.5	0.2342
814.625	0.2342
814.75	0.2342
814.875	0.2358
815.0	0.2342
815.125	0.2358
815.25	0.2358
815.375	0.2358
815.5	0.2358
815.625	0.2374
815.75	0.2358
815.875	0.2358
816.0	0.2342
816.125	0.235
816.25	0.2358
816.375	0.2358
816.5	0.2358
816.625	0.2358
816.75	0.2358
816.875	0.2358
817.0	0.2366
817.125	0.2366
817.25	0.2374
817.375	0.2382
817.5	0.2366
817.625	0.2382
817.75	0.2366
817.875	0.2358
818.0	0.2358
818.125	0.2366
818.25	0.2358
818.375	0.235
818.5	0.235
818.625	0.2342
818.75	0.235
818.875	0.2327
819.0	0.2311
819.125	0.2311
819.25	0.2319
819.375	0.2311
819.5	0.2311
819.625	0.2311
819.75	0.2319
819.875	0.2311
820.0	0.2311
820.125	0.2311
820.25	0.2311
820.375	0.2311
820.5	0.2311
820.625	0.2311
820.75	0.2311
820.875	0.2319
821.0	0.2311
821.125	0.2311
821.25	0.2311
821.375	0.2311
821.5	0.2311
821.625	0.2311
821.75	0.2319
821.875	0.2319
822.0	0.2319
822.125	0.2319
822.25	0.2311
822.375	0.2311
822.5	0.2311
822.625	0.2311
822.75	0.2311
822.875	0.2311
823.0	0.2311
823.125	0.2311
823.25	0.2334
823.375	0.2311
823.5	0.2327
823.625	0.2319
823.75	0.2327
823.875	0.2327
824.0	0.2311
824.125	0.2334
824.25	0.2334
824.375	0.2334
824.5	0.2327
824.625	0.2319
824.75	0.2319
824.875	0.2342
825.0	0.2311
825.125	0.2327
825.25	0.2319
825.375	0.235
825.5	0.2311
825.625	0.2319
825.75	0.2319
825.875	0.2311
826.0	0.2334
826.125	0.2319
826.25	0.2311
826.375	0.2327
826.5	0.2311
826.625	0.2327
826.75	0.2327
826.875	0.2311
827.0	0.2311
827.125	0.2327
827.25	0.2327
827.375	0.2342
827.5	0.2311
827.625	0.2327
827.75	0.2327
827.875	0.2342
828.0	0.2311
828.125	0.2319
828.25	0.2342
828.375	0.2319
828.5	0.2334
828.625	0.2358
828.75	0.2327
828.875	0.235
829.0	0.2342
829.125	0.2334
829.25	0.235
829.375	0.2358
829.5	0.235
829.625	0.2358
829.75	0.2358
829.875	0.2358
830.0	0.235
830.125	0.235
830.25	0.2334
830.375	0.2342
830.5	0.2358
830.625	0.2358
830.75	0.2358
830.875	0.2366
831.0	0.2366
831.125	0.2358
831.25	0.2358
831.375	0.2358
831.5	0.2358
831.625	0.2358
831.75	0.2358
831.875	0.2358
832.0	0.235
832.125	0.2358
832.25	0.2358
832.375	0.2327
832.5	0.2334
832.625	0.2342
832.75	0.2319
832.875	0.2327
833.0	0.2311
833.125	0.2311
833.25	0.2319
833.375	0.2311
833.5	0.2327
833.625	0.2311
833.75	0.2319
833.875	0.2311
834.0	0.2311
834.125	0.2319
834.25	0.2311
834.375	0.2311
834.5	0.2319
834.625	0.2311
834.75	0.2311
834.875	0.2311
835.0	0.2327
835.125	0.2319
835.25	0.2311
835.375	0.2311
835.5	0.2311
835.625	0.2311
835.75	0.2327
835.875	0.2311
836.0	0.2327
836.125	0.2311
836.25	0.2319
836.375	0.2311
836.5	0.2319
836.625	0.2311
836.75	0.2303
836.875	0.2311
837.0	0.2311
837.125	0.2319
837.25	0.2327
837.375	0.2319
837.5	0.2311
837.625	0.2327
837.75	0.2311
837.875	0.2311
838.0	0.2319
838.125	0.2311
838.25	0.2311
838.375	0.2311
838.5	0.2319
838.625	0.2319
838.75	0.2319
838.875	0.2319
839.0	0.2311
839.125	0.2311
839.25	0.2319
839.375	0.2319
839.5	0.2319
839.625	0.2311
839.75	0.2311
839.875	0.2311
840.0	0.2311
840.125	0.2311
840.25	0.2327
840.375	0.2311
840.5	0.2319
840.625	0.2311
840.75	0.2319
840.875	0.2327
841.0	0.2327
841.125	0.2327
841.25	0.2311
841.375	0.2311
841.5	0.2327
841.625	0.2311
841.75	0.2327
841.875	0.2311
842.0	0.2319
842.125	0.2319
842.25	0.2311
842.375	0.2319
842.5	0.2311
842.625	0.2311
842.75	0.2327
842.875	0.2327
843.0	0.2311
843.125	0.2311
843.25	0.2311
843.375	0.2327
843.5	0.2311
843.625	0.2311
843.75	0.2311
843.875	0.2327
844.0	0.2319
844.125	0.2334
844.25	0.2311
844.375	0.2311
844.5	0.2311
844.625	0.2311
844.75	0.2311
844.875	0.2319
845.0	0.2334
845.125	0.2311
845.25	0.2311
845.375	0.2327
845.5	0.2327
845.625	0.235
845.75	0.2342
845.875	0.2334
846.0	0.235
846.125	0.2319
846.25	0.2334
846.375	0.2342
846.5	0.2334
846.625	0.2334
846.75	0.2342
846.875	0.2319
847.0	0.2319
847.125	0.2319
847.25	0.2319
847.375	0.2319
847.5	0.2319
847.625	0.2342
847.75	0.2327
847.875	0.2311
848.0	0.2319
848.125	0.2319
848.25	0.2311
848.375	0.2311
848.5	0.2319
848.625	0.2319
848.75	0.2311
848.875	0.2311
849.0	0.2311
849.125	0.2319
849.25	0.2311
849.375	0.2319
849.5	0.2311
849.625	0.2311
849.75	0.2311
849.875	0.2327
850.0	0.2311
850.125	0.2311
850.25	0.2319
850.375	0.2311
850.5	0.2311
850.625	0.2319
850.75	0.2311
850.875	0.2311
851.0	0.2311
851.125	0.2311
851.25	0.2311
851.375	0.2311
851.5	0.2311
851.625	0.2311
851.75	0.2303
851.875	0.2303
852.0	0.2311
852.125	0.2303
852.25	0.2311
852.375	0.2311
852.5	0.2311
852.625	0.2311
852.75	0.2311
852.875	0.2319
853.0	0.2311
853.125	0.2311
853.25	0.2311
853.375	0.2311
853.5	0.2311
853.625	0.2311
853.75	0.2311
853.875	0.2327
854.0	0.2311
854.125	0.2311
854.25	0.2311
854.375	0.2311
854.5	0.2319
854.625	0.2311
854.75	0.2319
854.875	0.2303
855.0	0.2311
855.125	0.2311
855.25	0.2311
855.375	0.2311
855.5	0.2319
855.625	0.2311
855.75	0.2311
855.875	0.2311
856.0	0.2311
856.125	0.2311
856.25	0.2311
856.375	0.2319
856.5	0.2319
856.625	0.2295
856.75	0.2311
856.875	0.2319
857.0	0.2311
857.125	0.2311
857.25	0.2334
857.375	0.2311
857.5	0.2311
857.625	0.2319
857.75	0.2319
857.875	0.2327
858.0	0.2327
858.125	0.2311
858.25	0.2319
858.375	0.2334
858.5	0.2327
858.625	0.2311
858.75	0.2311
858.875	0.2311
859.0	0.2319
859.125	0.2311
859.25	0.2311
859.375	0.2311
859.5	0.2327
859.625	0.2334
859.75	0.2319
859.875	0.2319
860.0	0.235
860.125	0.2327
860.25	0.2311
860.375	0.2311
860.5	0.2311
860.625	0.2334
860.75	0.235
860.875	0.2327
861.0	0.2334
861.125	0.2342
861.25	0.2311
861.375	0.2342
861.5	0.2319
861.625	0.2327
861.75	0.2311
861.875	0.2327
862.0	0.2319
862.125	0.2311
862.25	0.2311
862.375	0.2311
862.5	0.2311
862.625	0.2311
862.75	0.2311
862.875	0.2319
863.0	0.2311
863.125	0.2311
863.25	0.2303
863.375	0.2311
863.5	0.2311
863.625	0.2311
863.75	0.2311
863.875	0.2311
864.0	0.2311
864.125	0.2319
864.25	0.2311
864.375	0.2311
864.5	0.2311
864.625	0.2327
864.75	0.2327
864.875	0.2311
865.0	0.2311
865.125	0.2311
865.25	0.2327
865.375	0.2311
865.5	0.2311
865.625	0.2311
865.75	0.2319
865.875	0.2311
866.0	0.2319
866.125	0.2311
866.25	0.2311
866.375	0.2311
866.5	0.2303
866.625	0.2311
866.75	0.2311
866.875	0.2311
867.0	0.2311
867.125	0.2311
867.25	0.2319
867.375	0.2311
867.5	0.2311
867.625	0.2327
867.75	0.2311
867.875	0.2311
868.0	0.2311
868.125	0.2311
868.25	0.2311
868.375	0.2311
868.5	0.2311
868.625	0.2311
868.75	0.2311
868.875	0.2311
869.0	0.2295
869.125	0.2311
869.25	0.2311
869.375	0.2311
869.5	0.2311
869.625	0.2311
869.75	0.2311
869.875	0.2311
870.0	0.2311
870.125	0.2311
870.25	0.2311
870.375	0.2319
870.5	0.2319
870.625	0.2311
870.75	0.2311
870.875	0.2319
871.0	0.2319
871.125	0.2327
871.25	0.2311
871.375	0.2311
871.5	0.2303
871.625	0.2311
871.75	0.2311
871.875	0.2311
872.0	0.2311
872.125	0.2311
872.25	0.2311
872.375	0.2311
872.5	0.2311
872.625	0.2311
872.75	0.2311
872.875	0.2311
873.0	0.2311
873.125	0.2311
873.25	0.2311
873.375	0.2311
873.5	0.2311
873.625	0.2319
873.75	0.2327
873.875	0.2311
874.0	0.2319
874.125	0.2311
874.25	0.2319
874.375	0.2311
874.5	0.2311
874.625	0.2311
874.75	0.2311
874.875	0.2311
875.0	0.2327
875.125	0.2327
875.25	0.2311
875.375	0.2311
875.5	0.2311
875.625	0.2334
875.75	0.2319
875.875	0.2319
876.0	0.2319
876.125	0.2319
876.25	0.2327
876.375	0.2311
876.5	0.2334
876.625	0.2311
876.75	0.2311
876.875	0.2311
877.0	0.2311
877.125	0.2311
877.25	0.2311
877.375	0.2311
877.5	0.2311
877.625	0.2319
877.75	0.2311
877.875	0.2311
878.0	0.2303
878.125	0.2311
878.25	0.2311
878.375	0.2311
878.5	0.2311
878.625	0.2311
878.75	0.2311
878.875	0.2311
879.0	0.2311
879.125	0.2311
879.25	0.2311
879.375	0.2311
879.5	0.2311
879.625	0.2319
879.75	0.2311
879.875	0.2319
880.0	0.2311
880.125	0.2311
880.25	0.2311
880.375	0.2311
880.5	0.2311
880.625	0.2311
880.75	0.2311
880.875	0.2311
881.0	0.2319
881.125	0.2311
881.25	0.2311
881.375	0.2311
881.5	0.2303
881.625	0.2319
881.75	0.2311
881.875	0.2311
882.0	0.2311
882.125	0.2319
882.25	0.2327
882.375	0.2311
882.5	0.2311
882.625	0.2311
882.75	0.2319
882.875	0.2319
883.0	0.2311
883.125	0.2311
883.25	0.2311
883.375	0.2311
883.5	0.2319
883.625	0.2311
883.75	0.2311
883.875	0.2295
884.0	0.2311
884.125	0.2311
884.25	0.2311
884.375	0.2311
884.5	0.2311
884.625	0.2311
884.75	0.2311
884.875	0.2311
885.0	0.2311
885.125	0.2311
885.25	0.2311
885.375	0.2311
885.5	0.2287
885.625	0.2311
885.75	0.2311
885.875	0.2311
886.0	0.2311
886.125	0.2311
886.25	0.2319
886.375	0.2303
886.5	0.2311
886.625	0.2319
886.75	0.2311
886.875	0.2327
887.0	0.2319
887.125	0.2311
887.25	0.2311
887.375	0.2295
887.5	0.2311
887.625	0.2303
887.75	0.2311
887.875	0.2311
888.0	0.2319
888.125	0.2311
888.25	0.2311
888.375	0.2311
888.5	0.2311
888.625	0.2319
888.75	0.2287
888.875	0.2311
889.0	0.2311
889.125	0.2311
889.25	0.2295
889.375	0.2311
889.5	0.2311
889.625	0.2311
889.75	0.2311
889.875	0.2311
890.0	0.2311
890.125	0.2311
890.25	0.2311
890.375	0.2311
890.5	0.2311
890.625	0.2311
890.75	0.2311
890.875	0.2311
891.0	0.2319
891.125	0.2311
891.25	0.2303
891.375	0.2311
891.5	0.2311
891.625	0.2303
891.75	0.2303
891.875	0.2311
892.0	0.2319
892.125	0.2319
892.25	0.2311
892.375	0.2311
892.5	0.2311
892.625	0.2311
892.75	0.2311
892.875	0.2311
893.0	0.2327
893.125	0.2311
893.25	0.2311
893.375	0.2311
893.5	0.2303
893.625	0.2287
893.75	0.2311
893.875	0.2311
894.0	0.2311
894.125	0.2303
894.25	0.2311
894.375	0.2311
894.5	0.2311
894.625	0.2311
894.75	0.2295
894.875	0.2311
895.0	0.2295
895.125	0.2311
895.25	0.2287
895.375	0.2311
895.5	0.2311
895.625	0.2295
895.75	0.2311
895.875	0.2303
896.0	0.2311
896.125	0.2311
896.25	0.2287
896.375	0.2311
896.5	0.2303
896.625	0.2311
896.75	0.2311
896.875	0.2287
897.0	0.2311
897.125	0.2311
897.25	0.2311
897.375	0.2303
897.5	0.2303
897.625	0.2303
897.75	0.2311
897.875	0.2311
898.0	0.2311
898.125	0.2311
898.25	0.2311
898.375	0.2311
898.5	0.2287
898.625	0.2311
898.75	0.2311
898.875	0.2311
899.0	0.2311
899.125	0.2311
899.25	0.2311
899.375	0.2311
899.5	0.2311
899.625	0.2311
899.75	0.2311
899.875	0.2303
