900.0	0.2437
899.875	0.2405
899.75	0.2397
899.625	0.2413
899.5	0.2405
899.375	0.2405
899.25	0.2405
899.125	0.2405
899.0	0.2405
898.875	0.2421
898.75	0.2405
898.625	0.2405
898.5	0.2405
898.375	0.2405
898.25	0.2405
898.125	0.2405
898.0	0.2413
897.875	0.2413
897.75	0.2405
897.625	0.2405
897.5	0.2405
897.375	0.2405
897.25	0.2405
897.125	0.2405
897.0	0.2405
896.875	0.2413
896.75	0.2405
896.625	0.2405
896.5	0.2405
896.375	0.2413
896.25	0.2413
896.125	0.2405
896.0	0.2405
895.875	0.2405
895.75	0.2405
895.625	0.2405
895.5	0.2405
895.375	0.2405
895.25	0.2413
895.125	0.2413
895.0	0.2429
894.875	0.2405
894.75	0.2405
894.625	0.2405
894.5	0.2405
894.375	0.2405
894.25	0.2437
894.125	0.2437
894.0	0.2437
893.875	0.2421
893.75	0.2413
893.625	0.2421
893.5	0.2405
893.375	0.2405
893.25	0.2405
893.125	0.2413
893.0	0.2413
892.875	0.2421
892.75	0.2413
892.625	0.2421
892.5	0.2405
892.375	0.2421
892.25	0.2405
892.125	0.2405
892.0	0.2405
891.875	0.2421
891.75	0.2405
891.625	0.2405
891.5	0.2405
891.375	0.2413
891.25	0.2405
891.125	0.2405
891.0	0.2413
890.875	0.2429
890.75	0.2413
890.625	0.2405
890.5	0.2405
890.375	0.2405
890.25	0.2405
890.125	0.2405
890.0	0.2421
889.875	0.2413
889.75	0.2405
889.625	0.2413
889.5	0.2413
889.375	0.2413
889.25	0.2405
889.125	0.2429
889.0	0.2421
888.875	0.2429
888.75	0.2413
888.625	0.2429
888.5	0.2421
888.375	0.2405
888.25	0.2421
888.125	0.2405
888.0	0.2429
887.875	0.2437
887.75	0.2421
887.625	0.2429
887.5	0.2437
887.375	0.2405
887.25	0.2405
887.125	0.2405
887.0	0.2437
886.875	0.2413
886.75	0.2405
886.625	0.2405
886.5	0.2405
886.375	0.2405
886.25	0.2413
886.125	0.2413
886.0	0.2413
885.875	0.2405
885.75	0.2405
885.625	0.2413
885.5	0.2405
885.375	0.2405
885.25	0.2405
885.125	0.2429
885.0	0.2405
884.875	0.2429
884.75	0.2413
884.625	0.2405
884.5	0.2405
884.375	0.2405
884.25	0.2421
884.125	0.2405
884.0	0.2421
883.875	0.2421
883.75	0.2429
883.625	0.2421
883.5	0.2421
883.375	0.2405
883.25	0.2437
883.125	0.2429
883.0	0.2429
882.875	0.2421
882.75	0.2405
882.625	0.2413
882.5	0.2413
882.375	0.2421
882.25	0.2413
882.125	0.2429
882.0	0.2444
881.875	0.2421
881.75	0.2437
881.625	0.2405
881.5	0.2413
881.375	0.2452
881.25	0.2421
881.125	0.2421
881.0	0.2405
880.875	0.2421
880.75	0.2437
880.625	0.2421
880.5	0.2421
880.375	0.2429
880.25	0.2437
880.125	0.2429
880.0	0.2405
879.875	0.2405
879.75	0.2413
879.625	0.2429
879.5	0.2437
879.375	0.2413
879.25	0.2429
879.125	0.2429
879.0	0.2413
878.875	0.2413
878.75	0.2429
878.625	0.2405
878.5	0.2437
878.375	0.2429
878.25	0.2413
878.125	0.2429
878.0	0.2405
877.875	0.2413
877.75	0.2421
877.625	0.2405
877.5	0.2421
877.375	0.2405
877.25	0.2429
877.125	0.2405
877.0	0.2405
876.875	0.2413
876.75	0.2405
876.625	0.2405
876.5	0.2429
876.375	0.2452
876.25	0.2437
876.125	0.2437
876.0	0.2429
875.875	0.2421
875.75	0.2444
875.625	0.2444
875.5	0.2405
875.375	0.2452
875.25	0.2421
875.125	0.2452
875.0	0.2444
874.875	0.2437
874.75	0.2437
874.625	0.2444
874.5	0.2444
874.375	0.2437
874.25	0.2413
874.125	0.2437
874.0	0.2421
873.875	0.2437
873.75	0.2444
873.625	0.2429
873.5	0.2413
873.375	0.2437
873.25	0.2437
873.125	0.2421
873.0	0.2444
872.875	0.2437
872.75	0.2429
872.625	0.2421
872.5	0.2421
872.375	0.2437
872.25	0.2421
872.125	0.2405
872.0	0.2405
871.875	0.2437
871.75	0.2421
871.625	0.2413
871.5	0.2405
871.375	0.2421
871.25	0.2421
871.125	0.2421
871.0	0.2421
870.875	0.2405
870.75	0.2421
870.625	0.2429
870.5	0.2452
870.375	0.2405
870.25	0.2405
870.125	0.2405
870.0	0.2405
869.875	0.2421
869.75	0.2405
869.625	0.2421
869.5	0.2444
869.375	0.2413
869.25	0.2405
869.125	0.2421
869.0	0.2413
868.875	0.2405
868.75	0.2405
868.625	0.2413
868.5	0.2421
868.375	0.2421
868.25	0.2421
868.125	0.2413
868.0	0.2405
867.875	0.2421
867.75	0.2421
867.625	0.2405
867.5	0.2413
867.375	0.2421
867.25	0.2421
867.125	0.2429
867.0	0.2421
866.875	0.2405
866.75	0.2405
866.625	0.2405
866.5	0.2405
866.375	0.2413
866.25	0.2405
866.125	0.2421
866.0	0.2405
865.875	0.2405
865.75	0.2413
865.625	0.2405
865.5	0.2405
865.375	0.2405
865.25	0.2405
865.125	0.2421
865.0	0.2405
864.875	0.2421
864.75	0.2405
864.625	0.2421
864.5	0.2421
864.375	0.2413
864.25	0.2413
864.125	0.2421
864.0	0.2405
863.875	0.2437
863.75	0.2405
863.625	0.2405
863.5	0.2429
863.375	0.2405
863.25	0.2421
863.125	0.2413
863.0	0.2421
862.875	0.2421
862.75	0.2405
862.625	0.2413
862.5	0.2429
862.375	0.2405
862.25	0.2429
862.125	0.2437
862.0	0.2452
861.875	0.2429
861.75	0.2413
861.625	0.2413
861.5	0.2405
861.375	0.2421
861.25	0.2429
861.125	0.2421
861.0	0.2437
860.875	0.2421
860.75	0.2421
860.625	0.2444
860.5	0.2437
860.375	0.2452
860.25	0.2421
860.125	0.2421
860.0	0.2413
859.875	0.2444
859.75	0.2437
859.625	0.2413
859.5	0.2421
859.375	0.2452
859.25	0.2405
859.125	0.2429
859.0	0.2413
858.875	0.2413
858.75	0.2429
858.625	0.2444
858.5	0.2421
858.375	0.2413
858.25	0.2405
858.125	0.2437
858.0	0.2429
857.875	0.2413
857.75	0.2413
857.625	0.2413
857.5	0.2413
857.375	0.2444
857.25	0.2405
857.125	0.2421
857.0	0.2429
856.875	0.2413
856.75	0.2421
856.625	0.2421
856.5	0.2421
856.375	0.2421
856.25	0.2421
856.125	0.2413
856.0	0.2405
855.875	0.2405
855.75	0.2405
855.625	0.2421
855.5	0.2405
855.375	0.2437
855.25	0.2413
855.125	0.2405
855.0	0.2413
854.875	0.2405
854.75	0.2405
854.625	0.2405
854.5	0.2405
854.375	0.2405
854.25	0.2437
854.125	0.2421
854.0	0.2437
853.875	0.2429
853.75	0.2429
853.625	0.2405
853.5	0.2413
853.375	0.2413
853.25	0.2413
853.125	0.2444
853.0	0.2421
852.875	0.2405
852.75	0.2405
852.625	0.2421
852.5	0.2429
852.375	0.2405
852.25	0.2405
852.125	0.2405
852.0	0.2405
851.875	0.2405
851.75	0.2405
851.625	0.2413
851.5	0.2421
851.375	0.2437
851.25	0.2413
851.125	0.2429
851.0	0.2413
850.875	0.2405
850.75	0.2421
850.625	0.2405
850.5	0.2429
850.375	0.2405
850.25	0.2413
850.125	0.2413
850.0	0.2421
849.875	0.2421
849.75	0.2444
849.625	0.2452
849.5	0.2405
849.375	0.2437
849.25	0.2444
849.125	0.2437
849.0	0.2452
848.875	0.2413
848.75	0.2437
848.625	0.2452
848.5	0.2437
848.375	0.2452
848.25	0.2452
848.125	0.246
848.0	0.2429
847.875	0.2429
847.75	0.2421
847.625	0.2413
847.5	0.2421
847.375	0.2452
847.25	0.2452
847.125	0.2413
847.0	0.2452
846.875	0.2429
846.75	0.2421
846.625	0.2452
846.5	0.2444
846.375	0.2413
846.25	0.2452
846.125	0.2429
846.0	0.2421
845.875	0.2429
845.75	0.2405
845.625	0.2437
845.5	0.2429
845.375	0.2405
845.25	0.2405
845.125	0.2444
845.0	0.2437
844.875	0.2437
844.75	0.2413
844.625	0.2413
844.5	0.2437
844.375	0.2437
844.25	0.2429
844.125	0.2444
844.0	0.2444
843.875	0.2405
843.75	0.2413
843.625	0.2437
843.5	0.2405
843.375	0.2437
843.25	0.2444
843.125	0.2421
843.0	0.2405
842.875	0.2413
842.75	0.2405
842.625	0.2421
842.5	0.2437
842.375	0.2429
842.25	0.2421
842.125	0.2405
842.0	0.2429
841.875	0.2405
841.75	0.2405
841.625	0.2405
841.5	0.2437
841.375	0.2429
841.25	0.2437
841.125	0.2405
841.0	0.2405
840.875	0.2405
840.75	0.2413
840.625	0.2413
840.5	0.2405
840.375	0.2444
840.25	0.2437
840.125	0.2429
840.0	0.2405
839.875	0.2413
839.75	0.2405
839.625	0.2421
839.5	0.2405
839.375	0.2405
839.25	0.2405
839.125	0.2405
839.0	0.2405
838.875	0.2405
838.75	0.2405
838.625	0.2405
838.5	0.2421
838.375	0.2405
838.25	0.2405
838.125	0.2405
838.0	0.2413
837.875	0.2421
837.75	0.2421
837.625	0.2413
837.5	0.2405
837.375	0.2437
837.25	0.2421
837.125	0.2421
837.0	0.2421
836.875	0.2413
836.75	0.2421
836.625	0.2405
836.5	0.2405
836.375	0.2405
836.25	0.2405
836.125	0.2429
836.0	0.2429
835.875	0.2429
835.75	0.2405
835.625	0.2405
835.5	0.2429
835.375	0.2421
835.25	0.2413
835.125	0.2429
835.0	0.2413
834.875	0.2429
834.75	0.2437
834.625	0.2405
834.5	0.2413
834.375	0.2405
834.25	0.2421
834.125	0.2413
834.0	0.2429
833.875	0.2437
833.75	0.2429
833.625	0.2413
833.5	0.2452
833.375	0.2421
833.25	0.2421
833.125	0.2413
833.0	0.2437
832.875	0.2444
832.75	0.2413
832.625	0.2452
832.5	0.2452
832.375	0.2452
832.25	0.2452
832.125	0.2437
832.0	0.2452
831.875	0.246
831.75	0.2452
831.625	0.246
831.5	0.2452
831.375	0.246
831.25	0.2468
831.125	0.2476
831.0	0.246
830.875	0.2452
830.75	0.246
830.625	0.2452
830.5	0.2452
830.375	0.2429
830.25	0.2444
830.125	0.2452
830.0	0.2452
829.875	0.2437
829.75	0.2421
829.625	0.2452
829.5	0.2452
829.375	0.2429
829.25	0.2444
829.125	0.2444
829.0	0.2421
828.875	0.2413
828.75	0.2405
828.625	0.2413
828.5	0.2421
828.375	0.2421
828.25	0.2405
828.125	0.2405
828.0	0.2405
827.875	0.2366
827.75	0.2389
827.625	0.2374
827.5	0.2382
827.375	0.2358
827.25	0.2374
827.125	0.2358
827.0	0.2358
826.875	0.2358
826.75	0.2358
826.625	0.2358
826.5	0.2358
826.375	0.2358
826.25	0.2358
826.125	0.2366
826.0	0.2358
825.875	0.2358
825.75	0.2358
825.625	0.2358
825.5	0.2358
825.375	0.2358
825.25	0.235
825.125	0.2358
825.0	0.2374
824.875	0.2358
824.75	0.2358
824.625	0.235
824.5	0.2342
824.375	0.2358
824.25	0.2358
824.125	0.2358
824.0	0.2358
823.875	0.2358
823.75	0.2358
823.625	0.235
823.5	0.2366
823.375	0.2358
823.25	0.2358
823.125	0.2342
823.0	0.2358
822.875	0.235
822.75	0.2358
822.625	0.2342
822.5	0.2366
822.375	0.2334
822.25	0.2358
822.125	0.2358
822.0	0.2358
821.875	0.2342
821.75	0.2342
821.625	0.2358
821.5	0.2358
821.375	0.2358
821.25	0.2358
821.125	0.2358
821.0	0.235
820.875	0.2342
820.75	0.2342
820.625	0.2358
820.5	0.235
820.375	0.235
820.25	0.235
820.125	0.2358
820.0	0.235
819.875	0.2358
819.75	0.2342
819.625	0.2358
819.5	0.2358
819.375	0.2342
819.25	0.2358
819.125	0.2358
819.0	0.2358
818.875	0.2358
818.75	0.2366
818.625	0.2374
818.5	0.2358
818.375	0.2382
818.25	0.2397
818.125	0.2413
818.0	0.2405
817.875	0.2405
817.75	0.2405
817.625	0.2421
817.5	0.2413
817.375	0.2421
817.25	0.2405
817.125	0.2405
817.0	0.2405
816.875	0.2405
816.75	0.2405
816.625	0.2413
816.5	0.2382
816.375	0.2405
816.25	0.2397
816.125	0.2397
816.0	0.2405
815.875	0.2389
815.75	0.2389
815.625	0.2389
815.5	0.2374
815.375	0.2382
815.25	0.2382
815.125	0.2358
815.0	0.2382
814.875	0.2389
814.75	0.2366
814.625	0.2366
814.5	0.2358
814.375	0.2366
814.25	0.2358
814.125	0.2358
814.0	0.2366
813.875	0.2382
813.75	0.235
813.625	0.2358
813.5	0.2358
813.375	0.2358
813.25	0.2358
813.125	0.2358
813.0	0.2366
812.875	0.2358
812.75	0.2366
812.625	0.2358
812.5	0.2358
812.375	0.235
812.25	0.2358
812.125	0.2358
812.0	0.2358
811.875	0.235
811.75	0.2358
811.625	0.235
811.5	0.2358
811.375	0.2358
811.25	0.2366
811.125	0.2358
811.0	0.2358
810.875	0.2358
810.75	0.2358
810.625	0.2358
810.5	0.2366
810.375	0.2358
810.25	0.2366
810.125	0.2342
810.0	0.235
809.875	0.2366
809.75	0.2342
809.625	0.235
809.5	0.235
809.375	0.2374
809.25	0.2358
809.125	0.2358
809.0	0.2358
808.875	0.2366
808.75	0.2374
808.625	0.2366
808.5	0.2366
808.375	0.2358
808.25	0.2358
808.125	0.2358
808.0	0.2382
807.875	0.2374
807.75	0.2358
807.625	0.2358
807.5	0.2358
807.375	0.2358
807.25	0.2366
807.125	0.2366
807.0	0.2382
806.875	0.2397
806.75	0.2405
806.625	0.2405
806.5	0.2397
806.375	0.2405
806.25	0.2405
806.125	0.2405
806.0	0.2405
805.875	0.2421
805.75	0.2405
805.625	0.2444
805.5	0.2421
805.375	0.2405
805.25	0.2413
805.125	0.2397
805.0	0.2405
804.875	0.2405
804.75	0.2405
804.625	0.2397
804.5	0.2405
804.375	0.2397
804.25	0.2382
804.125	0.2382
804.0	0.2405
803.875	0.2382
803.75	0.2397
803.625	0.2405
803.5	0.2382
803.375	0.2389
803.25	0.2366
803.125	0.2358
803.0	0.2358
802.875	0.2374
802.75	0.2358
802.625	0.2358
802.5	0.2366
802.375	0.2374
802.25	0.2358
802.125	0.2358
802.0	0.2358
801.875	0.2366
801.75	0.2358
801.625	0.2358
801.5	0.2358
801.375	0.2366
801.25	0.2366
801.125	0.2358
801.0	0.2374
800.875	0.2358
800.75	0.2358
800.625	0.2374
800.5	0.2358
800.375	0.2358
800.25	0.2382
800.125	0.2358
800.0	0.2358
799.875	0.2366
799.75	0.2358
799.625	0.2374
799.5	0.2358
799.375	0.2358
799.25	0.2382
799.125	0.2366
799.0	0.2358
798.875	0.2358
798.75	0.2358
798.625	0.2358
798.5	0.2374
798.375	0.2358
798.25	0.2358
798.125	0.2366
798.0	0.2358
797.875	0.2366
797.75	0.2358
797.625	0.2374
797.5	0.2397
797.375	0.2366
797.25	0.2374
797.125	0.2389
797.0	0.2397
796.875	0.2405
796.75	0.2405
796.625	0.2405
796.5	0.2405
796.375	0.2405
796.25	0.2413
796.125	0.2405
796.0	0.2405
795.875	0.2405
795.75	0.2429
795.625	0.2413
795.5	0.2405
795.375	0.2413
795.25	0.2405
795.125	0.2405
795.0	0.2405
794.875	0.2405
794.75	0.2405
794.625	0.2405
794.5	0.2389
794.375	0.2389
794.25	0.2397
794.125	0.2405
794.0	0.2397
793.875	0.2405
793.75	0.2382
793.625	0.2397
793.5	0.2389
793.375	0.2413
793.25	0.2382
793.125	0.2397
793.0	0.2366
792.875	0.2358
792.75	0.2358
792.625	0.2374
792.5	0.2358
792.375	0.2366
792.25	0.2382
792.125	0.2358
792.0	0.2374
791.875	0.2366
791.75	0.2358
791.625	0.2374
791.5	0.2374
791.375	0.2358
791.25	0.2358
791.125	0.2389
791.0	0.2358
790.875	0.2389
790.75	0.2366
790.625	0.2382
790.5	0.2382
790.375	0.2382
790.25	0.2405
790.125	0.2405
790.0	0.2405
789.875	0.2429
789.75	0.2444
789.625	0.2452
789.5	0.2452
789.375	0.2452
789.25	0.2452
789.125	0.2452
789.0	0.2468
788.875	0.2468
788.75	0.2476
788.625	0.2452
788.5	0.2452
788.375	0.2452
788.25	0.2444
788.125	0.2421
788.0	0.2444
787.875	0.2429
787.75	0.2405
787.625	0.2421
787.5	0.2437
787.375	0.2421
787.25	0.2405
787.125	0.2429
787.0	0.2397
786.875	0.2405
786.75	0.2405
786.625	0.2405
786.5	0.2405
786.375	0.2389
786.25	0.2397
786.125	0.2397
786.0	0.2405
785.875	0.2389
785.75	0.2382
785.625	0.2405
785.5	0.2405
785.375	0.2382
785.25	0.2389
785.125	0.2397
785.0	0.2389
784.875	0.2382
784.75	0.2358
784.625	0.2382
784.5	0.2358
784.375	0.2382
784.25	0.2382
784.125	0.2358
784.0	0.2389
783.875	0.2358
783.75	0.2358
783.625	0.2358
783.5	0.2366
783.375	0.2358
783.25	0.2374
783.125	0.2358
783.0	0.2358
782.875	0.2382
782.75	0.2374
782.625	0.2366
782.5	0.2358
782.375	0.2366
782.25	0.2366
782.125	0.2366
782.0	0.2382
781.875	0.2358
781.75	0.2358
781.625	0.2358
781.5	0.2358
781.375	0.2366
781.25	0.2366
781.125	0.2366
781.0	0.2358
780.875	0.2366
780.75	0.2366
780.625	0.2374
780.5	0.2358
780.375	0.2342
780.25	0.2358
780.125	0.2358
780.0	0.2374
779.875	0.2358
779.75	0.2382
779.625	0.2374
779.5	0.2358
779.375	0.2358
779.25	0.2374
779.125	0.2366
779.0	0.2389
778.875	0.2374
778.75	0.2358
778.625	0.2405
778.5	0.2374
778.375	0.2382
778.25	0.2405
778.125	0.2405
778.0	0.2429
777.875	0.2437
777.75	0.246
777.625	0.25
777.5	0.25
777.375	0.2523
777.25	0.2515
777.125	0.2547
777.0	0.2539
776.875	0.2547
776.75	0.2547
776.625	0.2547
776.5	0.2547
776.375	0.2547
776.25	0.2547
776.125	0.2531
776.0	0.2515
775.875	0.25
775.75	0.25
775.625	0.2468
775.5	0.246
775.375	0.2452
775.25	0.2452
775.125	0.2452
775.0	0.2452
774.875	0.2452
774.75	0.2452
774.625	0.2452
774.5	0.2437
774.375	0.2429
774.25	0.2429
774.125	0.2421
774.0	0.2452
773.875	0.2405
773.75	0.2413
773.625	0.2405
773.5	0.2397
773.375	0.2405
773.25	0.2405
773.125	0.2405
773.0	0.2389
772.875	0.2397
772.75	0.2405
772.625	0.2389
772.5	0.2382
772.375	0.2374
772.25	0.2374
772.125	0.2366
772.0	0.2389
771.875	0.2366
771.75	0.2366
771.625	0.2358
771.5	0.2358
771.375	0.2366
771.25	0.2366
771.125	0.2358
771.0	0.2358
770.875	0.2366
770.75	0.2366
770.625	0.2374
770.5	0.2366
770.375	0.2366
770.25	0.2366
770.125	0.2358
770.0	0.2358
769.875	0.235
769.75	0.2366
769.625	0.2358
769.5	0.235
769.375	0.2358
769.25	0.2358
769.125	0.2358
769.0	0.235
768.875	0.2358
768.75	0.2358
768.625	0.2358
768.5	0.2358
768.375	0.2366
768.25	0.2374
768.125	0.2358
768.0	0.2358
767.875	0.2358
767.75	0.2382
767.625	0.2358
767.5	0.2358
767.375	0.2374
767.25	0.2366
767.125	0.2405
767.0	0.2405
766.875	0.2405
766.75	0.2444
766.625	0.2468
766.5	0.246
766.375	0.25
766.25	0.25
766.125	0.25
766.0	0.2539
765.875	0.2531
765.75	0.2539
765.625	0.2547
765.5	0.2539
765.375	0.2539
765.25	0.2539
765.125	0.2547
765.0	0.2515
764.875	0.25
764.75	0.25
764.625	0.25
764.5	0.2484
764.375	0.2452
764.25	0.2452
764.125	0.2468
764.0	0.2452
763.875	0.2444
763.75	0.2437
763.625	0.2437
763.5	0.2452
763.375	0.2413
763.25	0.2429
763.125	0.2429
763.0	0.2413
762.875	0.2405
762.75	0.2405
762.625	0.2405
762.5	0.2405
762.375	0.2405
762.25	0.2405
762.125	0.2374
762.0	0.2405
761.875	0.2382
761.75	0.2382
761.625	0.2382
761.5	0.2382
761.375	0.2405
761.25	0.2405
761.125	0.2389
761.0	0.2382
760.875	0.2405
760.75	0.2405
760.625	0.2405
760.5	0.2405
760.375	0.2405
760.25	0.2405
760.125	0.2405
760.0	0.2405
759.875	0.2405
759.75	0.2389
759.625	0.2405
759.5	0.2405
759.375	0.2405
759.25	0.2405
759.125	0.2389
759.0	0.2405
758.875	0.2374
758.75	0.2358
758.625	0.2374
758.5	0.2397
758.375	0.2405
758.25	0.2397
758.125	0.2405
758.0	0.2405
757.875	0.2405
757.75	0.2389
757.625	0.2397
757.5	0.2405
757.375	0.2421
757.25	0.2437
757.125	0.2452
757.0	0.2452
756.875	0.2452
756.75	0.2484
756.625	0.25
756.5	0.2484
756.375	0.2484
756.25	0.25
756.125	0.25
756.0	0.25
755.875	0.25
755.75	0.2507
755.625	0.2492
755.5	0.2492
755.375	0.2492
755.25	0.2484
755.125	0.2484
755.0	0.2452
754.875	0.2452
754.75	0.246
754.625	0.246
754.5	0.246
754.375	0.2444
754.25	0.2452
754.125	0.2452
754.0	0.2437
753.875	0.2452
753.75	0.2444
753.625	0.2444
753.5	0.2429
753.375	0.2421
753.25	0.2413
753.125	0.2421
753.0	0.2413
752.875	0.2405
752.75	0.2405
752.625	0.2405
752.5	0.2405
752.375	0.2405
752.25	0.2413
752.125	0.2405
752.0	0.2374
751.875	0.2405
751.75	0.2405
751.625	0.2405
751.5	0.2405
751.375	0.2405
751.25	0.2397
751.125	0.2397
751.0	0.2405
750.875	0.2405
750.75	0.2405
750.625	0.2405
750.5	0.2405
750.375	0.2405
750.25	0.2405
750.125	0.2405
750.0	0.2405
749.875	0.2413
749.75	0.2413
749.625	0.2421
749.5	0.2429
749.375	0.2444
749.25	0.2444
749.125	0.2484
749.0	0.2452
748.875	0.2476
748.75	0.2452
748.625	0.246
748.5	0.2468
748.375	0.246
748.25	0.2452
748.125	0.2468
748.0	0.2476
747.875	0.2468
747.75	0.2468
747.625	0.2452
747.5	0.2437
747.375	0.2452
747.25	0.2437
747.125	0.2413
747.0	0.2429
746.875	0.2413
746.75	0.2405
746.625	0.2405
746.5	0.2421
746.375	0.2413
746.25	0.2397
746.125	0.2389
746.0	0.2405
745.875	0.2366
745.75	0.2397
745.625	0.2405
745.5	0.2405
745.375	0.2382
745.25	0.2374
745.125	0.2382
745.0	0.2397
744.875	0.2366
744.75	0.2389
744.625	0.2382
744.5	0.2374
744.375	0.2358
744.25	0.2358
744.125	0.2358
744.0	0.2374
743.875	0.2374
743.75	0.2358
743.625	0.2358
743.5	0.2358
743.375	0.2358
743.25	0.2358
743.125	0.2358
743.0	0.2366
742.875	0.2374
742.75	0.2358
742.625	0.2374
742.5	0.2358
742.375	0.2358
742.25	0.2358
742.125	0.2382
742.0	0.2358
741.875	0.2358
741.75	0.2366
741.625	0.2366
741.5	0.2358
741.375	0.2366
741.25	0.2358
741.125	0.2358
741.0	0.2358
740.875	0.2366
740.75	0.2358
740.625	0.2358
740.5	0.2358
740.375	0.2358
740.25	0.2366
740.125	0.2358
740.0	0.2397
739.875	0.2405
739.75	0.2405
739.625	0.2429
739.5	0.2444
739.375	0.2484
739.25	0.2523
739.125	0.2555
739.0	0.2594
738.875	0.2641
738.75	0.268
738.625	0.2712
738.5	0.2735
738.375	0.2783
738.25	0.2783
738.125	0.2814
738.0	0.283
737.875	0.283
737.75	0.283
737.625	0.2806
737.5	0.2783
737.375	0.2775
737.25	0.2743
737.125	0.272
737.0	0.2665
736.875	0.2665
736.75	0.2641
736.625	0.2641
736.5	0.2594
736.375	0.2594
736.25	0.2586
736.125	0.2586
736.0	0.2555
735.875	0.257
735.75	0.257
735.625	0.2547
735.5	0.2515
735.375	0.2507
735.25	0.2515
735.125	0.25
735.0	0.25
734.875	0.2468
734.75	0.25
734.625	0.2492
734.5	0.2452
734.375	0.2452
734.25	0.2452
734.125	0.2452
734.0	0.2444
733.875	0.2429
733.75	0.2421
733.625	0.2437
733.5	0.2421
733.375	0.2405
733.25	0.2413
733.125	0.2413
733.0	0.2405
732.875	0.2413
732.75	0.2405
732.625	0.2405
732.5	0.2405
732.375	0.2405
732.25	0.2405
732.125	0.2405
732.0	0.2405
731.875	0.2405
731.75	0.2374
731.625	0.2397
731.5	0.2405
731.375	0.2405
731.25	0.2405
731.125	0.2405
731.0	0.2405
730.875	0.2405
730.75	0.2413
730.625	0.2405
730.5	0.2405
730.375	0.2405
730.25	0.2405
730.125	0.2405
730.0	0.2421
729.875	0.2452
729.75	0.2437
729.625	0.2468
729.5	0.25
729.375	0.2539
729.25	0.2578
729.125	0.2633
729.0	0.268
728.875	0.2735
728.75	0.2783
728.625	0.2822
728.5	0.2853
728.375	0.2877
728.25	0.29
728.125	0.2924
728.0	0.2916
727.875	0.2924
727.75	0.2932
727.625	0.2924
727.5	0.2908
727.375	0.2877
727.25	0.2845
727.125	0.2806
727.0	0.2783
726.875	0.2743
726.75	0.2735
726.625	0.2735
726.5	0.2735
726.375	0.2688
726.25	0.2688
726.125	0.2672
726.0	0.268
725.875	0.2641
725.75	0.2641
725.625	0.2625
725.5	0.2641
725.375	0.261
725.25	0.2594
725.125	0.2594
725.0	0.2586
724.875	0.2578
724.75	0.2547
724.625	0.2555
724.5	0.2562
724.375	0.2547
724.25	0.2539
724.125	0.2547
724.0	0.2547
723.875	0.2547
723.75	0.2515
723.625	0.25
723.5	0.25
723.375	0.25
723.25	0.25
723.125	0.2515
723.0	0.25
722.875	0.25
722.75	0.2492
722.625	0.2468
722.5	0.2468
722.375	0.2476
722.25	0.246
722.125	0.2476
722.0	0.246
721.875	0.246
721.75	0.2452
721.625	0.2452
721.5	0.2452
721.375	0.2429
721.25	0.246
721.125	0.2452
721.0	0.2452
720.875	0.2452
720.75	0.2468
720.625	0.2468
720.5	0.2492
720.375	0.25
720.25	0.2523
720.125	0.2547
720.0	0.2594
719.875	0.2594
719.75	0.2641
719.625	0.2641
719.5	0.2672
719.375	0.2688
719.25	0.2696
719.125	0.272
719.0	0.2735
718.875	0.2735
718.75	0.2712
718.625	0.2727
718.5	0.2696
718.375	0.2688
718.25	0.268
718.125	0.2665
718.0	0.2641
717.875	0.261
717.75	0.2594
717.625	0.2578
717.5	0.2594
717.375	0.2586
717.25	0.2586
717.125	0.2586
717.0	0.2555
716.875	0.2547
716.75	0.2547
716.625	0.2523
716.5	0.2539
716.375	0.2523
716.25	0.2515
716.125	0.2515
716.0	0.25
715.875	0.25
715.75	0.2515
715.625	0.25
715.5	0.25
715.375	0.2507
715.25	0.2492
715.125	0.25
715.0	0.2492
714.875	0.25
714.75	0.25
714.625	0.2476
714.5	0.25
714.375	0.2468
714.25	0.2492
714.125	0.246
714.0	0.2492
713.875	0.25
713.75	0.2476
713.625	0.2452
713.5	0.2468
713.375	0.2484
713.25	0.2492
713.125	0.2476
713.0	0.2468
712.875	0.2492
712.75	0.2492
712.625	0.25
712.5	0.25
712.375	0.2507
712.25	0.2547
712.125	0.2555
712.0	0.2555
711.875	0.2562
711.75	0.257
711.625	0.2578
711.5	0.2578
711.375	0.2594
711.25	0.2586
711.125	0.2586
711.0	0.2586
710.875	0.2594
710.75	0.2578
710.625	0.2562
710.5	0.2547
710.375	0.2547
710.25	0.2515
710.125	0.2547
710.0	0.2515
709.875	0.2523
709.75	0.2507
709.625	0.2507
709.5	0.25
709.375	0.2492
709.25	0.25
709.125	0.2484
709.0	0.25
708.875	0.2484
708.75	0.2468
708.625	0.2492
708.5	0.2452
708.375	0.2452
708.25	0.2452
708.125	0.2452
708.0	0.2468
707.875	0.2444
707.75	0.2452
707.625	0.246
707.5	0.246
707.375	0.2452
707.25	0.2452
707.125	0.2452
707.0	0.2437
706.875	0.2452
706.75	0.2452
706.625	0.2452
706.5	0.2452
706.375	0.2468
706.25	0.2492
706.125	0.2492
706.0	0.25
705.875	0.2484
705.75	0.25
705.625	0.2484
705.5	0.2484
705.375	0.2492
705.25	0.25
705.125	0.2507
705.0	0.25
704.875	0.25
704.75	0.25
704.625	0.25
704.5	0.25
704.375	0.246
704.25	0.2484
704.125	0.2484
704.0	0.2468
703.875	0.2492
703.75	0.2484
703.625	0.2476
703.5	0.2484
703.375	0.25
703.25	0.2468
703.125	0.2452
703.0	0.2468
702.875	0.2492
702.75	0.2468
702.625	0.25
702.5	0.2484
702.375	0.2452
702.25	0.2476
702.125	0.2452
702.0	0.2476
701.875	0.2476
701.75	0.246
701.625	0.2452
701.5	0.2468
701.375	0.2452
701.25	0.2452
701.125	0.2452
701.0	0.2452
700.875	0.2452
700.75	0.2452
700.625	0.2452
700.5	0.2452
700.375	0.2437
700.25	0.246
700.125	0.2452
700.0	0.246
699.875	0.2476
699.75	0.246
699.625	0.2452
699.5	0.2452
699.375	0.2452
699.25	0.2452
699.125	0.2452
699.0	0.2437
698.875	0.2452
698.75	0.2444
698.625	0.2444
698.5	0.2452
698.375	0.2444
698.25	0.2444
698.125	0.2444
698.0	0.2452
697.875	0.2437
697.75	0.2444
697.625	0.246
697.5	0.2452
697.375	0.2452
697.25	0.2452
697.125	0.2413
697.0	0.2429
696.875	0.2437
696.75	0.2421
696.625	0.2429
696.5	0.2452
696.375	0.2452
696.25	0.2452
696.125	0.2444
696.0	0.2468
695.875	0.2437
695.75	0.2452
695.625	0.2444
695.5	0.2437
695.375	0.2444
695.25	0.2429
695.125	0.2452
695.0	0.2429
694.875	0.2437
694.75	0.2452
694.625	0.2452
694.5	0.246
694.375	0.2452
694.25	0.2476
694.125	0.2515
694.0	0.2547
693.875	0.257
693.75	0.2633
693.625	0.2712
693.5	0.2798
693.375	0.2948
693.25	0.3066
693.125	0.3183
693.0	0.3301
692.875	0.3404
692.75	0.3474
692.625	0.3529
692.5	0.3584
692.375	0.36
692.25	0.3624
692.125	0.3632
692.0	0.3632
691.875	0.3608
691.75	0.3584
691.625	0.3522
691.5	0.3443
691.375	0.3349
691.25	0.3262
691.125	0.3207
691.0	0.3128
690.875	0.3073
690.75	0.3058
690.625	0.3018
690.5	0.3011
690.375	0.2955
690.25	0.2924
690.125	0.2877
690.0	0.2845
689.875	0.2822
689.75	0.279
689.625	0.2759
689.5	0.2743
689.375	0.2735
689.25	0.2688
689.125	0.268
689.0	0.2657
688.875	0.2641
688.75	0.2641
688.625	0.2625
688.5	0.2594
688.375	0.2586
688.25	0.257
688.125	0.2547
688.0	0.2547
687.875	0.2547
687.75	0.2539
687.625	0.2539
687.5	0.2523
687.375	0.2507
687.25	0.25
687.125	0.25
687.0	0.25
686.875	0.25
686.75	0.25
686.625	0.2492
686.5	0.25
686.375	0.25
686.25	0.25
686.125	0.2515
686.0	0.25
685.875	0.2547
685.75	0.257
685.625	0.2594
685.5	0.2641
685.375	0.2704
685.25	0.2775
685.125	0.2838
685.0	0.2885
684.875	0.2932
684.75	0.2971
684.625	0.3003
684.5	0.3018
684.375	0.3034
684.25	0.305
684.125	0.3026
684.0	0.3018
683.875	0.3018
683.75	0.3018
683.625	0.2971
683.5	0.2932
683.375	0.29
683.25	0.2877
683.125	0.2822
683.0	0.2783
682.875	0.2775
682.75	0.2735
682.625	0.2735
682.5	0.272
682.375	0.2696
682.25	0.2688
682.125	0.2665
682.0	0.2649
681.875	0.2641
681.75	0.2641
681.625	0.261
681.5	0.2594
681.375	0.2594
681.25	0.2594
681.125	0.257
681.0	0.2594
680.875	0.2555
680.75	0.2547
680.625	0.2547
680.5	0.2547
680.375	0.2547
680.25	0.2531
680.125	0.2531
680.0	0.2523
679.875	0.25
679.75	0.25
679.625	0.2523
679.5	0.25
679.375	0.2515
679.25	0.25
679.125	0.25
679.0	0.25
678.875	0.25
678.75	0.25
678.625	0.2515
678.5	0.25
678.375	0.25
678.25	0.2539
678.125	0.2547
678.0	0.2531
677.875	0.2547
677.75	0.2555
677.625	0.257
677.5	0.2562
677.375	0.2578
677.25	0.2594
677.125	0.2594
677.0	0.2594
676.875	0.2594
676.75	0.2594
676.625	0.2594
676.5	0.261
676.375	0.2594
676.25	0.2594
676.125	0.2578
676.0	0.2555
675.875	0.257
675.75	0.2547
675.625	0.2547
675.5	0.2555
675.375	0.2547
675.25	0.2547
675.125	0.2547
675.0	0.2539
674.875	0.2539
674.75	0.2523
674.625	0.2531
674.5	0.25
674.375	0.25
674.25	0.25
674.125	0.2507
674.0	0.25
673.875	0.25
673.75	0.25
673.625	0.25
673.5	0.25
673.375	0.25
673.25	0.2492
673.125	0.2484
673.0	0.2492
672.875	0.25
672.75	0.25
672.625	0.25
672.5	0.25
672.375	0.25
672.25	0.25
672.125	0.25
672.0	0.25
671.875	0.2492
671.75	0.25
671.625	0.25
671.5	0.25
671.375	0.2507
671.25	0.25
671.125	0.25
671.0	0.2492
670.875	0.25
670.75	0.25
670.625	0.25
670.5	0.2492
670.375	0.2476
670.25	0.25
670.125	0.2492
670.0	0.25
669.875	0.25
669.75	0.2492
669.625	0.25
669.5	0.25
669.375	0.2476
669.25	0.2476
669.125	0.2468
669.0	0.2492
668.875	0.2468
668.75	0.2492
668.625	0.2484
668.5	0.25
668.375	0.2484
668.25	0.2492
668.125	0.2468
668.0	0.2484
667.875	0.2484
667.75	0.2468
667.625	0.2476
667.5	0.246
667.375	0.246
667.25	0.246
667.125	0.2484
667.0	0.2468
666.875	0.2484
666.75	0.2476
666.625	0.2476
666.5	0.2492
666.375	0.2476
666.25	0.2492
666.125	0.25
666.0	0.2484
665.875	0.2476
665.75	0.2492
665.625	0.25
665.5	0.25
665.375	0.2468
665.25	0.2492
665.125	0.2492
665.0	0.2476
664.875	0.25
664.75	0.2476
664.625	0.2492
664.5	0.2492
664.375	0.2492
664.25	0.25
664.125	0.2492
664.0	0.25
663.875	0.2492
663.75	0.2492
663.625	0.246
663.5	0.25
663.375	0.25
663.25	0.25
663.125	0.2492
663.0	0.25
662.875	0.25
662.75	0.2492
662.625	0.2484
662.5	0.2484
662.375	0.25
662.25	0.25
662.125	0.25
662.0	0.2492
661.875	0.25
661.75	0.2492
661.625	0.2484
661.5	0.2484
661.375	0.2468
661.25	0.2484
661.125	0.2468
661.0	0.2476
660.875	0.2484
660.75	0.2476
660.625	0.2492
660.5	0.2468
660.375	0.246
660.25	0.2452
660.125	0.2476
660.0	0.246
659.875	0.2468
659.75	0.2484
659.625	0.246
659.5	0.2476
659.375	0.2492
659.25	0.2452
659.125	0.246
659.0	0.2476
658.875	0.246
658.75	0.246
658.625	0.2468
658.5	0.2468
658.375	0.2468
658.25	0.2492
658.125	0.246
658.0	0.2452
657.875	0.2492
657.75	0.2484
657.625	0.25
657.5	0.2476
657.375	0.2484
657.25	0.2484
657.125	0.2484
657.0	0.25
656.875	0.25
656.75	0.2507
656.625	0.25
656.5	0.25
656.375	0.25
656.25	0.25
656.125	0.25
656.0	0.2507
655.875	0.2531
655.75	0.25
655.625	0.2507
655.5	0.2539
655.375	0.2523
655.25	0.2515
655.125	0.2515
655.0	0.2547
654.875	0.2547
654.75	0.2547
654.625	0.2547
654.5	0.2547
654.375	0.2547
654.25	0.2547
654.125	0.2547
654.0	0.2547
653.875	0.2539
653.75	0.2539
653.625	0.2531
653.5	0.2547
653.375	0.2555
653.25	0.2562
653.125	0.2594
653.0	0.2625
652.875	0.268
652.75	0.2751
652.625	0.2845
652.5	0.2979
652.375	0.3121
652.25	0.3309
652.125	0.3498
652.0	0.3679
651.875	0.3836
651.75	0.3954
651.625	0.4072
651.5	0.4135
651.375	0.4198
651.25	0.4245
651.125	0.4261
651.0	0.4268
650.875	0.4261
650.75	0.4221
650.625	0.4166
650.5	0.4072
650.375	0.3922
650.25	0.3805
650.125	0.3671
650.0	0.3577
649.875	0.3482
649.75	0.3427
649.625	0.3341
649.5	0.3301
649.375	0.3246
649.25	0.3199
649.125	0.3144
649.0	0.3105
648.875	0.3042
648.75	0.3018
648.625	0.2971
648.5	0.2932
648.375	0.2877
648.25	0.2853
648.125	0.2822
648.0	0.2806
647.875	0.2783
647.75	0.2783
647.625	0.2735
647.5	0.272
647.375	0.2727
647.25	0.2704
647.125	0.2696
647.0	0.2688
646.875	0.2688
646.75	0.2672
646.625	0.268
646.5	0.2641
646.375	0.2641
646.25	0.2641
646.125	0.2633
646.0	0.2641
645.875	0.2641
645.75	0.2641
645.625	0.2641
645.5	0.2641
645.375	0.2665
645.25	0.2641
645.125	0.2641
645.0	0.2641
644.875	0.2657
644.75	0.2657
644.625	0.2641
644.5	0.2657
644.375	0.268
644.25	0.2641
644.125	0.2672
644.0	0.2641
643.875	0.2641
643.75	0.2625
643.625	0.2617
643.5	0.2617
643.375	0.2641
643.25	0.2594
643.125	0.2594
643.0	0.2578
642.875	0.2562
642.75	0.2586
642.625	0.2547
642.5	0.2547
642.375	0.2547
642.25	0.2547
642.125	0.2547
642.0	0.2547
641.875	0.2547
641.75	0.2539
641.625	0.2547
641.5	0.2547
641.375	0.2523
641.25	0.2539
641.125	0.2539
641.0	0.2547
640.875	0.2547
640.75	0.2547
640.625	0.2547
640.5	0.2547
640.375	0.2555
640.25	0.2562
640.125	0.2586
640.0	0.2594
639.875	0.2594
639.75	0.261
639.625	0.2625
639.5	0.2641
639.375	0.2641
639.25	0.2657
639.125	0.2657
639.0	0.2688
638.875	0.2665
638.75	0.2688
638.625	0.2688
638.5	0.2688
638.375	0.2688
638.25	0.268
638.125	0.2665
638.0	0.2688
637.875	0.268
637.75	0.2665
637.625	0.2649
637.5	0.2665
637.375	0.2672
637.25	0.2657
637.125	0.2672
637.0	0.2657
636.875	0.2649
636.75	0.2657
636.625	0.2649
636.5	0.2649
636.375	0.2649
636.25	0.2657
636.125	0.2641
636.0	0.2641
635.875	0.2641
635.75	0.2641
635.625	0.2641
635.5	0.2657
635.375	0.2641
635.25	0.2641
635.125	0.2649
635.0	0.268
634.875	0.2672
634.75	0.2688
634.625	0.2688
634.5	0.2696
634.375	0.2688
634.25	0.2688
634.125	0.2688
634.0	0.2696
633.875	0.2696
633.75	0.2688
633.625	0.2696
633.5	0.2688
633.375	0.2688
633.25	0.268
633.125	0.268
633.0	0.2688
632.875	0.2657
632.75	0.2649
632.625	0.2641
632.5	0.2649
632.375	0.2641
632.25	0.2657
632.125	0.2649
632.0	0.2649
631.875	0.268
631.75	0.2672
631.625	0.2696
631.5	0.2704
631.375	0.2735
631.25	0.2735
631.125	0.2735
631.0	0.2743
630.875	0.2751
630.75	0.2751
630.625	0.2751
630.5	0.2743
630.375	0.2759
630.25	0.2751
630.125	0.2783
630.0	0.2743
629.875	0.2751
629.75	0.2735
629.625	0.2735
629.5	0.2696
629.375	0.2688
629.25	0.2688
629.125	0.2688
629.0	0.2688
628.875	0.268
628.75	0.2672
628.625	0.2665
628.5	0.2657
628.375	0.2649
628.25	0.2641
628.125	0.2657
628.0	0.2641
627.875	0.2633
627.75	0.261
627.625	0.2625
627.5	0.2602
627.375	0.2602
627.25	0.2594
627.125	0.2562
627.0	0.257
626.875	0.2562
626.75	0.2547
626.625	0.2555
626.5	0.2547
626.375	0.2555
626.25	0.2547
626.125	0.2547
626.0	0.2547
625.875	0.2555
625.75	0.2547
625.625	0.2547
625.5	0.2547
625.375	0.2539
625.25	0.2547
625.125	0.2547
625.0	0.2539
624.875	0.2555
624.75	0.2547
624.625	0.2547
624.5	0.2562
624.375	0.2547
624.25	0.2555
624.125	0.257
624.0	0.2586
623.875	0.2586
623.75	0.2586
623.625	0.2602
623.5	0.2594
623.375	0.2594
623.25	0.2594
623.125	0.2594
623.0	0.2594
622.875	0.2594
622.75	0.2594
622.625	0.2594
622.5	0.2594
622.375	0.2602
622.25	0.2594
622.125	0.2594
622.0	0.2602
621.875	0.2578
621.75	0.261
621.625	0.2594
621.5	0.2578
621.375	0.2617
621.25	0.2594
621.125	0.2594
621.0	0.2594
620.875	0.2586
620.75	0.2594
620.625	0.2594
620.5	0.2586
620.375	0.257
620.25	0.2547
620.125	0.2547
620.0	0.2547
619.875	0.2555
619.75	0.2547
619.625	0.2547
619.5	0.2547
619.375	0.2547
619.25	0.2539
619.125	0.2539
619.0	0.2539
618.875	0.2523
618.75	0.25
618.625	0.2507
618.5	0.2523
618.375	0.25
618.25	0.2507
618.125	0.2507
618.0	0.25
617.875	0.2523
617.75	0.25
617.625	0.25
617.5	0.25
617.375	0.2523
617.25	0.2539
617.125	0.2547
617.0	0.2539
616.875	0.2531
616.75	0.2531
616.625	0.2539
616.5	0.2547
616.375	0.2555
616.25	0.2547
616.125	0.2547
616.0	0.2547
615.875	0.2547
615.75	0.2555
615.625	0.2547
615.5	0.2547
615.375	0.257
615.25	0.2547
615.125	0.2555
615.0	0.2555
614.875	0.2562
614.75	0.2547
614.625	0.2547
614.5	0.2555
614.375	0.2547
614.25	0.2555
614.125	0.2547
614.0	0.2555
613.875	0.2539
613.75	0.2539
613.625	0.2555
613.5	0.2562
613.375	0.2562
613.25	0.2531
613.125	0.2547
613.0	0.2547
612.875	0.2547
612.75	0.2547
612.625	0.2547
612.5	0.2539
612.375	0.2547
612.25	0.2515
612.125	0.2547
612.0	0.2531
611.875	0.2523
611.75	0.2507
611.625	0.2507
611.5	0.2507
611.375	0.25
611.25	0.25
611.125	0.25
611.0	0.2539
610.875	0.25
610.75	0.2547
610.625	0.2547
610.5	0.2555
610.375	0.2594
610.25	0.2641
610.125	0.2688
610.0	0.2767
609.875	0.2838
609.75	0.2948
609.625	0.3018
609.5	0.3089
609.375	0.3144
609.25	0.3207
609.125	0.3254
609.0	0.3286
608.875	0.3294
608.75	0.3301
608.625	0.3301
608.5	0.3301
608.375	0.3294
608.25	0.3262
608.125	0.3238
608.0	0.3168
607.875	0.3105
607.75	0.3058
607.625	0.2995
607.5	0.2955
607.375	0.2948
607.25	0.2893
607.125	0.2861
607.0	0.2845
606.875	0.283
606.75	0.279
606.625	0.2743
606.5	0.2727
606.375	0.2735
606.25	0.2688
606.125	0.2688
606.0	0.2688
605.875	0.2649
605.75	0.2665
605.625	0.2641
605.5	0.2665
605.375	0.2696
605.25	0.2688
605.125	0.2751
605.0	0.2783
604.875	0.2814
604.75	0.283
604.625	0.2861
604.5	0.2861
604.375	0.2861
604.25	0.2869
604.125	0.2893
604.0	0.2885
603.875	0.29
603.75	0.2893
603.625	0.2877
603.5	0.2861
603.375	0.283
603.25	0.2798
603.125	0.2767
603.0	0.2751
602.875	0.2735
602.75	0.2688
602.625	0.268
602.5	0.2665
602.375	0.2657
602.25	0.2649
602.125	0.2641
602.0	0.2633
601.875	0.261
601.75	0.2625
601.625	0.261
601.5	0.261
601.375	0.2633
601.25	0.2641
601.125	0.2625
601.0	0.2641
600.875	0.2672
600.75	0.2657
600.625	0.2657
600.5	0.2665
600.375	0.268
600.25	0.268
600.125	0.2649
600.0	0.268
599.875	0.2665
599.75	0.2688
599.625	0.2641
599.5	0.2641
599.375	0.2625
599.25	0.2602
599.125	0.2625
599.0	0.2594
598.875	0.2594
598.75	0.2586
598.625	0.2594
598.5	0.2578
598.375	0.2594
598.25	0.2586
598.125	0.257
598.0	0.2578
597.875	0.2562
597.75	0.2547
597.625	0.2562
597.5	0.2547
597.375	0.2555
597.25	0.2547
597.125	0.2539
597.0	0.2547
596.875	0.2539
596.75	0.2547
596.625	0.2547
596.5	0.2539
596.375	0.2547
596.25	0.2515
596.125	0.25
596.0	0.2515
595.875	0.2507
595.75	0.2515
595.625	0.2531
595.5	0.2523
595.375	0.25
595.25	0.25
595.125	0.2507
595.0	0.2507
594.875	0.25
594.75	0.25
594.625	0.25
594.5	0.25
594.375	0.2515
594.25	0.2507
594.125	0.2507
594.0	0.2531
593.875	0.2507
593.75	0.2507
593.625	0.2523
593.5	0.2507
593.375	0.25
593.25	0.2515
593.125	0.2523
593.0	0.2515
592.875	0.2507
592.75	0.25
592.625	0.2507
592.5	0.25
592.375	0.2515
592.25	0.25
592.125	0.2507
592.0	0.25
591.875	0.2515
591.75	0.25
591.625	0.25
591.5	0.25
591.375	0.25
591.25	0.25
591.125	0.2515
591.0	0.2507
590.875	0.2507
590.75	0.2531
590.625	0.2515
590.5	0.2547
590.375	0.2515
590.25	0.2507
590.125	0.2531
590.0	0.2547
589.875	0.2547
589.75	0.2531
589.625	0.2547
589.5	0.2539
589.375	0.2539
589.25	0.2547
589.125	0.2539
589.0	0.2547
588.875	0.2515
588.75	0.2547
588.625	0.2539
588.5	0.2547
588.375	0.2531
588.25	0.2547
588.125	0.2531
588.0	0.2547
587.875	0.2547
587.75	0.2547
587.625	0.2539
587.5	0.2547
587.375	0.2547
587.25	0.2531
587.125	0.2547
587.0	0.2531
586.875	0.2539
586.75	0.2547
586.625	0.2531
586.5	0.2515
586.375	0.2547
586.25	0.2539
586.125	0.2539
586.0	0.2531
585.875	0.2523
585.75	0.2531
585.625	0.2507
585.5	0.2515
585.375	0.2515
585.25	0.2547
585.125	0.2531
585.0	0.2523
584.875	0.2515
584.75	0.2507
584.625	0.2547
584.5	0.2539
584.375	0.2547
584.25	0.2539
584.125	0.2547
584.0	0.2547
583.875	0.2547
583.75	0.2547
583.625	0.2539
583.5	0.2547
583.375	0.2547
583.25	0.2547
583.125	0.2547
583.0	0.2547
582.875	0.2547
582.75	0.2547
582.625	0.2547
582.5	0.2547
582.375	0.2547
582.25	0.2539
582.125	0.2539
582.0	0.2547
581.875	0.2547
581.75	0.2555
581.625	0.2539
581.5	0.2547
581.375	0.2547
581.25	0.2547
581.125	0.2547
581.0	0.2555
580.875	0.2547
580.75	0.2531
580.625	0.2547
580.5	0.2547
580.375	0.2547
580.25	0.2547
580.125	0.2539
580.0	0.2547
579.875	0.2547
579.75	0.2547
579.625	0.2531
579.5	0.2555
579.375	0.2547
579.25	0.2547
579.125	0.2547
579.0	0.2555
578.875	0.2547
578.75	0.2547
578.625	0.2547
578.5	0.2555
578.375	0.2562
578.25	0.2562
578.125	0.2555
578.0	0.2578
577.875	0.2586
577.75	0.257
577.625	0.2562
577.5	0.2562
577.375	0.257
577.25	0.2586
577.125	0.2578
577.0	0.2562
576.875	0.2547
576.75	0.2562
576.625	0.2562
576.5	0.2586
576.375	0.2547
576.25	0.257
576.125	0.2547
576.0	0.2547
575.875	0.2547
575.75	0.2555
575.625	0.2547
575.5	0.2555
575.375	0.2547
575.25	0.2547
575.125	0.2547
575.0	0.2547
574.875	0.2547
574.75	0.2547
574.625	0.2547
574.5	0.2531
574.375	0.2547
574.25	0.2547
574.125	0.2539
574.0	0.2531
573.875	0.2547
573.75	0.2547
573.625	0.2555
573.5	0.2547
573.375	0.2555
573.25	0.2594
573.125	0.2586
573.0	0.2594
572.875	0.2594
572.75	0.2617
572.625	0.261
572.5	0.2625
572.375	0.2641
572.25	0.2641
572.125	0.2625
572.0	0.2602
571.875	0.2617
571.75	0.2625
571.625	0.2617
571.5	0.2594
571.375	0.261
571.25	0.2594
571.125	0.2617
571.0	0.2594
570.875	0.2594
570.75	0.2594
570.625	0.261
570.5	0.2594
570.375	0.2594
570.25	0.2586
570.125	0.2594
570.0	0.2594
569.875	0.2617
569.75	0.2594
569.625	0.2586
569.5	0.261
569.375	0.2594
569.25	0.2586
569.125	0.2594
569.0	0.2594
568.875	0.2617
568.75	0.2602
568.625	0.2594
568.5	0.2617
568.375	0.261
568.25	0.2602
568.125	0.2633
568.0	0.2641
567.875	0.2625
567.75	0.2641
567.625	0.2641
567.5	0.2641
567.375	0.2649
567.25	0.2649
567.125	0.2641
567.0	0.2641
566.875	0.2641
566.75	0.2641
566.625	0.2641
566.5	0.2617
566.375	0.2625
566.25	0.2641
566.125	0.2617
566.0	0.2617
565.875	0.2641
565.75	0.2625
565.625	0.2617
565.5	0.261
565.375	0.2625
565.25	0.2602
565.125	0.2602
565.0	0.2594
564.875	0.2578
564.75	0.2594
564.625	0.2594
564.5	0.2586
564.375	0.2594
564.25	0.257
564.125	0.2562
564.0	0.2555
563.875	0.2562
563.75	0.2578
563.625	0.257
563.5	0.2594
563.375	0.2555
563.25	0.2586
563.125	0.2594
563.0	0.2594
562.875	0.2594
562.75	0.2594
562.625	0.261
562.5	0.261
562.375	0.2617
562.25	0.2594
562.125	0.2625
562.0	0.2625
561.875	0.2641
561.75	0.2633
561.625	0.2641
561.5	0.2641
561.375	0.2625
561.25	0.2641
561.125	0.2641
561.0	0.2625
560.875	0.2641
560.75	0.2633
560.625	0.2633
560.5	0.2633
560.375	0.2625
560.25	0.2641
560.125	0.2641
560.0	0.2617
559.875	0.2625
559.75	0.2602
559.625	0.2602
559.5	0.2586
559.375	0.2594
559.25	0.2594
559.125	0.2594
559.0	0.2594
558.875	0.2578
558.75	0.2594
558.625	0.2594
558.5	0.2594
558.375	0.2602
558.25	0.2602
558.125	0.2602
558.0	0.261
557.875	0.2617
557.75	0.2641
557.625	0.2633
557.5	0.2641
557.375	0.2641
557.25	0.2641
557.125	0.2641
557.0	0.2649
556.875	0.2641
556.75	0.2649
556.625	0.2657
556.5	0.2649
556.375	0.2641
556.25	0.2649
556.125	0.2649
556.0	0.2657
555.875	0.2649
555.75	0.2641
555.625	0.2641
555.5	0.2641
555.375	0.2641
555.25	0.2641
555.125	0.2633
555.0	0.2641
554.875	0.2625
554.75	0.2641
554.625	0.261
554.5	0.261
554.375	0.261
554.25	0.2586
554.125	0.2594
554.0	0.2594
553.875	0.257
553.75	0.2594
553.625	0.2594
553.5	0.2594
553.375	0.2586
553.25	0.2625
553.125	0.2594
553.0	0.2594
552.875	0.2594
552.75	0.2617
552.625	0.2617
552.5	0.2625
552.375	0.2594
552.25	0.2594
552.125	0.261
552.0	0.2594
551.875	0.261
551.75	0.2602
551.625	0.2633
551.5	0.2594
551.375	0.2594
551.25	0.2633
551.125	0.2594
551.0	0.2602
550.875	0.261
550.75	0.2594
550.625	0.2602
550.5	0.2594
550.375	0.2594
550.25	0.2578
550.125	0.2594
550.0	0.2586
549.875	0.2555
549.75	0.2578
549.625	0.257
549.5	0.2547
549.375	0.2547
549.25	0.2555
549.125	0.2547
549.0	0.2547
548.875	0.2547
548.75	0.2539
548.625	0.2507
548.5	0.25
548.375	0.2523
548.25	0.2515
548.125	0.25
548.0	0.2507
547.875	0.25
547.75	0.25
547.625	0.25
547.5	0.2507
547.375	0.25
547.25	0.25
547.125	0.2492
547.0	0.2492
546.875	0.25
546.75	0.2492
546.625	0.2492
546.5	0.2492
546.375	0.2484
546.25	0.25
546.125	0.2476
546.0	0.25
545.875	0.25
545.75	0.2492
545.625	0.2476
545.5	0.2476
545.375	0.246
545.25	0.25
545.125	0.2444
545.0	0.25
544.875	0.2484
544.75	0.2492
544.625	0.2476
544.5	0.2476
544.375	0.2492
544.25	0.2468
544.125	0.2484
544.0	0.2476
543.875	0.2476
543.75	0.2484
543.625	0.2484
543.5	0.246
543.375	0.2484
543.25	0.2468
543.125	0.25
543.0	0.2452
542.875	0.2492
542.75	0.2468
542.625	0.2476
542.5	0.2476
542.375	0.2468
542.25	0.2476
542.125	0.2492
542.0	0.2476
541.875	0.2492
541.75	0.2484
541.625	0.246
541.5	0.2492
541.375	0.2484
541.25	0.2476
541.125	0.2484
541.0	0.2468
540.875	0.2468
540.75	0.2484
540.625	0.2476
540.5	0.2476
540.375	0.2484
540.25	0.2492
540.125	0.2476
540.0	0.246
539.875	0.246
539.75	0.2484
539.625	0.246
539.5	0.2476
539.375	0.2492
539.25	0.2476
539.125	0.2476
539.0	0.2492
538.875	0.2476
538.75	0.2468
538.625	0.2492
538.5	0.2476
538.375	0.246
538.25	0.246
538.125	0.246
538.0	0.246
537.875	0.2476
537.75	0.2468
537.625	0.2484
537.5	0.2484
537.375	0.246
537.25	0.2492
537.125	0.2484
537.0	0.2468
536.875	0.246
536.75	0.2476
536.625	0.2484
536.5	0.2484
536.375	0.2468
536.25	0.2468
536.125	0.2492
536.0	0.25
535.875	0.2468
535.75	0.2468
535.625	0.2476
535.5	0.2476
535.375	0.2476
535.25	0.2484
535.125	0.2484
535.0	0.246
534.875	0.25
534.75	0.25
534.625	0.25
534.5	0.25
534.375	0.2484
534.25	0.25
534.125	0.25
534.0	0.2476
533.875	0.2492
533.75	0.2468
533.625	0.2492
533.5	0.2484
533.375	0.2492
533.25	0.25
533.125	0.2476
533.0	0.25
532.875	0.25
532.75	0.25
532.625	0.2492
532.5	0.2492
532.375	0.2484
532.25	0.25
532.125	0.25
532.0	0.2492
531.875	0.25
531.75	0.2492
531.625	0.25
531.5	0.25
531.375	0.25
531.25	0.25
531.125	0.25
531.0	0.25
530.875	0.2507
530.75	0.2507
530.625	0.2492
530.5	0.2507
530.375	0.25
530.25	0.25
530.125	0.2492
530.0	0.2515
529.875	0.25
529.75	0.25
529.625	0.25
529.5	0.25
529.375	0.25
529.25	0.25
529.125	0.25
529.0	0.25
528.875	0.25
528.75	0.2515
528.625	0.25
528.5	0.25
528.375	0.2507
528.25	0.2492
528.125	0.25
528.0	0.25
527.875	0.2507
527.75	0.25
527.625	0.25
527.5	0.25
527.375	0.25
527.25	0.25
527.125	0.2492
527.0	0.25
526.875	0.25
526.75	0.2484
526.625	0.25
526.5	0.25
526.375	0.25
526.25	0.25
526.125	0.25
526.0	0.25
525.875	0.25
525.75	0.25
525.625	0.25
525.5	0.2507
525.375	0.2523
525.25	0.25
525.125	0.25
525.0	0.25
524.875	0.25
524.75	0.2531
524.625	0.25
524.5	0.25
524.375	0.25
524.25	0.2523
524.125	0.2507
524.0	0.2515
523.875	0.2507
523.75	0.25
523.625	0.25
523.5	0.2507
523.375	0.2507
523.25	0.25
523.125	0.2515
523.0	0.25
522.875	0.25
522.75	0.25
522.625	0.2507
522.5	0.25
522.375	0.2507
522.25	0.2507
522.125	0.25
522.0	0.2507
521.875	0.2492
521.75	0.25
521.625	0.25
521.5	0.25
521.375	0.25
521.25	0.25
521.125	0.2515
521.0	0.2507
520.875	0.2507
520.75	0.2515
520.625	0.2507
520.5	0.2515
520.375	0.25
520.25	0.25
520.125	0.25
520.0	0.2507
519.875	0.25
519.75	0.25
519.625	0.2507
519.5	0.25
519.375	0.25
519.25	0.25
519.125	0.2507
519.0	0.2515
518.875	0.2515
518.75	0.25
518.625	0.25
518.5	0.2507
518.375	0.25
518.25	0.25
518.125	0.2515
518.0	0.2507
517.875	0.2523
517.75	0.2507
517.625	0.2515
517.5	0.2531
517.375	0.2531
517.25	0.2507
517.125	0.2523
517.0	0.2523
516.875	0.25
516.75	0.2507
516.625	0.25
516.5	0.25
516.375	0.2507
516.25	0.25
516.125	0.2507
516.0	0.2515
515.875	0.2523
515.75	0.2507
515.625	0.2523
515.5	0.25
515.375	0.25
515.25	0.25
515.125	0.25
515.0	0.2515
514.875	0.25
514.75	0.25
514.625	0.2515
514.5	0.2507
514.375	0.25
514.25	0.2523
514.125	0.25
514.0	0.25
513.875	0.2523
513.75	0.25
513.625	0.2507
513.5	0.25
513.375	0.25
513.25	0.25
513.125	0.25
513.0	0.2492
512.875	0.25
512.75	0.25
512.625	0.2484
512.5	0.2492
512.375	0.25
512.25	0.2492
512.125	0.2492
512.0	0.25
511.875	0.2468
511.75	0.2492
511.625	0.246
511.5	0.2468
511.375	0.2476
511.25	0.2452
511.125	0.2452
511.0	0.2452
510.875	0.2444
510.75	0.2452
510.625	0.2452
510.5	0.2452
510.375	0.2452
510.25	0.2452
510.125	0.2452
510.0	0.2444
509.875	0.2429
509.75	0.2444
509.625	0.2452
509.5	0.2444
509.375	0.2452
509.25	0.2452
509.125	0.2429
509.0	0.2421
508.875	0.2437
508.75	0.2444
508.625	0.2437
508.5	0.2437
508.375	0.2444
508.25	0.2437
508.125	0.2452
508.0	0.2444
507.875	0.2452
507.75	0.2452
507.625	0.2413
507.5	0.2429
507.375	0.2444
507.25	0.2452
507.125	0.2429
507.0	0.2413
506.875	0.2437
506.75	0.2429
506.625	0.2429
506.5	0.2444
506.375	0.2452
506.25	0.2437
506.125	0.2429
506.0	0.2437
505.875	0.2413
505.75	0.2429
505.625	0.2421
505.5	0.2429
505.375	0.2413
505.25	0.2405
505.125	0.2405
505.0	0.2405
504.875	0.2366
504.75	0.2358
504.625	0.2311
504.5	0.2295
504.375	0.2311
504.25	0.2287
504.125	0.2264
504.0	0.2264
503.875	0.2272
503.75	0.2279
503.625	0.2264
503.5	0.2264
503.375	0.2256
503.25	0.2264
503.125	0.2264
503.0	0.2264
502.875	0.2264
502.75	0.2264
502.625	0.2264
502.5	0.2264
502.375	0.2232
502.25	0.2256
502.125	0.224
502.0	0.2216
501.875	0.2216
501.75	0.2216
501.625	0.2216
501.5	0.2216
501.375	0.2224
501.25	0.2216
501.125	0.2216
501.0	0.2232
500.875	0.2256
500.75	0.2264
500.625	0.2264
500.5	0.2264
500.375	0.2303
500.25	0.2311
500.125	0.2311
500.0	0.2327
499.875	0.2358
499.75	0.2366
499.625	0.2389
499.5	0.2405
499.375	0.2405
499.25	0.2405
499.125	0.2413
499.0	0.2429
498.875	0.2421
498.75	0.2421
498.625	0.2429
498.5	0.2429
498.375	0.2437
498.25	0.2452
498.125	0.2444
498.0	0.2468
497.875	0.2437
497.75	0.2452
497.625	0.2452
497.5	0.2452
497.375	0.2452
497.25	0.246
497.125	0.2468
497.0	0.246
496.875	0.2468
496.75	0.2452
496.625	0.246
496.5	0.2476
496.375	0.2492
496.25	0.2484
496.125	0.2476
496.0	0.2476
495.875	0.246
495.75	0.2476
495.625	0.25
495.5	0.2476
495.375	0.2492
495.25	0.25
495.125	0.25
495.0	0.25
494.875	0.25
494.75	0.25
494.625	0.25
494.5	0.2492
494.375	0.25
494.25	0.2492
494.125	0.25
494.0	0.2492
493.875	0.2492
493.75	0.25
493.625	0.25
493.5	0.2492
493.375	0.2484
493.25	0.2452
493.125	0.2484
493.0	0.2468
492.875	0.2468
492.75	0.2492
492.625	0.2468
492.5	0.2468
492.375	0.2468
492.25	0.2476
492.125	0.2452
492.0	0.2476
491.875	0.2468
491.75	0.2468
491.625	0.2468
491.5	0.246
491.375	0.2452
491.25	0.2468
491.125	0.246
491.0	0.2452
490.875	0.2452
490.75	0.2452
490.625	0.246
490.5	0.246
490.375	0.2476
490.25	0.246
490.125	0.246
490.0	0.2452
489.875	0.2452
489.75	0.2452
489.625	0.2452
489.5	0.2452
489.375	0.246
489.25	0.2468
489.125	0.2476
489.0	0.2452
488.875	0.2452
488.75	0.2452
488.625	0.246
488.5	0.246
488.375	0.2452
488.25	0.2452
488.125	0.2452
488.0	0.246
487.875	0.2468
487.75	0.2444
487.625	0.2452
487.5	0.2476
487.375	0.2452
487.25	0.246
487.125	0.2452
487.0	0.2468
486.875	0.2444
486.75	0.2437
486.625	0.2444
486.5	0.2452
486.375	0.2452
486.25	0.246
486.125	0.2468
486.0	0.2429
485.875	0.2452
485.75	0.2452
485.625	0.2452
485.5	0.2452
485.375	0.2452
485.25	0.2444
485.125	0.2452
485.0	0.2452
484.875	0.246
484.75	0.246
484.625	0.2452
484.5	0.2468
484.375	0.2476
484.25	0.246
484.125	0.2452
484.0	0.2452
483.875	0.2468
483.75	0.2452
483.625	0.246
483.5	0.2452
483.375	0.246
483.25	0.246
483.125	0.2468
483.0	0.246
482.875	0.246
482.75	0.246
482.625	0.246
482.5	0.2468
482.375	0.2452
482.25	0.2452
482.125	0.2468
482.0	0.2452
481.875	0.2452
481.75	0.2468
481.625	0.246
481.5	0.2468
481.375	0.2452
481.25	0.2468
481.125	0.2492
481.0	0.246
480.875	0.2468
480.75	0.2468
480.625	0.2468
480.5	0.2484
480.375	0.2468
480.25	0.2468
480.125	0.2452
480.0	0.2468
479.875	0.2476
479.75	0.246
479.625	0.2476
479.5	0.2452
479.375	0.2452
479.25	0.2476
479.125	0.2468
479.0	0.2452
478.875	0.2452
478.75	0.2468
478.625	0.2452
478.5	0.2452
478.375	0.2452
478.25	0.2452
478.125	0.2452
478.0	0.2452
477.875	0.2437
477.75	0.2452
477.625	0.2437
477.5	0.2444
477.375	0.2452
477.25	0.246
477.125	0.2452
477.0	0.2444
476.875	0.2452
476.75	0.2452
476.625	0.2452
476.5	0.2444
476.375	0.2452
476.25	0.2437
476.125	0.2452
476.0	0.2437
475.875	0.2452
475.75	0.2452
475.625	0.2452
475.5	0.2452
475.375	0.246
475.25	0.2452
475.125	0.2468
475.0	0.2476
474.875	0.2452
474.75	0.246
474.625	0.246
474.5	0.246
474.375	0.246
474.25	0.246
474.125	0.2452
474.0	0.2452
473.875	0.2452
473.75	0.2452
473.625	0.2452
473.5	0.246
473.375	0.2452
473.25	0.2452
473.125	0.2452
473.0	0.2452
472.875	0.246
472.75	0.246
472.625	0.2437
472.5	0.2452
472.375	0.246
472.25	0.2452
472.125	0.2444
472.0	0.2437
471.875	0.2452
471.75	0.2452
471.625	0.2452
471.5	0.2444
471.375	0.2444
471.25	0.2452
471.125	0.2437
471.0	0.2444
470.875	0.2452
470.75	0.2452
470.625	0.2452
470.5	0.2444
470.375	0.2437
470.25	0.2437
470.125	0.2452
470.0	0.2452
469.875	0.2452
469.75	0.2452
469.625	0.2452
469.5	0.2452
469.375	0.2452
469.25	0.2452
469.125	0.2484
469.0	0.246
468.875	0.246
468.75	0.2468
468.625	0.246
468.5	0.246
468.375	0.246
468.25	0.2476
468.125	0.2484
468.0	0.2468
467.875	0.2452
467.75	0.2468
467.625	0.2484
467.5	0.2452
467.375	0.246
467.25	0.25
467.125	0.2468
467.0	0.246
466.875	0.246
466.75	0.2452
466.625	0.246
466.5	0.2452
466.375	0.2468
466.25	0.246
466.125	0.246
466.0	0.2452
465.875	0.2452
465.75	0.2476
465.625	0.2452
465.5	0.2452
465.375	0.2484
465.25	0.2452
465.125	0.2452
465.0	0.2452
464.875	0.246
464.75	0.2452
464.625	0.246
464.5	0.246
464.375	0.2476
464.25	0.2452
464.125	0.246
464.0	0.2452
463.875	0.246
463.75	0.246
463.625	0.246
463.5	0.2452
463.375	0.2476
463.25	0.2452
463.125	0.2468
463.0	0.2452
462.875	0.2452
462.75	0.2452
462.625	0.2476
462.5	0.2452
462.375	0.2452
462.25	0.2476
462.125	0.2452
462.0	0.246
461.875	0.246
461.75	0.2452
461.625	0.2452
461.5	0.2452
461.375	0.2452
461.25	0.2452
461.125	0.2444
461.0	0.2452
460.875	0.2444
460.75	0.246
460.625	0.2452
460.5	0.246
460.375	0.2452
460.25	0.2452
460.125	0.2468
460.0	0.2452
459.875	0.246
459.75	0.2484
459.625	0.2468
459.5	0.2484
459.375	0.2484
459.25	0.246
459.125	0.2492
459.0	0.2492
458.875	0.246
458.75	0.2492
458.625	0.2492
458.5	0.2468
458.375	0.2468
458.25	0.2492
458.125	0.2484
458.0	0.2484
457.875	0.25
457.75	0.246
457.625	0.246
457.5	0.2452
457.375	0.2468
457.25	0.2452
457.125	0.2468
457.0	0.2476
456.875	0.2452
456.75	0.2468
456.625	0.2476
456.5	0.246
456.375	0.2476
456.25	0.2452
456.125	0.2452
456.0	0.2452
455.875	0.246
455.75	0.2444
455.625	0.2444
455.5	0.2452
455.375	0.2452
455.25	0.2452
455.125	0.2437
455.0	0.2444
454.875	0.2452
454.75	0.2444
454.625	0.2468
454.5	0.2444
454.375	0.2452
454.25	0.2452
454.125	0.2452
454.0	0.2452
453.875	0.2452
453.75	0.2452
453.625	0.2437
453.5	0.2452
453.375	0.2444
453.25	0.2452
453.125	0.2452
453.0	0.2452
452.875	0.2429
452.75	0.2452
452.625	0.2452
452.5	0.2452
452.375	0.2452
452.25	0.2452
452.125	0.2452
452.0	0.2421
451.875	0.246
451.75	0.2437
451.625	0.2452
451.5	0.2452
451.375	0.2444
451.25	0.246
451.125	0.2444
451.0	0.2452
450.875	0.2444
450.75	0.2452
450.625	0.246
450.5	0.246
450.375	0.2452
450.25	0.25
450.125	0.2452
450.0	0.2468
449.875	0.2452
449.75	0.2468
449.625	0.2476
449.5	0.2468
449.375	0.2476
449.25	0.2484
449.125	0.2484
449.0	0.2484
448.875	0.25
448.75	0.2476
448.625	0.246
448.5	0.246
448.375	0.2468
448.25	0.246
448.125	0.2452
448.0	0.246
447.875	0.246
447.75	0.2444
447.625	0.2452
447.5	0.2452
447.375	0.2452
447.25	0.2452
447.125	0.2452
447.0	0.2452
446.875	0.2452
446.75	0.2452
446.625	0.2452
446.5	0.2421
446.375	0.2452
446.25	0.2429
446.125	0.2444
446.0	0.2452
445.875	0.2452
445.75	0.2429
445.625	0.2429
445.5	0.2452
445.375	0.246
445.25	0.2437
445.125	0.2452
445.0	0.2452
444.875	0.2452
444.75	0.2429
444.625	0.2452
444.5	0.2452
444.375	0.2452
444.25	0.2444
444.125	0.2452
444.0	0.2452
443.875	0.2452
443.75	0.2444
443.625	0.2452
443.5	0.2452
443.375	0.246
443.25	0.2468
443.125	0.2452
443.0	0.246
442.875	0.246
442.75	0.2476
442.625	0.2484
442.5	0.2452
442.375	0.2468
442.25	0.246
442.125	0.2452
442.0	0.2374
441.875	0.2264
441.75	0.2216
441.625	0.2177
441.5	0.2122
441.375	0.2122
441.25	0.2122
441.125	0.2122
441.0	0.2146
440.875	0.2169
440.75	0.2216
440.625	0.2216
440.5	0.2264
440.375	0.2311
440.25	0.2311
440.125	0.2358
440.0	0.2358
439.875	0.2358
439.75	0.2382
439.625	0.2382
439.5	0.2397
439.375	0.2405
439.25	0.2397
439.125	0.2389
439.0	0.2405
438.875	0.2397
438.75	0.2405
438.625	0.2405
438.5	0.2405
438.375	0.2405
438.25	0.2429
438.125	0.2413
438.0	0.2413
437.875	0.2421
437.75	0.2421
437.625	0.2444
437.5	0.2437
437.375	0.2429
437.25	0.2421
437.125	0.2421
437.0	0.2429
436.875	0.2437
436.75	0.2437
436.625	0.2437
436.5	0.2437
436.375	0.2429
436.25	0.2421
436.125	0.2444
436.0	0.2444
435.875	0.2452
435.75	0.246
435.625	0.2468
435.5	0.2476
435.375	0.25
435.25	0.25
435.125	0.25
435.0	0.25
434.875	0.25
434.75	0.2507
434.625	0.2507
434.5	0.2539
434.375	0.2531
434.25	0.2539
434.125	0.2523
434.0	0.25
433.875	0.25
433.75	0.25
433.625	0.25
433.5	0.25
433.375	0.25
433.25	0.25
433.125	0.25
433.0	0.2492
432.875	0.25
432.75	0.2452
432.625	0.246
432.5	0.2468
432.375	0.2468
432.25	0.2452
432.125	0.2476
432.0	0.2484
431.875	0.246
431.75	0.246
431.625	0.246
431.5	0.2452
431.375	0.2468
431.25	0.2468
431.125	0.246
431.0	0.2452
430.875	0.2452
430.75	0.2452
430.625	0.2452
430.5	0.2452
430.375	0.2452
430.25	0.246
430.125	0.2452
430.0	0.2452
429.875	0.2452
429.75	0.246
429.625	0.246
429.5	0.2452
429.375	0.2452
429.25	0.2452
429.125	0.2452
429.0	0.2444
428.875	0.246
428.75	0.2452
428.625	0.246
428.5	0.2452
428.375	0.2452
428.25	0.246
428.125	0.2452
428.0	0.2452
427.875	0.2476
427.75	0.2468
427.625	0.2476
427.5	0.25
427.375	0.25
427.25	0.2531
427.125	0.2539
427.0	0.2547
426.875	0.2547
426.75	0.2562
426.625	0.2555
426.5	0.2586
426.375	0.2594
426.25	0.2594
426.125	0.2586
426.0	0.257
425.875	0.2586
425.75	0.2578
425.625	0.2555
425.5	0.2547
425.375	0.2547
425.25	0.2547
425.125	0.2547
425.0	0.2547
424.875	0.2523
424.75	0.25
424.625	0.2507
424.5	0.25
424.375	0.2476
424.25	0.25
424.125	0.25
424.0	0.2492
423.875	0.246
423.75	0.246
423.625	0.2452
423.5	0.2468
423.375	0.2452
423.25	0.246
423.125	0.2452
423.0	0.246
422.875	0.2452
422.75	0.246
422.625	0.2468
422.5	0.2476
422.375	0.2452
422.25	0.2452
422.125	0.2437
422.0	0.2452
421.875	0.2452
421.75	0.2452
421.625	0.2444
421.5	0.2468
421.375	0.2452
421.25	0.2452
421.125	0.246
421.0	0.2452
420.875	0.2452
420.75	0.2452
420.625	0.2452
420.5	0.2452
420.375	0.246
420.25	0.2484
420.125	0.2492
420.0	0.2507
419.875	0.2523
419.75	0.2523
419.625	0.2547
419.5	0.2578
419.375	0.2594
419.25	0.2594
419.125	0.2594
419.0	0.2594
418.875	0.2602
418.75	0.2586
418.625	0.2586
418.5	0.2594
418.375	0.2594
418.25	0.2586
418.125	0.2547
418.0	0.257
417.875	0.2547
417.75	0.2547
417.625	0.2531
417.5	0.2507
417.375	0.25
417.25	0.25
417.125	0.25
417.0	0.2484
416.875	0.246
416.75	0.2452
416.625	0.246
416.5	0.246
416.375	0.2468
416.25	0.246
416.125	0.2452
416.0	0.2452
415.875	0.2468
415.75	0.2452
415.625	0.2437
415.5	0.246
415.375	0.2452
415.25	0.246
415.125	0.2452
415.0	0.2468
414.875	0.2444
414.75	0.2452
414.625	0.2452
414.5	0.246
414.375	0.2492
414.25	0.25
414.125	0.25
414.0	0.2547
413.875	0.2562
413.75	0.2555
413.625	0.2578
413.5	0.2586
413.375	0.2594
413.25	0.2594
413.125	0.2641
413.0	0.2641
412.875	0.268
412.75	0.268
412.625	0.2704
412.5	0.268
412.375	0.2704
412.25	0.2696
412.125	0.2688
412.0	0.2688
411.875	0.2657
411.75	0.2665
411.625	0.2641
411.5	0.2641
411.375	0.2641
411.25	0.261
411.125	0.2594
411.0	0.2594
410.875	0.2594
410.75	0.2547
410.625	0.2547
410.5	0.2539
410.375	0.25
410.25	0.25
410.125	0.2492
410.0	0.2476
409.875	0.2476
409.75	0.2476
409.625	0.2452
409.5	0.2444
409.375	0.2452
409.25	0.2437
409.125	0.2429
409.0	0.2405
408.875	0.2429
408.75	0.2405
408.625	0.2405
408.5	0.2405
408.375	0.2405
408.25	0.2405
408.125	0.2405
408.0	0.2405
407.875	0.2405
407.75	0.2405
407.625	0.2397
407.5	0.2405
407.375	0.2389
407.25	0.2389
407.125	0.2382
407.0	0.2405
406.875	0.2405
406.75	0.2405
406.625	0.2413
406.5	0.2405
406.375	0.2413
406.25	0.2429
406.125	0.2429
406.0	0.2452
405.875	0.246
405.75	0.2484
405.625	0.25
405.5	0.2547
405.375	0.2578
405.25	0.2602
405.125	0.2641
405.0	0.2688
404.875	0.2688
404.75	0.2727
404.625	0.2735
404.5	0.2751
404.375	0.2735
404.25	0.2735
404.125	0.2727
404.0	0.2735
403.875	0.2743
403.75	0.2735
403.625	0.2688
403.5	0.268
403.375	0.2641
403.25	0.2625
403.125	0.2594
403.0	0.2578
402.875	0.2562
402.75	0.2547
402.625	0.2547
402.5	0.2547
402.375	0.2531
402.25	0.25
402.125	0.2515
402.0	0.25
401.875	0.25
401.75	0.25
401.625	0.25
401.5	0.246
401.375	0.2492
401.25	0.2484
401.125	0.2484
401.0	0.2452
400.875	0.2452
400.75	0.2452
400.625	0.2444
400.5	0.2452
400.375	0.2452
400.25	0.2452
400.125	0.2452
400.0	0.2405
399.875	0.2413
399.75	0.2421
399.625	0.2437
399.5	0.2421
399.375	0.2429
399.25	0.246
399.125	0.2468
399.0	0.25
398.875	0.25
398.75	0.257
398.625	0.2594
398.5	0.2641
398.375	0.2688
398.25	0.2735
398.125	0.2743
398.0	0.2783
397.875	0.2814
397.75	0.2853
397.625	0.2853
397.5	0.2877
397.375	0.2869
397.25	0.2877
397.125	0.2838
397.0	0.2853
396.875	0.283
396.75	0.2783
396.625	0.2735
396.5	0.272
396.375	0.2688
396.25	0.2649
396.125	0.2641
396.0	0.2617
395.875	0.2594
395.75	0.2555
395.625	0.2547
395.5	0.2539
395.375	0.2515
395.25	0.25
395.125	0.25
395.0	0.2492
394.875	0.2468
394.75	0.246
394.625	0.2452
394.5	0.2476
394.375	0.2452
394.25	0.2452
394.125	0.2452
394.0	0.2452
393.875	0.2429
393.75	0.2444
393.625	0.2429
393.5	0.2437
393.375	0.2444
393.25	0.2468
393.125	0.2452
393.0	0.25
392.875	0.2547
392.75	0.257
392.625	0.2594
392.5	0.2641
392.375	0.2688
392.25	0.2704
392.125	0.2743
392.0	0.2775
391.875	0.279
391.75	0.279
391.625	0.2814
391.5	0.2798
391.375	0.283
391.25	0.2822
391.125	0.2822
391.0	0.2783
390.875	0.2743
390.75	0.2727
390.625	0.2688
390.5	0.2641
390.375	0.2625
390.25	0.2594
390.125	0.2578
390.0	0.257
389.875	0.2547
389.75	0.2531
389.625	0.25
389.5	0.25
389.375	0.2492
389.25	0.2452
389.125	0.2452
389.0	0.2452
388.875	0.2452
388.75	0.2452
388.625	0.2452
388.5	0.2468
388.375	0.2484
388.25	0.2507
388.125	0.2539
388.0	0.2562
387.875	0.2594
387.75	0.2617
387.625	0.2641
387.5	0.2665
387.375	0.2688
387.25	0.2712
387.125	0.2727
387.0	0.2735
386.875	0.2735
386.75	0.2735
386.625	0.2735
386.5	0.272
386.375	0.2688
386.25	0.2688
386.125	0.2641
386.0	0.2602
385.875	0.2617
385.75	0.2594
385.625	0.2562
385.5	0.2547
385.375	0.2555
385.25	0.2547
385.125	0.2562
385.0	0.2586
384.875	0.261
384.75	0.2641
384.625	0.2696
384.5	0.2735
384.375	0.2783
384.25	0.2838
384.125	0.2877
384.0	0.2924
383.875	0.2971
383.75	0.2971
383.625	0.2987
383.5	0.3018
383.375	0.3018
383.25	0.2995
383.125	0.3003
383.0	0.2971
382.875	0.2924
382.75	0.29
382.625	0.2869
382.5	0.2798
382.375	0.2775
382.25	0.2735
382.125	0.2688
382.0	0.2665
381.875	0.2641
381.75	0.2602
381.625	0.2578
381.5	0.2555
381.375	0.2555
381.25	0.2547
381.125	0.2531
381.0	0.25
380.875	0.25
380.75	0.2492
380.625	0.2476
380.5	0.246
380.375	0.2452
380.25	0.2444
380.125	0.2452
380.0	0.2452
379.875	0.2444
379.75	0.2444
379.625	0.2437
379.5	0.2437
379.375	0.2452
379.25	0.2452
379.125	0.25
379.0	0.2539
378.875	0.2586
378.75	0.2633
378.625	0.2727
378.5	0.2838
378.375	0.2924
378.25	0.3018
378.125	0.3113
378.0	0.3199
377.875	0.327
377.75	0.3333
377.625	0.3372
377.5	0.3396
377.375	0.3419
377.25	0.3443
377.125	0.3419
377.0	0.3404
376.875	0.3372
376.75	0.3309
376.625	0.3238
376.5	0.3168
376.375	0.3097
376.25	0.3026
376.125	0.2948
376.0	0.29
375.875	0.2845
375.75	0.2806
375.625	0.2767
375.5	0.2727
375.375	0.2688
375.25	0.2641
375.125	0.2641
375.0	0.2594
374.875	0.2594
374.75	0.2555
374.625	0.2547
374.5	0.2547
374.375	0.2531
374.25	0.25
374.125	0.25
374.0	0.2507
373.875	0.25
373.75	0.25
373.625	0.25
373.5	0.2547
373.375	0.257
373.25	0.2633
373.125	0.2696
373.0	0.2775
372.875	0.2853
372.75	0.2955
372.625	0.3018
372.5	0.3089
372.375	0.3144
372.25	0.3207
372.125	0.3231
372.0	0.327
371.875	0.3294
371.75	0.3294
371.625	0.3294
371.5	0.3278
371.375	0.3254
371.25	0.3176
371.125	0.3113
371.0	0.3042
370.875	0.2971
370.75	0.2916
370.625	0.2869
370.5	0.2822
370.375	0.2783
370.25	0.2735
370.125	0.2735
370.0	0.2696
369.875	0.2688
369.75	0.268
369.625	0.2665
369.5	0.2641
369.375	0.2633
369.25	0.2641
369.125	0.2625
369.0	0.2641
368.875	0.2641
368.75	0.2649
368.625	0.2665
368.5	0.2688
368.375	0.272
368.25	0.2735
368.125	0.2798
368.0	0.2838
367.875	0.2908
367.75	0.2932
367.625	0.2979
367.5	0.3011
367.375	0.3018
367.25	0.3058
367.125	0.3066
367.0	0.3073
366.875	0.3081
366.75	0.3081
366.625	0.3058
366.5	0.3026
366.375	0.2971
366.25	0.2932
366.125	0.2877
366.0	0.283
365.875	0.2767
365.75	0.2727
365.625	0.2696
365.5	0.2688
365.375	0.2641
365.25	0.2625
365.125	0.2594
365.0	0.2594
364.875	0.2594
364.75	0.2594
364.625	0.2602
364.5	0.2649
364.375	0.2665
364.25	0.2688
364.125	0.2735
364.0	0.2743
363.875	0.2783
363.75	0.2783
363.625	0.2783
363.5	0.2822
363.375	0.279
363.25	0.2798
363.125	0.2783
363.0	0.2814
362.875	0.2783
362.75	0.2743
362.625	0.2727
362.5	0.2688
362.375	0.2657
362.25	0.2617
362.125	0.2594
362.0	0.2594
361.875	0.2578
361.75	0.2547
361.625	0.2547
361.5	0.2547
361.375	0.2507
361.25	0.2515
361.125	0.25
361.0	0.25
360.875	0.2484
360.75	0.2484
360.625	0.2484
360.5	0.2484
360.375	0.2476
360.25	0.25
360.125	0.2547
360.0	0.2555
359.875	0.2602
359.75	0.2688
359.625	0.279
359.5	0.2924
359.375	0.3081
359.25	0.3254
359.125	0.3443
359.0	0.3616
358.875	0.3765
358.75	0.3891
358.625	0.3985
358.5	0.4088
358.375	0.4158
358.25	0.4174
358.125	0.4198
358.0	0.419
357.875	0.4158
357.75	0.408
357.625	0.4001
357.5	0.386
357.375	0.3734
357.25	0.36
357.125	0.3451
357.0	0.3333
356.875	0.3207
356.75	0.3121
356.625	0.3058
356.5	0.2963
356.375	0.2893
356.25	0.283
356.125	0.2798
356.0	0.2727
355.875	0.2688
355.75	0.268
355.625	0.2633
355.5	0.2617
355.375	0.2602
355.25	0.261
355.125	0.2641
355.0	0.2657
354.875	0.2727
354.75	0.2814
354.625	0.2932
354.5	0.3066
354.375	0.3238
354.25	0.3435
354.125	0.3608
354.0	0.3789
353.875	0.393
353.75	0.4056
353.625	0.4166
353.5	0.4237
353.375	0.43
353.25	0.4331
353.125	0.4339
353.0	0.4316
352.875	0.4261
352.75	0.4166
352.625	0.4111
352.5	0.3954
352.375	0.3812
352.25	0.3663
352.125	0.3514
352.0	0.3388
351.875	0.3286
351.75	0.3199
351.625	0.3097
351.5	0.3034
351.375	0.2995
351.25	0.2924
351.125	0.2877
351.0	0.2838
350.875	0.2814
350.75	0.2783
350.625	0.2775
350.5	0.2743
350.375	0.2783
350.25	0.2798
350.125	0.2861
350.0	0.2948
349.875	0.3003
349.75	0.3081
349.625	0.3191
349.5	0.3262
349.375	0.3341
349.25	0.3404
349.125	0.3443
349.0	0.349
348.875	0.3506
348.75	0.3537
348.625	0.3537
348.5	0.3514
348.375	0.3482
348.25	0.3435
348.125	0.3356
348.0	0.3278
347.875	0.3199
347.75	0.3089
347.625	0.2995
347.5	0.2924
347.375	0.2869
347.25	0.2822
347.125	0.2775
347.0	0.2727
346.875	0.2704
346.75	0.2688
346.625	0.2688
346.5	0.2641
346.375	0.2688
346.25	0.2688
346.125	0.2696
346.0	0.2743
345.875	0.2783
345.75	0.2783
345.625	0.2838
345.5	0.2877
345.375	0.29
345.25	0.2924
345.125	0.2932
345.0	0.2924
344.875	0.2924
344.75	0.2924
344.625	0.2924
344.5	0.2924
344.375	0.2885
344.25	0.2861
344.125	0.283
344.0	0.279
343.875	0.2751
343.75	0.2727
343.625	0.2704
343.5	0.268
343.375	0.2665
343.25	0.2641
343.125	0.2657
343.0	0.2665
342.875	0.2657
342.75	0.2641
342.625	0.2657
342.5	0.2649
342.375	0.2688
342.25	0.2688
342.125	0.268
342.0	0.2672
341.875	0.2688
341.75	0.2672
341.625	0.2665
341.5	0.2665
341.375	0.2641
341.25	0.2641
341.125	0.2633
341.0	0.2594
340.875	0.2594
340.75	0.2602
340.625	0.2586
340.5	0.2578
340.375	0.2555
340.25	0.2562
340.125	0.2547
340.0	0.2555
339.875	0.2547
339.75	0.2547
339.625	0.2547
339.5	0.2531
339.375	0.2539
339.25	0.2539
339.125	0.2547
339.0	0.2539
338.875	0.2547
338.75	0.2547
338.625	0.2547
338.5	0.2547
338.375	0.2555
338.25	0.2547
338.125	0.2547
338.0	0.2547
337.875	0.2555
337.75	0.257
337.625	0.2625
337.5	0.2657
337.375	0.2727
337.25	0.283
337.125	0.2995
337.0	0.3183
336.875	0.3443
336.75	0.3773
336.625	0.4127
336.5	0.4536
336.375	0.4889
336.25	0.5188
336.125	0.5463
336.0	0.5683
335.875	0.588
335.75	0.6014
335.625	0.6092
335.5	0.6139
335.375	0.6116
335.25	0.6053
335.125	0.5927
335.0	0.5731
334.875	0.5479
334.75	0.518
334.625	0.4866
334.5	0.4567
334.375	0.4268
334.25	0.4056
334.125	0.3836
334.0	0.3663
333.875	0.3522
333.75	0.338
333.625	0.3262
333.5	0.3176
333.375	0.3136
333.25	0.3113
333.125	0.3105
333.0	0.316
332.875	0.3254
332.75	0.3372
332.625	0.3506
332.5	0.3647
332.375	0.3773
332.25	0.3907
332.125	0.4017
332.0	0.4103
331.875	0.419
331.75	0.4205
331.625	0.4237
331.5	0.4253
331.375	0.4245
331.25	0.4198
331.125	0.4127
331.0	0.404
330.875	0.3938
330.75	0.3789
330.625	0.3655
330.5	0.3522
330.375	0.3372
330.25	0.3262
330.125	0.3168
330.0	0.3089
329.875	0.3003
329.75	0.2948
329.625	0.2908
329.5	0.2869
329.375	0.2838
329.25	0.283
329.125	0.283
329.0	0.2838
328.875	0.283
328.75	0.2845
328.625	0.2845
328.5	0.2869
328.375	0.2877
328.25	0.2877
328.125	0.2877
328.0	0.2877
327.875	0.2877
327.75	0.2861
327.625	0.2853
327.5	0.283
327.375	0.2814
327.25	0.2783
327.125	0.2751
327.0	0.2743
326.875	0.2727
326.75	0.268
326.625	0.2641
326.5	0.2641
326.375	0.2602
326.25	0.261
326.125	0.2625
326.0	0.2594
325.875	0.2578
325.75	0.2578
325.625	0.2578
325.5	0.257
325.375	0.2594
325.25	0.2547
325.125	0.257
325.0	0.257
324.875	0.2562
324.75	0.2562
324.625	0.2562
324.5	0.2555
324.375	0.257
324.25	0.2555
324.125	0.257
324.0	0.2547
323.875	0.2562
323.75	0.2547
323.625	0.2547
323.5	0.2555
323.375	0.2562
323.25	0.2555
323.125	0.2547
323.0	0.2547
322.875	0.2547
322.75	0.2547
322.625	0.2562
322.5	0.2562
322.375	0.2555
322.25	0.2547
322.125	0.2547
322.0	0.2547
321.875	0.2547
321.75	0.2547
321.625	0.2547
321.5	0.2547
321.375	0.2555
321.25	0.2562
321.125	0.2547
321.0	0.2547
320.875	0.2547
320.75	0.2547
320.625	0.2555
320.5	0.2539
320.375	0.2547
320.25	0.2539
320.125	0.2555
320.0	0.2555
319.875	0.2562
319.75	0.2547
319.625	0.2555
319.5	0.2562
319.375	0.257
319.25	0.2547
319.125	0.2547
319.0	0.2547
318.875	0.2555
318.75	0.2547
318.625	0.2562
318.5	0.2547
318.375	0.2555
318.25	0.2547
318.125	0.2562
318.0	0.2586
317.875	0.2594
317.75	0.257
317.625	0.257
317.5	0.257
317.375	0.2594
317.25	0.2602
317.125	0.2633
317.0	0.268
316.875	0.2743
316.75	0.2845
316.625	0.3011
316.5	0.3191
316.375	0.3451
316.25	0.3757
316.125	0.4127
316.0	0.4473
315.875	0.4787
315.75	0.507
315.625	0.5353
315.5	0.5558
315.375	0.5699
315.25	0.5841
315.125	0.5896
315.0	0.588
314.875	0.5841
314.75	0.5762
314.625	0.5621
314.5	0.5393
314.375	0.511
314.25	0.4811
314.125	0.4488
314.0	0.4182
313.875	0.3954
313.75	0.375
313.625	0.3529
313.5	0.3372
313.375	0.3238
313.25	0.3136
313.125	0.305
313.0	0.2971
312.875	0.2908
312.75	0.2869
312.625	0.283
312.5	0.2806
312.375	0.2783
312.25	0.2783
312.125	0.2751
312.0	0.2751
311.875	0.2735
311.75	0.2727
311.625	0.2712
311.5	0.2696
311.375	0.2688
311.25	0.268
311.125	0.2672
311.0	0.2641
310.875	0.2657
310.75	0.2641
310.625	0.2633
310.5	0.2641
310.375	0.2641
310.25	0.2641
310.125	0.2641
310.0	0.2641
309.875	0.2641
309.75	0.2641
309.625	0.2665
309.5	0.2665
309.375	0.2672
309.25	0.2672
309.125	0.2688
309.0	0.2665
308.875	0.268
308.75	0.2672
308.625	0.2649
308.5	0.2665
308.375	0.2641
308.25	0.2657
308.125	0.2657
308.0	0.268
307.875	0.2688
307.75	0.2688
307.625	0.2688
307.5	0.2727
307.375	0.2735
307.25	0.2735
307.125	0.2767
307.0	0.2783
306.875	0.2783
306.75	0.2783
306.625	0.2814
306.5	0.279
306.375	0.2798
306.25	0.2806
306.125	0.2783
306.0	0.2814
305.875	0.2783
305.75	0.283
305.625	0.2783
305.5	0.2783
305.375	0.2783
305.25	0.2775
305.125	0.2783
305.0	0.2783
304.875	0.2759
304.75	0.2743
304.625	0.2735
304.5	0.2743
304.375	0.2735
304.25	0.2712
304.125	0.2688
304.0	0.2641
303.875	0.2649
303.75	0.2641
303.625	0.2625
303.5	0.2594
303.375	0.2594
303.25	0.2586
303.125	0.2586
303.0	0.2547
302.875	0.2547
302.75	0.2547
302.625	0.2547
302.5	0.2547
302.375	0.2547
302.25	0.2547
302.125	0.2547
302.0	0.2539
301.875	0.2547
301.75	0.2547
301.625	0.2547
301.5	0.2547
301.375	0.2531
301.25	0.2547
301.125	0.2547
301.0	0.2547
300.875	0.2547
300.75	0.2539
300.625	0.2523
300.5	0.2531
300.375	0.2547
300.25	0.2547
300.125	0.2539
