300.0	0.0
300.125	0.0
300.25	0.0
300.375	0.0
300.5	0.0
300.625	0.0
300.75	0.0
300.875	0.0
301.0	0.0
301.125	0.0
301.25	0.0
301.375	0.0
301.5	0.0
301.625	0.0
301.75	0.0
301.875	0.0
302.0	0.0
302.125	0.0
302.25	0.0
302.375	0.0
302.5	0.0
302.625	0.0
302.75	0.0
302.875	0.0
303.0	0.0
303.125	0.0
303.25	0.0
303.375	0.0
303.5	0.0
303.625	0.0
303.75	0.0
303.875	0.0
304.0	0.0
304.125	0.0
304.25	0.0
304.375	0.0
304.5	0.0
304.625	0.0
304.75	0.0
304.875	0.0
305.0	0.0
305.125	0.0
305.25	0.0
305.375	0.0
305.5	0.0
305.625	0.0
305.75	0.0
305.875	0.0
306.0	0.0
306.125	0.0
306.25	0.0
306.375	0.0
306.5	0.0
306.625	0.0
306.75	0.0
306.875	0.0
307.0	0.0
307.125	0.0
307.25	0.0
307.375	0.0
307.5	0.0
307.625	0.0
307.75	0.0
307.875	0.0
308.0	0.0
308.125	0.0
308.25	0.0
308.375	0.0
308.5	0.0
308.625	0.0
308.75	0.0
308.875	0.0
309.0	0.0
309.125	0.0
309.25	0.0
309.375	0.0
309.5	0.0
309.625	0.0
309.75	0.0
309.875	0.0
310.0	0.0
310.125	0.0
310.25	0.0
310.375	0.0
310.5	0.0
310.625	0.0
310.75	0.0
310.875	0.0
311.0	0.0
311.125	0.0
311.25	0.0
311.375	0.0
311.5	0.0
311.625	0.0
311.75	0.0
311.875	0.0
312.0	0.0
312.125	0.0
312.25	0.0
312.375	0.0
312.5	0.0
312.625	0.0
312.75	0.0
312.875	0.0
313.0	0.0
313.125	0.0
313.25	0.0
313.375	0.0
313.5	0.0
313.625	0.0
313.75	0.0
313.875	0.0
314.0	0.0
314.125	0.0
314.25	0.0
314.375	0.0
314.5	0.0
314.625	0.0
314.75	0.0
314.875	0.0
315.0	0.0
315.125	0.0
315.25	0.0
315.375	0.0
315.5	0.0
315.625	0.0
315.75	0.0
315.875	0.0
316.0	0.0
316.125	0.0
316.25	0.0
316.375	0.0
316.5	0.0
316.625	0.0
316.75	0.0
316.875	0.0
317.0	0.0
317.125	0.0
317.25	0.0
317.375	0.0
317.5	0.0
317.625	0.0
317.75	0.0
317.875	0.0
318.0	0.0
318.125	0.0
318.25	0.0
318.375	0.0
318.5	0.0
318.625	0.0
318.75	0.0
318.875	0.0
319.0	0.0
319.125	0.0
319.25	0.0
319.375	0.0
319.5	0.0
319.625	0.0
319.75	0.0
319.875	0.0
320.0	0.0
320.125	0.0
320.25	0.0
320.375	0.0
320.5	0.0
320.625	0.0
320.75	0.0
320.875	0.0
321.0	0.0
321.125	0.0
321.25	0.0
321.375	0.0
321.5	0.0
321.625	0.0
321.75	0.0
321.875	0.0
322.0	0.0
322.125	0.0
322.25	0.0
322.375	0.0
322.5	0.0
322.625	0.0
322.75	0.0
322.875	0.0
323.0	0.0
323.125	0.0
323.25	0.0
323.375	0.0
323.5	0.0
323.625	0.0
323.75	0.0
323.875	0.0
324.0	0.0
324.125	0.0
324.25	0.0
324.375	0.0
324.5	0.0
324.625	0.0
324.75	0.0
324.875	0.0
325.0	0.0
325.125	0.0
325.25	0.0
325.375	0.0
325.5	0.0
325.625	0.0
325.75	0.0
325.875	0.0
326.0	0.0
326.125	0.0
326.25	0.0
326.375	0.0
326.5	0.0
326.625	0.0
326.75	0.0
326.875	0.0
327.0	0.0
327.125	0.0
327.25	0.0
327.375	0.0
327.5	0.0
327.625	0.0
327.75	0.0
327.875	0.0
328.0	0.0
328.125	0.0
328.25	0.0
328.375	0.0
328.5	0.0
328.625	0.0
328.75	0.0
328.875	0.0
329.0	0.0
329.125	0.0
329.25	0.0
329.375	0.0
329.5	0.0
329.625	0.0
329.75	0.0
329.875	0.0
330.0	0.0
330.125	0.0
330.25	0.0
330.375	0.0
330.5	0.0
330.625	0.0
330.75	0.0
330.875	0.0
331.0	0.0
331.125	0.0
331.25	0.0
331.375	0.0
331.5	0.0
331.625	0.0
331.75	0.0
331.875	0.0
332.0	7.0E-4
332.125	0.0
332.25	0.0
332.375	0.0
332.5	0.0
332.625	0.0
332.75	0.0
332.875	0.0
333.0	0.0
333.125	0.0
333.25	0.0
333.375	0.0
333.5	0.0
333.625	0.0
333.75	0.0
333.875	0.0
334.0	0.0
334.125	0.0
334.25	0.0
334.375	0.0
334.5	0.0
334.625	0.0
334.75	0.0
334.875	0.0
335.0	0.0
335.125	0.0
335.25	0.0
335.375	0.0
335.5	0.0
335.625	0.0
335.75	0.0
335.875	0.0
336.0	0.0
336.125	0.0
336.25	0.0
336.375	0.0
336.5	0.0
336.625	0.0
336.75	0.0
336.875	0.0
337.0	0.0
337.125	0.0
337.25	0.0
337.375	0.0
337.5	0.0
337.625	0.0
337.75	0.0
337.875	0.0
338.0	0.0
338.125	0.0
338.25	0.0
338.375	0.0
338.5	0.0
338.625	0.0
338.75	0.0
338.875	0.0
339.0	0.0
339.125	0.0
339.25	0.0
339.375	0.0
339.5	0.0
339.625	0.0
339.75	0.0
339.875	0.0
340.0	0.0
340.125	0.0
340.25	0.0
340.375	0.0
340.5	0.0
340.625	0.0
340.75	0.0
340.875	0.0
341.0	0.0
341.125	0.0
341.25	0.0
341.375	0.0
341.5	0.0
341.625	0.0
341.75	0.0
341.875	0.0
342.0	0.0
342.125	0.0
342.25	0.0
342.375	0.0
342.5	0.0
342.625	0.0
342.75	0.0
342.875	0.0
343.0	0.0
343.125	0.0
343.25	0.0
343.375	0.0
343.5	0.0
343.625	0.0
343.75	0.0
343.875	0.0
344.0	0.0
344.125	0.0
344.25	0.0
344.375	0.0
344.5	0.0
344.625	0.0
344.75	0.0
344.875	0.0
345.0	0.0
345.125	0.0
345.25	0.0
345.375	0.0
345.5	0.0
345.625	0.0
345.75	0.0
345.875	0.0
346.0	0.0
346.125	0.0
346.25	0.0
346.375	0.0
346.5	0.0
346.625	0.0
346.75	0.0
346.875	0.0
347.0	0.0
347.125	0.0
347.25	0.0
347.375	0.0
347.5	0.0
347.625	0.0
347.75	0.0
347.875	0.0
348.0	0.0
348.125	0.0
348.25	0.0
348.375	0.0
348.5	0.0
348.625	0.0
348.75	0.0
348.875	0.0
349.0	0.0
349.125	0.0
349.25	0.0
349.375	0.0
349.5	0.0
349.625	0.0
349.75	0.0
349.875	0.0
350.0	0.0
350.125	0.0
350.25	0.0
350.375	0.0
350.5	0.0
350.625	0.0
350.75	0.0
350.875	0.0
351.0	0.0
351.125	0.0
351.25	0.0
351.375	0.0
351.5	0.0
351.625	0.0
351.75	0.0
351.875	0.0
352.0	0.0
352.125	0.0
352.25	0.0
352.375	0.0
352.5	0.0
352.625	0.0
352.75	0.0
352.875	0.0
353.0	0.0
353.125	0.0
353.25	0.0
353.375	0.0
353.5	0.0
353.625	0.0
353.75	0.0
353.875	0.0
354.0	0.0
354.125	0.0
354.25	0.0
354.375	0.0
354.5	0.0
354.625	0.0
354.75	0.0
354.875	0.0
355.0	0.0
355.125	0.0
355.25	0.0
355.375	0.0
355.5	0.0
355.625	0.0
355.75	0.0
355.875	0.0
356.0	0.0
356.125	0.0
356.25	0.0
356.375	0.0
356.5	0.0
356.625	0.0
356.75	0.0
356.875	0.0
357.0	0.0
357.125	0.0
357.25	0.0
357.375	0.0
357.5	0.0
357.625	0.0
357.75	0.0
357.875	0.0
358.0	0.0
358.125	0.0
358.25	0.0
358.375	0.0
358.5	0.0
358.625	0.0
358.75	0.0
358.875	0.0
359.0	0.0
359.125	0.0
359.25	0.0
359.375	0.0
359.5	0.0
359.625	0.0
359.75	0.0
359.875	0.0
360.0	0.0
360.125	0.0
360.25	0.0
360.375	0.0
360.5	0.0
360.625	0.0
360.75	0.0
360.875	0.0
361.0	0.0
361.125	0.0
361.25	0.0
361.375	0.0
361.5	0.0
361.625	0.0
361.75	0.0
361.875	0.0
362.0	0.0
362.125	0.0
362.25	0.0
362.375	0.0
362.5	0.0
362.625	0.0
362.75	0.0
362.875	0.0
363.0	0.0
363.125	0.0
363.25	0.0
363.375	0.0
363.5	0.0
363.625	0.0
363.75	0.0
363.875	0.0
364.0	0.0
364.125	0.0
364.25	0.0
364.375	0.0
364.5	0.0
364.625	0.0
364.75	0.0
364.875	0.0
365.0	0.0
365.125	0.0
365.25	0.0
365.375	0.0
365.5	0.0
365.625	0.0
365.75	0.0
365.875	0.0
366.0	0.0
366.125	0.0
366.25	0.0
366.375	0.0
366.5	0.0
366.625	0.0
366.75	0.0
366.875	0.0
367.0	0.0
367.125	0.0
367.25	0.0
367.375	0.0
367.5	0.0
367.625	0.0
367.75	0.0
367.875	0.0
368.0	0.0
368.125	0.0
368.25	0.0
368.375	0.0
368.5	0.0
368.625	0.0
368.75	0.0
368.875	0.0
369.0	0.0
369.125	0.0
369.25	0.0
369.375	0.0
369.5	0.0
369.625	0.0
369.75	0.0
369.875	0.0
370.0	0.0
370.125	0.0
370.25	0.0
370.375	0.0
370.5	0.0
370.625	0.0
370.75	0.0
370.875	0.0
371.0	0.0
371.125	0.0
371.25	0.0
371.375	0.0
371.5	0.0
371.625	0.0
371.75	0.0
371.875	0.0
372.0	0.0
372.125	0.0
372.25	0.0
372.375	0.0
372.5	0.0
372.625	0.0
372.75	0.0
372.875	0.0
373.0	0.0
373.125	0.0
373.25	0.0
373.375	0.0
373.5	0.0
373.625	0.0
373.75	0.0
373.875	0.0
374.0	0.0
374.125	0.0
374.25	0.0
374.375	0.0
374.5	0.0
374.625	0.0
374.75	0.0
374.875	0.0
375.0	0.0
375.125	0.0
375.25	0.0
375.375	0.0
375.5	0.0
375.625	0.0
375.75	0.0
375.875	0.0
376.0	0.0
376.125	0.0
376.25	0.0
376.375	0.0
376.5	0.0
376.625	0.0
376.75	0.0
376.875	0.0
377.0	0.0
377.125	0.0
377.25	0.0
377.375	0.0
377.5	0.0
377.625	0.0
377.75	0.0
377.875	0.0
378.0	0.0
378.125	0.0
378.25	0.0
378.375	0.0
378.5	0.0
378.625	0.0
378.75	0.0
378.875	0.0
379.0	0.0
379.125	0.0
379.25	0.0
379.375	0.0
379.5	0.0
379.625	0.0
379.75	0.0
379.875	0.0
380.0	0.0
380.125	0.0
380.25	0.0
380.375	0.0
380.5	0.0
380.625	0.0
380.75	0.0
380.875	0.0
381.0	0.0
381.125	0.0
381.25	0.0
381.375	0.0
381.5	0.0
381.625	0.0
381.75	0.0
381.875	0.0
382.0	0.0
382.125	0.0
382.25	0.0
382.375	0.0
382.5	0.0
382.625	0.0
382.75	0.0
382.875	0.0
383.0	0.0
383.125	0.0
383.25	0.0
383.375	0.0
383.5	0.0
383.625	0.0
383.75	0.0
383.875	0.0
384.0	0.0
384.125	0.0
384.25	0.0
384.375	0.0
384.5	0.0
384.625	0.0
384.75	0.0015
384.875	0.0
385.0	7.0E-4
385.125	0.0
385.25	0.0
385.375	0.0
385.5	0.0
385.625	0.0
385.75	0.0
385.875	0.0
386.0	0.0
386.125	0.0
386.25	7.0E-4
386.375	0.0
386.5	0.0
386.625	0.0015
386.75	0.0
386.875	0.0
387.0	0.0023
387.125	0.0
387.25	0.0015
387.375	0.0
387.5	0.0
387.625	0.0015
387.75	0.0023
387.875	0.0039
388.0	0.0039
388.125	0.0023
388.25	0.0031
388.375	0.0039
388.5	0.0047
388.625	0.0047
388.75	0.0047
388.875	0.0047
389.0	0.0047
389.125	0.0047
389.25	0.0047
389.375	0.0055
389.5	0.007
389.625	0.0055
389.75	0.0062
389.875	0.007
390.0	0.007
390.125	0.0086
390.25	0.007
390.375	0.0094
390.5	0.011
390.625	0.0086
390.75	0.011
390.875	0.0094
391.0	0.0094
391.125	0.011
391.25	0.011
391.375	0.0117
391.5	0.0125
391.625	0.0125
391.75	0.0141
391.875	0.0141
392.0	0.0149
392.125	0.0172
392.25	0.0141
392.375	0.0172
392.5	0.0157
392.625	0.0172
392.75	0.0196
392.875	0.0188
393.0	0.0188
393.125	0.0188
393.25	0.0196
393.375	0.0235
393.5	0.0235
393.625	0.0227
393.75	0.0235
393.875	0.0251
394.0	0.0259
394.125	0.0267
394.25	0.0283
394.375	0.0275
394.5	0.0283
394.625	0.0298
394.75	0.0306
394.875	0.033
395.0	0.033
395.125	0.0338
395.25	0.033
395.375	0.0361
395.5	0.0377
395.625	0.0377
395.75	0.0385
395.875	0.0385
396.0	0.0424
396.125	0.0416
396.25	0.0424
396.375	0.0448
396.5	0.0471
396.625	0.0471
396.75	0.0471
396.875	0.0471
397.0	0.0511
397.125	0.0511
397.25	0.0518
397.375	0.0542
397.5	0.055
397.625	0.0566
397.75	0.0566
397.875	0.0605
398.0	0.0613
398.125	0.0613
398.25	0.0644
398.375	0.066
398.5	0.066
398.625	0.0691
398.75	0.0683
398.875	0.0707
399.0	0.0746
399.125	0.0754
399.25	0.0778
399.375	0.077
399.5	0.0794
399.625	0.0817
399.75	0.0833
399.875	0.0849
400.0	0.088
400.125	0.0896
400.25	0.0896
400.375	0.0935
400.5	0.0943
400.625	0.099
400.75	0.099
400.875	0.1029
401.0	0.1037
401.125	0.1045
401.25	0.1077
401.375	0.1084
401.5	0.1116
401.625	0.1132
401.75	0.1163
401.875	0.1179
402.0	0.1202
402.125	0.1226
402.25	0.1257
402.375	0.1273
402.5	0.132
402.625	0.132
402.75	0.1336
402.875	0.1367
403.0	0.1399
403.125	0.1422
403.25	0.1422
403.375	0.147
403.5	0.1509
403.625	0.1509
403.75	0.1548
403.875	0.1572
404.0	0.1603
404.125	0.1611
404.25	0.165
404.375	0.1682
404.5	0.1713
404.625	0.1745
404.75	0.1784
404.875	0.1816
405.0	0.1847
405.125	0.1878
405.25	0.1902
405.375	0.1941
405.5	0.1981
405.625	0.2012
405.75	0.2036
405.875	0.2075
406.0	0.2122
406.125	0.213
406.25	0.2169
406.375	0.2216
406.5	0.224
406.625	0.2264
406.75	0.2311
406.875	0.235
407.0	0.2397
407.125	0.2421
407.25	0.246
407.375	0.25
407.5	0.2539
407.625	0.2578
407.75	0.2625
407.875	0.2688
408.0	0.2696
408.125	0.2743
408.25	0.2783
408.375	0.2845
408.5	0.2877
408.625	0.2924
408.75	0.2955
408.875	0.2979
409.0	0.3034
409.125	0.3113
409.25	0.3136
409.375	0.3168
409.5	0.3246
409.625	0.3286
409.75	0.3301
409.875	0.3349
410.0	0.3372
410.125	0.3435
410.25	0.349
410.375	0.3545
410.5	0.3632
410.625	0.3687
410.75	0.3726
410.875	0.3781
411.0	0.3828
411.125	0.3875
411.25	0.3915
411.375	0.3985
411.5	0.4048
411.625	0.4103
411.75	0.4174
411.875	0.4205
412.0	0.4292
412.125	0.4331
412.25	0.4386
412.375	0.4433
412.5	0.4496
412.625	0.4575
412.75	0.4669
412.875	0.4756
413.0	0.4819
413.125	0.4858
413.25	0.4921
413.375	0.5
413.5	0.5094
413.625	0.5165
413.75	0.5251
413.875	0.5361
414.0	0.5448
414.125	0.5534
414.25	0.5597
414.375	0.566
414.5	0.566
414.625	0.5723
414.75	0.5786
414.875	0.5896
415.0	0.5998
415.125	0.6108
415.25	0.6226
415.375	0.6281
415.5	0.6367
415.625	0.643
415.75	0.6564
415.875	0.6627
416.0	0.6737
416.125	0.6808
416.25	0.6878
416.375	0.6996
416.5	0.7114
416.625	0.7232
416.75	0.7366
416.875	0.7492
417.0	0.7586
417.125	0.7704
417.25	0.7822
417.375	0.7963
417.5	0.8081
417.625	0.8199
417.75	0.8254
417.875	0.8372
418.0	0.8522
418.125	0.8679
418.25	0.8836
418.375	0.8915
418.5	0.9009
418.625	0.9072
418.75	0.9158
418.875	0.9276
419.0	0.9418
419.125	0.9583
419.25	0.9732
419.375	0.9897
419.5	1.0055
419.625	1.0204
419.75	1.0369
419.875	1.055
420.0	1.0738
420.125	1.0904
420.25	1.1084
420.375	1.1234
420.5	1.132
420.625	1.1336
420.75	1.1367
420.875	1.147
421.0	1.1627
421.125	1.1784
421.25	1.1886
421.375	1.1918
421.5	1.1926
421.625	1.1918
421.75	1.1981
421.875	1.2106
422.0	1.2256
422.125	1.2311
422.25	1.2358
422.375	1.2444
422.5	1.2547
422.625	1.2539
422.75	1.2507
422.875	1.25
423.0	1.2492
423.125	1.2405
423.25	1.2389
423.375	1.2405
423.5	1.246
423.625	1.2484
423.75	1.2437
423.875	1.2358
424.0	1.2358
424.125	1.2413
424.25	1.2562
424.375	1.2641
424.5	1.2688
424.625	1.2641
424.75	1.2523
424.875	1.2452
425.0	1.2429
425.125	1.2334
425.25	1.2232
425.375	1.2216
425.5	1.2193
425.625	1.2083
425.75	1.1894
425.875	1.1784
426.0	1.1698
426.125	1.1603
426.25	1.1525
426.375	1.1493
426.5	1.1399
426.625	1.1312
426.75	1.1194
426.875	1.1029
427.0	1.0849
427.125	1.0668
427.25	1.0487
427.375	1.0377
427.5	1.0298
427.625	1.0165
427.75	1.0015
427.875	0.9858
428.0	0.9716
428.125	0.9622
428.25	0.9528
428.375	0.9481
428.5	0.941
428.625	0.9268
428.75	0.9111
428.875	0.8946
429.0	0.8781
429.125	0.8616
429.25	0.8474
429.375	0.8309
429.5	0.8183
429.625	0.8034
429.75	0.7885
429.875	0.779
430.0	0.7665
430.125	0.7507
430.25	0.7342
430.375	0.7232
430.5	0.7099
430.625	0.6988
430.75	0.6871
430.875	0.68
431.0	0.6745
431.125	0.6643
431.25	0.6485
431.375	0.636
431.5	0.6147
431.625	0.599
431.75	0.5896
431.875	0.5809
432.0	0.5738
432.125	0.5644
432.25	0.5566
432.375	0.5511
432.5	0.5377
432.625	0.5283
432.75	0.5188
432.875	0.5094
433.0	0.4984
433.125	0.4889
433.25	0.4795
433.375	0.4677
433.5	0.4599
433.625	0.452
433.75	0.4457
433.875	0.4426
434.0	0.4371
434.125	0.4284
434.25	0.4221
434.375	0.415
434.5	0.4103
434.625	0.4064
434.75	0.4025
434.875	0.3962
435.0	0.3915
435.125	0.386
435.25	0.382
435.375	0.3773
435.5	0.3694
435.625	0.3639
435.75	0.3584
435.875	0.3529
436.0	0.3474
436.125	0.3443
436.25	0.3396
436.375	0.3356
436.5	0.3341
436.625	0.3325
436.75	0.3309
436.875	0.3301
437.0	0.327
437.125	0.3215
437.25	0.3183
437.375	0.3113
437.5	0.3113
437.625	0.3066
437.75	0.3042
437.875	0.3003
438.0	0.2971
438.125	0.2924
438.25	0.2908
438.375	0.2885
438.5	0.2877
438.625	0.2869
438.75	0.2869
438.875	0.2798
439.0	0.2783
439.125	0.2735
439.25	0.2727
439.375	0.2688
439.5	0.2688
439.625	0.2641
439.75	0.2641
439.875	0.2594
440.0	0.2555
440.125	0.2531
440.25	0.2523
440.375	0.2507
440.5	0.25
440.625	0.2468
440.75	0.2444
440.875	0.2397
441.0	0.2366
441.125	0.2319
441.25	0.2319
441.375	0.2319
441.5	0.2303
441.625	0.2311
441.75	0.2264
441.875	0.2248
442.0	0.2201
442.125	0.2177
442.25	0.2169
442.375	0.2122
442.5	0.2099
442.625	0.2067
442.75	0.2028
442.875	0.2004
443.0	0.1981
443.125	0.1981
443.25	0.1957
443.375	0.1933
443.5	0.1902
443.625	0.1886
443.75	0.1878
443.875	0.1839
444.0	0.1831
444.125	0.1792
444.25	0.1784
444.375	0.1761
444.5	0.1729
444.625	0.1698
444.75	0.1658
444.875	0.165
445.0	0.1635
445.125	0.1603
445.25	0.1603
445.375	0.1556
445.5	0.1517
445.625	0.1509
445.75	0.1477
445.875	0.1462
446.0	0.1454
446.125	0.1446
446.25	0.1415
446.375	0.1415
446.5	0.1399
446.625	0.1367
446.75	0.136
446.875	0.1328
447.0	0.132
447.125	0.1305
447.25	0.1281
447.375	0.1273
447.5	0.125
447.625	0.1226
447.75	0.1226
447.875	0.1187
448.0	0.1179
448.125	0.1179
448.25	0.1171
448.375	0.1179
448.5	0.1139
448.625	0.1139
448.75	0.1108
448.875	0.1084
449.0	0.11
449.125	0.1084
449.25	0.1084
449.375	0.1084
449.5	0.1053
449.625	0.1045
449.75	0.1045
449.875	0.1037
450.0	0.1029
450.125	0.1006
450.25	0.0998
450.375	0.099
450.5	0.099
450.625	0.099
450.75	0.0982
450.875	0.0951
451.0	0.0943
451.125	0.0943
451.25	0.0943
451.375	0.0943
451.5	0.0943
451.625	0.0927
451.75	0.0919
451.875	0.0911
452.0	0.0896
452.125	0.0911
452.25	0.0896
452.375	0.0896
452.5	0.0896
452.625	0.0896
452.75	0.0896
452.875	0.0856
453.0	0.0864
453.125	0.0872
453.25	0.0888
453.375	0.0849
453.5	0.0849
453.625	0.0856
453.75	0.0849
453.875	0.0849
454.0	0.0849
454.125	0.0856
454.25	0.0849
454.375	0.0849
454.5	0.0849
454.625	0.0841
454.75	0.0849
454.875	0.0825
455.0	0.0833
455.125	0.0849
455.25	0.0825
455.375	0.0825
455.5	0.0825
455.625	0.0817
455.75	0.0809
455.875	0.0801
456.0	0.0801
456.125	0.0809
456.25	0.0801
456.375	0.0817
456.5	0.0801
456.625	0.0801
456.75	0.0801
456.875	0.0794
457.0	0.0801
457.125	0.0801
457.25	0.0801
457.375	0.0794
457.5	0.0786
457.625	0.0794
457.75	0.0801
457.875	0.0801
458.0	0.0801
458.125	0.0778
458.25	0.0786
458.375	0.0794
458.5	0.0801
458.625	0.0801
458.75	0.0762
458.875	0.0794
459.0	0.077
459.125	0.0762
459.25	0.0786
459.375	0.0754
459.5	0.0754
459.625	0.0762
459.75	0.0754
459.875	0.0762
460.0	0.0754
460.125	0.0754
460.25	0.0754
460.375	0.0754
460.5	0.0754
460.625	0.077
460.75	0.077
460.875	0.0762
461.0	0.0786
461.125	0.0754
461.25	0.0754
461.375	0.0762
461.5	0.0754
461.625	0.0754
461.75	0.077
461.875	0.0754
462.0	0.077
462.125	0.0762
462.25	0.0786
462.375	0.0762
462.5	0.077
462.625	0.077
462.75	0.0801
462.875	0.0801
463.0	0.0801
463.125	0.0801
463.25	0.0801
463.375	0.0794
463.5	0.0801
463.625	0.0801
463.75	0.0801
463.875	0.0801
464.0	0.0801
464.125	0.0825
464.25	0.0809
464.375	0.0849
464.5	0.0849
464.625	0.0849
464.75	0.0849
464.875	0.0856
465.0	0.0849
465.125	0.0849
465.25	0.0849
465.375	0.0849
465.5	0.088
465.625	0.0849
465.75	0.0864
465.875	0.0872
466.0	0.0888
466.125	0.0896
466.25	0.0896
466.375	0.0919
466.5	0.0935
466.625	0.0943
466.75	0.0943
466.875	0.0943
467.0	0.0943
467.125	0.0943
467.25	0.0959
467.375	0.0959
467.5	0.0982
467.625	0.099
467.75	0.099
467.875	0.099
468.0	0.1014
468.125	0.1014
468.25	0.1014
468.375	0.1037
468.5	0.1037
468.625	0.1037
468.75	0.1061
468.875	0.1077
469.0	0.1077
469.125	0.1092
469.25	0.11
469.375	0.1108
469.5	0.1132
469.625	0.1139
469.75	0.1139
469.875	0.1132
470.0	0.1155
470.125	0.1155
470.25	0.1179
470.375	0.1194
470.5	0.1226
470.625	0.1226
470.75	0.1234
470.875	0.1234
471.0	0.1265
471.125	0.1273
471.25	0.1273
471.375	0.1312
471.5	0.1305
471.625	0.1312
471.75	0.1344
471.875	0.132
472.0	0.1352
472.125	0.136
472.25	0.1383
472.375	0.1407
472.5	0.1415
472.625	0.1422
472.75	0.1422
472.875	0.1446
473.0	0.1462
473.125	0.1462
473.25	0.1477
473.375	0.1501
473.5	0.1509
473.625	0.1509
473.75	0.1525
473.875	0.1525
474.0	0.1556
474.125	0.1588
474.25	0.1572
474.375	0.1603
474.5	0.1603
474.625	0.1619
474.75	0.1635
474.875	0.165
475.0	0.1666
475.125	0.1698
475.25	0.1698
475.375	0.1705
475.5	0.1753
475.625	0.1745
475.75	0.1784
475.875	0.1792
476.0	0.1792
476.125	0.18
476.25	0.1831
476.375	0.1839
476.5	0.1855
476.625	0.1886
476.75	0.1878
476.875	0.1886
477.0	0.1933
477.125	0.1933
477.25	0.1941
477.375	0.1973
477.5	0.1965
477.625	0.1973
477.75	0.1981
477.875	0.2028
478.0	0.2028
478.125	0.2036
478.25	0.2044
478.375	0.2075
478.5	0.2083
478.625	0.2122
478.75	0.2138
478.875	0.2169
479.0	0.2185
479.125	0.2185
479.25	0.2209
479.375	0.2216
479.5	0.2216
479.625	0.224
479.75	0.224
479.875	0.2264
480.0	0.2295
480.125	0.2311
480.25	0.2342
480.375	0.2358
480.5	0.2358
480.625	0.2358
480.75	0.2358
480.875	0.2374
481.0	0.2405
481.125	0.2429
481.25	0.2429
481.375	0.246
481.5	0.2452
481.625	0.25
481.75	0.2507
481.875	0.2539
482.0	0.2547
482.125	0.2547
482.25	0.2562
482.375	0.2594
482.5	0.2594
482.625	0.2641
482.75	0.2641
482.875	0.2649
483.0	0.2688
483.125	0.268
483.25	0.2704
483.375	0.2727
483.5	0.2743
483.625	0.2775
483.75	0.2767
483.875	0.2783
484.0	0.2783
484.125	0.2783
484.25	0.2783
484.375	0.283
484.5	0.2845
484.625	0.2869
484.75	0.2885
484.875	0.2924
485.0	0.2924
485.125	0.2955
485.25	0.2971
485.375	0.2995
485.5	0.2971
485.625	0.3018
485.75	0.3003
485.875	0.3011
486.0	0.3018
486.125	0.3058
486.25	0.3066
486.375	0.3097
486.5	0.3113
486.625	0.3128
486.75	0.3113
486.875	0.3152
487.0	0.316
487.125	0.3183
487.25	0.3207
487.375	0.3168
487.5	0.3191
487.625	0.3223
487.75	0.3254
487.875	0.3254
488.0	0.327
488.125	0.3294
488.25	0.3301
488.375	0.3309
488.5	0.3317
488.625	0.3325
488.75	0.3325
488.875	0.3333
489.0	0.3333
489.125	0.3349
489.25	0.3404
489.375	0.3419
489.5	0.3435
489.625	0.3443
489.75	0.3435
489.875	0.3443
490.0	0.3443
490.125	0.3474
490.25	0.349
490.375	0.349
490.5	0.349
490.625	0.349
490.75	0.349
490.875	0.3537
491.0	0.3569
491.125	0.3584
491.25	0.3577
491.375	0.3561
491.5	0.3584
491.625	0.3592
491.75	0.3632
491.875	0.3679
492.0	0.3632
492.125	0.3632
492.25	0.3632
492.375	0.3624
492.5	0.3632
492.625	0.3632
492.75	0.3632
492.875	0.3663
493.0	0.3632
493.125	0.3632
493.25	0.3632
493.375	0.3671
493.5	0.3679
493.625	0.371
493.75	0.3687
493.875	0.371
494.0	0.3702
494.125	0.3694
494.25	0.371
494.375	0.3726
494.5	0.3765
494.625	0.3773
494.75	0.3773
494.875	0.3781
495.0	0.3773
495.125	0.3773
495.25	0.3805
495.375	0.3812
495.5	0.382
495.625	0.382
495.75	0.382
495.875	0.3789
496.0	0.3781
496.125	0.382
496.25	0.382
496.375	0.3828
496.5	0.3867
496.625	0.3883
496.75	0.3907
496.875	0.3891
497.0	0.3915
497.125	0.3915
497.25	0.3915
497.375	0.3915
497.5	0.3915
497.625	0.3954
497.75	0.3946
497.875	0.3962
498.0	0.3954
498.125	0.397
498.25	0.4009
498.375	0.4017
498.5	0.404
498.625	0.4009
498.75	0.397
498.875	0.3962
499.0	0.3962
499.125	0.4009
499.25	0.4009
499.375	0.4009
499.5	0.4009
499.625	0.4001
499.75	0.3977
499.875	0.397
500.0	0.3962
500.125	0.3985
500.25	0.4009
500.375	0.4009
500.5	0.4009
500.625	0.4009
500.75	0.4009
500.875	0.3985
501.0	0.4009
501.125	0.4017
501.25	0.4056
501.375	0.4048
501.5	0.4033
501.625	0.4017
501.75	0.4017
501.875	0.404
502.0	0.404
502.125	0.4048
502.25	0.4048
502.375	0.4033
502.5	0.4056
502.625	0.4056
502.75	0.4056
502.875	0.4064
503.0	0.4056
503.125	0.404
503.25	0.4056
503.375	0.4056
503.5	0.4048
503.625	0.4072
503.75	0.4072
503.875	0.4064
504.0	0.4056
504.125	0.4072
504.25	0.4056
504.375	0.4056
504.5	0.4064
504.625	0.4056
504.75	0.4056
504.875	0.4064
505.0	0.408
505.125	0.4064
505.25	0.4025
505.375	0.4056
505.5	0.4056
505.625	0.4064
505.75	0.4064
505.875	0.4103
506.0	0.4072
506.125	0.4056
506.25	0.4056
506.375	0.4088
506.5	0.4095
506.625	0.4095
506.75	0.4088
506.875	0.4072
507.0	0.4056
507.125	0.4056
507.25	0.4095
507.375	0.4103
507.5	0.4103
507.625	0.4103
507.75	0.4103
507.875	0.4064
508.0	0.4048
508.125	0.404
508.25	0.4009
508.375	0.4017
508.5	0.4017
508.625	0.3993
508.75	0.4009
508.875	0.4009
509.0	0.4009
509.125	0.4033
509.25	0.4025
509.375	0.4009
509.5	0.4001
509.625	0.4001
509.75	0.4009
509.875	0.4025
510.0	0.4056
510.125	0.4056
510.25	0.404
510.375	0.4009
510.5	0.4009
510.625	0.3985
510.75	0.4009
510.875	0.4009
511.0	0.4048
511.125	0.4048
511.25	0.4017
511.375	0.4001
511.5	0.397
511.625	0.3977
511.75	0.397
511.875	0.4001
512.0	0.4001
512.125	0.4017
512.25	0.3985
512.375	0.4001
512.5	0.3962
512.625	0.397
512.75	0.3962
512.875	0.3962
513.0	0.3962
513.125	0.3962
513.25	0.3946
513.375	0.3915
513.5	0.3891
513.625	0.3907
513.75	0.3915
513.875	0.3899
514.0	0.3891
514.125	0.3867
514.25	0.3915
514.375	0.3915
514.5	0.3915
514.625	0.3922
514.75	0.3899
514.875	0.3867
515.0	0.3883
515.125	0.3899
515.25	0.3915
515.375	0.3938
515.5	0.3946
515.625	0.3922
515.75	0.3915
515.875	0.3915
516.0	0.3891
516.125	0.3867
516.25	0.3867
516.375	0.386
516.5	0.3867
516.625	0.3867
516.75	0.382
516.875	0.382
517.0	0.382
517.125	0.382
517.25	0.3805
517.375	0.3812
517.5	0.382
517.625	0.3836
517.75	0.382
517.875	0.382
518.0	0.382
518.125	0.382
518.25	0.3797
518.375	0.3797
518.5	0.3773
518.625	0.3797
518.75	0.3805
518.875	0.3781
519.0	0.3773
519.125	0.3773
519.25	0.3781
519.375	0.3789
519.5	0.3773
519.625	0.3773
519.75	0.3726
519.875	0.3726
520.0	0.3718
520.125	0.3726
520.25	0.3742
520.375	0.3726
520.5	0.3726
520.625	0.3726
520.75	0.3726
520.875	0.3726
521.0	0.371
521.125	0.371
521.25	0.3702
521.375	0.3694
521.5	0.3679
521.625	0.3671
521.75	0.3632
521.875	0.3632
522.0	0.3632
522.125	0.3655
522.25	0.3679
522.375	0.3671
522.5	0.3679
522.625	0.3671
522.75	0.3671
522.875	0.3679
523.0	0.3647
523.125	0.3663
523.25	0.3647
523.375	0.3632
523.5	0.3632
523.625	0.3647
523.75	0.3639
523.875	0.3632
524.0	0.3632
524.125	0.3639
524.25	0.3632
524.375	0.3584
524.5	0.3584
524.625	0.3592
524.75	0.3584
524.875	0.3584
525.0	0.36
525.125	0.3584
525.25	0.3569
525.375	0.3577
525.5	0.3577
525.625	0.3553
525.75	0.3553
525.875	0.3561
526.0	0.3561
526.125	0.3545
526.25	0.3537
526.375	0.3545
526.5	0.3537
526.625	0.3545
526.75	0.3537
526.875	0.3537
527.0	0.3506
527.125	0.349
527.25	0.3522
527.375	0.349
527.5	0.3506
527.625	0.3514
527.75	0.349
527.875	0.3506
528.0	0.3498
528.125	0.3537
528.25	0.3522
528.375	0.3522
528.5	0.3514
528.625	0.349
528.75	0.3482
528.875	0.3443
529.0	0.3474
529.125	0.3498
529.25	0.349
529.375	0.349
529.5	0.3498
529.625	0.349
529.75	0.3459
529.875	0.3451
530.0	0.3443
530.125	0.3443
530.25	0.3443
530.375	0.3404
530.5	0.3404
530.625	0.3396
530.75	0.3396
530.875	0.3404
531.0	0.3396
531.125	0.3396
531.25	0.3396
531.375	0.3427
531.5	0.3411
531.625	0.3396
531.75	0.3356
531.875	0.3349
532.0	0.3349
532.125	0.3325
532.25	0.3301
532.375	0.3301
532.5	0.3301
532.625	0.3301
532.75	0.3301
532.875	0.3301
533.0	0.3301
533.125	0.3301
533.25	0.3294
533.375	0.3301
533.5	0.3301
533.625	0.3301
533.75	0.3349
533.875	0.3349
534.0	0.3333
534.125	0.3301
534.25	0.3301
534.375	0.3294
534.5	0.3254
534.625	0.3286
534.75	0.3301
534.875	0.327
535.0	0.3246
535.125	0.3223
535.25	0.3207
535.375	0.3207
535.5	0.3191
535.625	0.3183
535.75	0.3183
535.875	0.3176
536.0	0.3199
536.125	0.3254
536.25	0.3301
536.375	0.3317
536.5	0.3309
536.625	0.3301
536.75	0.3286
536.875	0.3223
537.0	0.3207
537.125	0.3207
537.25	0.3207
537.375	0.3207
537.5	0.3207
537.625	0.3207
537.75	0.3207
537.875	0.3176
538.0	0.316
538.125	0.3176
538.25	0.316
538.375	0.3207
538.5	0.3199
538.625	0.3191
538.75	0.316
538.875	0.3168
539.0	0.3199
539.125	0.3207
539.25	0.316
539.375	0.3168
539.5	0.316
539.625	0.316
539.75	0.3183
539.875	0.3176
540.0	0.3191
540.125	0.3191
540.25	0.3191
540.375	0.3168
540.5	0.316
540.625	0.316
540.75	0.3144
540.875	0.3113
541.0	0.3128
541.125	0.316
541.25	0.316
541.375	0.316
541.5	0.3152
541.625	0.3136
541.75	0.3136
541.875	0.3113
542.0	0.3128
542.125	0.3113
542.25	0.3113
542.375	0.3113
542.5	0.3073
542.625	0.3066
542.75	0.3066
542.875	0.3066
543.0	0.3066
543.125	0.3081
543.25	0.3089
543.375	0.3066
543.5	0.3042
543.625	0.3026
543.75	0.3042
543.875	0.3073
544.0	0.3066
544.125	0.3066
544.25	0.3066
544.375	0.3066
544.5	0.3026
544.625	0.3026
544.75	0.3018
544.875	0.3018
545.0	0.3018
545.125	0.3018
545.25	0.3018
545.375	0.3011
545.5	0.2987
545.625	0.2979
545.75	0.2979
545.875	0.2987
546.0	0.2971
546.125	0.2995
546.25	0.2971
546.375	0.2971
546.5	0.2963
546.625	0.2971
546.75	0.2971
546.875	0.2971
547.0	0.2971
547.125	0.2971
547.25	0.2971
547.375	0.2971
547.5	0.2948
547.625	0.2971
547.75	0.2948
547.875	0.294
548.0	0.2971
548.125	0.294
548.25	0.2963
548.375	0.2932
548.5	0.2924
548.625	0.2924
548.75	0.2924
548.875	0.2948
549.0	0.294
549.125	0.2924
549.25	0.2932
549.375	0.2924
549.5	0.2924
549.625	0.2932
549.75	0.2924
549.875	0.2924
550.0	0.2924
550.125	0.2924
550.25	0.2908
550.375	0.2877
550.5	0.2877
550.625	0.283
550.75	0.283
550.875	0.2877
551.0	0.2877
551.125	0.2908
551.25	0.2877
551.375	0.2877
551.5	0.2877
551.625	0.283
551.75	0.283
551.875	0.2822
552.0	0.2845
552.125	0.2838
552.25	0.2838
552.375	0.2822
552.5	0.2822
552.625	0.279
552.75	0.2783
552.875	0.2783
553.0	0.2783
553.125	0.2775
553.25	0.2783
553.375	0.2783
553.5	0.2767
553.625	0.2775
553.75	0.2775
553.875	0.2767
554.0	0.2759
554.125	0.2783
554.25	0.2775
554.375	0.2751
554.5	0.2759
554.625	0.2767
554.75	0.2751
554.875	0.2735
555.0	0.2735
555.125	0.2743
555.25	0.2735
555.375	0.2735
555.5	0.2727
555.625	0.2735
555.75	0.2727
555.875	0.2735
556.0	0.2735
556.125	0.2735
556.25	0.2727
556.375	0.2704
556.5	0.2696
556.625	0.2688
556.75	0.2704
556.875	0.2688
557.0	0.2688
557.125	0.2688
557.25	0.2657
557.375	0.2641
557.5	0.2641
557.625	0.2641
557.75	0.2641
557.875	0.2641
558.0	0.2649
558.125	0.2641
558.25	0.2672
558.375	0.2657
558.5	0.2641
558.625	0.2641
558.75	0.2657
558.875	0.2641
559.0	0.2657
559.125	0.2641
559.25	0.2641
559.375	0.2641
559.5	0.2625
559.625	0.2641
559.75	0.2641
559.875	0.2633
560.0	0.2641
560.125	0.2641
560.25	0.2649
560.375	0.2625
560.5	0.2617
560.625	0.2625
560.75	0.2625
560.875	0.2602
561.0	0.2594
561.125	0.2594
561.25	0.2562
561.375	0.257
561.5	0.2562
561.625	0.2547
561.75	0.2547
561.875	0.2547
562.0	0.2531
562.125	0.2515
562.25	0.2515
562.375	0.2507
562.5	0.2507
562.625	0.2539
562.75	0.2531
562.875	0.2515
563.0	0.25
563.125	0.25
563.25	0.25
563.375	0.25
563.5	0.2484
563.625	0.2452
563.75	0.2452
563.875	0.2452
564.0	0.2452
564.125	0.2444
564.25	0.2452
564.375	0.2452
564.5	0.2452
564.625	0.2452
564.75	0.2452
564.875	0.2452
565.0	0.2452
565.125	0.2452
565.25	0.2421
565.375	0.2405
565.5	0.2405
565.625	0.2405
565.75	0.2405
565.875	0.2405
566.0	0.2405
566.125	0.2405
566.25	0.2413
566.375	0.2397
566.5	0.2382
566.625	0.2389
566.75	0.2366
566.875	0.2334
567.0	0.2311
567.125	0.2311
567.25	0.2311
567.375	0.2327
567.5	0.2319
567.625	0.2311
567.75	0.2287
567.875	0.2264
568.0	0.2264
568.125	0.2264
568.25	0.2264
568.375	0.2272
568.5	0.2303
568.625	0.2264
568.75	0.2256
568.875	0.2216
569.0	0.2209
569.125	0.2232
569.25	0.2264
569.375	0.2264
569.5	0.2264
569.625	0.2264
569.75	0.2248
569.875	0.2216
570.0	0.2216
570.125	0.2193
570.25	0.2169
570.375	0.2193
570.5	0.2193
570.625	0.2216
570.75	0.2169
570.875	0.2169
571.0	0.2193
571.125	0.2209
571.25	0.2216
571.375	0.2216
571.5	0.2177
571.625	0.2177
571.75	0.2177
571.875	0.2169
572.0	0.2185
572.125	0.2169
572.25	0.2169
572.375	0.2169
572.5	0.2169
572.625	0.2169
572.75	0.2169
572.875	0.2169
573.0	0.2154
573.125	0.2146
573.25	0.2154
573.375	0.2146
573.5	0.2146
573.625	0.2122
573.75	0.2138
573.875	0.2122
574.0	0.2122
574.125	0.2122
574.25	0.2091
574.375	0.2122
574.5	0.2122
574.625	0.2099
574.75	0.2106
574.875	0.2075
575.0	0.2075
575.125	0.2075
575.25	0.2075
575.375	0.2075
575.5	0.2051
575.625	0.2075
575.75	0.2067
575.875	0.2059
576.0	0.2059
576.125	0.2059
576.25	0.2044
576.375	0.2028
576.5	0.2028
576.625	0.2036
576.75	0.2036
576.875	0.2028
577.0	0.2004
577.125	0.1996
577.25	0.2028
577.375	0.202
577.5	0.1981
577.625	0.1988
577.75	0.1981
577.875	0.1981
578.0	0.1981
578.125	0.1973
578.25	0.1981
578.375	0.1973
578.5	0.1933
578.625	0.1981
578.75	0.1981
578.875	0.1973
579.0	0.1949
579.125	0.1933
579.25	0.1933
579.375	0.1933
579.5	0.1933
579.625	0.1941
579.75	0.1933
579.875	0.1949
580.0	0.1957
580.125	0.1933
580.25	0.1926
580.375	0.1886
580.5	0.1886
580.625	0.1886
580.75	0.1878
580.875	0.1871
581.0	0.1871
581.125	0.1878
581.25	0.1855
581.375	0.1823
581.5	0.1839
581.625	0.1808
581.75	0.1808
581.875	0.1839
582.0	0.1831
582.125	0.1839
582.25	0.1839
582.375	0.1839
582.5	0.1847
582.625	0.1823
582.75	0.1823
582.875	0.1792
583.0	0.1792
583.125	0.1808
583.25	0.18
583.375	0.18
583.5	0.1792
583.625	0.1784
583.75	0.1776
583.875	0.1753
584.0	0.1745
584.125	0.1792
584.25	0.1784
584.375	0.1792
584.5	0.1776
584.625	0.1768
584.75	0.1761
584.875	0.1753
585.0	0.1745
585.125	0.1745
585.25	0.1737
585.375	0.1737
585.5	0.1721
585.625	0.1698
585.75	0.1705
585.875	0.1698
586.0	0.1705
586.125	0.1698
586.25	0.1698
586.375	0.1705
586.5	0.1705
586.625	0.1698
586.75	0.1682
586.875	0.165
587.0	0.165
587.125	0.1658
587.25	0.165
587.375	0.165
587.5	0.165
587.625	0.165
587.75	0.165
587.875	0.165
588.0	0.165
588.125	0.1658
588.25	0.1666
588.375	0.1666
588.5	0.1682
588.625	0.1658
588.75	0.165
588.875	0.1627
589.0	0.1603
589.125	0.1611
589.25	0.1619
589.375	0.1603
589.5	0.1635
589.625	0.1603
589.75	0.1603
589.875	0.1603
590.0	0.1595
590.125	0.1603
590.25	0.1595
590.375	0.1564
590.5	0.1564
590.625	0.1556
590.75	0.1556
590.875	0.1556
591.0	0.1556
591.125	0.1556
591.25	0.1548
591.375	0.1556
591.5	0.1525
591.625	0.1517
591.75	0.1533
591.875	0.1556
592.0	0.1533
592.125	0.1509
592.25	0.1509
592.375	0.1509
592.5	0.1517
592.625	0.1517
592.75	0.1509
592.875	0.1517
593.0	0.1509
593.125	0.1509
593.25	0.1501
593.375	0.1501
593.5	0.1509
593.625	0.1493
593.75	0.1493
593.875	0.1509
594.0	0.1485
594.125	0.1509
594.25	0.1485
594.375	0.1477
594.5	0.1462
594.625	0.1454
594.75	0.1462
594.875	0.1446
595.0	0.1422
595.125	0.1422
595.25	0.1407
595.375	0.1415
595.5	0.1415
595.625	0.1438
595.75	0.143
595.875	0.1415
596.0	0.1438
596.125	0.1415
596.25	0.1415
596.375	0.1415
596.5	0.1422
596.625	0.1415
596.75	0.1422
596.875	0.1407
597.0	0.1415
597.125	0.1415
597.25	0.1367
597.375	0.1375
597.5	0.1367
597.625	0.1367
597.75	0.136
597.875	0.1367
598.0	0.136
598.125	0.136
598.25	0.136
598.375	0.1328
598.5	0.1336
598.625	0.132
598.75	0.132
598.875	0.1328
599.0	0.1328
599.125	0.132
599.25	0.1328
599.375	0.132
599.5	0.132
599.625	0.1305
599.75	0.1297
599.875	0.1312
600.0	0.132
600.125	0.132
600.25	0.132
600.375	0.1289
600.5	0.132
600.625	0.1273
600.75	0.1273
600.875	0.1281
601.0	0.1273
601.125	0.1273
601.25	0.1273
601.375	0.1273
601.5	0.1273
601.625	0.1273
601.75	0.1265
601.875	0.1234
602.0	0.1242
602.125	0.1234
602.25	0.1226
602.375	0.1242
602.5	0.1242
602.625	0.1226
602.75	0.1226
602.875	0.1226
603.0	0.1226
603.125	0.1226
603.25	0.121
603.375	0.1226
603.5	0.1194
603.625	0.1187
603.75	0.1187
603.875	0.1179
604.0	0.1179
604.125	0.1179
604.25	0.1155
604.375	0.1171
604.5	0.1171
604.625	0.1155
604.75	0.1163
604.875	0.1155
605.0	0.1163
605.125	0.1147
605.25	0.1155
605.375	0.1139
605.5	0.1132
605.625	0.1139
605.75	0.1132
605.875	0.1124
606.0	0.1132
606.125	0.1116
606.25	0.1132
606.375	0.1092
606.5	0.1124
606.625	0.1108
606.75	0.11
606.875	0.11
607.0	0.11
607.125	0.11
607.25	0.1084
607.375	0.1084
607.5	0.11
607.625	0.1084
607.75	0.1084
607.875	0.1084
608.0	0.1084
608.125	0.1069
608.25	0.1045
608.375	0.1069
608.5	0.1053
608.625	0.1037
608.75	0.1053
608.875	0.1037
609.0	0.1045
609.125	0.1037
609.25	0.1037
609.375	0.1022
609.5	0.1014
609.625	0.0998
609.75	0.1022
609.875	0.1022
610.0	0.0998
610.125	0.099
610.25	0.099
610.375	0.099
610.5	0.0982
610.625	0.0982
610.75	0.099
610.875	0.0982
611.0	0.0966
611.125	0.0974
611.25	0.0959
611.375	0.0951
611.5	0.0951
611.625	0.0943
611.75	0.0943
611.875	0.0959
612.0	0.0943
612.125	0.0935
612.25	0.0935
612.375	0.0943
612.5	0.0943
612.625	0.0943
612.75	0.0951
612.875	0.0943
613.0	0.0919
613.125	0.0919
613.25	0.0911
613.375	0.0911
613.5	0.0919
613.625	0.0927
613.75	0.0911
613.875	0.0896
614.0	0.0911
614.125	0.0904
614.25	0.0896
614.375	0.0904
614.5	0.0896
614.625	0.0896
614.75	0.0896
614.875	0.0896
615.0	0.0888
615.125	0.088
615.25	0.0888
615.375	0.0872
615.5	0.0856
615.625	0.0849
615.75	0.0849
615.875	0.0849
616.0	0.0849
616.125	0.0849
616.25	0.0849
616.375	0.0841
616.5	0.0841
616.625	0.0825
616.75	0.0841
616.875	0.0849
617.0	0.0817
617.125	0.0817
617.25	0.0801
617.375	0.0801
617.5	0.0817
617.625	0.0801
617.75	0.0801
617.875	0.0801
618.0	0.0794
618.125	0.0801
618.25	0.0794
618.375	0.0778
618.5	0.0786
618.625	0.0794
618.75	0.077
618.875	0.0754
619.0	0.0762
619.125	0.0754
619.25	0.0754
619.375	0.0754
619.5	0.0754
619.625	0.0754
619.75	0.0754
619.875	0.0754
620.0	0.0746
620.125	0.0754
620.25	0.0754
620.375	0.0754
620.5	0.0754
620.625	0.0723
620.75	0.0723
620.875	0.0707
621.0	0.0707
621.125	0.0707
621.25	0.0707
621.375	0.0691
621.5	0.0707
621.625	0.0707
621.75	0.0707
621.875	0.0707
622.0	0.0707
622.125	0.0707
622.25	0.0691
622.375	0.0707
622.5	0.0707
622.625	0.0691
622.75	0.0707
622.875	0.0691
623.0	0.0707
623.125	0.0707
623.25	0.0676
623.375	0.066
623.5	0.0676
623.625	0.0668
623.75	0.066
623.875	0.066
624.0	0.066
624.125	0.0668
624.25	0.066
624.375	0.066
624.5	0.066
624.625	0.066
624.75	0.066
624.875	0.066
625.0	0.0628
625.125	0.0628
625.25	0.0621
625.375	0.0621
625.5	0.0644
625.625	0.0636
625.75	0.0621
625.875	0.0628
626.0	0.0613
626.125	0.0613
626.25	0.0613
626.375	0.0613
626.5	0.0613
626.625	0.0613
626.75	0.0605
626.875	0.0605
627.0	0.0613
627.125	0.0597
627.25	0.0613
627.375	0.0597
627.5	0.0589
627.625	0.0581
627.75	0.0573
627.875	0.0566
628.0	0.0566
628.125	0.0573
628.25	0.0573
628.375	0.0566
628.5	0.0558
628.625	0.0566
628.75	0.0573
628.875	0.0566
629.0	0.0566
629.125	0.0566
629.25	0.0566
629.375	0.0566
629.5	0.055
629.625	0.055
629.75	0.055
629.875	0.055
630.0	0.0542
630.125	0.0526
630.25	0.0526
630.375	0.0518
630.5	0.0518
630.625	0.0534
630.75	0.0534
630.875	0.0518
631.0	0.0518
631.125	0.0518
631.25	0.0518
631.375	0.0518
631.5	0.0518
631.625	0.0495
631.75	0.0518
631.875	0.0518
632.0	0.0518
632.125	0.0518
632.25	0.0511
632.375	0.0495
632.5	0.0495
632.625	0.0495
632.75	0.0479
632.875	0.0479
633.0	0.0479
633.125	0.0471
633.25	0.0471
633.375	0.0503
633.5	0.0487
633.625	0.0471
633.75	0.0487
633.875	0.0471
634.0	0.0471
634.125	0.0471
634.25	0.0471
634.375	0.0471
634.5	0.0471
634.625	0.0471
634.75	0.0471
634.875	0.0455
635.0	0.0471
635.125	0.0448
635.25	0.0471
635.375	0.044
635.5	0.044
635.625	0.0479
635.75	0.0455
635.875	0.0424
636.0	0.0424
636.125	0.0424
636.25	0.0424
636.375	0.0424
636.5	0.0424
636.625	0.0424
636.75	0.0424
636.875	0.0424
637.0	0.0416
637.125	0.0424
637.25	0.0424
637.375	0.0416
637.5	0.0424
637.625	0.0393
637.75	0.04
637.875	0.0416
638.0	0.0393
638.125	0.0408
638.25	0.0424
638.375	0.0393
638.5	0.04
638.625	0.0377
638.75	0.0377
638.875	0.0385
639.0	0.0377
639.125	0.04
639.25	0.0385
639.375	0.0377
639.5	0.0377
639.625	0.0377
639.75	0.0377
639.875	0.0385
640.0	0.0377
640.125	0.0385
640.25	0.0377
640.375	0.0377
640.5	0.0377
640.625	0.0377
640.75	0.0377
640.875	0.0377
641.0	0.0377
641.125	0.0377
641.25	0.0369
641.375	0.0377
641.5	0.0361
641.625	0.0377
641.75	0.0369
641.875	0.0361
642.0	0.0369
642.125	0.0338
642.25	0.0361
642.375	0.0338
642.5	0.0345
642.625	0.033
642.75	0.0338
642.875	0.033
643.0	0.033
643.125	0.033
643.25	0.033
643.375	0.033
643.5	0.033
643.625	0.0345
643.75	0.033
643.875	0.033
644.0	0.033
644.125	0.033
644.25	0.033
644.375	0.0322
644.5	0.033
644.625	0.033
644.75	0.0322
644.875	0.0314
645.0	0.033
645.125	0.0298
645.25	0.0306
645.375	0.0298
645.5	0.029
645.625	0.0298
645.75	0.0283
645.875	0.029
646.0	0.029
646.125	0.0283
646.25	0.0283
646.375	0.0283
646.5	0.0298
646.625	0.029
646.75	0.029
646.875	0.029
647.0	0.029
647.125	0.029
647.25	0.0283
647.375	0.0283
647.5	0.0283
647.625	0.0283
647.75	0.0283
647.875	0.0283
648.0	0.0283
648.125	0.0283
648.25	0.0283
648.375	0.0283
648.5	0.0283
648.625	0.0283
648.75	0.0283
648.875	0.0275
649.0	0.0275
649.125	0.0275
649.25	0.0283
649.375	0.0283
649.5	0.0267
649.625	0.0283
649.75	0.0283
649.875	0.0275
650.0	0.0275
650.125	0.0267
650.25	0.0275
650.375	0.0275
650.5	0.0259
650.625	0.0251
650.75	0.0251
650.875	0.0235
651.0	0.0235
651.125	0.0243
651.25	0.0243
651.375	0.0243
651.5	0.0251
651.625	0.0243
651.75	0.0251
651.875	0.0235
652.0	0.0235
652.125	0.0235
652.25	0.0243
652.375	0.0259
652.5	0.0251
652.625	0.0235
652.75	0.0243
652.875	0.0235
653.0	0.0235
653.125	0.0235
653.25	0.0235
653.375	0.0235
653.5	0.0227
653.625	0.0235
653.75	0.0227
653.875	0.0227
654.0	0.0235
654.125	0.0227
654.25	0.0235
654.375	0.0235
654.5	0.0235
654.625	0.0227
654.75	0.022
654.875	0.0227
655.0	0.0235
655.125	0.0227
655.25	0.0227
655.375	0.022
655.5	0.0227
655.625	0.022
655.75	0.022
655.875	0.0227
656.0	0.0204
656.125	0.022
656.25	0.0212
656.375	0.0204
656.5	0.0204
656.625	0.0196
656.75	0.022
656.875	0.0212
657.0	0.0204
657.125	0.0204
657.25	0.0188
657.375	0.0204
657.5	0.0188
657.625	0.0196
657.75	0.0188
657.875	0.0196
658.0	0.0188
658.125	0.0188
658.25	0.0196
658.375	0.0188
658.5	0.0188
658.625	0.0188
658.75	0.0196
658.875	0.0188
659.0	0.0188
659.125	0.018
659.25	0.0188
659.375	0.0188
659.5	0.0188
659.625	0.0188
659.75	0.0172
659.875	0.0188
660.0	0.0188
660.125	0.0188
660.25	0.018
660.375	0.0188
660.5	0.0172
660.625	0.018
660.75	0.0188
660.875	0.018
661.0	0.018
661.125	0.018
661.25	0.0188
661.375	0.0165
661.5	0.0157
661.625	0.018
661.75	0.0188
661.875	0.018
662.0	0.0172
662.125	0.0149
662.25	0.0172
662.375	0.018
662.5	0.0172
662.625	0.0165
662.75	0.0165
662.875	0.0172
663.0	0.0165
663.125	0.0141
663.25	0.0157
663.375	0.0141
663.5	0.0149
663.625	0.0141
663.75	0.0157
663.875	0.0141
664.0	0.0141
664.125	0.0149
664.25	0.0141
664.375	0.0141
664.5	0.0141
664.625	0.0149
664.75	0.0141
664.875	0.0149
665.0	0.0141
665.125	0.0141
665.25	0.0141
665.375	0.0133
665.5	0.0141
665.625	0.0141
665.75	0.0141
665.875	0.0141
666.0	0.0125
666.125	0.0117
666.25	0.0133
666.375	0.0133
666.5	0.0133
666.625	0.0141
666.75	0.0133
666.875	0.0133
667.0	0.0133
667.125	0.0117
667.25	0.0133
667.375	0.0133
667.5	0.0133
667.625	0.0102
667.75	0.0141
667.875	0.0094
668.0	0.011
668.125	0.0117
668.25	0.0125
668.375	0.0133
668.5	0.0125
668.625	0.0125
668.75	0.0102
668.875	0.0094
669.0	0.0102
669.125	0.0102
669.25	0.011
669.375	0.0094
669.5	0.0094
669.625	0.0102
669.75	0.011
669.875	0.011
670.0	0.011
670.125	0.0086
670.25	0.0094
670.375	0.0102
670.5	0.0094
670.625	0.0094
670.75	0.0102
670.875	0.0094
671.0	0.0094
671.125	0.0094
671.25	0.0094
671.375	0.0094
671.5	0.0094
671.625	0.0094
671.75	0.0094
671.875	0.0094
672.0	0.0094
672.125	0.0094
672.25	0.0086
672.375	0.0094
672.5	0.0094
672.625	0.0094
672.75	0.0094
672.875	0.0094
673.0	0.0086
673.125	0.0094
673.25	0.0086
673.375	0.0086
673.5	0.0094
673.625	0.0086
673.75	0.0094
673.875	0.0094
674.0	0.0094
674.125	0.0094
674.25	0.0094
674.375	0.0086
674.5	0.0078
674.625	0.0086
674.75	0.0078
674.875	0.0086
675.0	0.0078
675.125	0.0078
675.25	0.0078
675.375	0.0078
675.5	0.0062
675.625	0.0078
675.75	0.0078
675.875	0.0086
676.0	0.0086
676.125	0.007
676.25	0.007
676.375	0.0078
676.5	0.0047
676.625	0.0055
676.75	0.0055
676.875	0.007
677.0	0.0047
677.125	0.0055
677.25	0.0062
677.375	0.0086
677.5	0.0047
677.625	0.0047
677.75	0.0047
677.875	0.0047
678.0	0.0047
678.125	0.0047
678.25	0.0047
678.375	0.0055
678.5	0.0047
678.625	0.0055
678.75	0.0055
678.875	0.0047
679.0	0.0055
679.125	0.0047
679.25	0.0047
679.375	0.0047
679.5	0.0062
679.625	0.0047
679.75	0.0047
679.875	0.0047
680.0	0.0039
680.125	0.0047
680.25	0.0047
680.375	0.0047
680.5	0.0039
680.625	0.0047
680.75	0.0055
680.875	0.0047
681.0	0.0047
681.125	0.0047
681.25	0.0047
681.375	0.0047
681.5	0.0047
681.625	0.0047
681.75	0.0047
681.875	0.0047
682.0	0.0047
682.125	0.0039
682.25	0.0047
682.375	0.0047
682.5	0.0047
682.625	0.0047
682.75	0.0047
682.875	0.0047
683.0	0.0047
683.125	0.0023
683.25	0.0047
683.375	0.0047
683.5	0.0047
683.625	0.0047
683.75	0.0039
683.875	0.0047
684.0	0.0047
684.125	0.0031
684.25	0.0031
684.375	0.0047
684.5	0.0039
684.625	0.0039
684.75	0.0031
684.875	0.0047
685.0	0.0047
685.125	0.0031
685.25	0.0039
685.375	0.0047
685.5	0.0039
685.625	0.0039
685.75	0.0031
685.875	7.0E-4
686.0	0.0031
686.125	0.0023
686.25	0.0047
686.375	0.0031
686.5	0.0039
686.625	0.0047
686.75	0.0023
686.875	0.0015
687.0	0.0023
687.125	0.0031
687.25	0.0023
687.375	0.0047
687.5	0.0039
687.625	0.0031
687.75	0.0015
687.875	0.0031
688.0	0.0015
688.125	0.0015
688.25	0.0015
688.375	0.0023
688.5	0.0023
688.625	0.0023
688.75	0.0015
688.875	0.0023
689.0	7.0E-4
689.125	0.0015
689.25	0.0023
689.375	0.0015
689.5	0.0
689.625	0.0
689.75	0.0023
689.875	0.0015
690.0	0.0015
690.125	0.0023
690.25	0.0023
690.375	0.0015
690.5	0.0015
690.625	0.0015
690.75	0.0015
690.875	0.0
691.0	0.0031
691.125	7.0E-4
691.25	0.0
691.375	7.0E-4
691.5	7.0E-4
691.625	0.0015
691.75	0.0015
691.875	0.0015
692.0	0.0023
692.125	0.0
692.25	0.0015
692.375	0.0
692.5	0.0
692.625	7.0E-4
692.75	7.0E-4
692.875	0.0
693.0	7.0E-4
693.125	7.0E-4
693.25	0.0023
693.375	7.0E-4
693.5	7.0E-4
693.625	7.0E-4
693.75	0.0
693.875	0.0
694.0	0.0023
694.125	0.0
694.25	0.0015
694.375	0.0
694.5	0.0
694.625	0.0
694.75	7.0E-4
694.875	0.0
695.0	0.0
695.125	0.0
695.25	0.0
695.375	0.0015
695.5	0.0
695.625	7.0E-4
695.75	7.0E-4
695.875	0.0
696.0	0.0
696.125	0.0
696.25	7.0E-4
696.375	0.0
696.5	7.0E-4
696.625	0.0
696.75	7.0E-4
696.875	0.0
697.0	0.0
697.125	0.0
697.25	0.0
697.375	0.0
697.5	0.0
697.625	0.0
697.75	0.0
697.875	0.0
698.0	7.0E-4
698.125	0.0
698.25	0.0
698.375	7.0E-4
698.5	0.0
698.625	0.0
698.75	0.0
698.875	7.0E-4
699.0	7.0E-4
699.125	0.0
699.25	0.0
699.375	0.0
699.5	0.0
699.625	0.0
699.75	0.0
699.875	0.0015
700.0	0.0
700.125	0.0
700.25	0.0
700.375	0.0
700.5	0.0
700.625	0.0
700.75	0.0
700.875	0.0
701.0	0.0
701.125	0.0
701.25	0.0
701.375	0.0
701.5	7.0E-4
701.625	0.0
701.75	7.0E-4
701.875	0.0
702.0	0.0
702.125	0.0
702.25	0.0
702.375	0.0
702.5	0.0
702.625	0.0
702.75	0.0
702.875	0.0
703.0	0.0
703.125	0.0
703.25	0.0
703.375	0.0
703.5	0.0
703.625	0.0
703.75	0.0
703.875	0.0
704.0	0.0
704.125	0.0
704.25	0.0
704.375	0.0
704.5	0.0
704.625	0.0
704.75	0.0
704.875	0.0
705.0	0.0
705.125	7.0E-4
705.25	0.0
705.375	0.0
705.5	0.0
705.625	0.0
705.75	0.0
705.875	7.0E-4
706.0	0.0
706.125	0.0
706.25	0.0
706.375	0.0
706.5	0.0
706.625	0.0
706.75	0.0
706.875	0.0
707.0	0.0
707.125	0.0
707.25	0.0
707.375	0.0
707.5	0.0
707.625	0.0
707.75	0.0
707.875	0.0
708.0	0.0
708.125	0.0
708.25	0.0
708.375	0.0
708.5	0.0
708.625	0.0
708.75	0.0
708.875	0.0
709.0	0.0
709.125	0.0
709.25	0.0
709.375	0.0
709.5	0.0
709.625	0.0
709.75	0.0
709.875	0.0
710.0	0.0
710.125	0.0
710.25	0.0
710.375	0.0
710.5	0.0
710.625	0.0
710.75	0.0
710.875	0.0
711.0	0.0
711.125	0.0
711.25	0.0
711.375	0.0
711.5	0.0
711.625	0.0
711.75	0.0
711.875	0.0
712.0	0.0
712.125	0.0
712.25	0.0
712.375	7.0E-4
712.5	0.0
712.625	0.0
712.75	0.0
712.875	0.0
713.0	0.0
713.125	0.0
713.25	0.0
713.375	0.0
713.5	0.0
713.625	0.0
713.75	0.0
713.875	0.0
714.0	0.0
714.125	0.0
714.25	0.0
714.375	0.0
714.5	0.0
714.625	0.0
714.75	0.0
714.875	0.0
715.0	0.0
715.125	0.0
715.25	0.0
715.375	0.0
715.5	0.0
715.625	0.0
715.75	0.0
715.875	0.0
716.0	0.0
716.125	0.0
716.25	0.0
716.375	0.0
716.5	0.0
716.625	0.0
716.75	0.0
716.875	0.0
717.0	0.0
717.125	0.0
717.25	0.0
717.375	0.0
717.5	0.0
717.625	0.0
717.75	0.0
717.875	0.0
718.0	0.0
718.125	0.0
718.25	0.0
718.375	0.0
718.5	0.0
718.625	0.0
718.75	0.0
718.875	0.0
719.0	0.0
719.125	0.0
719.25	0.0
719.375	0.0
719.5	0.0
719.625	0.0
719.75	0.0
719.875	0.0
720.0	0.0
720.125	0.0
720.25	0.0
720.375	0.0
720.5	0.0
720.625	0.0
720.75	0.0
720.875	0.0
721.0	0.0
721.125	0.0
721.25	0.0
721.375	0.0
721.5	0.0
721.625	0.0
721.75	0.0
721.875	0.0
722.0	0.0
722.125	0.0
722.25	0.0
722.375	0.0
722.5	0.0
722.625	0.0
722.75	0.0
722.875	0.0
723.0	0.0
723.125	0.0
723.25	0.0
723.375	0.0
723.5	0.0
723.625	0.0
723.75	0.0
723.875	0.0
724.0	0.0
724.125	0.0
724.25	0.0
724.375	0.0
724.5	0.0
724.625	0.0
724.75	0.0
724.875	0.0
725.0	0.0
725.125	0.0
725.25	0.0
725.375	0.0
725.5	0.0
725.625	0.0
725.75	0.0
725.875	0.0
726.0	7.0E-4
726.125	0.0
726.25	0.0
726.375	0.0
726.5	0.0
726.625	0.0
726.75	0.0
726.875	0.0
727.0	0.0
727.125	0.0
727.25	0.0
727.375	0.0
727.5	0.0
727.625	0.0
727.75	0.0
727.875	0.0
728.0	0.0
728.125	0.0
728.25	0.0
728.375	0.0
728.5	0.0
728.625	0.0
728.75	0.0
728.875	0.0
729.0	0.0
729.125	0.0
729.25	0.0
729.375	0.0
729.5	0.0
729.625	0.0
729.75	0.0
729.875	0.0
730.0	0.0
730.125	0.0
730.25	0.0
730.375	0.0
730.5	0.0
730.625	0.0
730.75	0.0
730.875	0.0
731.0	0.0
731.125	0.0
731.25	0.0
731.375	0.0
731.5	0.0
731.625	0.0
731.75	0.0
731.875	0.0
732.0	0.0
732.125	0.0
732.25	0.0
732.375	0.0
732.5	0.0
732.625	0.0
732.75	0.0
732.875	0.0
733.0	0.0
733.125	0.0
733.25	0.0
733.375	0.0
733.5	0.0
733.625	0.0
733.75	0.0
733.875	0.0
734.0	0.0
734.125	0.0
734.25	0.0
734.375	0.0
734.5	0.0
734.625	0.0
734.75	0.0
734.875	0.0
735.0	0.0
735.125	0.0
735.25	0.0
735.375	0.0
735.5	0.0
735.625	0.0
735.75	0.0
735.875	0.0
736.0	0.0
736.125	0.0
736.25	0.0
736.375	0.0
736.5	0.0
736.625	0.0
736.75	0.0
736.875	0.0
737.0	0.0
737.125	0.0
737.25	0.0
737.375	0.0
737.5	0.0
737.625	0.0
737.75	0.0
737.875	0.0
738.0	0.0
738.125	0.0
738.25	0.0
738.375	0.0
738.5	0.0
738.625	0.0
738.75	0.0
738.875	0.0
739.0	0.0
739.125	0.0
739.25	0.0
739.375	0.0
739.5	0.0
739.625	0.0
739.75	0.0
739.875	0.0
740.0	0.0
740.125	0.0
740.25	0.0
740.375	0.0
740.5	0.0
740.625	0.0
740.75	0.0
740.875	0.0
741.0	0.0
741.125	0.0
741.25	0.0
741.375	0.0
741.5	0.0
741.625	0.0
741.75	0.0
741.875	0.0
742.0	0.0
742.125	0.0
742.25	0.0
742.375	0.0
742.5	0.0
742.625	0.0
742.75	0.0
742.875	0.0
743.0	0.0
743.125	0.0
743.25	0.0
743.375	0.0
743.5	0.0
743.625	0.0
743.75	0.0
743.875	0.0
744.0	0.0
744.125	0.0
744.25	0.0
744.375	0.0
744.5	0.0
744.625	0.0
744.75	0.0
744.875	0.0
745.0	0.0
745.125	0.0
745.25	0.0
745.375	0.0
745.5	0.0
745.625	0.0
745.75	0.0
745.875	0.0
746.0	0.0
746.125	0.0
746.25	0.0
746.375	0.0
746.5	0.0
746.625	0.0
746.75	0.0
746.875	0.0
747.0	0.0
747.125	0.0
747.25	0.0
747.375	0.0
747.5	0.0
747.625	0.0
747.75	0.0
747.875	0.0
748.0	0.0
748.125	0.0
748.25	0.0
748.375	0.0
748.5	0.0
748.625	0.0
748.75	0.0
748.875	0.0
749.0	0.0
749.125	0.0
749.25	0.0
749.375	0.0
749.5	0.0
749.625	0.0
749.75	0.0
749.875	0.0
750.0	0.0
750.125	0.0
750.25	0.0
750.375	0.0
750.5	0.0
750.625	0.0
750.75	0.0
750.875	0.0
751.0	0.0
751.125	0.0
751.25	0.0
751.375	0.0
751.5	0.0
751.625	0.0
751.75	0.0
751.875	0.0
752.0	0.0
752.125	0.0
752.25	0.0
752.375	0.0
752.5	0.0
752.625	0.0
752.75	0.0
752.875	0.0
753.0	0.0
753.125	0.0
753.25	0.0
753.375	0.0
753.5	0.0
753.625	0.0
753.75	0.0
753.875	0.0
754.0	0.0
754.125	0.0
754.25	0.0
754.375	0.0
754.5	0.0
754.625	0.0
754.75	0.0
754.875	0.0
755.0	0.0
755.125	0.0
755.25	0.0
755.375	0.0
755.5	0.0
755.625	0.0
755.75	0.0
755.875	0.0
756.0	0.0
756.125	0.0
756.25	0.0
756.375	0.0
756.5	0.0
756.625	0.0
756.75	0.0
756.875	0.0
757.0	0.0
757.125	0.0
757.25	0.0
757.375	0.0
757.5	0.0
757.625	0.0
757.75	0.0
757.875	0.0
758.0	0.0
758.125	0.0
758.25	0.0
758.375	0.0
758.5	0.0
758.625	0.0
758.75	0.0
758.875	0.0
759.0	0.0
759.125	0.0
759.25	0.0
759.375	0.0
759.5	0.0
759.625	0.0
759.75	0.0
759.875	0.0
760.0	0.0
760.125	0.0
760.25	0.0
760.375	0.0
760.5	0.0
760.625	0.0
760.75	0.0
760.875	0.0
761.0	0.0
761.125	0.0
761.25	0.0
761.375	0.0
761.5	0.0
761.625	0.0
761.75	0.0
761.875	0.0
762.0	0.0
762.125	0.0
762.25	0.0
762.375	0.0
762.5	0.0
762.625	0.0
762.75	0.0
762.875	0.0
763.0	0.0
763.125	0.0
763.25	0.0
763.375	0.0
763.5	0.0
763.625	0.0
763.75	0.0
763.875	0.0
764.0	0.0
764.125	0.0
764.25	0.0
764.375	0.0
764.5	0.0
764.625	0.0
764.75	0.0
764.875	0.0
765.0	0.0
765.125	0.0
765.25	0.0
765.375	0.0
765.5	0.0
765.625	0.0
765.75	0.0
765.875	0.0
766.0	0.0
766.125	0.0
766.25	0.0
766.375	0.0
766.5	0.0
766.625	0.0
766.75	0.0
766.875	0.0
767.0	0.0
767.125	0.0
767.25	0.0
767.375	0.0
767.5	0.0
767.625	0.0
767.75	0.0
767.875	0.0
768.0	0.0
768.125	0.0
768.25	0.0
768.375	0.0
768.5	0.0
768.625	0.0
768.75	0.0
768.875	0.0
769.0	0.0
769.125	0.0
769.25	0.0
769.375	0.0
769.5	0.0
769.625	0.0
769.75	0.0
769.875	0.0
770.0	0.0
770.125	0.0
770.25	0.0
770.375	0.0
770.5	0.0
770.625	0.0
770.75	0.0
770.875	0.0
771.0	0.0
771.125	0.0
771.25	0.0
771.375	0.0
771.5	0.0
771.625	0.0
771.75	0.0
771.875	0.0
772.0	0.0
772.125	0.0
772.25	0.0
772.375	0.0
772.5	0.0
772.625	0.0
772.75	0.0
772.875	0.0
773.0	0.0
773.125	0.0
773.25	0.0
773.375	0.0
773.5	0.0
773.625	0.0
773.75	0.0
773.875	0.0
774.0	0.0
774.125	0.0
774.25	0.0
774.375	0.0
774.5	0.0
774.625	0.0
774.75	0.0
774.875	0.0
775.0	0.0
775.125	0.0
775.25	0.0
775.375	0.0
775.5	0.0
775.625	0.0
775.75	0.0
775.875	0.0
776.0	0.0
776.125	0.0
776.25	0.0
776.375	0.0
776.5	0.0
776.625	0.0
776.75	0.0
776.875	0.0
777.0	0.0
777.125	0.0
777.25	0.0
777.375	0.0
777.5	0.0
777.625	0.0
777.75	0.0
777.875	0.0
778.0	0.0
778.125	0.0
778.25	0.0
778.375	0.0
778.5	0.0
778.625	0.0
778.75	0.0
778.875	0.0
779.0	0.0
779.125	0.0
779.25	0.0
779.375	0.0
779.5	0.0
779.625	0.0
779.75	0.0
779.875	0.0
780.0	0.0
780.125	0.0
780.25	0.0
780.375	0.0
780.5	0.0
780.625	0.0
780.75	0.0
780.875	0.0
781.0	0.0
781.125	0.0
781.25	0.0
781.375	0.0
781.5	0.0
781.625	0.0
781.75	0.0
781.875	0.0
782.0	0.0
782.125	0.0
782.25	0.0
782.375	0.0
782.5	0.0
782.625	0.0
782.75	0.0
782.875	0.0
783.0	0.0
783.125	0.0
783.25	0.0
783.375	0.0
783.5	0.0
783.625	0.0
783.75	0.0
783.875	0.0
784.0	0.0
784.125	0.0
784.25	0.0
784.375	0.0
784.5	0.0
784.625	0.0
784.75	0.0
784.875	0.0
785.0	0.0
785.125	0.0
785.25	0.0
785.375	0.0
785.5	0.0
785.625	0.0
785.75	0.0
785.875	0.0
786.0	0.0
786.125	0.0
786.25	0.0
786.375	0.0
786.5	0.0
786.625	0.0
786.75	0.0
786.875	0.0
787.0	0.0
787.125	0.0
787.25	0.0
787.375	0.0
787.5	0.0
787.625	0.0
787.75	0.0
787.875	0.0
788.0	0.0
788.125	0.0
788.25	0.0
788.375	0.0
788.5	0.0
788.625	0.0
788.75	0.0
788.875	0.0
789.0	0.0
789.125	0.0
789.25	0.0
789.375	0.0
789.5	0.0
789.625	0.0
789.75	0.0
789.875	0.0
790.0	0.0
790.125	0.0
790.25	0.0
790.375	0.0
790.5	0.0
790.625	0.0
790.75	0.0
790.875	0.0
791.0	0.0
791.125	0.0
791.25	0.0
791.375	0.0
791.5	0.0
791.625	0.0
791.75	0.0
791.875	0.0
792.0	0.0
792.125	0.0
792.25	0.0
792.375	0.0
792.5	0.0
792.625	0.0
792.75	0.0
792.875	0.0
793.0	0.0
793.125	0.0
793.25	0.0
793.375	0.0
793.5	0.0
793.625	0.0
793.75	0.0
793.875	0.0
794.0	0.0
794.125	0.0
794.25	0.0
794.375	0.0
794.5	0.0
794.625	0.0
794.75	0.0
794.875	0.0
795.0	0.0
795.125	0.0
795.25	0.0
795.375	0.0
795.5	0.0
795.625	0.0
795.75	0.0
795.875	0.0
796.0	0.0
796.125	0.0
796.25	0.0
796.375	0.0
796.5	0.0
796.625	0.0
796.75	0.0
796.875	0.0
797.0	0.0
797.125	0.0
797.25	0.0
797.375	0.0
797.5	0.0
797.625	0.0
797.75	0.0
797.875	0.0
798.0	0.0
798.125	0.0
798.25	0.0
798.375	0.0
798.5	0.0
798.625	0.0
798.75	0.0
798.875	0.0
799.0	0.0
799.125	0.0
799.25	0.0
799.375	0.0
799.5	0.0
799.625	0.0
799.75	0.0
799.875	0.0
800.0	0.0
800.125	0.0
800.25	0.0
800.375	0.0
800.5	0.0
800.625	0.0
800.75	0.0
800.875	0.0
801.0	0.0
801.125	0.0
801.25	0.0
801.375	0.0
801.5	0.0
801.625	0.0
801.75	0.0
801.875	0.0
802.0	0.0
802.125	0.0
802.25	0.0
802.375	0.0
802.5	0.0
802.625	0.0
802.75	0.0
802.875	0.0
803.0	0.0
803.125	0.0
803.25	0.0
803.375	0.0
803.5	0.0
803.625	0.0
803.75	0.0
803.875	0.0
804.0	0.0
804.125	0.0
804.25	0.0
804.375	0.0
804.5	0.0
804.625	0.0
804.75	0.0
804.875	0.0
805.0	7.0E-4
805.125	0.0
805.25	0.0
805.375	0.0
805.5	0.0
805.625	0.0
805.75	0.0
805.875	0.0
806.0	0.0
806.125	0.0
806.25	0.0
806.375	0.0
806.5	0.0
806.625	7.0E-4
806.75	0.0
806.875	0.0
807.0	0.0
807.125	0.0
807.25	0.0
807.375	0.0
807.5	0.0
807.625	0.0
807.75	0.0
807.875	0.0
808.0	0.0
808.125	0.0
808.25	0.0
808.375	0.0
808.5	0.0
808.625	0.0
808.75	0.0
808.875	0.0
809.0	0.0
809.125	0.0
809.25	0.0
809.375	0.0
809.5	0.0
809.625	0.0
809.75	0.0
809.875	0.0
810.0	0.0
810.125	0.0
810.25	7.0E-4
810.375	0.0
810.5	0.0
810.625	0.0
810.75	0.0
810.875	0.0
811.0	0.0
811.125	0.0
811.25	0.0
811.375	0.0
811.5	0.0
811.625	0.0
811.75	0.0
811.875	0.0
812.0	0.0
812.125	0.0
812.25	0.0
812.375	0.0
812.5	0.0
812.625	0.0
812.75	0.0
812.875	0.0
813.0	0.0
813.125	0.0
813.25	0.0
813.375	0.0
813.5	0.0
813.625	0.0
813.75	0.0
813.875	0.0
814.0	0.0
814.125	0.0
814.25	0.0
814.375	0.0
814.5	0.0
814.625	7.0E-4
814.75	0.0
814.875	0.0
815.0	0.0
815.125	0.0
815.25	7.0E-4
815.375	0.0
815.5	0.0
815.625	0.0
815.75	7.0E-4
815.875	0.0
816.0	7.0E-4
816.125	0.0
816.25	0.0023
816.375	0.0031
816.5	0.0
816.625	0.0
816.75	0.0
816.875	7.0E-4
817.0	7.0E-4
817.125	0.0
817.25	0.0015
817.375	0.0015
817.5	0.0
817.625	0.0
817.75	0.0
817.875	0.0
818.0	7.0E-4
818.125	0.0
818.25	0.0031
818.375	0.0015
818.5	0.0
818.625	0.0015
818.75	7.0E-4
818.875	0.0
819.0	0.0
819.125	0.0015
819.25	0.0023
819.375	0.0
819.5	0.0015
819.625	0.0031
819.75	0.0015
819.875	0.0023
820.0	0.0031
820.125	0.0015
820.25	0.0023
820.375	0.0031
820.5	0.0031
820.625	0.0031
820.75	0.0047
820.875	7.0E-4
821.0	0.0039
821.125	0.0031
821.25	0.0023
821.375	0.0031
821.5	7.0E-4
821.625	0.0031
821.75	0.0023
821.875	0.0031
822.0	0.0047
822.125	0.0015
822.25	0.0031
822.375	0.0031
822.5	0.0023
822.625	0.0031
822.75	0.0039
822.875	0.0047
823.0	0.0047
823.125	0.0047
823.25	0.0031
823.375	0.0047
823.5	0.0047
823.625	0.0047
823.75	0.0023
823.875	0.0047
824.0	0.0047
824.125	0.0047
824.25	0.0039
824.375	0.0047
824.5	0.0047
824.625	0.0047
824.75	0.0047
824.875	0.0047
825.0	0.0039
825.125	0.0047
825.25	0.0039
825.375	0.0047
825.5	0.0047
825.625	0.0047
825.75	0.0047
825.875	0.0039
826.0	0.0047
826.125	0.0047
826.25	0.0047
826.375	0.0047
826.5	0.0047
826.625	0.0047
826.75	0.0047
826.875	0.0055
827.0	0.0047
827.125	0.0047
827.25	0.0055
827.375	0.007
827.5	0.007
827.625	0.0062
827.75	0.0047
827.875	0.0062
828.0	0.0055
828.125	0.0047
828.25	0.0062
828.375	0.0055
828.5	0.0047
828.625	0.0047
828.75	0.0078
828.875	0.007
829.0	0.0078
829.125	0.0086
829.25	0.0086
829.375	0.0094
829.5	0.0094
829.625	0.007
829.75	0.0055
829.875	0.0078
830.0	0.007
830.125	0.0078
830.25	0.0086
830.375	0.007
830.5	0.0094
830.625	0.0094
830.75	0.0094
830.875	0.0086
831.0	0.0086
831.125	0.0094
831.25	0.0094
831.375	0.0094
831.5	0.0094
831.625	0.0102
831.75	0.0094
831.875	0.0094
832.0	0.0086
832.125	0.0086
832.25	0.0102
832.375	0.0094
832.5	0.0102
832.625	0.0094
832.75	0.0102
832.875	0.0094
833.0	0.0094
833.125	0.0102
833.25	0.0094
833.375	0.0094
833.5	0.011
833.625	0.0094
833.75	0.0094
833.875	0.0086
834.0	0.0094
834.125	0.0094
834.25	0.0094
834.375	0.0094
834.5	0.0125
834.625	0.0102
834.75	0.0125
834.875	0.0102
835.0	0.0117
835.125	0.0117
835.25	0.0117
835.375	0.0117
835.5	0.0117
835.625	0.0125
835.75	0.0125
835.875	0.0141
836.0	0.0141
836.125	0.0133
836.25	0.0141
836.375	0.0141
836.5	0.0141
836.625	0.0125
836.75	0.0133
836.875	0.0141
837.0	0.0141
837.125	0.0141
837.25	0.0133
837.375	0.0141
837.5	0.0141
837.625	0.0141
837.75	0.0141
837.875	0.0141
838.0	0.0149
838.125	0.0141
838.25	0.0141
838.375	0.0149
838.5	0.0133
838.625	0.0141
838.75	0.0141
838.875	0.0157
839.0	0.0149
839.125	0.0149
839.25	0.0165
839.375	0.0141
839.5	0.0149
839.625	0.0149
839.75	0.0157
839.875	0.0172
840.0	0.0149
840.125	0.0157
840.25	0.0165
840.375	0.0157
840.5	0.0172
840.625	0.0165
840.75	0.0165
840.875	0.0149
841.0	0.0172
841.125	0.0172
841.25	0.0165
841.375	0.018
841.5	0.018
841.625	0.0165
841.75	0.0188
841.875	0.0188
842.0	0.0188
842.125	0.018
842.25	0.0188
842.375	0.0188
842.5	0.0188
842.625	0.0196
842.75	0.0188
842.875	0.0188
843.0	0.0188
843.125	0.0188
843.25	0.0188
843.375	0.0188
843.5	0.0196
843.625	0.018
843.75	0.0196
843.875	0.0188
844.0	0.0188
844.125	0.0188
844.25	0.0188
844.375	0.0196
844.5	0.0212
844.625	0.0188
844.75	0.0196
844.875	0.0212
845.0	0.0227
845.125	0.0196
845.25	0.0204
845.375	0.0227
845.5	0.0227
845.625	0.022
845.75	0.0227
845.875	0.0227
846.0	0.0212
846.125	0.0235
846.25	0.0235
846.375	0.0227
846.5	0.0235
846.625	0.0235
846.75	0.0235
846.875	0.0235
847.0	0.0235
847.125	0.022
847.25	0.0243
847.375	0.0235
847.5	0.0243
847.625	0.0235
847.75	0.0235
847.875	0.0235
848.0	0.0235
848.125	0.0235
848.25	0.0251
848.375	0.0259
848.5	0.0235
848.625	0.0235
848.75	0.0251
848.875	0.0267
849.0	0.0259
849.125	0.0235
849.25	0.0243
849.375	0.0259
849.5	0.0267
849.625	0.0283
849.75	0.0275
849.875	0.0283
850.0	0.0283
850.125	0.0283
850.25	0.0283
850.375	0.029
850.5	0.0283
850.625	0.0283
850.75	0.0283
850.875	0.0283
851.0	0.0283
851.125	0.0283
851.25	0.0283
851.375	0.029
851.5	0.0283
851.625	0.0283
851.75	0.0283
851.875	0.0298
852.0	0.0298
852.125	0.0283
852.25	0.0306
852.375	0.029
852.5	0.0283
852.625	0.0306
852.75	0.0306
852.875	0.0314
853.0	0.0298
853.125	0.0298
853.25	0.033
853.375	0.0314
853.5	0.0314
853.625	0.033
853.75	0.033
853.875	0.033
854.0	0.033
854.125	0.033
854.25	0.033
854.375	0.033
854.5	0.033
854.625	0.033
854.75	0.0338
854.875	0.033
855.0	0.033
855.125	0.033
855.25	0.0345
855.375	0.033
855.5	0.0369
855.625	0.0353
855.75	0.0361
855.875	0.0377
856.0	0.0369
856.125	0.0377
856.25	0.0369
856.375	0.0377
856.5	0.0385
856.625	0.0377
856.75	0.0377
856.875	0.0393
857.0	0.0377
857.125	0.0393
857.25	0.04
857.375	0.04
857.5	0.04
857.625	0.0408
857.75	0.0408
857.875	0.0393
858.0	0.04
858.125	0.0385
858.25	0.0393
858.375	0.04
858.5	0.04
858.625	0.0408
858.75	0.0424
858.875	0.0432
859.0	0.0424
859.125	0.0416
859.25	0.04
859.375	0.0416
859.5	0.0424
859.625	0.0424
859.75	0.0424
859.875	0.0432
860.0	0.0455
860.125	0.0448
860.25	0.0471
860.375	0.0448
860.5	0.0463
860.625	0.044
860.75	0.0463
860.875	0.0463
861.0	0.0471
861.125	0.0471
861.25	0.0471
861.375	0.0479
861.5	0.0471
861.625	0.0471
861.75	0.0471
861.875	0.0471
862.0	0.0487
862.125	0.0471
862.25	0.0487
862.375	0.0479
862.5	0.0479
862.625	0.0503
862.75	0.0503
862.875	0.0503
863.0	0.0511
863.125	0.0518
863.25	0.0511
863.375	0.0511
863.5	0.0518
863.625	0.0518
863.75	0.0518
863.875	0.0526
864.0	0.0518
864.125	0.0526
864.25	0.0518
864.375	0.055
864.5	0.0518
864.625	0.0566
864.75	0.0534
864.875	0.055
865.0	0.0542
865.125	0.0558
865.25	0.0558
865.375	0.0566
865.5	0.0558
865.625	0.0566
865.75	0.0566
865.875	0.0566
866.0	0.0573
866.125	0.0566
866.25	0.0573
866.375	0.0566
866.5	0.0573
866.625	0.0566
866.75	0.0573
866.875	0.0566
867.0	0.0581
867.125	0.0566
867.25	0.0581
867.375	0.0589
867.5	0.0597
867.625	0.0589
867.75	0.0589
867.875	0.0613
868.0	0.0605
868.125	0.0613
868.25	0.0589
868.375	0.0581
868.5	0.0613
868.625	0.0613
868.75	0.0605
868.875	0.0613
869.0	0.0605
869.125	0.0613
869.25	0.0613
869.375	0.0605
869.5	0.0613
869.625	0.0597
869.75	0.0613
869.875	0.0613
870.0	0.0605
870.125	0.0621
870.25	0.0605
870.375	0.0613
870.5	0.0613
870.625	0.0613
870.75	0.0613
870.875	0.0605
871.0	0.0613
871.125	0.0613
871.25	0.0613
871.375	0.0613
871.5	0.0613
871.625	0.0613
871.75	0.0613
871.875	0.0613
872.0	0.0605
872.125	0.0621
872.25	0.0621
872.375	0.0613
872.5	0.0621
872.625	0.0613
872.75	0.0613
872.875	0.0621
873.0	0.0628
873.125	0.0613
873.25	0.0613
873.375	0.0613
873.5	0.0613
873.625	0.0613
873.75	0.0613
873.875	0.0621
874.0	0.0613
874.125	0.0597
874.25	0.0573
874.375	0.0581
874.5	0.0573
874.625	0.0566
874.75	0.0566
874.875	0.0573
875.0	0.0581
875.125	0.0581
875.25	0.0566
875.375	0.0573
875.5	0.0581
875.625	0.0581
875.75	0.0581
875.875	0.0566
876.0	0.0573
876.125	0.0566
876.25	0.0566
876.375	0.0566
876.5	0.0558
876.625	0.0566
876.75	0.0542
876.875	0.0558
877.0	0.0534
877.125	0.0558
877.25	0.055
877.375	0.055
877.5	0.0566
877.625	0.0534
877.75	0.055
877.875	0.0518
878.0	0.0518
878.125	0.0518
878.25	0.0518
878.375	0.0511
878.5	0.0518
878.625	0.0511
878.75	0.0511
878.875	0.0511
879.0	0.0511
879.125	0.0479
879.25	0.0487
879.375	0.0471
879.5	0.0471
879.625	0.0479
879.75	0.0471
879.875	0.0471
880.0	0.0471
880.125	0.0471
880.25	0.0471
880.375	0.0463
880.5	0.0463
880.625	0.0471
880.75	0.0463
880.875	0.0448
881.0	0.0432
881.125	0.0432
881.25	0.0424
881.375	0.0424
881.5	0.0424
881.625	0.0424
881.75	0.04
881.875	0.0416
882.0	0.0416
882.125	0.0416
882.25	0.0416
882.375	0.0385
882.5	0.0408
882.625	0.0377
882.75	0.0385
882.875	0.04
883.0	0.0385
883.125	0.0377
883.25	0.0377
883.375	0.0369
883.5	0.0353
883.625	0.0369
883.75	0.0353
883.875	0.0345
884.0	0.0338
884.125	0.0345
884.25	0.0361
884.375	0.033
884.5	0.033
884.625	0.0338
884.75	0.033
884.875	0.033
885.0	0.033
885.125	0.033
885.25	0.0314
885.375	0.0314
885.5	0.0314
885.625	0.0298
885.75	0.0298
885.875	0.0283
886.0	0.029
886.125	0.0283
886.25	0.0283
886.375	0.0283
886.5	0.0283
886.625	0.0283
886.75	0.0283
886.875	0.0267
887.0	0.0283
887.125	0.0283
887.25	0.0283
887.375	0.0283
887.5	0.0283
887.625	0.0259
887.75	0.0243
887.875	0.0243
888.0	0.0235
888.125	0.0243
888.25	0.0227
888.375	0.0243
888.5	0.0235
888.625	0.0235
888.75	0.0243
888.875	0.0235
889.0	0.0227
889.125	0.0235
889.25	0.0204
889.375	0.0235
889.5	0.0212
889.625	0.0204
889.75	0.022
889.875	0.0204
890.0	0.022
890.125	0.0196
890.25	0.0188
890.375	0.0212
890.5	0.0188
890.625	0.0188
890.75	0.0196
890.875	0.0212
891.0	0.0204
891.125	0.0196
891.25	0.0188
891.375	0.0188
891.5	0.0188
891.625	0.0188
891.75	0.0188
891.875	0.0188
892.0	0.0188
892.125	0.018
892.25	0.018
892.375	0.0172
892.5	0.018
892.625	0.0172
892.75	0.0188
892.875	0.0172
893.0	0.0172
893.125	0.0172
893.25	0.0172
893.375	0.0172
893.5	0.0165
893.625	0.018
893.75	0.0157
893.875	0.0141
894.0	0.0172
894.125	0.0141
894.25	0.0149
894.375	0.0141
894.5	0.0141
894.625	0.0149
894.75	0.0141
894.875	0.0149
895.0	0.0141
895.125	0.0141
895.25	0.0149
895.375	0.0141
895.5	0.0141
895.625	0.0141
895.75	0.0141
895.875	0.0141
896.0	0.0133
896.125	0.0149
896.25	0.0141
896.375	0.0141
896.5	0.0141
896.625	0.0141
896.75	0.0133
896.875	0.0133
897.0	0.0133
897.125	0.0141
897.25	0.0141
897.375	0.0141
897.5	0.0117
897.625	0.0133
897.75	0.0125
897.875	0.0125
898.0	0.0125
898.125	0.0125
898.25	0.0125
898.375	0.011
898.5	0.0117
898.625	0.0125
898.75	0.011
898.875	0.0133
899.0	0.0125
899.125	0.0102
899.25	0.011
899.375	0.0102
899.5	0.0117
899.625	0.0117
899.75	0.0117
899.875	0.0094
