900.0	0.0613
899.875	0.0613
899.75	0.0613
899.625	0.0613
899.5	0.0621
899.375	0.0613
899.25	0.0613
899.125	0.0613
899.0	0.0621
898.875	0.0628
898.75	0.0628
898.625	0.0644
898.5	0.0644
898.375	0.066
898.25	0.066
898.125	0.066
898.0	0.066
897.875	0.0652
897.75	0.066
897.625	0.066
897.5	0.0668
897.375	0.0691
897.25	0.0676
897.125	0.0676
897.0	0.0699
896.875	0.0707
896.75	0.0699
896.625	0.0707
896.5	0.0707
896.375	0.0707
896.25	0.0707
896.125	0.0707
896.0	0.0707
895.875	0.0731
895.75	0.0738
895.625	0.0746
895.5	0.0754
895.375	0.0731
895.25	0.0754
895.125	0.0754
895.0	0.0754
894.875	0.077
894.75	0.077
894.625	0.077
894.5	0.0794
894.375	0.0786
894.25	0.0801
894.125	0.0801
894.0	0.0801
893.875	0.0801
893.75	0.0809
893.625	0.0817
893.5	0.0841
893.375	0.0849
893.25	0.0833
893.125	0.0856
893.0	0.0849
892.875	0.0856
892.75	0.0888
892.625	0.0888
892.5	0.0888
892.375	0.0896
892.25	0.0896
892.125	0.0904
892.0	0.0904
891.875	0.0919
891.75	0.0943
891.625	0.0943
891.5	0.0935
891.375	0.0951
891.25	0.0959
891.125	0.0959
891.0	0.099
890.875	0.0998
890.75	0.099
890.625	0.1014
890.5	0.1029
890.375	0.1014
890.25	0.1037
890.125	0.1037
890.0	0.1045
889.875	0.1077
889.75	0.1084
889.625	0.11
889.5	0.1092
889.375	0.1108
889.25	0.1108
889.125	0.1132
889.0	0.1132
888.875	0.1155
888.75	0.1155
888.625	0.1179
888.5	0.1179
888.375	0.1187
888.25	0.1194
888.125	0.1226
888.0	0.1226
887.875	0.1234
887.75	0.1265
887.625	0.1273
887.5	0.1281
887.375	0.1289
887.25	0.1305
887.125	0.132
887.0	0.132
886.875	0.136
886.75	0.1367
886.625	0.1367
886.5	0.1375
886.375	0.1399
886.25	0.1415
886.125	0.1438
886.0	0.1454
885.875	0.1462
885.75	0.147
885.625	0.1509
885.5	0.1509
885.375	0.1509
885.25	0.1509
885.125	0.154
885.0	0.1556
884.875	0.1564
884.75	0.1603
884.625	0.1603
884.5	0.1619
884.375	0.165
884.25	0.165
884.125	0.1658
884.0	0.1698
883.875	0.1698
883.75	0.1698
883.625	0.1745
883.5	0.1753
883.375	0.1745
883.25	0.1792
883.125	0.1792
883.0	0.1792
882.875	0.1823
882.75	0.1839
882.625	0.1839
882.5	0.1871
882.375	0.1886
882.25	0.1902
882.125	0.1894
882.0	0.1902
881.875	0.1933
881.75	0.1965
881.625	0.1981
881.5	0.1981
881.375	0.2012
881.25	0.202
881.125	0.2028
881.0	0.2028
880.875	0.2067
880.75	0.2091
880.625	0.2083
880.5	0.2083
880.375	0.2122
880.25	0.2122
880.125	0.2154
880.0	0.2169
879.875	0.2161
879.75	0.2177
879.625	0.2209
879.5	0.2216
879.375	0.2216
879.25	0.2232
879.125	0.2264
879.0	0.2279
878.875	0.2272
878.75	0.2295
878.625	0.2311
878.5	0.2311
878.375	0.2311
878.25	0.235
878.125	0.2358
878.0	0.2358
877.875	0.2374
877.75	0.2405
877.625	0.2405
877.5	0.2413
877.375	0.2437
877.25	0.2437
877.125	0.2452
877.0	0.2452
876.875	0.246
876.75	0.246
876.625	0.2492
876.5	0.25
876.375	0.25
876.25	0.2515
876.125	0.2515
876.0	0.2523
875.875	0.2547
875.75	0.2562
875.625	0.2547
875.5	0.2555
875.375	0.2562
875.25	0.2578
875.125	0.2594
875.0	0.2594
874.875	0.2594
874.75	0.2617
874.625	0.2594
874.5	0.261
874.375	0.261
874.25	0.2633
874.125	0.2641
874.0	0.2641
873.875	0.2625
873.75	0.2641
873.625	0.2649
873.5	0.2657
873.375	0.2649
873.25	0.2649
873.125	0.2657
873.0	0.2665
872.875	0.2688
872.75	0.2665
872.625	0.2665
872.5	0.2672
872.375	0.2665
872.25	0.2665
872.125	0.2672
872.0	0.2672
871.875	0.2672
871.75	0.2688
871.625	0.2665
871.5	0.268
871.375	0.268
871.25	0.2641
871.125	0.2665
871.0	0.2641
870.875	0.2649
870.75	0.2641
870.625	0.2657
870.5	0.2641
870.375	0.2657
870.25	0.2641
870.125	0.2657
870.0	0.2641
869.875	0.2641
869.75	0.2633
869.625	0.2641
869.5	0.2641
869.375	0.2633
869.25	0.2594
869.125	0.2594
869.0	0.2602
868.875	0.2594
868.75	0.2594
868.625	0.2586
868.5	0.257
868.375	0.2555
868.25	0.257
868.125	0.2547
868.0	0.2555
867.875	0.2547
867.75	0.2531
867.625	0.2531
867.5	0.2515
867.375	0.25
867.25	0.25
867.125	0.25
867.0	0.2484
866.875	0.2484
866.75	0.2476
866.625	0.2452
866.5	0.246
866.375	0.2452
866.25	0.2444
866.125	0.2444
866.0	0.2405
865.875	0.2405
865.75	0.2382
865.625	0.2405
865.5	0.2366
865.375	0.2366
865.25	0.2358
865.125	0.2358
865.0	0.235
864.875	0.2334
864.75	0.2311
864.625	0.2311
864.5	0.2311
864.375	0.2295
864.25	0.2287
864.125	0.2272
864.0	0.2256
863.875	0.2264
863.75	0.2224
863.625	0.2216
863.5	0.2216
863.375	0.2209
863.25	0.2177
863.125	0.2169
863.0	0.2177
862.875	0.2169
862.75	0.2169
862.625	0.2122
862.5	0.2122
862.375	0.2106
862.25	0.2114
862.125	0.2099
862.0	0.2075
861.875	0.2075
861.75	0.2059
861.625	0.2059
861.5	0.2028
861.375	0.202
861.25	0.2028
861.125	0.2004
861.0	0.1981
860.875	0.1981
860.75	0.1981
860.625	0.1973
860.5	0.1949
860.375	0.1941
860.25	0.1926
860.125	0.1926
860.0	0.1894
859.875	0.1886
859.75	0.1878
859.625	0.1878
859.5	0.1871
859.375	0.1847
859.25	0.1839
859.125	0.1839
859.0	0.18
858.875	0.18
858.75	0.1792
858.625	0.1792
858.5	0.1776
858.375	0.1784
858.25	0.1745
858.125	0.1745
858.0	0.1729
857.875	0.1737
857.75	0.1729
857.625	0.1698
857.5	0.1705
857.375	0.1698
857.25	0.169
857.125	0.1682
857.0	0.165
856.875	0.165
856.75	0.165
856.625	0.1643
856.5	0.1627
856.375	0.1627
856.25	0.1611
856.125	0.1603
856.0	0.1588
855.875	0.1595
855.75	0.1572
855.625	0.1556
855.5	0.154
855.375	0.1556
855.25	0.1509
855.125	0.1509
855.0	0.1517
854.875	0.1509
854.75	0.1509
854.625	0.1493
854.5	0.1485
854.375	0.147
854.25	0.147
854.125	0.1462
854.0	0.1462
853.875	0.1454
853.75	0.1415
853.625	0.1415
853.5	0.1415
853.375	0.1415
853.25	0.1415
853.125	0.1415
853.0	0.1391
852.875	0.1367
852.75	0.1375
852.625	0.1367
852.5	0.1344
852.375	0.1367
852.25	0.1336
852.125	0.1328
852.0	0.1336
851.875	0.132
851.75	0.1328
851.625	0.132
851.5	0.1289
851.375	0.1312
851.25	0.1273
851.125	0.1289
851.0	0.1273
850.875	0.1273
850.75	0.125
850.625	0.125
850.5	0.1242
850.375	0.1242
850.25	0.1226
850.125	0.1226
850.0	0.1226
849.875	0.1226
849.75	0.1187
849.625	0.1187
849.5	0.1194
849.375	0.1179
849.25	0.1179
849.125	0.1179
849.0	0.1179
848.875	0.1155
848.75	0.1171
848.625	0.1132
848.5	0.1139
848.375	0.1139
848.25	0.1124
848.125	0.1132
848.0	0.1108
847.875	0.11
847.75	0.11
847.625	0.1084
847.5	0.1084
847.375	0.1092
847.25	0.1077
847.125	0.1069
847.0	0.1077
846.875	0.1061
846.75	0.1061
846.625	0.1053
846.5	0.1045
846.375	0.1037
846.25	0.1037
846.125	0.1037
846.0	0.1014
845.875	0.1006
845.75	0.1022
845.625	0.099
845.5	0.0998
845.375	0.099
845.25	0.099
845.125	0.0974
845.0	0.0966
844.875	0.0966
844.75	0.0966
844.625	0.0943
844.5	0.0943
844.375	0.0943
844.25	0.0935
844.125	0.0943
844.0	0.0935
843.875	0.0943
843.75	0.0935
843.625	0.0919
843.5	0.0927
843.375	0.0904
843.25	0.0927
843.125	0.0904
843.0	0.0904
842.875	0.0896
842.75	0.0896
842.625	0.0872
842.5	0.0856
842.375	0.088
842.25	0.0864
842.125	0.0849
842.0	0.0849
841.875	0.0849
841.75	0.0849
841.625	0.0849
841.5	0.0849
841.375	0.0849
841.25	0.0825
841.125	0.0801
841.0	0.0801
840.875	0.0801
840.75	0.0801
840.625	0.0801
840.5	0.0801
840.375	0.077
840.25	0.0762
840.125	0.0786
840.0	0.0754
839.875	0.0754
839.75	0.0754
839.625	0.0754
839.5	0.0754
839.375	0.0746
839.25	0.0754
839.125	0.0746
839.0	0.0738
838.875	0.0731
838.75	0.0707
838.625	0.0707
838.5	0.0707
838.375	0.0707
838.25	0.0707
838.125	0.0707
838.0	0.0707
837.875	0.0691
837.75	0.0707
837.625	0.0676
837.5	0.0707
837.375	0.066
837.25	0.0683
837.125	0.0676
837.0	0.0683
836.875	0.066
836.75	0.066
836.625	0.066
836.5	0.066
836.375	0.0652
836.25	0.0652
836.125	0.0652
836.0	0.0628
835.875	0.0613
835.75	0.0628
835.625	0.0613
835.5	0.0613
835.375	0.0613
835.25	0.0613
835.125	0.0613
835.0	0.0605
834.875	0.0589
834.75	0.0581
834.625	0.0589
834.5	0.0573
834.375	0.0566
834.25	0.0566
834.125	0.0566
834.0	0.0566
833.875	0.055
833.75	0.0566
833.625	0.0558
833.5	0.0558
833.375	0.0558
833.25	0.0534
833.125	0.0526
833.0	0.0526
832.875	0.0526
832.75	0.0518
832.625	0.0518
832.5	0.0518
832.375	0.0518
832.25	0.0518
832.125	0.0511
832.0	0.0511
831.875	0.0495
831.75	0.0518
831.625	0.0503
831.5	0.0479
831.375	0.0495
831.25	0.0471
831.125	0.0471
831.0	0.0471
830.875	0.0463
830.75	0.0471
830.625	0.0471
830.5	0.0471
830.375	0.0471
830.25	0.0448
830.125	0.0471
830.0	0.044
829.875	0.0448
829.75	0.0448
829.625	0.0448
829.5	0.0424
829.375	0.0424
829.25	0.0424
829.125	0.0424
829.0	0.0424
828.875	0.0416
828.75	0.0424
828.625	0.0408
828.5	0.0408
828.375	0.04
828.25	0.0393
828.125	0.0377
828.0	0.0377
827.875	0.0393
827.75	0.0377
827.625	0.0377
827.5	0.0377
827.375	0.0377
827.25	0.0393
827.125	0.0377
827.0	0.0377
826.875	0.0369
826.75	0.0369
826.625	0.0377
826.5	0.0369
826.375	0.0353
826.25	0.0353
826.125	0.0345
826.0	0.0353
825.875	0.0353
825.75	0.0361
825.625	0.033
825.5	0.0338
825.375	0.0345
825.25	0.033
825.125	0.033
825.0	0.0338
824.875	0.033
824.75	0.033
824.625	0.033
824.5	0.033
824.375	0.033
824.25	0.0314
824.125	0.033
824.0	0.0314
823.875	0.029
823.75	0.029
823.625	0.029
823.5	0.0298
823.375	0.0306
823.25	0.0283
823.125	0.0283
823.0	0.0306
822.875	0.0283
822.75	0.0275
822.625	0.0283
822.5	0.0283
822.375	0.0283
822.25	0.0275
822.125	0.0283
822.0	0.0283
821.875	0.0275
821.75	0.0275
821.625	0.0283
821.5	0.0259
821.375	0.0251
821.25	0.0267
821.125	0.0275
821.0	0.0259
820.875	0.0259
820.75	0.0235
820.625	0.0243
820.5	0.0243
820.375	0.0235
820.25	0.0235
820.125	0.0235
820.0	0.0227
819.875	0.0227
819.75	0.0235
819.625	0.0235
819.5	0.0235
819.375	0.0227
819.25	0.022
819.125	0.0227
819.0	0.0212
818.875	0.0235
818.75	0.0196
818.625	0.022
818.5	0.0212
818.375	0.0204
818.25	0.0188
818.125	0.0196
818.0	0.0204
817.875	0.0196
817.75	0.0188
817.625	0.0196
817.5	0.0188
817.375	0.0196
817.25	0.0188
817.125	0.0188
817.0	0.0188
816.875	0.0204
816.75	0.018
816.625	0.0188
816.5	0.0188
816.375	0.0188
816.25	0.0188
816.125	0.018
816.0	0.018
815.875	0.0157
815.75	0.018
815.625	0.0172
815.5	0.018
815.375	0.0165
815.25	0.0165
815.125	0.0157
815.0	0.0172
814.875	0.0172
814.75	0.0165
814.625	0.0165
814.5	0.0149
814.375	0.0141
814.25	0.0141
814.125	0.0141
814.0	0.0141
813.875	0.0141
813.75	0.0141
813.625	0.0141
813.5	0.0141
813.375	0.0141
813.25	0.0141
813.125	0.0141
813.0	0.0141
812.875	0.0141
812.75	0.0141
812.625	0.0133
812.5	0.0141
812.375	0.0125
812.25	0.0117
812.125	0.0133
812.0	0.0141
811.875	0.0133
811.75	0.0117
811.625	0.0117
811.5	0.0125
811.375	0.0125
811.25	0.0125
811.125	0.0117
811.0	0.0102
810.875	0.0125
810.75	0.0102
810.625	0.0102
810.5	0.011
810.375	0.0094
810.25	0.0102
810.125	0.0117
810.0	0.0094
809.875	0.0125
809.75	0.0094
809.625	0.0102
809.5	0.0094
809.375	0.0094
809.25	0.0102
809.125	0.0102
809.0	0.0094
808.875	0.0094
808.75	0.0094
808.625	0.0094
808.5	0.0094
808.375	0.0086
808.25	0.0094
808.125	0.0094
808.0	0.0094
807.875	0.0086
807.75	0.0094
807.625	0.0094
807.5	0.0094
807.375	0.0094
807.25	0.0094
807.125	0.0094
807.0	0.0078
806.875	0.0078
806.75	0.0094
806.625	0.0094
806.5	0.0094
806.375	0.0086
806.25	0.0094
806.125	0.0094
806.0	0.007
805.875	0.0094
805.75	0.0094
805.625	0.0078
805.5	0.0094
805.375	0.007
805.25	0.0078
805.125	0.0086
805.0	0.0062
804.875	0.0062
804.75	0.0094
804.625	0.0062
804.5	0.0086
804.375	0.007
804.25	0.0078
804.125	0.0062
804.0	0.0078
803.875	0.0062
803.75	0.0055
803.625	0.0055
803.5	0.0055
803.375	0.0062
803.25	0.0047
803.125	0.0062
803.0	0.0047
802.875	0.0047
802.75	0.0055
802.625	0.0047
802.5	0.0047
802.375	0.0062
802.25	0.0047
802.125	0.0047
802.0	0.0055
801.875	0.0047
801.75	0.0047
801.625	0.0047
801.5	0.0047
801.375	0.0047
801.25	0.0047
801.125	0.0047
801.0	0.0047
800.875	0.0047
800.75	0.0047
800.625	0.0047
800.5	0.0047
800.375	0.0047
800.25	0.0047
800.125	0.0047
800.0	0.0047
799.875	0.0047
799.75	0.0047
799.625	0.0047
799.5	0.0039
799.375	0.0039
799.25	0.0047
799.125	0.0031
799.0	0.0047
798.875	0.0047
798.75	0.0023
798.625	0.0047
798.5	0.0047
798.375	0.0039
798.25	0.0039
798.125	0.0039
798.0	0.0047
797.875	0.0047
797.75	0.0047
797.625	0.0047
797.5	0.0031
797.375	0.0047
797.25	0.0047
797.125	0.0031
797.0	0.0039
796.875	0.0047
796.75	0.0047
796.625	0.0047
796.5	0.0023
796.375	0.0039
796.25	0.0039
796.125	0.0047
796.0	0.0039
795.875	0.0039
795.75	0.0047
795.625	0.0039
795.5	0.0047
795.375	0.0023
795.25	0.0031
795.125	0.0047
795.0	0.0031
794.875	0.0047
794.75	0.0047
794.625	0.0039
794.5	0.0047
794.375	0.0039
794.25	0.0039
794.125	0.0047
794.0	0.0047
793.875	0.0031
793.75	0.0039
793.625	0.0015
793.5	7.0E-4
793.375	0.0039
793.25	0.0031
793.125	0.0015
793.0	0.0039
792.875	0.0015
792.75	0.0047
792.625	0.0031
792.5	0.0031
792.375	0.0015
792.25	0.0015
792.125	0.0015
792.0	0.0039
791.875	0.0015
791.75	0.0039
791.625	7.0E-4
791.5	0.0023
791.375	7.0E-4
791.25	0.0
791.125	0.0039
791.0	7.0E-4
790.875	0.0031
790.75	0.0015
790.625	0.0039
790.5	0.0023
790.375	0.0039
790.25	0.0015
790.125	0.0023
790.0	0.0023
789.875	0.0015
789.75	0.0031
789.625	0.0015
789.5	7.0E-4
789.375	0.0047
789.25	7.0E-4
789.125	0.0
789.0	0.0015
788.875	7.0E-4
788.75	0.0023
788.625	0.0015
788.5	0.0
788.375	7.0E-4
788.25	0.0031
788.125	0.0015
788.0	0.0015
787.875	0.0031
787.75	0.0023
787.625	0.0031
787.5	7.0E-4
787.375	0.0023
787.25	0.0015
787.125	0.0039
787.0	0.0015
786.875	7.0E-4
786.75	0.0023
786.625	0.0015
786.5	0.0047
786.375	0.0
786.25	0.0023
786.125	7.0E-4
786.0	0.0
785.875	0.0023
785.75	0.0023
785.625	0.0015
785.5	0.0
785.375	0.0031
785.25	0.0
785.125	0.0015
785.0	7.0E-4
784.875	0.0015
784.75	0.0015
784.625	0.0
784.5	7.0E-4
784.375	0.0
784.25	7.0E-4
784.125	0.0
784.0	0.0031
783.875	0.0015
783.75	7.0E-4
783.625	0.0
783.5	0.0031
783.375	7.0E-4
783.25	7.0E-4
783.125	0.0039
783.0	0.0
782.875	0.0
782.75	0.0015
782.625	0.0
782.5	7.0E-4
782.375	7.0E-4
782.25	7.0E-4
782.125	0.0015
782.0	0.0015
781.875	0.0031
781.75	0.0023
781.625	7.0E-4
781.5	0.0015
781.375	0.0
781.25	0.0015
781.125	7.0E-4
781.0	7.0E-4
780.875	0.0031
780.75	0.0
780.625	0.0
780.5	0.0
780.375	0.0
780.25	7.0E-4
780.125	0.0023
780.0	0.0
779.875	0.0015
779.75	0.0015
779.625	0.0031
779.5	0.0
779.375	0.0
779.25	7.0E-4
779.125	0.0
779.0	7.0E-4
778.875	0.0
778.75	0.0015
778.625	0.0031
778.5	0.0015
778.375	7.0E-4
778.25	0.0
778.125	0.0015
778.0	7.0E-4
777.875	0.0015
777.75	7.0E-4
777.625	0.0
777.5	7.0E-4
777.375	0.0015
777.25	0.0
777.125	0.0015
777.0	7.0E-4
776.875	0.0015
776.75	0.0015
776.625	0.0
776.5	0.0015
776.375	0.0031
776.25	0.0031
776.125	0.0
776.0	7.0E-4
775.875	0.0015
775.75	7.0E-4
775.625	7.0E-4
775.5	0.0015
775.375	0.0023
775.25	7.0E-4
775.125	0.0015
775.0	0.0015
774.875	7.0E-4
774.75	7.0E-4
774.625	0.0031
774.5	0.0
774.375	0.0039
774.25	0.0
774.125	7.0E-4
774.0	7.0E-4
773.875	0.0039
773.75	0.0015
773.625	0.0
773.5	0.0031
773.375	7.0E-4
773.25	0.0015
773.125	0.0
773.0	0.0
772.875	0.0
772.75	0.0
772.625	7.0E-4
772.5	0.0015
772.375	0.0
772.25	0.0031
772.125	0.0
772.0	0.0023
771.875	0.0015
771.75	7.0E-4
771.625	0.0023
771.5	7.0E-4
771.375	0.0015
771.25	0.0015
771.125	0.0015
771.0	0.0015
770.875	0.0
770.75	0.0015
770.625	0.0031
770.5	0.0015
770.375	0.0023
770.25	0.0
770.125	0.0023
770.0	0.0015
769.875	7.0E-4
769.75	7.0E-4
769.625	7.0E-4
769.5	7.0E-4
769.375	7.0E-4
769.25	0.0023
769.125	7.0E-4
769.0	0.0023
768.875	0.0039
768.75	0.0
768.625	0.0031
768.5	0.0015
768.375	0.0015
768.25	0.0
768.125	0.0
768.0	7.0E-4
767.875	7.0E-4
767.75	0.0023
767.625	0.0
767.5	0.0015
767.375	7.0E-4
767.25	0.0
767.125	0.0023
767.0	0.0
766.875	7.0E-4
766.75	0.0
766.625	0.0023
766.5	0.0015
766.375	0.0015
766.25	7.0E-4
766.125	0.0015
766.0	7.0E-4
765.875	0.0023
765.75	7.0E-4
765.625	0.0
765.5	0.0023
765.375	0.0023
765.25	0.0015
765.125	7.0E-4
765.0	0.0
764.875	0.0015
764.75	0.0023
764.625	7.0E-4
764.5	0.0
764.375	0.0
764.25	0.0
764.125	0.0023
764.0	0.0015
763.875	0.0
763.75	0.0031
763.625	0.0
763.5	0.0
763.375	0.0015
763.25	0.0023
763.125	0.0031
763.0	0.0031
762.875	0.0023
762.75	0.0023
762.625	7.0E-4
762.5	7.0E-4
762.375	0.0015
762.25	0.0015
762.125	0.0031
762.0	0.0
761.875	0.0
761.75	0.0023
761.625	0.0031
761.5	0.0
761.375	0.0
761.25	0.0
761.125	0.0023
761.0	0.0015
760.875	0.0023
760.75	0.0023
760.625	0.0023
760.5	7.0E-4
760.375	0.0031
760.25	0.0039
760.125	0.0023
760.0	0.0015
759.875	0.0039
759.75	0.0023
759.625	0.0015
759.5	0.0015
759.375	0.0
759.25	7.0E-4
759.125	0.0015
759.0	0.0023
758.875	7.0E-4
758.75	0.0047
758.625	0.0023
758.5	0.0015
758.375	0.0031
758.25	0.0023
758.125	0.0015
758.0	7.0E-4
757.875	0.0031
757.75	0.0023
757.625	0.0015
757.5	0.0015
757.375	0.0023
757.25	0.0031
757.125	0.0015
757.0	0.0023
756.875	7.0E-4
756.75	0.0023
756.625	0.0015
756.5	0.0031
756.375	0.0023
756.25	0.0031
756.125	0.0031
756.0	0.0015
755.875	0.0039
755.75	0.0031
755.625	0.0031
755.5	0.0031
755.375	0.0039
755.25	0.0023
755.125	0.0023
755.0	0.0023
754.875	7.0E-4
754.75	0.0023
754.625	0.0015
754.5	0.0031
754.375	0.0031
754.25	0.0039
754.125	0.0015
754.0	0.0023
753.875	0.0039
753.75	0.0039
753.625	0.0047
753.5	0.0039
753.375	0.0047
753.25	0.0047
753.125	0.0023
753.0	0.0023
752.875	0.0015
752.75	0.0047
752.625	0.0031
752.5	0.0047
752.375	0.0039
752.25	0.0023
752.125	0.0031
752.0	0.0047
751.875	0.0031
751.75	0.0031
751.625	0.0015
751.5	0.0039
751.375	0.0047
751.25	0.0015
751.125	0.0031
751.0	0.0039
750.875	0.0039
750.75	0.0039
750.625	0.0023
750.5	0.0047
750.375	0.0039
750.25	0.0031
750.125	0.0047
750.0	0.0031
749.875	0.0047
749.75	0.0039
749.625	0.0023
749.5	0.0047
749.375	0.0047
749.25	0.0039
749.125	0.0047
749.0	0.0031
748.875	0.0047
748.75	0.0047
748.625	0.0031
748.5	0.0031
748.375	0.0023
748.25	0.0039
748.125	0.0047
748.0	0.0015
747.875	0.0039
747.75	0.0039
747.625	0.0031
747.5	0.0047
747.375	0.0039
747.25	0.0031
747.125	0.0023
747.0	0.0047
746.875	0.0047
746.75	0.0039
746.625	0.0047
746.5	0.0047
746.375	0.0047
746.25	0.0047
746.125	0.0047
746.0	0.0023
745.875	0.0047
745.75	0.0047
745.625	0.0047
745.5	0.0047
745.375	0.0039
745.25	0.0039
745.125	0.0039
745.0	0.0031
744.875	0.0031
744.75	0.0047
744.625	0.0047
744.5	0.0047
744.375	0.0023
744.25	0.0031
744.125	0.0047
744.0	0.0047
743.875	0.0047
743.75	0.0039
743.625	0.0047
743.5	0.0047
743.375	0.0047
743.25	0.0047
743.125	0.0047
743.0	0.0047
742.875	0.0047
742.75	0.0047
742.625	0.0047
742.5	0.0047
742.375	0.0039
742.25	0.0039
742.125	0.0047
742.0	0.0031
741.875	0.0039
741.75	0.0047
741.625	0.0047
741.5	0.0039
741.375	0.0047
741.25	0.0047
741.125	0.0047
741.0	0.0047
740.875	0.0047
740.75	0.0047
740.625	0.0047
740.5	0.0047
740.375	0.0047
740.25	0.0047
740.125	0.0047
740.0	0.0047
739.875	0.0031
739.75	0.0047
739.625	0.0047
739.5	0.0031
739.375	0.0047
739.25	0.0047
739.125	0.0039
739.0	0.0047
738.875	0.0047
738.75	0.0047
738.625	0.0047
738.5	0.0039
738.375	0.0047
738.25	0.0047
738.125	0.0047
738.0	0.0047
737.875	0.0047
737.75	0.0047
737.625	0.0047
737.5	0.0031
737.375	0.0047
737.25	0.0047
737.125	0.0047
737.0	0.0047
736.875	0.0047
736.75	0.0047
736.625	0.0055
736.5	0.0047
736.375	0.0047
736.25	0.0047
736.125	0.0047
736.0	0.0047
735.875	0.0039
735.75	0.0047
735.625	0.0055
735.5	0.0047
735.375	0.0047
735.25	0.0047
735.125	0.0047
735.0	0.007
734.875	0.0039
734.75	0.0047
734.625	0.0047
734.5	0.007
734.375	0.0047
734.25	0.0047
734.125	0.0062
734.0	0.0047
733.875	0.0055
733.75	0.0039
733.625	0.0055
733.5	0.0047
733.375	0.0047
733.25	0.0047
733.125	0.0047
733.0	0.0047
732.875	0.0047
732.75	0.0062
732.625	0.0039
732.5	0.007
732.375	0.0055
732.25	0.0039
732.125	0.0047
732.0	0.0047
731.875	0.0047
731.75	0.0047
731.625	0.0047
731.5	0.0047
731.375	0.0047
731.25	0.0055
731.125	0.0062
731.0	0.0062
730.875	0.0047
730.75	0.0047
730.625	0.0047
730.5	0.0047
730.375	0.0055
730.25	0.0062
730.125	0.0062
730.0	0.0047
729.875	0.0055
729.75	0.0047
729.625	0.0094
729.5	0.0047
729.375	0.0055
729.25	0.0055
729.125	0.0047
729.0	0.0047
728.875	0.0062
728.75	0.0047
728.625	0.007
728.5	0.0055
728.375	0.0062
728.25	0.0055
728.125	0.0055
728.0	0.0078
727.875	0.0062
727.75	0.0062
727.625	0.007
727.5	0.0047
727.375	0.0078
727.25	0.0086
727.125	0.0078
727.0	0.0047
726.875	0.0078
726.75	0.0094
726.625	0.0062
726.5	0.0062
726.375	0.0086
726.25	0.0062
726.125	0.0078
726.0	0.0062
725.875	0.0094
725.75	0.0078
725.625	0.0078
725.5	0.0086
725.375	0.0094
725.25	0.0086
725.125	0.0078
725.0	0.007
724.875	0.007
724.75	0.0086
724.625	0.0094
724.5	0.0086
724.375	0.0078
724.25	0.0086
724.125	0.0094
724.0	0.0078
723.875	0.0094
723.75	0.0086
723.625	0.0078
723.5	0.0086
723.375	0.0094
723.25	0.0094
723.125	0.0094
723.0	0.007
722.875	0.0094
722.75	0.0094
722.625	0.0094
722.5	0.0094
722.375	0.0094
722.25	0.0094
722.125	0.0094
722.0	0.0086
721.875	0.0094
721.75	0.0094
721.625	0.0094
721.5	0.0078
721.375	0.0094
721.25	0.0086
721.125	0.0094
721.0	0.0094
720.875	0.0094
720.75	0.0094
720.625	0.0094
720.5	0.0094
720.375	0.0094
720.25	0.0094
720.125	0.0094
720.0	0.0086
719.875	0.0094
719.75	0.011
719.625	0.0094
719.5	0.0102
719.375	0.0094
719.25	0.0086
719.125	0.0094
719.0	0.0094
718.875	0.0102
718.75	0.0094
718.625	0.0094
718.5	0.011
718.375	0.0094
718.25	0.0094
718.125	0.0094
718.0	0.0094
717.875	0.0094
717.75	0.0094
717.625	0.0094
717.5	0.0102
717.375	0.0094
717.25	0.0094
717.125	0.0094
717.0	0.0094
716.875	0.0102
716.75	0.0094
716.625	0.0117
716.5	0.0086
716.375	0.0102
716.25	0.0102
716.125	0.0094
716.0	0.0094
715.875	0.0102
715.75	0.0102
715.625	0.0094
715.5	0.0094
715.375	0.0102
715.25	0.0094
715.125	0.0102
715.0	0.0117
714.875	0.0117
714.75	0.0102
714.625	0.0125
714.5	0.0117
714.375	0.0102
714.25	0.011
714.125	0.0094
714.0	0.0117
713.875	0.0094
713.75	0.0117
713.625	0.011
713.5	0.0094
713.375	0.011
713.25	0.0125
713.125	0.0117
713.0	0.0117
712.875	0.011
712.75	0.011
712.625	0.0125
712.5	0.0117
712.375	0.0125
712.25	0.0133
712.125	0.011
712.0	0.0125
711.875	0.0141
711.75	0.0125
711.625	0.0141
711.5	0.011
711.375	0.0133
711.25	0.0125
711.125	0.011
711.0	0.0133
710.875	0.0141
710.75	0.0141
710.625	0.0117
710.5	0.0125
710.375	0.0133
710.25	0.0133
710.125	0.0141
710.0	0.0141
709.875	0.0125
709.75	0.0141
709.625	0.0141
709.5	0.0141
709.375	0.0141
709.25	0.0133
709.125	0.0141
709.0	0.0141
708.875	0.0133
708.75	0.0141
708.625	0.0133
708.5	0.0141
708.375	0.0141
708.25	0.0149
708.125	0.0141
708.0	0.0141
707.875	0.0141
707.75	0.0133
707.625	0.0141
707.5	0.0149
707.375	0.0141
707.25	0.0141
707.125	0.0141
707.0	0.0149
706.875	0.0141
706.75	0.0141
706.625	0.0149
706.5	0.0157
706.375	0.0141
706.25	0.0157
706.125	0.0149
706.0	0.0165
705.875	0.0141
705.75	0.0141
705.625	0.0149
705.5	0.0157
705.375	0.0157
705.25	0.0141
705.125	0.0149
705.0	0.0172
704.875	0.0172
704.75	0.0165
704.625	0.0157
704.5	0.0157
704.375	0.0149
704.25	0.018
704.125	0.0172
704.0	0.018
703.875	0.0172
703.75	0.0172
703.625	0.0165
703.5	0.018
703.375	0.018
703.25	0.018
703.125	0.0188
703.0	0.0172
702.875	0.0165
702.75	0.0188
702.625	0.0188
702.5	0.0188
702.375	0.018
702.25	0.0172
702.125	0.0188
702.0	0.0188
701.875	0.018
701.75	0.0188
701.625	0.0188
701.5	0.0188
701.375	0.0196
701.25	0.0188
701.125	0.0188
701.0	0.0188
700.875	0.0188
700.75	0.0212
700.625	0.018
700.5	0.0188
700.375	0.0188
700.25	0.0196
700.125	0.0196
700.0	0.0188
699.875	0.0188
699.75	0.0196
699.625	0.0212
699.5	0.0188
699.375	0.0188
699.25	0.0196
699.125	0.0212
699.0	0.0188
698.875	0.0188
698.75	0.0212
698.625	0.0188
698.5	0.0212
698.375	0.0204
698.25	0.0196
698.125	0.0227
698.0	0.022
697.875	0.022
697.75	0.022
697.625	0.0212
697.5	0.0227
697.375	0.0212
697.25	0.0212
697.125	0.0235
697.0	0.0212
696.875	0.0235
696.75	0.0235
696.625	0.0212
696.5	0.022
696.375	0.0235
696.25	0.0235
696.125	0.0235
696.0	0.0235
695.875	0.0243
695.75	0.0235
695.625	0.0235
695.5	0.0235
695.375	0.0235
695.25	0.0243
695.125	0.0235
695.0	0.0259
694.875	0.0251
694.75	0.0235
694.625	0.0243
694.5	0.0243
694.375	0.0243
694.25	0.0267
694.125	0.0243
694.0	0.0259
693.875	0.0267
693.75	0.0267
693.625	0.0259
693.5	0.0283
693.375	0.0283
693.25	0.0283
693.125	0.0283
693.0	0.0251
692.875	0.0275
692.75	0.0275
692.625	0.0283
692.5	0.0283
692.375	0.0283
692.25	0.0283
692.125	0.0283
692.0	0.0275
691.875	0.0283
691.75	0.0283
691.625	0.0283
691.5	0.029
691.375	0.0283
691.25	0.0314
691.125	0.0283
691.0	0.029
690.875	0.029
690.75	0.0283
690.625	0.0283
690.5	0.0306
690.375	0.0314
690.25	0.0298
690.125	0.0298
690.0	0.0314
689.875	0.0314
689.75	0.0314
689.625	0.033
689.5	0.033
689.375	0.033
689.25	0.033
689.125	0.033
689.0	0.033
688.875	0.033
688.75	0.033
688.625	0.033
688.5	0.033
688.375	0.033
688.25	0.0345
688.125	0.033
688.0	0.033
687.875	0.033
687.75	0.033
687.625	0.0369
687.5	0.0361
687.375	0.0345
687.25	0.0338
687.125	0.0353
687.0	0.0369
686.875	0.0369
686.75	0.0377
686.625	0.0369
686.5	0.0361
686.375	0.0377
686.25	0.0377
686.125	0.0377
686.0	0.0377
685.875	0.0385
685.75	0.0385
685.625	0.0385
685.5	0.0377
685.375	0.0377
685.25	0.0385
685.125	0.0393
685.0	0.0377
684.875	0.0385
684.75	0.0393
684.625	0.04
684.5	0.0408
684.375	0.0416
684.25	0.0408
684.125	0.04
684.0	0.04
683.875	0.0408
683.75	0.0424
683.625	0.0416
683.5	0.0424
683.375	0.0424
683.25	0.0424
683.125	0.0424
683.0	0.0424
682.875	0.044
682.75	0.0424
682.625	0.0424
682.5	0.0448
682.375	0.044
682.25	0.0455
682.125	0.0448
682.0	0.044
681.875	0.0471
681.75	0.0463
681.625	0.0471
681.5	0.0479
681.375	0.0471
681.25	0.0455
681.125	0.0471
681.0	0.0471
680.875	0.0479
680.75	0.0471
680.625	0.0471
680.5	0.0487
680.375	0.0479
680.25	0.0471
680.125	0.0503
680.0	0.0479
679.875	0.0479
679.75	0.0503
679.625	0.0518
679.5	0.0518
679.375	0.0518
679.25	0.0518
679.125	0.0518
679.0	0.0518
678.875	0.0518
678.75	0.0534
678.625	0.0518
678.5	0.0542
678.375	0.0542
678.25	0.0566
678.125	0.0542
678.0	0.0566
677.875	0.0566
677.75	0.0558
677.625	0.0566
677.5	0.0566
677.375	0.0566
677.25	0.0573
677.125	0.0573
677.0	0.0581
676.875	0.0573
676.75	0.0597
676.625	0.0613
676.5	0.0605
676.375	0.0613
676.25	0.0613
676.125	0.0613
676.0	0.0621
675.875	0.0613
675.75	0.0644
675.625	0.066
675.5	0.0644
675.375	0.066
675.25	0.066
675.125	0.066
675.0	0.066
674.875	0.066
674.75	0.066
674.625	0.0691
674.5	0.0707
674.375	0.0707
674.25	0.0707
674.125	0.0691
674.0	0.0707
673.875	0.0707
673.75	0.0715
673.625	0.0723
673.5	0.0738
673.375	0.0738
673.25	0.0746
673.125	0.0754
673.0	0.0754
672.875	0.0754
672.75	0.0754
672.625	0.0778
672.5	0.0778
672.375	0.0786
672.25	0.0778
672.125	0.0801
672.0	0.0801
671.875	0.0801
671.75	0.0817
671.625	0.0825
671.5	0.0825
671.375	0.0833
671.25	0.0841
671.125	0.0849
671.0	0.0849
670.875	0.0849
670.75	0.0856
670.625	0.088
670.5	0.0856
670.375	0.0872
670.25	0.0896
670.125	0.0896
670.0	0.0896
669.875	0.0904
669.75	0.0896
669.625	0.0927
669.5	0.0896
669.375	0.0943
669.25	0.0943
669.125	0.0935
669.0	0.0943
668.875	0.0943
668.75	0.0951
668.625	0.0966
668.5	0.0982
668.375	0.099
668.25	0.099
668.125	0.099
668.0	0.099
667.875	0.1006
667.75	0.0998
667.625	0.1037
667.5	0.1037
667.375	0.1037
667.25	0.1037
667.125	0.1037
667.0	0.1045
666.875	0.1037
666.75	0.1037
666.625	0.1069
666.5	0.1061
666.375	0.1084
666.25	0.1084
666.125	0.1084
666.0	0.1084
665.875	0.1077
665.75	0.1108
665.625	0.1084
665.5	0.1116
665.375	0.1124
665.25	0.1116
665.125	0.1124
665.0	0.1132
664.875	0.1132
664.75	0.1132
664.625	0.1155
664.5	0.1147
664.375	0.1179
664.25	0.1171
664.125	0.1171
664.0	0.1171
663.875	0.1179
663.75	0.1194
663.625	0.1179
663.5	0.1179
663.375	0.1179
663.25	0.121
663.125	0.1218
663.0	0.1218
662.875	0.1226
662.75	0.1226
662.625	0.1226
662.5	0.1234
662.375	0.1226
662.25	0.1234
662.125	0.1226
662.0	0.1234
661.875	0.1265
661.75	0.1273
661.625	0.1265
661.5	0.1273
661.375	0.1273
661.25	0.1273
661.125	0.1273
661.0	0.1273
660.875	0.1273
660.75	0.1305
660.625	0.1281
660.5	0.1297
660.375	0.1312
660.25	0.1305
660.125	0.132
660.0	0.1305
659.875	0.132
659.75	0.1328
659.625	0.132
659.5	0.132
659.375	0.132
659.25	0.1328
659.125	0.1344
659.0	0.1344
658.875	0.1352
658.75	0.1352
658.625	0.1352
658.5	0.136
658.375	0.1367
658.25	0.1367
658.125	0.1367
658.0	0.1367
657.875	0.1367
657.75	0.1367
657.625	0.1367
657.5	0.1375
657.375	0.1407
657.25	0.1415
657.125	0.1415
657.0	0.1415
656.875	0.1415
656.75	0.1407
656.625	0.1407
656.5	0.1399
656.375	0.1415
656.25	0.1422
656.125	0.1415
656.0	0.1415
655.875	0.1415
655.75	0.143
655.625	0.1415
655.5	0.1422
655.375	0.143
655.25	0.143
655.125	0.1422
655.0	0.1462
654.875	0.1454
654.75	0.1462
654.625	0.1454
654.5	0.1446
654.375	0.1454
654.25	0.1462
654.125	0.147
654.0	0.1462
653.875	0.147
653.75	0.1477
653.625	0.1485
653.5	0.1477
653.375	0.1493
653.25	0.147
653.125	0.1485
653.0	0.1477
652.875	0.1493
652.75	0.1501
652.625	0.1493
652.5	0.1509
652.375	0.1501
652.25	0.1509
652.125	0.1509
652.0	0.1509
651.875	0.1525
651.75	0.1517
651.625	0.1517
651.5	0.1525
651.375	0.1525
651.25	0.1533
651.125	0.1533
651.0	0.154
650.875	0.1556
650.75	0.1556
650.625	0.1556
650.5	0.1564
650.375	0.1556
650.25	0.1556
650.125	0.1556
650.0	0.1572
649.875	0.158
649.75	0.1595
649.625	0.1572
649.5	0.1588
649.375	0.1603
649.25	0.1595
649.125	0.1603
649.0	0.1603
648.875	0.1603
648.75	0.1603
648.625	0.1603
648.5	0.1603
648.375	0.1603
648.25	0.1611
648.125	0.1611
648.0	0.1619
647.875	0.1643
647.75	0.1643
647.625	0.165
647.5	0.1643
647.375	0.165
647.25	0.165
647.125	0.169
647.0	0.1666
646.875	0.1674
646.75	0.1698
646.625	0.1666
646.5	0.1698
646.375	0.1698
646.25	0.169
646.125	0.1698
646.0	0.1698
645.875	0.1698
645.75	0.1698
645.625	0.1698
645.5	0.1705
645.375	0.1737
645.25	0.1721
645.125	0.1737
645.0	0.1745
644.875	0.1745
644.75	0.1745
644.625	0.1745
644.5	0.1768
644.375	0.1768
644.25	0.1792
644.125	0.1784
644.0	0.1792
643.875	0.1792
643.75	0.1792
643.625	0.1792
643.5	0.1808
643.375	0.1808
643.25	0.1816
643.125	0.1823
643.0	0.1839
642.875	0.1839
642.75	0.1839
642.625	0.1839
642.5	0.1855
642.375	0.1863
642.25	0.1878
642.125	0.1863
642.0	0.1863
641.875	0.1886
641.75	0.1886
641.625	0.1886
641.5	0.1902
641.375	0.1886
641.25	0.1918
641.125	0.1926
641.0	0.1933
640.875	0.1933
640.75	0.1926
640.625	0.1949
640.5	0.1965
640.375	0.1981
640.25	0.1981
640.125	0.1981
640.0	0.1981
639.875	0.1981
639.75	0.1996
639.625	0.202
639.5	0.1996
639.375	0.2028
639.25	0.2028
639.125	0.2028
639.0	0.2051
638.875	0.2051
638.75	0.2059
638.625	0.2075
638.5	0.2075
638.375	0.2099
638.25	0.2075
638.125	0.2083
638.0	0.2122
637.875	0.2106
637.75	0.2114
637.625	0.2122
637.5	0.2122
637.375	0.2138
637.25	0.2161
637.125	0.2169
637.0	0.2169
636.875	0.2169
636.75	0.2185
636.625	0.2201
636.5	0.2193
636.375	0.2216
636.25	0.2216
636.125	0.2216
636.0	0.2224
635.875	0.2256
635.75	0.2264
635.625	0.2264
635.5	0.2264
635.375	0.2272
635.25	0.2272
635.125	0.2295
635.0	0.2311
634.875	0.2311
634.75	0.2311
634.625	0.2311
634.5	0.2334
634.375	0.2358
634.25	0.2358
634.125	0.2358
634.0	0.2358
633.875	0.2389
633.75	0.2397
633.625	0.2397
633.5	0.2413
633.375	0.2429
633.25	0.2437
633.125	0.2444
633.0	0.246
632.875	0.2452
632.75	0.2492
632.625	0.2484
632.5	0.25
632.375	0.2484
632.25	0.2507
632.125	0.2523
632.0	0.2547
631.875	0.2547
631.75	0.2547
631.625	0.2555
631.5	0.2562
631.375	0.2594
631.25	0.2594
631.125	0.2594
631.0	0.2633
630.875	0.2617
630.75	0.2641
630.625	0.2641
630.5	0.2649
630.375	0.2657
630.25	0.2688
630.125	0.2712
630.0	0.2688
629.875	0.2696
629.75	0.2735
629.625	0.2727
629.5	0.2735
629.375	0.2759
629.25	0.2759
629.125	0.2783
629.0	0.2783
628.875	0.2798
628.75	0.279
628.625	0.2806
628.5	0.283
628.375	0.283
628.25	0.2853
628.125	0.2869
628.0	0.2877
627.875	0.2877
627.75	0.2916
627.625	0.2924
627.5	0.2924
627.375	0.2932
627.25	0.2924
627.125	0.2963
627.0	0.2971
626.875	0.2971
626.75	0.2979
626.625	0.2995
626.5	0.3003
626.375	0.3018
626.25	0.3034
626.125	0.305
626.0	0.3066
625.875	0.3066
625.75	0.3081
625.625	0.3113
625.5	0.3113
625.375	0.3113
625.25	0.3136
625.125	0.3136
625.0	0.316
624.875	0.316
624.75	0.316
624.625	0.3207
624.5	0.3207
624.375	0.3207
624.25	0.3238
624.125	0.3246
624.0	0.3254
623.875	0.3278
623.75	0.3294
623.625	0.3294
623.5	0.3309
623.375	0.3341
623.25	0.3349
623.125	0.3349
623.0	0.3349
622.875	0.3372
622.75	0.3396
622.625	0.3411
622.5	0.3404
622.375	0.3427
622.25	0.3443
622.125	0.3459
622.0	0.3482
621.875	0.349
621.75	0.349
621.625	0.3522
621.5	0.3537
621.375	0.3537
621.25	0.3561
621.125	0.3569
621.0	0.3584
620.875	0.36
620.75	0.3608
620.625	0.3632
620.5	0.3639
620.375	0.3663
620.25	0.3679
620.125	0.3679
620.0	0.3702
619.875	0.3726
619.75	0.3726
619.625	0.3726
619.5	0.3765
619.375	0.3773
619.25	0.3773
619.125	0.3781
619.0	0.382
618.875	0.382
618.75	0.3836
618.625	0.3867
618.5	0.3867
618.375	0.3899
618.25	0.3907
618.125	0.3915
618.0	0.3938
617.875	0.3962
617.75	0.3962
617.625	0.397
617.5	0.3993
617.375	0.4009
617.25	0.4033
617.125	0.4048
617.0	0.4056
616.875	0.4072
616.75	0.4103
616.625	0.4111
616.5	0.4119
616.375	0.415
616.25	0.415
616.125	0.415
616.0	0.4198
615.875	0.4198
615.75	0.4229
615.625	0.4245
615.5	0.4245
615.375	0.4268
615.25	0.4292
615.125	0.4292
615.0	0.4331
614.875	0.4339
614.75	0.4339
614.625	0.4378
614.5	0.4386
614.375	0.4402
614.25	0.4433
614.125	0.4433
614.0	0.4449
613.875	0.4481
613.75	0.4481
613.625	0.4504
613.5	0.4528
613.375	0.4528
613.25	0.4528
613.125	0.4575
613.0	0.4575
612.875	0.4622
612.75	0.4622
612.625	0.4638
612.5	0.4669
612.375	0.4669
612.25	0.4701
612.125	0.4693
612.0	0.4732
611.875	0.4748
611.75	0.4764
611.625	0.4779
611.5	0.4803
611.375	0.4811
611.25	0.4858
611.125	0.4858
611.0	0.4897
610.875	0.4905
610.75	0.4905
610.625	0.4937
610.5	0.4952
610.375	0.4952
610.25	0.5
610.125	0.5
610.0	0.5007
609.875	0.5047
609.75	0.5047
609.625	0.5078
609.5	0.5094
609.375	0.5102
609.25	0.5141
609.125	0.5149
609.0	0.5188
608.875	0.5188
608.75	0.522
608.625	0.5235
608.5	0.5235
608.375	0.5267
608.25	0.5283
608.125	0.5283
608.0	0.5314
607.875	0.533
607.75	0.5369
607.625	0.5377
607.5	0.54
607.375	0.5424
607.25	0.5432
607.125	0.5471
607.0	0.5487
606.875	0.5479
606.75	0.5518
606.625	0.5526
606.5	0.5558
606.375	0.5581
606.25	0.5589
606.125	0.5613
606.0	0.5621
605.875	0.5644
605.75	0.5683
605.625	0.5691
605.5	0.5707
605.375	0.5754
605.25	0.5746
605.125	0.577
605.0	0.5801
604.875	0.5801
604.75	0.5833
604.625	0.5849
604.5	0.5872
604.375	0.5896
604.25	0.5919
604.125	0.5935
604.0	0.5959
603.875	0.599
603.75	0.599
603.625	0.6029
603.5	0.6037
603.375	0.6053
603.25	0.6077
603.125	0.6084
603.0	0.6139
602.875	0.6132
602.75	0.6163
602.625	0.6179
602.5	0.6194
602.375	0.6226
602.25	0.6234
602.125	0.6265
602.0	0.6273
601.875	0.632
601.75	0.632
601.625	0.6352
601.5	0.6383
601.375	0.6391
601.25	0.6415
601.125	0.643
601.0	0.6446
600.875	0.6477
600.75	0.6509
600.625	0.6509
600.5	0.6556
600.375	0.6556
600.25	0.6603
600.125	0.6603
600.0	0.6643
599.875	0.6658
599.75	0.669
599.625	0.6698
599.5	0.6729
599.375	0.6745
599.25	0.6761
599.125	0.6784
599.0	0.68
598.875	0.6839
598.75	0.6839
598.625	0.6886
598.5	0.6894
598.375	0.6933
598.25	0.6941
598.125	0.6957
598.0	0.6981
597.875	0.6996
597.75	0.7044
597.625	0.7075
597.5	0.7075
597.375	0.7122
597.25	0.7122
597.125	0.7138
597.0	0.7169
596.875	0.7216
596.75	0.7216
596.625	0.7264
596.5	0.7264
596.375	0.7303
596.25	0.7319
596.125	0.7358
596.0	0.7358
595.875	0.7366
595.75	0.7405
595.625	0.7429
595.5	0.7452
595.375	0.7476
595.25	0.7507
595.125	0.7523
595.0	0.7547
594.875	0.7547
594.75	0.7594
594.625	0.7602
594.5	0.7641
594.375	0.7672
594.25	0.7688
594.125	0.7712
594.0	0.7735
593.875	0.7751
593.75	0.7783
593.625	0.7798
593.5	0.783
593.375	0.7877
593.25	0.7877
593.125	0.7908
593.0	0.7932
592.875	0.7971
592.75	0.7979
592.625	0.8018
592.5	0.8018
592.375	0.8058
592.25	0.8081
592.125	0.8113
592.0	0.8113
591.875	0.8152
591.75	0.8176
591.625	0.8215
591.5	0.8215
591.375	0.8254
591.25	0.8278
591.125	0.8301
591.0	0.8333
590.875	0.8349
590.75	0.8364
590.625	0.8396
590.5	0.8427
590.375	0.8443
590.25	0.8466
590.125	0.849
590.0	0.8522
589.875	0.8537
589.75	0.8584
589.625	0.8592
589.5	0.8632
589.375	0.8632
589.25	0.8679
589.125	0.8687
589.0	0.8726
588.875	0.875
588.75	0.8773
588.625	0.8805
588.5	0.882
588.375	0.8852
588.25	0.8875
588.125	0.8907
588.0	0.893
587.875	0.8962
587.75	0.897
587.625	0.9009
587.5	0.9048
587.375	0.9056
587.25	0.9064
587.125	0.9103
587.0	0.9127
586.875	0.9158
586.75	0.9198
586.625	0.9198
586.5	0.9245
586.375	0.9245
586.25	0.9292
586.125	0.9316
586.0	0.9339
585.875	0.9363
585.75	0.9386
585.625	0.9418
585.5	0.9433
585.375	0.9481
585.25	0.9488
585.125	0.952
585.0	0.9528
584.875	0.9575
584.75	0.9599
584.625	0.9622
584.5	0.9638
584.375	0.9669
584.25	0.9701
584.125	0.9716
584.0	0.9764
583.875	0.9772
583.75	0.9811
583.625	0.9819
583.5	0.9858
583.375	0.9858
583.25	0.9889
583.125	0.9905
583.0	0.9952
582.875	0.9984
582.75	1.0
582.625	1.0047
582.5	1.0062
582.375	1.0094
582.25	1.0125
582.125	1.0133
582.0	1.0165
581.875	1.0188
581.75	1.0188
581.625	1.0227
581.5	1.0267
581.375	1.0283
581.25	1.0314
581.125	1.033
581.0	1.0377
580.875	1.0385
580.75	1.0424
580.625	1.0432
580.5	1.0471
580.375	1.0503
580.25	1.0518
580.125	1.0534
580.0	1.0566
579.875	1.0573
579.75	1.0613
579.625	1.0652
579.5	1.066
579.375	1.0707
579.25	1.0707
579.125	1.0746
579.0	1.0754
578.875	1.0801
578.75	1.0825
578.625	1.0849
578.5	1.0872
578.375	1.0896
578.25	1.0935
578.125	1.0943
578.0	1.0974
577.875	1.0998
577.75	1.1037
577.625	1.1037
577.5	1.1077
577.375	1.1092
577.25	1.1132
577.125	1.1147
577.0	1.1179
576.875	1.1218
576.75	1.1234
576.625	1.1265
576.5	1.1273
576.375	1.132
576.25	1.132
576.125	1.136
576.0	1.1367
575.875	1.1415
575.75	1.1422
575.625	1.1462
575.5	1.1509
575.375	1.1509
575.25	1.1556
575.125	1.1556
575.0	1.1603
574.875	1.1603
574.75	1.165
574.625	1.1666
574.5	1.1698
574.375	1.1705
574.25	1.1745
574.125	1.1784
574.0	1.1792
573.875	1.1839
573.75	1.1839
573.625	1.1871
573.5	1.1902
573.375	1.1933
573.25	1.1949
573.125	1.1981
573.0	1.2004
572.875	1.2028
572.75	1.2067
572.625	1.2075
572.5	1.2099
572.375	1.2122
572.25	1.2169
572.125	1.2169
572.0	1.2216
571.875	1.2232
571.75	1.2264
571.625	1.2272
571.5	1.2311
571.375	1.2342
571.25	1.2358
571.125	1.2382
571.0	1.2405
570.875	1.2444
570.75	1.2452
570.625	1.25
570.5	1.25
570.375	1.2523
570.25	1.2562
570.125	1.2594
570.0	1.2617
569.875	1.2641
569.75	1.2641
569.625	1.2688
569.5	1.2704
569.375	1.2735
569.25	1.2767
569.125	1.2783
569.0	1.2806
568.875	1.283
568.75	1.2853
568.625	1.2877
568.5	1.2908
568.375	1.294
568.25	1.2963
568.125	1.2979
568.0	1.3018
567.875	1.3018
567.75	1.3066
567.625	1.3073
567.5	1.3113
567.375	1.3128
567.25	1.316
567.125	1.3168
567.0	1.3207
566.875	1.3223
566.75	1.3254
566.625	1.3286
566.5	1.3301
566.375	1.3325
566.25	1.3349
566.125	1.3396
566.0	1.3396
565.875	1.3443
565.75	1.3443
565.625	1.3482
565.5	1.349
565.375	1.3537
565.25	1.3553
565.125	1.3584
565.0	1.3592
564.875	1.3632
564.75	1.3647
564.625	1.3679
564.5	1.3687
564.375	1.3718
564.25	1.3726
564.125	1.3773
564.0	1.3789
563.875	1.382
563.75	1.3828
563.625	1.3867
563.5	1.3867
563.375	1.3915
563.25	1.3938
563.125	1.3962
563.0	1.3962
562.875	1.4009
562.75	1.4009
562.625	1.4056
562.5	1.4056
562.375	1.4103
562.25	1.4127
562.125	1.415
562.0	1.415
561.875	1.4198
561.75	1.4229
561.625	1.4245
561.5	1.4261
561.375	1.4292
561.25	1.4323
561.125	1.4339
561.0	1.4347
560.875	1.4378
560.75	1.4386
560.625	1.4426
560.5	1.4473
560.375	1.4488
560.25	1.4488
560.125	1.4528
560.0	1.4528
559.875	1.4575
559.75	1.4575
559.625	1.4622
559.5	1.463
559.375	1.4669
559.25	1.4677
559.125	1.4677
559.0	1.4716
558.875	1.4732
558.75	1.4764
558.625	1.4772
558.5	1.4811
558.375	1.4811
558.25	1.4858
558.125	1.4882
558.0	1.4905
557.875	1.4913
557.75	1.4929
557.625	1.4952
557.5	1.5
557.375	1.5
557.25	1.5023
557.125	1.5047
557.0	1.5055
556.875	1.5094
556.75	1.511
556.625	1.5133
556.5	1.5141
556.375	1.5188
556.25	1.5188
556.125	1.5196
556.0	1.5235
555.875	1.5251
555.75	1.5283
555.625	1.5283
555.5	1.533
555.375	1.533
555.25	1.5369
555.125	1.5377
555.0	1.54
554.875	1.5424
554.75	1.5424
554.625	1.5471
554.5	1.5471
554.375	1.5511
554.25	1.5518
554.125	1.5558
554.0	1.5566
553.875	1.5573
553.75	1.5613
553.625	1.5613
553.5	1.5644
553.375	1.566
553.25	1.5707
553.125	1.5715
553.0	1.5738
552.875	1.5754
552.75	1.5794
552.625	1.5778
552.5	1.5801
552.375	1.5849
552.25	1.5849
552.125	1.5856
552.0	1.5896
551.875	1.5904
551.75	1.5943
551.625	1.5943
551.5	1.5982
551.375	1.599
551.25	1.6022
551.125	1.6037
551.0	1.6045
550.875	1.6084
550.75	1.6092
550.625	1.6132
550.5	1.6147
550.375	1.6179
550.25	1.6179
550.125	1.6218
550.0	1.6226
549.875	1.6226
549.75	1.6273
549.625	1.6281
549.5	1.6312
549.375	1.6336
549.25	1.632
549.125	1.636
549.0	1.6367
548.875	1.6415
548.75	1.6415
548.625	1.6446
548.5	1.6462
548.375	1.647
548.25	1.6509
548.125	1.6517
548.0	1.6556
547.875	1.6556
547.75	1.6603
547.625	1.6603
547.5	1.6611
547.375	1.665
547.25	1.665
547.125	1.6698
547.0	1.6698
546.875	1.6745
546.75	1.6745
546.625	1.6761
546.5	1.6753
546.375	1.6792
546.25	1.6808
546.125	1.6839
546.0	1.6863
545.875	1.6886
545.75	1.6886
545.625	1.6894
545.5	1.6933
545.375	1.6965
545.25	1.6981
545.125	1.7012
545.0	1.702
544.875	1.7028
544.75	1.7059
544.625	1.7075
544.5	1.7091
544.375	1.7122
544.25	1.7122
544.125	1.7154
544.0	1.7169
543.875	1.7201
543.75	1.7209
543.625	1.7216
543.5	1.7264
543.375	1.7264
543.25	1.7287
543.125	1.7311
543.0	1.7311
542.875	1.735
542.75	1.7358
542.625	1.7382
542.5	1.7397
542.375	1.7413
542.25	1.7429
542.125	1.7452
542.0	1.7468
541.875	1.75
541.75	1.7523
541.625	1.7547
541.5	1.7547
541.375	1.7555
541.25	1.7594
541.125	1.7617
541.0	1.7641
540.875	1.7641
540.75	1.7649
540.625	1.7688
540.5	1.7696
540.375	1.7712
540.25	1.7735
540.125	1.7767
540.0	1.7783
539.875	1.7783
539.75	1.783
539.625	1.7838
539.5	1.7877
539.375	1.7877
539.25	1.7893
539.125	1.7924
539.0	1.7924
538.875	1.7955
538.75	1.7971
538.625	1.7971
538.5	1.8003
538.375	1.8026
538.25	1.8042
538.125	1.8073
538.0	1.8097
537.875	1.8113
537.75	1.8113
537.625	1.8152
537.5	1.816
537.375	1.8183
537.25	1.8207
537.125	1.8207
537.0	1.8207
536.875	1.8254
536.75	1.8254
536.625	1.8301
536.5	1.8301
536.375	1.8341
536.25	1.8356
536.125	1.8364
536.0	1.8396
535.875	1.8396
535.75	1.8435
535.625	1.8419
535.5	1.8474
535.375	1.849
535.25	1.849
535.125	1.8537
535.0	1.8537
534.875	1.8569
534.75	1.8584
534.625	1.8584
534.5	1.8624
534.375	1.8632
534.25	1.8679
534.125	1.8687
534.0	1.8694
533.875	1.8726
533.75	1.8726
533.625	1.875
533.5	1.8773
533.375	1.8781
533.25	1.882
533.125	1.882
533.0	1.8867
532.875	1.8867
532.75	1.8891
532.625	1.8915
532.5	1.8915
532.375	1.8962
532.25	1.8962
532.125	1.8977
532.0	1.9009
531.875	1.9009
531.75	1.9056
531.625	1.9056
531.5	1.9072
531.375	1.9103
531.25	1.9119
531.125	1.9135
531.0	1.915
530.875	1.9174
530.75	1.9198
530.625	1.9213
530.5	1.9245
530.375	1.9245
530.25	1.9292
530.125	1.9292
530.0	1.9316
529.875	1.9339
529.75	1.9339
529.625	1.9371
529.5	1.9386
529.375	1.9426
529.25	1.9433
529.125	1.9465
529.0	1.9481
528.875	1.9481
528.75	1.9528
528.625	1.9536
528.5	1.9544
528.375	1.9575
528.25	1.9583
528.125	1.9622
528.0	1.9622
527.875	1.9654
527.75	1.9669
527.625	1.9669
527.5	1.9709
527.375	1.9716
527.25	1.9764
527.125	1.9764
527.0	1.9795
526.875	1.9811
526.75	1.9834
526.625	1.9834
526.5	1.9858
526.375	1.9889
526.25	1.9905
526.125	1.9937
526.0	1.9952
525.875	1.9952
525.75	1.9984
525.625	2.0007
525.5	2.0023
525.375	2.0047
525.25	2.007
525.125	2.0086
525.0	2.0094
524.875	2.0133
524.75	2.0141
524.625	2.0172
524.5	2.0188
524.375	2.0196
524.25	2.0227
524.125	2.0243
524.0	2.0267
523.875	2.0283
523.75	2.029
523.625	2.033
523.5	2.0338
523.375	2.0377
523.25	2.0377
523.125	2.04
523.0	2.0424
522.875	2.0424
522.75	2.044
522.625	2.0471
522.5	2.0479
522.375	2.0518
522.25	2.0518
522.125	2.055
522.0	2.0581
521.875	2.0597
521.75	2.0613
521.625	2.066
521.5	2.066
521.375	2.0668
521.25	2.0699
521.125	2.0707
521.0	2.0754
520.875	2.0762
520.75	2.0786
520.625	2.0801
520.5	2.0801
520.375	2.0849
520.25	2.0849
520.125	2.0888
520.0	2.0896
519.875	2.0919
519.75	2.0943
519.625	2.0943
519.5	2.0974
519.375	2.099
519.25	2.1006
519.125	2.1037
519.0	2.1037
518.875	2.1084
518.75	2.1084
518.625	2.11
518.5	2.1132
518.375	2.1132
518.25	2.1171
518.125	2.1179
518.0	2.1218
517.875	2.1226
517.75	2.1226
517.625	2.1242
517.5	2.1273
517.375	2.1273
517.25	2.132
517.125	2.132
517.0	2.1344
516.875	2.1344
516.75	2.136
516.625	2.1375
516.5	2.1415
516.375	2.1415
516.25	2.1438
516.125	2.1422
516.0	2.1462
515.875	2.1509
515.75	2.1509
515.625	2.1533
515.5	2.1533
515.375	2.1556
515.25	2.158
515.125	2.1595
515.0	2.1603
514.875	2.1627
514.75	2.1635
514.625	2.165
514.5	2.165
514.375	2.1666
514.25	2.169
514.125	2.1705
514.0	2.1705
513.875	2.1745
513.75	2.1745
513.625	2.1745
513.5	2.1768
513.375	2.1768
513.25	2.1792
513.125	2.1808
513.0	2.1831
512.875	2.1839
512.75	2.1839
512.625	2.1878
512.5	2.1878
512.375	2.1886
512.25	2.1886
512.125	2.1902
512.0	2.191
511.875	2.1933
511.75	2.1933
511.625	2.1933
511.5	2.1957
511.375	2.1965
511.25	2.1981
511.125	2.1981
511.0	2.1981
510.875	2.1988
510.75	2.2012
510.625	2.2028
510.5	2.2028
510.375	2.2028
510.25	2.2028
510.125	2.2028
510.0	2.2036
509.875	2.2051
509.75	2.2059
509.625	2.2067
509.5	2.2075
509.375	2.2075
509.25	2.2075
509.125	2.2083
509.0	2.2075
508.875	2.2075
508.75	2.2091
508.625	2.2114
508.5	2.2099
508.375	2.2099
508.25	2.2114
508.125	2.2122
508.0	2.2114
507.875	2.2122
507.75	2.2122
507.625	2.2122
507.5	2.2138
507.375	2.2122
507.25	2.2122
507.125	2.2122
507.0	2.2122
506.875	2.2122
506.75	2.2122
506.625	2.2122
506.5	2.2106
506.375	2.2083
506.25	2.2122
506.125	2.2099
506.0	2.2075
505.875	2.2091
505.75	2.2083
505.625	2.2075
505.5	2.2075
505.375	2.2075
505.25	2.2075
505.125	2.2075
505.0	2.2067
504.875	2.2044
504.75	2.2028
504.625	2.2028
504.5	2.2028
504.375	2.1988
504.25	2.1996
504.125	2.1988
504.0	2.1981
503.875	2.1981
503.75	2.1981
503.625	2.1941
503.5	2.1941
503.375	2.1941
503.25	2.1933
503.125	2.1902
503.0	2.1894
502.875	2.1863
502.75	2.1855
502.625	2.1839
502.5	2.1839
502.375	2.1823
502.25	2.1792
502.125	2.1792
502.0	2.1761
501.875	2.1745
501.75	2.1721
501.625	2.1698
501.5	2.1698
501.375	2.1674
501.25	2.165
501.125	2.1619
501.0	2.1611
500.875	2.158
500.75	2.1564
500.625	2.1525
500.5	2.1525
500.375	2.147
500.25	2.1462
500.125	2.143
500.0	2.1415
499.875	2.1383
499.75	2.1367
499.625	2.1352
499.5	2.1281
499.375	2.1273
499.25	2.1257
499.125	2.1226
499.0	2.1179
498.875	2.1163
498.75	2.1132
498.625	2.11
498.5	2.1084
498.375	2.1037
498.25	2.099
498.125	2.0974
498.0	2.0935
497.875	2.0904
497.75	2.0864
497.625	2.0817
497.5	2.0801
497.375	2.0762
497.25	2.0738
497.125	2.0691
497.0	2.0644
496.875	2.0613
496.75	2.0558
496.625	2.0518
496.5	2.0479
496.375	2.0432
496.25	2.0393
496.125	2.0361
496.0	2.0322
495.875	2.0267
495.75	2.0235
495.625	2.018
495.5	2.0149
495.375	2.0094
495.25	2.0055
495.125	2.0
495.0	1.9952
494.875	1.9905
494.75	1.9866
494.625	1.9795
494.5	1.9764
494.375	1.9693
494.25	1.9654
494.125	1.9606
494.0	1.9536
493.875	1.9496
493.75	1.9433
493.625	1.9386
493.5	1.9355
493.375	1.9268
493.25	1.9205
493.125	1.9166
493.0	1.9119
492.875	1.9072
492.75	1.9001
492.625	1.8962
492.5	1.8883
492.375	1.8828
492.25	1.875
492.125	1.8694
492.0	1.8647
491.875	1.8592
491.75	1.8506
491.625	1.8466
491.5	1.8396
491.375	1.8349
491.25	1.8278
491.125	1.8207
491.0	1.8121
490.875	1.8081
490.75	1.8018
490.625	1.7955
490.5	1.7885
490.375	1.7806
490.25	1.7735
490.125	1.768
490.0	1.761
489.875	1.7539
489.75	1.7468
489.625	1.7397
489.5	1.7311
489.375	1.7256
489.25	1.7169
489.125	1.7099
489.0	1.702
488.875	1.6957
488.75	1.6886
488.625	1.68
488.5	1.6737
488.375	1.6643
488.25	1.658
488.125	1.6493
488.0	1.6422
487.875	1.6344
487.75	1.6257
487.625	1.6179
487.5	1.6108
487.375	1.6029
487.25	1.5951
487.125	1.5872
487.0	1.5794
486.875	1.5731
486.75	1.5644
486.625	1.5542
486.5	1.5471
486.375	1.5385
486.25	1.529
486.125	1.522
486.0	1.5141
485.875	1.5062
485.75	1.4984
485.625	1.4889
485.5	1.4811
485.375	1.4732
485.25	1.4654
485.125	1.4575
485.0	1.4496
484.875	1.4386
484.75	1.4323
484.625	1.4237
484.5	1.415
484.375	1.4095
484.25	1.3977
484.125	1.3891
484.0	1.382
483.875	1.3726
483.75	1.3655
483.625	1.3553
483.5	1.3482
483.375	1.3396
483.25	1.3309
483.125	1.3231
483.0	1.3136
482.875	1.3066
482.75	1.2971
482.625	1.2893
482.5	1.2798
482.375	1.2712
482.25	1.2633
482.125	1.2531
482.0	1.2452
481.875	1.2382
481.75	1.2279
481.625	1.2193
481.5	1.2122
481.375	1.202
481.25	1.1965
481.125	1.1855
481.0	1.1784
480.875	1.1682
480.75	1.1595
480.625	1.1533
480.5	1.1415
480.375	1.1352
480.25	1.1273
480.125	1.1187
480.0	1.11
479.875	1.1006
479.75	1.0935
479.625	1.0856
479.5	1.0754
479.375	1.0676
479.25	1.0605
479.125	1.0511
479.0	1.044
478.875	1.0353
478.75	1.0251
478.625	1.018
478.5	1.011
478.375	1.0015
478.25	0.9944
478.125	0.9858
478.0	0.9787
477.875	0.9685
477.75	0.963
477.625	0.9536
477.5	0.9449
477.375	0.9386
477.25	0.93
477.125	0.9221
477.0	0.9143
476.875	0.9056
476.75	0.8985
476.625	0.8915
476.5	0.8836
476.375	0.8742
476.25	0.8679
476.125	0.8616
476.0	0.8537
475.875	0.8459
475.75	0.8396
475.625	0.8301
475.5	0.8246
475.375	0.816
475.25	0.8097
475.125	0.8011
475.0	0.7932
474.875	0.7877
474.75	0.7806
474.625	0.7712
474.5	0.7649
474.375	0.7586
474.25	0.7515
474.125	0.7444
474.0	0.7374
473.875	0.7303
473.75	0.724
473.625	0.7154
473.5	0.7099
473.375	0.7028
473.25	0.6981
473.125	0.6894
473.0	0.6831
472.875	0.6776
472.75	0.6705
472.625	0.665
472.5	0.6611
472.375	0.6517
472.25	0.6462
472.125	0.6415
472.0	0.6336
471.875	0.6289
471.75	0.6226
471.625	0.6171
471.5	0.6124
471.375	0.6037
471.25	0.5998
471.125	0.5943
471.0	0.5896
470.875	0.5841
470.75	0.5762
470.625	0.5738
470.5	0.5683
470.375	0.5636
470.25	0.5597
470.125	0.5518
470.0	0.5495
469.875	0.5424
469.75	0.54
469.625	0.533
469.5	0.5298
469.375	0.5243
469.25	0.5196
469.125	0.5188
469.0	0.5133
468.875	0.5094
468.75	0.5047
468.625	0.4992
468.5	0.496
468.375	0.4913
468.25	0.4897
468.125	0.485
468.0	0.4811
467.875	0.4795
467.75	0.4756
467.625	0.4716
467.5	0.4701
467.375	0.4661
467.25	0.4638
467.125	0.4599
467.0	0.4567
466.875	0.4528
466.75	0.452
466.625	0.4496
466.5	0.4473
466.375	0.4441
466.25	0.4433
466.125	0.4386
466.0	0.4378
465.875	0.4355
465.75	0.4339
465.625	0.4339
465.5	0.4292
465.375	0.4261
465.25	0.4253
465.125	0.4245
465.0	0.4237
464.875	0.4205
464.75	0.4198
464.625	0.4198
464.5	0.4174
464.375	0.4174
464.25	0.415
464.125	0.415
464.0	0.4119
463.875	0.4143
463.75	0.4127
463.625	0.4103
463.5	0.4119
463.375	0.4103
463.25	0.4103
463.125	0.4103
463.0	0.4095
462.875	0.4103
462.75	0.4103
462.625	0.4064
462.5	0.408
462.375	0.4064
462.25	0.4072
462.125	0.4095
462.0	0.4072
461.875	0.408
461.75	0.4088
461.625	0.4095
461.5	0.408
461.375	0.4103
461.25	0.4103
461.125	0.4103
461.0	0.4103
460.875	0.4111
460.75	0.4103
460.625	0.4111
460.5	0.4127
460.375	0.4135
460.25	0.415
460.125	0.415
460.0	0.415
459.875	0.415
459.75	0.415
459.625	0.4182
459.5	0.419
459.375	0.419
459.25	0.4198
459.125	0.4198
459.0	0.4205
458.875	0.4229
458.75	0.4245
458.625	0.4253
458.5	0.4245
458.375	0.4253
458.25	0.4268
458.125	0.4284
458.0	0.4292
457.875	0.4292
457.75	0.4339
457.625	0.4308
457.5	0.4339
457.375	0.4339
457.25	0.4339
457.125	0.4378
457.0	0.4378
456.875	0.4394
456.75	0.4386
456.625	0.4433
456.5	0.4433
456.375	0.4433
456.25	0.4449
456.125	0.4481
456.0	0.4488
455.875	0.4488
455.75	0.4528
455.625	0.452
455.5	0.4559
455.375	0.4567
455.25	0.4575
455.125	0.4575
455.0	0.4606
454.875	0.4622
454.75	0.463
454.625	0.4661
454.5	0.4669
454.375	0.4701
454.25	0.4716
454.125	0.4732
454.0	0.4764
453.875	0.4787
453.75	0.4795
453.625	0.4834
453.5	0.4858
453.375	0.4882
453.25	0.4905
453.125	0.4929
453.0	0.496
452.875	0.5
452.75	0.5
452.625	0.5055
452.5	0.507
452.375	0.5094
452.25	0.5141
452.125	0.5188
452.0	0.5227
451.875	0.5235
451.75	0.5283
451.625	0.5314
451.5	0.5377
451.375	0.5432
451.25	0.5463
451.125	0.5503
451.0	0.5566
450.875	0.5613
450.75	0.5652
450.625	0.5715
450.5	0.5762
450.375	0.5849
450.25	0.5856
450.125	0.5943
450.0	0.599
449.875	0.6053
449.75	0.6132
449.625	0.6187
449.5	0.625
449.375	0.632
449.25	0.6415
449.125	0.6477
449.0	0.6556
448.875	0.6635
448.75	0.6705
448.625	0.6792
448.5	0.6878
448.375	0.6981
448.25	0.7051
448.125	0.713
448.0	0.7216
447.875	0.7334
447.75	0.7421
447.625	0.7507
447.5	0.7617
447.375	0.7712
447.25	0.783
447.125	0.7924
447.0	0.8026
446.875	0.8136
446.75	0.8254
446.625	0.8364
446.5	0.8459
446.375	0.8592
446.25	0.8702
446.125	0.882
446.0	0.8938
445.875	0.9056
445.75	0.9182
445.625	0.9308
445.5	0.9418
445.375	0.9544
445.25	0.9685
445.125	0.9834
445.0	0.9937
444.875	1.007
444.75	1.022
444.625	1.0345
444.5	1.0471
444.375	1.0621
444.25	1.0746
444.125	1.0872
444.0	1.1022
443.875	1.1163
443.75	1.1305
443.625	1.143
443.5	1.1595
443.375	1.1705
443.25	1.1839
443.125	1.1996
443.0	1.213
442.875	1.2256
442.75	1.2382
442.625	1.2531
442.5	1.2665
442.375	1.2806
442.25	1.294
442.125	1.3073
442.0	1.3215
441.875	1.3356
441.75	1.349
441.625	1.3632
441.5	1.375
441.375	1.3907
441.25	1.4017
441.125	1.4166
441.0	1.4292
440.875	1.4441
440.75	1.4583
440.625	1.4724
440.5	1.4866
440.375	1.5
440.25	1.5133
440.125	1.5267
440.0	1.5408
439.875	1.555
439.75	1.5707
439.625	1.5856
439.5	1.5998
439.375	1.6147
439.25	1.6281
439.125	1.643
439.0	1.6588
438.875	1.6737
438.75	1.6894
438.625	1.7067
438.5	1.7232
438.375	1.7421
438.25	1.757
438.125	1.7751
438.0	1.7924
437.875	1.8128
437.75	1.8294
437.625	1.8506
437.5	1.8702
437.375	1.8891
437.25	1.9119
437.125	1.9308
437.0	1.9544
436.875	1.9787
436.75	2.0023
436.625	2.0267
436.5	2.0534
436.375	2.0801
436.25	2.1061
436.125	2.136
436.0	2.1635
435.875	2.1949
435.75	2.2256
435.625	2.2578
435.5	2.2932
435.375	2.3286
435.25	2.3624
435.125	2.3993
435.0	2.4371
434.875	2.4779
434.75	2.5188
434.625	2.5628
434.5	2.6053
434.375	2.6477
434.25	2.6988
434.125	2.7484
434.0	2.7955
433.875	2.8474
433.75	2.8977
433.625	2.9544
433.5	3.0102
433.375	3.0676
433.25	3.1265
433.125	3.1878
433.0	3.25
432.875	3.3471
432.75	3.4108
432.625	3.4839
432.5	3.5554
432.375	3.6278
432.25	3.7032
432.125	3.7818
432.0	3.8534
431.875	3.9336
431.75	4.0161
431.625	4.0955
431.5	4.1804
431.375	4.2669
431.25	4.3471
431.125	4.4359
431.0	4.5295
430.875	4.6262
430.75	4.7127
430.625	4.7237
430.5	4.7221
430.375	4.7221
430.25	4.7221
430.125	4.7197
430.0	4.7205
429.875	4.7166
429.75	4.7174
429.625	4.7158
429.5	4.7158
429.375	4.7142
429.25	4.7119
429.125	4.7111
429.0	4.7111
428.875	4.7103
428.75	4.7087
428.625	4.7072
428.5	4.7079
428.375	4.7079
428.25	4.7048
428.125	4.7048
428.0	4.7064
427.875	4.7024
427.75	4.704
427.625	4.7032
427.5	4.7017
427.375	4.7009
427.25	4.7001
427.125	4.6977
427.0	4.6985
426.875	4.6993
426.75	4.6977
426.625	4.6977
426.5	4.6977
426.375	4.6961
426.25	4.6969
426.125	4.6969
426.0	4.6961
425.875	4.6969
425.75	4.6954
425.625	4.6946
425.5	4.6938
425.375	4.6938
425.25	4.6922
425.125	4.6938
425.0	4.693
424.875	4.6938
424.75	4.693
424.625	4.693
424.5	4.6946
424.375	4.693
424.25	4.6946
424.125	4.6961
424.0	4.6961
423.875	4.6954
423.75	4.6946
423.625	4.6938
423.5	4.6954
423.375	4.6969
423.25	4.6961
423.125	4.6993
423.0	4.6977
422.875	4.6977
422.75	4.7001
422.625	4.7001
422.5	4.6993
422.375	4.7009
422.25	4.7024
422.125	4.7017
422.0	4.7024
421.875	4.7017
421.75	4.7032
421.625	4.7048
421.5	4.7048
421.375	4.7056
421.25	4.7064
421.125	4.7079
421.0	4.7095
420.875	4.7103
420.75	4.7119
420.625	4.7111
420.5	4.7119
420.375	4.7127
420.25	4.7127
420.125	4.7158
420.0	4.715
419.875	4.7174
419.75	4.7166
419.625	4.7189
419.5	4.7189
419.375	4.7197
419.25	4.7189
419.125	4.7205
419.0	4.7221
418.875	4.7221
418.75	4.7237
418.625	4.6875
418.5	4.5908
418.375	4.52
418.25	4.4501
418.125	4.3778
418.0	4.3125
417.875	4.2425
417.75	4.1789
417.625	4.1175
417.5	4.0562
417.375	3.9878
417.25	3.932
417.125	3.8652
417.0	3.807
416.875	3.7465
416.75	3.6891
416.625	3.6325
416.5	3.5759
416.375	3.5224
416.25	3.4666
416.125	3.4139
416.0	3.362
415.875	3.3078
415.75	3.235
415.625	3.1847
415.5	3.1375
415.375	3.0888
415.25	3.0455
415.125	3.0
415.0	2.9536
414.875	2.9103
414.75	2.8655
414.625	2.8215
414.5	2.7806
414.375	2.7397
414.25	2.6996
414.125	2.6603
414.0	2.6187
413.875	2.5801
413.75	2.5448
413.625	2.5047
413.5	2.4709
413.375	2.43
413.25	2.3993
413.125	2.36
413.0	2.327
412.875	2.2932
412.75	2.2602
412.625	2.2264
412.5	2.1941
412.375	2.165
412.25	2.1312
412.125	2.1045
412.0	2.0731
411.875	2.0448
411.75	2.0149
411.625	1.9858
411.5	1.9575
411.375	1.9284
411.25	1.9009
411.125	1.8742
411.0	1.8451
410.875	1.8215
410.75	1.7963
410.625	1.7696
410.5	1.7444
410.375	1.7193
410.25	1.6933
410.125	1.6713
410.0	1.6462
409.875	1.6242
409.75	1.5982
409.625	1.5762
409.5	1.5511
409.375	1.5306
409.25	1.507
409.125	1.4858
409.0	1.4622
408.875	1.4402
408.75	1.4198
408.625	1.3985
408.5	1.3797
408.375	1.3553
408.25	1.338
408.125	1.3176
408.0	1.2971
407.875	1.2759
407.75	1.257
407.625	1.235
407.5	1.2169
407.375	1.1988
407.25	1.1792
407.125	1.1619
407.0	1.143
406.875	1.1257
406.75	1.1084
406.625	1.088
406.5	1.0731
406.375	1.0558
406.25	1.04
406.125	1.0251
406.0	1.0062
405.875	0.9913
405.75	0.974
405.625	0.9559
405.5	0.9426
405.375	0.9268
405.25	0.9111
405.125	0.8954
405.0	0.8805
404.875	0.8694
404.75	0.8514
404.625	0.8372
404.5	0.8238
404.375	0.8097
404.25	0.7963
404.125	0.783
404.0	0.7696
403.875	0.7547
403.75	0.7429
403.625	0.7311
403.5	0.7177
403.375	0.7059
403.25	0.6933
403.125	0.68
403.0	0.6705
402.875	0.658
402.75	0.647
402.625	0.6344
402.5	0.6226
402.375	0.6108
402.25	0.6029
402.125	0.5904
402.0	0.5794
401.875	0.5676
401.75	0.5581
401.625	0.5479
401.5	0.5377
401.375	0.5283
401.25	0.5165
401.125	0.5086
401.0	0.4984
400.875	0.4889
400.75	0.4779
400.625	0.4685
400.5	0.4614
400.375	0.4512
400.25	0.4433
400.125	0.4355
400.0	0.4253
399.875	0.4174
399.75	0.4095
399.625	0.3985
399.5	0.393
399.375	0.3836
399.25	0.3765
399.125	0.3679
399.0	0.3608
398.875	0.3529
398.75	0.3459
398.625	0.338
398.5	0.3317
398.375	0.3238
398.25	0.3191
398.125	0.3105
398.0	0.3026
397.875	0.2979
397.75	0.2924
397.625	0.2845
397.5	0.2775
397.375	0.2727
397.25	0.2688
397.125	0.2594
397.0	0.2547
396.875	0.2492
396.75	0.2444
396.625	0.2389
396.5	0.2327
396.375	0.2264
396.25	0.2216
396.125	0.2169
396.0	0.2122
395.875	0.2067
395.75	0.2028
395.625	0.1973
395.5	0.1933
395.375	0.1886
395.25	0.1839
395.125	0.1792
395.0	0.1761
394.875	0.1705
394.75	0.1666
394.625	0.1627
394.5	0.1595
394.375	0.1556
394.25	0.1517
394.125	0.1493
394.0	0.1462
393.875	0.1415
393.75	0.1367
393.625	0.1336
393.5	0.1312
393.375	0.1273
393.25	0.1242
393.125	0.1226
393.0	0.1179
392.875	0.1155
392.75	0.1132
392.625	0.11
392.5	0.1084
392.375	0.1045
392.25	0.1037
392.125	0.0998
392.0	0.0982
391.875	0.0943
391.75	0.0935
391.625	0.0896
391.5	0.0888
391.375	0.0849
391.25	0.0841
391.125	0.0801
391.0	0.0786
390.875	0.0754
390.75	0.0754
390.625	0.0746
390.5	0.0707
390.375	0.0683
390.25	0.0691
390.125	0.066
390.0	0.066
389.875	0.0636
389.75	0.0613
389.625	0.0613
389.5	0.0566
389.375	0.0566
389.25	0.055
389.125	0.0526
389.0	0.0518
388.875	0.0511
388.75	0.0479
388.625	0.0495
388.5	0.0463
388.375	0.0471
388.25	0.0463
388.125	0.0424
388.0	0.0424
387.875	0.0408
387.75	0.0424
387.625	0.0416
387.5	0.0377
387.375	0.0377
387.25	0.0377
387.125	0.0353
387.0	0.0338
386.875	0.0338
386.75	0.033
386.625	0.0314
386.5	0.033
386.375	0.0314
386.25	0.0298
386.125	0.029
386.0	0.0283
385.875	0.0283
385.75	0.0283
385.625	0.0283
385.5	0.0243
385.375	0.0275
385.25	0.0243
385.125	0.0235
385.0	0.0251
384.875	0.0235
384.75	0.0235
384.625	0.0227
384.5	0.0235
384.375	0.0235
384.25	0.022
384.125	0.0204
384.0	0.0204
383.875	0.018
383.75	0.0196
383.625	0.0188
383.5	0.0196
383.375	0.0188
383.25	0.0188
383.125	0.018
383.0	0.0188
382.875	0.0172
382.75	0.0165
382.625	0.0157
382.5	0.018
382.375	0.0172
382.25	0.0172
382.125	0.0165
382.0	0.0141
381.875	0.0141
381.75	0.0141
381.625	0.0157
381.5	0.0141
381.375	0.0141
381.25	0.0149
381.125	0.0141
381.0	0.0141
380.875	0.0141
380.75	0.0125
380.625	0.0125
380.5	0.0133
380.375	0.0125
380.25	0.0117
380.125	0.011
380.0	0.0133
379.875	0.0117
379.75	0.0133
379.625	0.0125
379.5	0.0102
379.375	0.0117
379.25	0.0117
379.125	0.0094
379.0	0.011
378.875	0.011
378.75	0.011
378.625	0.011
378.5	0.0102
378.375	0.011
378.25	0.0117
378.125	0.0094
378.0	0.0094
377.875	0.0094
377.75	0.0094
377.625	0.0094
377.5	0.0102
377.375	0.0094
377.25	0.0086
377.125	0.0094
377.0	0.0094
376.875	0.0094
376.75	0.0094
376.625	0.0094
376.5	0.0094
376.375	0.0102
376.25	0.0094
376.125	0.0094
376.0	0.0117
375.875	0.0094
375.75	0.0102
375.625	0.0094
375.5	0.0094
375.375	0.0094
375.25	0.0094
375.125	0.0094
375.0	0.0094
374.875	0.0102
374.75	0.0094
374.625	0.0094
374.5	0.0094
374.375	0.0086
374.25	0.0094
374.125	0.0094
374.0	0.0094
373.875	0.0094
373.75	0.0086
373.625	0.0094
373.5	0.0086
373.375	0.0094
373.25	0.0094
373.125	0.0086
373.0	0.0094
372.875	0.0078
372.75	0.0094
372.625	0.0094
372.5	0.0094
372.375	0.0094
372.25	0.0102
372.125	0.0086
372.0	0.0094
371.875	0.0086
371.75	0.0094
371.625	0.0102
371.5	0.0094
371.375	0.0086
371.25	0.0102
371.125	0.0094
371.0	0.0094
370.875	0.0094
370.75	0.0086
370.625	0.0094
370.5	0.0094
370.375	0.0094
370.25	0.0094
370.125	0.0086
370.0	0.0094
369.875	0.0094
369.75	0.0102
369.625	0.007
369.5	0.0094
369.375	0.0086
369.25	0.007
369.125	0.0094
369.0	0.0086
368.875	0.0094
368.75	0.0094
368.625	0.0094
368.5	0.0094
368.375	0.0094
368.25	0.0086
368.125	0.0094
368.0	0.0078
367.875	0.0094
367.75	0.0102
367.625	0.0102
367.5	0.0094
367.375	0.0094
367.25	0.0086
367.125	0.0094
367.0	0.0078
366.875	0.0086
366.75	0.0094
366.625	0.0078
366.5	0.0094
366.375	0.0086
366.25	0.0078
366.125	0.0094
366.0	0.0094
365.875	0.0094
365.75	0.0094
365.625	0.0094
365.5	0.0086
365.375	0.0094
365.25	0.0094
365.125	0.0102
365.0	0.0094
364.875	0.0094
364.75	0.0094
364.625	0.0094
364.5	0.0094
364.375	0.0086
364.25	0.0094
364.125	0.0094
364.0	0.0094
363.875	0.0094
363.75	0.0094
363.625	0.0094
363.5	0.0094
363.375	0.0086
363.25	0.0094
363.125	0.0102
363.0	0.0094
362.875	0.0094
362.75	0.0086
362.625	0.0094
362.5	0.0094
362.375	0.0094
362.25	0.0094
362.125	0.0086
362.0	0.0094
361.875	0.0094
361.75	0.0086
361.625	0.0094
361.5	0.0086
361.375	0.0094
361.25	0.0094
361.125	0.0086
361.0	0.0094
360.875	0.0094
360.75	0.0094
360.625	0.0094
360.5	0.0094
360.375	0.0094
360.25	0.0094
360.125	0.0094
360.0	0.0078
359.875	0.0094
359.75	0.0094
359.625	0.0094
359.5	0.0078
359.375	0.0094
359.25	0.0094
359.125	0.0086
359.0	0.0086
358.875	0.0062
358.75	0.0086
358.625	0.0094
358.5	0.0094
358.375	0.0094
358.25	0.0086
358.125	0.0094
358.0	0.0078
357.875	0.0078
357.75	0.0086
357.625	0.0094
357.5	0.0086
357.375	0.0094
357.25	0.0078
357.125	0.0078
357.0	0.0062
356.875	0.0086
356.75	0.0086
356.625	0.007
356.5	0.0086
356.375	0.0078
356.25	0.0086
356.125	0.0094
356.0	0.007
355.875	0.0078
355.75	0.0062
355.625	0.007
355.5	0.0086
355.375	0.0078
355.25	0.0086
355.125	0.0078
355.0	0.007
354.875	0.007
354.75	0.0086
354.625	0.007
354.5	0.007
354.375	0.007
354.25	0.0062
354.125	0.0078
354.0	0.0086
353.875	0.0078
353.75	0.007
353.625	0.0078
353.5	0.007
353.375	0.0062
353.25	0.0062
353.125	0.0055
353.0	0.0047
352.875	0.0055
352.75	0.007
352.625	0.0086
352.5	0.007
352.375	0.0055
352.25	0.0062
352.125	0.0047
352.0	0.007
351.875	0.0086
351.75	0.0047
351.625	0.0078
351.5	0.0055
351.375	0.0047
351.25	0.0047
351.125	0.0055
351.0	0.0062
350.875	0.0062
350.75	0.0047
350.625	0.0062
350.5	0.0062
350.375	0.0047
350.25	0.0047
350.125	0.0062
350.0	0.007
349.875	0.0047
349.75	0.0047
349.625	0.007
349.5	0.0047
349.375	0.0062
349.25	0.0055
349.125	0.0047
349.0	0.0055
348.875	0.0047
348.75	0.0055
348.625	0.0047
348.5	0.0047
348.375	0.0047
348.25	0.0062
348.125	0.0055
348.0	0.0055
347.875	0.0047
347.75	0.007
347.625	0.0047
347.5	0.0055
347.375	0.0062
347.25	0.0055
347.125	0.0047
347.0	0.0047
346.875	0.0062
346.75	0.0047
346.625	0.0062
346.5	0.0047
346.375	0.0047
346.25	0.0055
346.125	0.0047
346.0	0.0047
345.875	0.0062
345.75	0.0047
345.625	0.0055
345.5	0.0047
345.375	0.0047
345.25	0.0047
345.125	0.0047
345.0	0.0047
344.875	0.0055
344.75	0.0047
344.625	0.0047
344.5	0.0055
344.375	0.0062
344.25	0.0047
344.125	0.0055
344.0	0.0047
343.875	0.0055
343.75	0.0047
343.625	0.0047
343.5	0.0047
343.375	0.0047
343.25	0.0047
343.125	0.0047
343.0	0.0047
342.875	0.0047
342.75	0.0055
342.625	0.0055
342.5	0.0047
342.375	0.0047
342.25	0.0047
342.125	0.0047
342.0	0.0055
341.875	0.0055
341.75	0.0047
341.625	0.0047
341.5	0.0047
341.375	0.0047
341.25	0.0047
341.125	0.0055
341.0	0.0047
340.875	0.0047
340.75	0.0055
340.625	0.0047
340.5	0.0047
340.375	0.0047
340.25	0.0047
340.125	0.0055
340.0	0.0047
339.875	0.0055
339.75	0.0047
339.625	0.0047
339.5	0.0055
339.375	0.0047
339.25	0.0047
339.125	0.0047
339.0	0.0047
338.875	0.0047
338.75	0.0047
338.625	0.0047
338.5	0.0023
338.375	0.0047
338.25	0.0062
338.125	0.0047
338.0	0.0047
337.875	0.0047
337.75	0.0047
337.625	0.0047
337.5	0.0047
337.375	0.0047
337.25	0.0047
337.125	0.0055
337.0	0.0047
336.875	0.0062
336.75	0.0047
336.625	0.0039
336.5	0.0047
336.375	0.0047
336.25	0.0039
336.125	0.0047
336.0	0.0047
335.875	0.0055
335.75	0.0047
335.625	0.0055
335.5	0.0047
335.375	0.0047
335.25	0.0055
335.125	0.0047
335.0	0.0047
334.875	0.0047
334.75	0.0055
334.625	0.0047
334.5	0.0047
334.375	0.0047
334.25	0.0047
334.125	0.0047
334.0	0.0039
333.875	0.0047
333.75	0.0047
333.625	0.0062
333.5	0.0047
333.375	0.0047
333.25	0.0047
333.125	0.0047
333.0	0.0047
332.875	0.0047
332.75	0.0047
332.625	0.0047
332.5	0.0031
332.375	0.0047
332.25	0.0047
332.125	0.0047
332.0	0.0047
331.875	0.0047
331.75	0.0047
331.625	0.0047
331.5	0.0047
331.375	0.0047
331.25	0.0047
331.125	0.0047
331.0	0.0047
330.875	0.0055
330.75	0.0047
330.625	0.0047
330.5	0.0047
330.375	0.0047
330.25	0.0055
330.125	0.0047
330.0	0.0047
329.875	0.0047
329.75	0.0047
329.625	0.0047
329.5	0.0039
329.375	0.0047
329.25	0.0047
329.125	0.0039
329.0	0.0047
328.875	0.0047
328.75	0.0047
328.625	0.0047
328.5	0.0047
328.375	0.0047
328.25	0.0047
328.125	0.0047
328.0	0.0047
327.875	0.0047
327.75	0.0047
327.625	0.0047
327.5	0.0047
327.375	0.0039
327.25	0.0055
327.125	0.0047
327.0	0.0047
326.875	0.0047
326.75	0.0047
326.625	0.0055
326.5	0.0047
326.375	0.0047
326.25	0.0047
326.125	0.0047
326.0	0.0055
325.875	0.0047
325.75	0.0055
325.625	0.0047
325.5	0.0047
325.375	0.0047
325.25	0.0047
325.125	0.0047
325.0	0.0047
324.875	0.0047
324.75	0.0047
324.625	0.0055
324.5	0.0047
324.375	0.0047
324.25	0.0047
324.125	0.0047
324.0	0.0039
323.875	0.0055
323.75	0.0047
323.625	0.0047
323.5	0.0047
323.375	0.0047
323.25	0.0047
323.125	0.0047
323.0	0.0039
322.875	0.0047
322.75	0.0047
322.625	0.0047
322.5	0.0047
322.375	0.0047
322.25	0.0047
322.125	0.0047
322.0	0.0047
321.875	0.0047
321.75	0.0047
321.625	0.0039
321.5	0.0047
321.375	0.0047
321.25	0.0047
321.125	0.0047
321.0	0.0062
320.875	0.0039
320.75	0.007
320.625	0.0047
320.5	0.0047
320.375	0.0047
320.25	0.0047
320.125	0.0055
320.0	0.0047
319.875	0.0047
319.75	0.0047
319.625	0.0047
319.5	0.0055
319.375	0.0062
319.25	0.0047
319.125	0.0047
319.0	0.0047
318.875	0.0055
318.75	0.0047
318.625	0.0047
318.5	0.0047
318.375	0.0047
318.25	0.0047
318.125	0.0055
318.0	0.0055
317.875	0.0047
317.75	0.0047
317.625	0.0047
317.5	0.0047
317.375	0.0055
317.25	0.0047
317.125	0.007
317.0	0.0047
316.875	0.0047
316.75	0.0055
316.625	0.0055
316.5	0.0047
316.375	0.0047
316.25	0.0047
316.125	0.0055
316.0	0.0047
315.875	0.0055
315.75	0.0047
315.625	0.0047
315.5	0.0047
315.375	0.0062
315.25	0.0055
315.125	0.0047
315.0	0.0047
314.875	0.0047
314.75	0.0047
314.625	0.0055
314.5	0.0047
314.375	0.0047
314.25	0.0047
314.125	0.0055
314.0	0.0062
313.875	0.0047
313.75	0.0047
313.625	0.0047
313.5	0.0055
313.375	0.0047
313.25	0.0047
313.125	0.0047
313.0	0.0055
312.875	0.0055
312.75	0.0055
312.625	0.0047
312.5	0.0055
312.375	0.0055
312.25	0.0055
312.125	0.0062
312.0	0.0047
311.875	0.0047
311.75	0.0047
311.625	0.0062
311.5	0.0047
311.375	0.0047
311.25	0.0062
311.125	0.0047
311.0	0.0047
310.875	0.0062
310.75	0.0047
310.625	0.0062
310.5	0.0047
310.375	0.0047
310.25	0.0055
310.125	0.0047
310.0	0.0047
309.875	0.0047
309.75	0.0062
309.625	0.0062
309.5	0.0055
309.375	0.0055
309.25	0.0047
309.125	0.0047
309.0	0.0055
308.875	0.0047
308.75	0.0062
308.625	0.0047
308.5	0.0047
308.375	0.0086
308.25	0.0047
308.125	0.0055
308.0	0.0055
307.875	0.0055
307.75	0.0055
307.625	0.007
307.5	0.0062
307.375	0.0062
307.25	0.007
307.125	0.0062
307.0	0.0078
306.875	0.0047
306.75	0.0047
306.625	0.0055
306.5	0.0055
306.375	0.007
306.25	0.0055
306.125	0.0055
306.0	0.0055
305.875	0.0055
305.75	0.0062
305.625	0.0055
305.5	0.0055
305.375	0.0062
305.25	0.007
305.125	0.007
305.0	0.0062
304.875	0.0047
304.75	0.0062
304.625	0.0078
304.5	0.0055
304.375	0.007
304.25	0.0055
304.125	0.007
304.0	0.0055
303.875	0.0062
303.75	0.0055
303.625	0.0047
303.5	0.0055
303.375	0.0062
303.25	0.0062
303.125	0.0078
303.0	0.0062
302.875	0.0047
302.75	0.0047
302.625	0.0055
302.5	0.0078
302.375	0.0062
302.25	0.0062
302.125	0.0047
302.0	0.0047
301.875	0.0055
301.75	0.0055
301.625	0.0062
301.5	0.0062
301.375	0.0055
301.25	0.0055
301.125	0.0047
301.0	0.0055
300.875	0.0047
300.75	0.0047
300.625	0.0055
300.5	0.0062
300.375	0.0055
300.25	0.0047
300.125	0.0055
