900.0	0.6179
899.875	0.6202
899.75	0.6179
899.625	0.6171
899.5	0.6171
899.375	0.6187
899.25	0.6171
899.125	0.6179
899.0	0.6179
898.875	0.6179
898.75	0.6194
898.625	0.6179
898.5	0.6163
898.375	0.6171
898.25	0.6179
898.125	0.6179
898.0	0.6187
897.875	0.6179
897.75	0.6179
897.625	0.6179
897.5	0.6179
897.375	0.6171
897.25	0.6187
897.125	0.6179
897.0	0.6171
896.875	0.6171
896.75	0.6179
896.625	0.6179
896.5	0.6163
896.375	0.6179
896.25	0.6179
896.125	0.6187
896.0	0.6171
895.875	0.6179
895.75	0.6163
895.625	0.6139
895.5	0.6155
895.375	0.6179
895.25	0.6163
895.125	0.6179
895.0	0.6171
894.875	0.6179
894.75	0.6155
894.625	0.6179
894.5	0.6171
894.375	0.6147
894.25	0.6155
894.125	0.6132
894.0	0.6171
893.875	0.6147
893.75	0.6147
893.625	0.6147
893.5	0.6147
893.375	0.6171
893.25	0.6147
893.125	0.6163
893.0	0.6163
892.875	0.6155
892.75	0.6147
892.625	0.6139
892.5	0.6139
892.375	0.6171
892.25	0.6132
892.125	0.6171
892.0	0.6179
891.875	0.6155
891.75	0.6132
891.625	0.6179
891.5	0.6163
891.375	0.6163
891.25	0.6155
891.125	0.6179
891.0	0.6171
890.875	0.6171
890.75	0.6179
890.625	0.6171
890.5	0.6171
890.375	0.6163
890.25	0.6155
890.125	0.6171
890.0	0.6147
889.875	0.6179
889.75	0.6179
889.625	0.6171
889.5	0.6179
889.375	0.6179
889.25	0.6163
889.125	0.6171
889.0	0.6179
888.875	0.6179
888.75	0.6179
888.625	0.6179
888.5	0.6163
888.375	0.6171
888.25	0.6179
888.125	0.6163
888.0	0.6179
887.875	0.6163
887.75	0.6179
887.625	0.6202
887.5	0.6187
887.375	0.6179
887.25	0.6179
887.125	0.6194
887.0	0.6179
886.875	0.6187
886.75	0.6179
886.625	0.6171
886.5	0.6171
886.375	0.6179
886.25	0.6179
886.125	0.6187
886.0	0.6194
885.875	0.6187
885.75	0.6179
885.625	0.6194
885.5	0.6179
885.375	0.6179
885.25	0.6179
885.125	0.6194
885.0	0.6179
884.875	0.6194
884.75	0.6179
884.625	0.6179
884.5	0.6218
884.375	0.6226
884.25	0.6218
884.125	0.6218
884.0	0.6218
883.875	0.6187
883.75	0.6179
883.625	0.6226
883.5	0.621
883.375	0.6202
883.25	0.6226
883.125	0.6187
883.0	0.621
882.875	0.6226
882.75	0.6202
882.625	0.621
882.5	0.6218
882.375	0.6234
882.25	0.621
882.125	0.6202
882.0	0.6226
881.875	0.6226
881.75	0.6202
881.625	0.6226
881.5	0.6218
881.375	0.6234
881.25	0.6226
881.125	0.6226
881.0	0.6226
880.875	0.6242
880.75	0.6226
880.625	0.6226
880.5	0.6234
880.375	0.6226
880.25	0.6234
880.125	0.6226
880.0	0.6226
879.875	0.625
879.75	0.6202
879.625	0.6257
879.5	0.6226
879.375	0.6226
879.25	0.6226
879.125	0.6234
879.0	0.6226
878.875	0.6226
878.75	0.6226
878.625	0.6226
878.5	0.6226
878.375	0.6226
878.25	0.6226
878.125	0.6226
878.0	0.6234
877.875	0.6242
877.75	0.6226
877.625	0.6234
877.5	0.6226
877.375	0.625
877.25	0.6242
877.125	0.6234
877.0	0.6234
876.875	0.6226
876.75	0.6234
876.625	0.6226
876.5	0.6242
876.375	0.6257
876.25	0.6226
876.125	0.6226
876.0	0.6226
875.875	0.6273
875.75	0.6226
875.625	0.6257
875.5	0.6242
875.375	0.6242
875.25	0.6257
875.125	0.6242
875.0	0.6242
874.875	0.6242
874.75	0.6226
874.625	0.6273
874.5	0.6234
874.375	0.625
874.25	0.6265
874.125	0.6226
874.0	0.6242
873.875	0.6242
873.75	0.6226
873.625	0.625
873.5	0.6226
873.375	0.6257
873.25	0.6265
873.125	0.6226
873.0	0.6242
872.875	0.6226
872.75	0.6226
872.625	0.6242
872.5	0.6226
872.375	0.6234
872.25	0.6226
872.125	0.6218
872.0	0.6226
871.875	0.6218
871.75	0.621
871.625	0.6218
871.5	0.6202
871.375	0.625
871.25	0.6226
871.125	0.6226
871.0	0.6226
870.875	0.6226
870.75	0.6226
870.625	0.6218
870.5	0.621
870.375	0.6218
870.25	0.621
870.125	0.6202
870.0	0.6226
869.875	0.6218
869.75	0.6226
869.625	0.6202
869.5	0.6226
869.375	0.6226
869.25	0.6187
869.125	0.6194
869.0	0.6218
868.875	0.6202
868.75	0.621
868.625	0.6218
868.5	0.6218
868.375	0.621
868.25	0.6194
868.125	0.6202
868.0	0.621
867.875	0.6226
867.75	0.6179
867.625	0.6179
867.5	0.6202
867.375	0.6202
867.25	0.6218
867.125	0.6202
867.0	0.6194
866.875	0.6187
866.75	0.6226
866.625	0.6187
866.5	0.6179
866.375	0.6202
866.25	0.6179
866.125	0.6194
866.0	0.6202
865.875	0.6179
865.75	0.6187
865.625	0.6202
865.5	0.6179
865.375	0.6179
865.25	0.6187
865.125	0.6179
865.0	0.6179
864.875	0.6179
864.75	0.6202
864.625	0.6179
864.5	0.6194
864.375	0.6179
864.25	0.6179
864.125	0.6202
864.0	0.6179
863.875	0.6171
863.75	0.6179
863.625	0.6179
863.5	0.6179
863.375	0.6179
863.25	0.6179
863.125	0.6163
863.0	0.6179
862.875	0.6171
862.75	0.6179
862.625	0.6179
862.5	0.6179
862.375	0.6171
862.25	0.6179
862.125	0.6179
862.0	0.6179
861.875	0.6179
861.75	0.6179
861.625	0.6171
861.5	0.6132
861.375	0.6163
861.25	0.6179
861.125	0.6179
861.0	0.6163
860.875	0.6147
860.75	0.6147
860.625	0.6139
860.5	0.6171
860.375	0.6171
860.25	0.6163
860.125	0.6171
860.0	0.6179
859.875	0.6147
859.75	0.6132
859.625	0.6139
859.5	0.6171
859.375	0.6147
859.25	0.6139
859.125	0.6163
859.0	0.6179
858.875	0.6132
858.75	0.6163
858.625	0.6147
858.5	0.6147
858.375	0.6147
858.25	0.6139
858.125	0.6179
858.0	0.6155
857.875	0.6171
857.75	0.6147
857.625	0.6155
857.5	0.6132
857.375	0.6179
857.25	0.6171
857.125	0.6139
857.0	0.6171
856.875	0.6139
856.75	0.6155
856.625	0.6139
856.5	0.6155
856.375	0.6132
856.25	0.6179
856.125	0.6179
856.0	0.6179
855.875	0.6155
855.75	0.6171
855.625	0.6179
855.5	0.6179
855.375	0.6179
855.25	0.6155
855.125	0.6155
855.0	0.6171
854.875	0.6179
854.75	0.6139
854.625	0.6155
854.5	0.6139
854.375	0.6139
854.25	0.6132
854.125	0.6139
854.0	0.6179
853.875	0.6179
853.75	0.6163
853.625	0.6179
853.5	0.6139
853.375	0.6132
853.25	0.6155
853.125	0.6139
853.0	0.6155
852.875	0.6139
852.75	0.6147
852.625	0.6147
852.5	0.6171
852.375	0.6147
852.25	0.6179
852.125	0.6132
852.0	0.6179
851.875	0.6179
851.75	0.6139
851.625	0.6132
851.5	0.6171
851.375	0.6132
851.25	0.6139
851.125	0.6139
851.0	0.6155
850.875	0.6155
850.75	0.6171
850.625	0.6155
850.5	0.6163
850.375	0.6139
850.25	0.6179
850.125	0.6132
850.0	0.6163
849.875	0.6132
849.75	0.6171
849.625	0.6163
849.5	0.6179
849.375	0.6132
849.25	0.6171
849.125	0.6179
849.0	0.6139
848.875	0.6163
848.75	0.6179
848.625	0.6171
848.5	0.6179
848.375	0.6171
848.25	0.6179
848.125	0.6179
848.0	0.6179
847.875	0.6179
847.75	0.6179
847.625	0.6139
847.5	0.6179
847.375	0.6179
847.25	0.6179
847.125	0.6179
847.0	0.6179
846.875	0.6163
846.75	0.6179
846.625	0.6179
846.5	0.6194
846.375	0.6179
846.25	0.6187
846.125	0.6179
846.0	0.6179
845.875	0.6179
845.75	0.6179
845.625	0.6179
845.5	0.6179
845.375	0.6155
845.25	0.6179
845.125	0.6163
845.0	0.6187
844.875	0.6179
844.75	0.6155
844.625	0.6171
844.5	0.6179
844.375	0.6179
844.25	0.6155
844.125	0.6155
844.0	0.6139
843.875	0.6179
843.75	0.6155
843.625	0.6132
843.5	0.6132
843.375	0.6155
843.25	0.6171
843.125	0.6139
843.0	0.6132
842.875	0.6179
842.75	0.6163
842.625	0.6179
842.5	0.6155
842.375	0.6147
842.25	0.6163
842.125	0.6155
842.0	0.6171
841.875	0.6132
841.75	0.6171
841.625	0.6179
841.5	0.6155
841.375	0.6171
841.25	0.6171
841.125	0.6179
841.0	0.6179
840.875	0.6163
840.75	0.6179
840.625	0.6179
840.5	0.6163
840.375	0.6187
840.25	0.6155
840.125	0.6163
840.0	0.6171
839.875	0.6179
839.75	0.6147
839.625	0.6132
839.5	0.6179
839.375	0.6179
839.25	0.6147
839.125	0.6187
839.0	0.6155
838.875	0.6155
838.75	0.6147
838.625	0.6147
838.5	0.6147
838.375	0.6147
838.25	0.6139
838.125	0.6139
838.0	0.6139
837.875	0.6171
837.75	0.6171
837.625	0.6179
837.5	0.6179
837.375	0.6179
837.25	0.6171
837.125	0.6171
837.0	0.6171
836.875	0.6163
836.75	0.6147
836.625	0.6179
836.5	0.6179
836.375	0.6147
836.25	0.6155
836.125	0.6163
836.0	0.6187
835.875	0.6155
835.75	0.6147
835.625	0.6155
835.5	0.6187
835.375	0.6179
835.25	0.6179
835.125	0.6163
835.0	0.6171
834.875	0.6179
834.75	0.6179
834.625	0.6179
834.5	0.6179
834.375	0.6179
834.25	0.6163
834.125	0.6187
834.0	0.6155
833.875	0.6179
833.75	0.6179
833.625	0.6187
833.5	0.6179
833.375	0.6179
833.25	0.6179
833.125	0.6155
833.0	0.6179
832.875	0.6179
832.75	0.6179
832.625	0.6179
832.5	0.6179
832.375	0.6163
832.25	0.6179
832.125	0.6155
832.0	0.6163
831.875	0.6163
831.75	0.6179
831.625	0.6179
831.5	0.6179
831.375	0.6179
831.25	0.6155
831.125	0.6187
831.0	0.6202
830.875	0.6187
830.75	0.6171
830.625	0.6179
830.5	0.6179
830.375	0.6179
830.25	0.6163
830.125	0.6179
830.0	0.6179
829.875	0.6171
829.75	0.6171
829.625	0.6179
829.5	0.6179
829.375	0.6179
829.25	0.6179
829.125	0.6179
829.0	0.6179
828.875	0.6171
828.75	0.6179
828.625	0.6179
828.5	0.6179
828.375	0.6179
828.25	0.6179
828.125	0.6171
828.0	0.6179
827.875	0.6179
827.75	0.6179
827.625	0.6179
827.5	0.6179
827.375	0.6179
827.25	0.6179
827.125	0.6171
827.0	0.6171
826.875	0.6179
826.75	0.6179
826.625	0.6179
826.5	0.6187
826.375	0.6179
826.25	0.6194
826.125	0.6179
826.0	0.6187
825.875	0.6179
825.75	0.6179
825.625	0.6163
825.5	0.6179
825.375	0.6179
825.25	0.6179
825.125	0.6171
825.0	0.6155
824.875	0.6171
824.75	0.6187
824.625	0.6179
824.5	0.6179
824.375	0.6179
824.25	0.6187
824.125	0.6171
824.0	0.6179
823.875	0.6171
823.75	0.6179
823.625	0.6179
823.5	0.6194
823.375	0.6179
823.25	0.6171
823.125	0.6155
823.0	0.6179
822.875	0.6179
822.75	0.6179
822.625	0.6179
822.5	0.6163
822.375	0.6179
822.25	0.6179
822.125	0.6171
822.0	0.6179
821.875	0.6179
821.75	0.6171
821.625	0.6179
821.5	0.6179
821.375	0.6179
821.25	0.6171
821.125	0.6179
821.0	0.6155
820.875	0.6139
820.75	0.6179
820.625	0.6163
820.5	0.6179
820.375	0.6163
820.25	0.6179
820.125	0.6155
820.0	0.6179
819.875	0.6171
819.75	0.6155
819.625	0.6132
819.5	0.6179
819.375	0.6179
819.25	0.6163
819.125	0.6132
819.0	0.6179
818.875	0.6132
818.75	0.6147
818.625	0.6139
818.5	0.6179
818.375	0.6155
818.25	0.6139
818.125	0.6147
818.0	0.6155
817.875	0.6132
817.75	0.6147
817.625	0.6179
817.5	0.6163
817.375	0.6179
817.25	0.6171
817.125	0.6163
817.0	0.6139
816.875	0.6132
816.75	0.6163
816.625	0.6171
816.5	0.6155
816.375	0.6155
816.25	0.6171
816.125	0.6155
816.0	0.6139
815.875	0.6147
815.75	0.6163
815.625	0.6132
815.5	0.6179
815.375	0.6139
815.25	0.6132
815.125	0.6179
815.0	0.6132
814.875	0.6132
814.75	0.6147
814.625	0.6163
814.5	0.6179
814.375	0.6155
814.25	0.6139
814.125	0.6163
814.0	0.6147
813.875	0.6163
813.75	0.6139
813.625	0.6147
813.5	0.6179
813.375	0.6155
813.25	0.6163
813.125	0.6163
813.0	0.6139
812.875	0.6171
812.75	0.6155
812.625	0.6163
812.5	0.6179
812.375	0.6163
812.25	0.6171
812.125	0.6171
812.0	0.6155
811.875	0.6163
811.75	0.6139
811.625	0.6155
811.5	0.6179
811.375	0.6171
811.25	0.6171
811.125	0.6171
811.0	0.6155
810.875	0.6163
810.75	0.6139
810.625	0.6163
810.5	0.6171
810.375	0.6163
810.25	0.6179
810.125	0.6179
810.0	0.6179
809.875	0.6179
809.75	0.6163
809.625	0.6171
809.5	0.6171
809.375	0.6139
809.25	0.6179
809.125	0.6171
809.0	0.6139
808.875	0.6179
808.75	0.6139
808.625	0.6179
808.5	0.6163
808.375	0.6171
808.25	0.6179
808.125	0.6163
808.0	0.6179
807.875	0.6179
807.75	0.6179
807.625	0.6179
807.5	0.6171
807.375	0.6179
807.25	0.6179
807.125	0.6171
807.0	0.6179
806.875	0.6179
806.75	0.6139
806.625	0.6179
806.5	0.6171
806.375	0.6179
806.25	0.6179
806.125	0.6171
806.0	0.6171
805.875	0.6179
805.75	0.6171
805.625	0.6179
805.5	0.6171
805.375	0.6179
805.25	0.6179
805.125	0.6179
805.0	0.6179
804.875	0.6179
804.75	0.6179
804.625	0.6179
804.5	0.6179
804.375	0.6171
804.25	0.6171
804.125	0.6179
804.0	0.6179
803.875	0.6171
803.75	0.6163
803.625	0.6179
803.5	0.6179
803.375	0.6179
803.25	0.6179
803.125	0.6179
803.0	0.6187
802.875	0.6179
802.75	0.6179
802.625	0.6179
802.5	0.6179
802.375	0.6179
802.25	0.6179
802.125	0.6179
802.0	0.6187
801.875	0.6179
801.75	0.6155
801.625	0.6179
801.5	0.6171
801.375	0.6179
801.25	0.6179
801.125	0.6179
801.0	0.6179
800.875	0.6179
800.75	0.6179
800.625	0.6179
800.5	0.6179
800.375	0.6179
800.25	0.6179
800.125	0.6179
800.0	0.6187
799.875	0.6179
799.75	0.6179
799.625	0.6179
799.5	0.6179
799.375	0.6202
799.25	0.6179
799.125	0.6187
799.0	0.6179
798.875	0.6202
798.75	0.6171
798.625	0.6179
798.5	0.6179
798.375	0.6179
798.25	0.6179
798.125	0.6179
798.0	0.6179
797.875	0.6179
797.75	0.6179
797.625	0.6179
797.5	0.6179
797.375	0.6179
797.25	0.6179
797.125	0.6171
797.0	0.6179
796.875	0.6171
796.75	0.6179
796.625	0.6179
796.5	0.6179
796.375	0.6179
796.25	0.6163
796.125	0.6171
796.0	0.6179
795.875	0.6179
795.75	0.6171
795.625	0.6179
795.5	0.6171
795.375	0.6179
795.25	0.6147
795.125	0.6171
795.0	0.6179
794.875	0.6171
794.75	0.6179
794.625	0.6179
794.5	0.6139
794.375	0.6179
794.25	0.6163
794.125	0.6179
794.0	0.6171
793.875	0.6163
793.75	0.6132
793.625	0.6139
793.5	0.6171
793.375	0.6132
793.25	0.6163
793.125	0.6179
793.0	0.6179
792.875	0.6139
792.75	0.6171
792.625	0.6163
792.5	0.6132
792.375	0.6163
792.25	0.6155
792.125	0.6171
792.0	0.6163
791.875	0.6155
791.75	0.6147
791.625	0.6139
791.5	0.6147
791.375	0.6163
791.25	0.6179
791.125	0.6139
791.0	0.6171
790.875	0.6147
790.75	0.6163
790.625	0.6147
790.5	0.6179
790.375	0.6179
790.25	0.6147
790.125	0.6171
790.0	0.6179
789.875	0.6163
789.75	0.6179
789.625	0.6155
789.5	0.6155
789.375	0.6147
789.25	0.6179
789.125	0.6179
789.0	0.6132
788.875	0.6179
788.75	0.6163
788.625	0.6163
788.5	0.6139
788.375	0.6179
788.25	0.6179
788.125	0.6171
788.0	0.6163
787.875	0.6171
787.75	0.6179
787.625	0.6155
787.5	0.6147
787.375	0.6171
787.25	0.6155
787.125	0.6171
787.0	0.6179
786.875	0.6163
786.75	0.6179
786.625	0.6171
786.5	0.6139
786.375	0.6171
786.25	0.6179
786.125	0.6187
786.0	0.6155
785.875	0.6163
785.75	0.6171
785.625	0.6179
785.5	0.6179
785.375	0.6155
785.25	0.6163
785.125	0.6163
785.0	0.6179
784.875	0.6179
784.75	0.6171
784.625	0.6179
784.5	0.6163
784.375	0.6179
784.25	0.6179
784.125	0.6155
784.0	0.6187
783.875	0.6163
783.75	0.6171
783.625	0.6187
783.5	0.6179
783.375	0.6171
783.25	0.6163
783.125	0.6179
783.0	0.6179
782.875	0.6194
782.75	0.6163
782.625	0.6179
782.5	0.6171
782.375	0.6179
782.25	0.6179
782.125	0.6179
782.0	0.6194
781.875	0.6163
781.75	0.6179
781.625	0.6179
781.5	0.6171
781.375	0.6171
781.25	0.6179
781.125	0.6179
781.0	0.6187
780.875	0.6179
780.75	0.6187
780.625	0.6171
780.5	0.6202
780.375	0.6179
780.25	0.6179
780.125	0.6179
780.0	0.6179
779.875	0.6179
779.75	0.6179
779.625	0.6179
779.5	0.6179
779.375	0.6179
779.25	0.621
779.125	0.6202
779.0	0.6187
778.875	0.6179
778.75	0.6171
778.625	0.621
778.5	0.6171
778.375	0.6194
778.25	0.6194
778.125	0.6179
778.0	0.6202
777.875	0.6187
777.75	0.6194
777.625	0.6179
777.5	0.6179
777.375	0.6187
777.25	0.6218
777.125	0.6179
777.0	0.621
776.875	0.6202
776.75	0.621
776.625	0.6179
776.5	0.6194
776.375	0.6179
776.25	0.6202
776.125	0.6226
776.0	0.621
775.875	0.6218
775.75	0.6179
775.625	0.6218
775.5	0.6202
775.375	0.6187
775.25	0.621
775.125	0.6202
775.0	0.6194
774.875	0.6194
774.75	0.6187
774.625	0.6179
774.5	0.6179
774.375	0.6179
774.25	0.6179
774.125	0.6179
774.0	0.6179
773.875	0.6179
773.75	0.6179
773.625	0.6179
773.5	0.6179
773.375	0.6179
773.25	0.6179
773.125	0.6179
773.0	0.6179
772.875	0.6179
772.75	0.6163
772.625	0.6179
772.5	0.6163
772.375	0.6179
772.25	0.6171
772.125	0.6147
772.0	0.6179
771.875	0.6163
771.75	0.6179
771.625	0.6179
771.5	0.6163
771.375	0.6179
771.25	0.6179
771.125	0.6163
771.0	0.6171
770.875	0.6171
770.75	0.6163
770.625	0.6179
770.5	0.6163
770.375	0.6163
770.25	0.6163
770.125	0.6171
770.0	0.6163
769.875	0.6155
769.75	0.6132
769.625	0.6171
769.5	0.6139
769.375	0.6171
769.25	0.6132
769.125	0.6163
769.0	0.6171
768.875	0.6171
768.75	0.6132
768.625	0.6171
768.5	0.6171
768.375	0.6171
768.25	0.6155
768.125	0.6132
768.0	0.6132
767.875	0.6171
767.75	0.6139
767.625	0.6132
767.5	0.6155
767.375	0.6147
767.25	0.6163
767.125	0.6147
767.0	0.6132
766.875	0.6163
766.75	0.6147
766.625	0.6132
766.5	0.6163
766.375	0.6139
766.25	0.6147
766.125	0.6147
766.0	0.6147
765.875	0.6147
765.75	0.6147
765.625	0.6163
765.5	0.6179
765.375	0.6179
765.25	0.6171
765.125	0.6163
765.0	0.6155
764.875	0.6155
764.75	0.6179
764.625	0.6163
764.5	0.6171
764.375	0.6171
764.25	0.6171
764.125	0.6163
764.0	0.6163
763.875	0.6147
763.75	0.6163
763.625	0.6171
763.5	0.6171
763.375	0.6163
763.25	0.6163
763.125	0.6147
763.0	0.6155
762.875	0.6132
762.75	0.6179
762.625	0.6139
762.5	0.6179
762.375	0.6179
762.25	0.6179
762.125	0.6163
762.0	0.6179
761.875	0.6147
761.75	0.6179
761.625	0.6179
761.5	0.6179
761.375	0.6179
761.25	0.6179
761.125	0.6194
761.0	0.6187
760.875	0.6139
760.75	0.6163
760.625	0.6179
760.5	0.6179
760.375	0.6179
760.25	0.6179
760.125	0.6179
760.0	0.6187
759.875	0.6179
759.75	0.6171
759.625	0.6179
759.5	0.6179
759.375	0.6179
759.25	0.6179
759.125	0.6194
759.0	0.6187
758.875	0.6179
758.75	0.6179
758.625	0.6179
758.5	0.6194
758.375	0.6179
758.25	0.6179
758.125	0.6179
758.0	0.6179
757.875	0.6194
757.75	0.6179
757.625	0.6179
757.5	0.6171
757.375	0.6179
757.25	0.6187
757.125	0.6171
757.0	0.6179
756.875	0.621
756.75	0.6179
756.625	0.6179
756.5	0.6194
756.375	0.6179
756.25	0.6171
756.125	0.6187
756.0	0.6179
755.875	0.6179
755.75	0.6179
755.625	0.6179
755.5	0.6179
755.375	0.6187
755.25	0.6179
755.125	0.6179
755.0	0.6187
754.875	0.6179
754.75	0.6179
754.625	0.6179
754.5	0.6179
754.375	0.6179
754.25	0.6194
754.125	0.6187
754.0	0.6179
753.875	0.6187
753.75	0.6187
753.625	0.6179
753.5	0.6179
753.375	0.6179
753.25	0.6179
753.125	0.6194
753.0	0.6179
752.875	0.6179
752.75	0.6179
752.625	0.6179
752.5	0.6179
752.375	0.6179
752.25	0.6179
752.125	0.6179
752.0	0.6187
751.875	0.6179
751.75	0.6171
751.625	0.6226
751.5	0.6218
751.375	0.6179
751.25	0.6179
751.125	0.6194
751.0	0.6179
750.875	0.6179
750.75	0.6171
750.625	0.6187
750.5	0.6179
750.375	0.6187
750.25	0.6194
750.125	0.6202
750.0	0.6179
749.875	0.6179
749.75	0.6179
749.625	0.6179
749.5	0.6179
749.375	0.6194
749.25	0.6179
749.125	0.6187
749.0	0.6179
748.875	0.6179
748.75	0.6179
748.625	0.6179
748.5	0.6179
748.375	0.6202
748.25	0.6179
748.125	0.6179
748.0	0.6179
747.875	0.6179
747.75	0.6179
747.625	0.6179
747.5	0.6179
747.375	0.6202
747.25	0.6179
747.125	0.6194
747.0	0.6179
746.875	0.6179
746.75	0.6179
746.625	0.6187
746.5	0.6179
746.375	0.6179
746.25	0.6194
746.125	0.6179
746.0	0.6179
745.875	0.6179
745.75	0.6187
745.625	0.6179
745.5	0.6179
745.375	0.6194
745.25	0.6179
745.125	0.6179
745.0	0.6194
744.875	0.6179
744.75	0.6179
744.625	0.6179
744.5	0.6171
744.375	0.6179
744.25	0.6179
744.125	0.6155
744.0	0.6179
743.875	0.6179
743.75	0.6163
743.625	0.6179
743.5	0.6163
743.375	0.6179
743.25	0.6171
743.125	0.6163
743.0	0.6179
742.875	0.6179
742.75	0.6179
742.625	0.6194
742.5	0.6171
742.375	0.6163
742.25	0.6179
742.125	0.6155
742.0	0.6139
741.875	0.6155
741.75	0.6155
741.625	0.6179
741.5	0.6179
741.375	0.6179
741.25	0.6171
741.125	0.6163
741.0	0.6179
740.875	0.6179
740.75	0.6179
740.625	0.6163
740.5	0.6171
740.375	0.6179
740.25	0.6179
740.125	0.6179
740.0	0.6179
739.875	0.6179
739.75	0.6179
739.625	0.6179
739.5	0.6179
739.375	0.6179
739.25	0.6179
739.125	0.6179
739.0	0.6155
738.875	0.6179
738.75	0.6179
738.625	0.6132
738.5	0.6179
738.375	0.6139
738.25	0.6155
738.125	0.6179
738.0	0.6171
737.875	0.6132
737.75	0.6155
737.625	0.6179
737.5	0.6147
737.375	0.6147
737.25	0.6179
737.125	0.6163
737.0	0.6155
736.875	0.6139
736.75	0.6163
736.625	0.6163
736.5	0.6147
736.375	0.6179
736.25	0.6171
736.125	0.6179
736.0	0.6163
735.875	0.6171
735.75	0.6179
735.625	0.6147
735.5	0.6147
735.375	0.6147
735.25	0.6147
735.125	0.6155
735.0	0.6163
734.875	0.6147
734.75	0.6163
734.625	0.6179
734.5	0.6163
734.375	0.6179
734.25	0.6179
734.125	0.6179
734.0	0.6171
733.875	0.6179
733.75	0.6179
733.625	0.6171
733.5	0.6163
733.375	0.6179
733.25	0.6155
733.125	0.6179
733.0	0.6179
732.875	0.6179
732.75	0.6179
732.625	0.6155
732.5	0.6179
732.375	0.6179
732.25	0.6187
732.125	0.6163
732.0	0.6179
731.875	0.6179
731.75	0.6179
731.625	0.6179
731.5	0.6187
731.375	0.6179
731.25	0.6179
731.125	0.6179
731.0	0.6179
730.875	0.6179
730.75	0.6179
730.625	0.6155
730.5	0.6179
730.375	0.6171
730.25	0.6179
730.125	0.6179
730.0	0.6179
729.875	0.6179
729.75	0.6163
729.625	0.6155
729.5	0.6187
729.375	0.6163
729.25	0.6179
729.125	0.6179
729.0	0.6179
728.875	0.6179
728.75	0.6171
728.625	0.6163
728.5	0.6179
728.375	0.6179
728.25	0.6179
728.125	0.6171
728.0	0.6179
727.875	0.6179
727.75	0.6171
727.625	0.6179
727.5	0.6179
727.375	0.6179
727.25	0.6179
727.125	0.6163
727.0	0.6179
726.875	0.6163
726.75	0.6179
726.625	0.6187
726.5	0.6202
726.375	0.6179
726.25	0.6179
726.125	0.6171
726.0	0.6194
725.875	0.6179
725.75	0.6179
725.625	0.6179
725.5	0.6179
725.375	0.6179
725.25	0.6179
725.125	0.6187
725.0	0.6179
724.875	0.6194
724.75	0.6179
724.625	0.621
724.5	0.6202
724.375	0.6187
724.25	0.6179
724.125	0.6194
724.0	0.6179
723.875	0.6179
723.75	0.6179
723.625	0.6179
723.5	0.6171
723.375	0.6187
723.25	0.6171
723.125	0.6179
723.0	0.6179
722.875	0.6179
722.75	0.6179
722.625	0.6179
722.5	0.6179
722.375	0.6179
722.25	0.6179
722.125	0.6179
722.0	0.6179
721.875	0.6179
721.75	0.6179
721.625	0.6179
721.5	0.6163
721.375	0.6194
721.25	0.6179
721.125	0.6179
721.0	0.6179
720.875	0.6179
720.75	0.6179
720.625	0.6163
720.5	0.6155
720.375	0.6155
720.25	0.6171
720.125	0.6179
720.0	0.6163
719.875	0.6171
719.75	0.6179
719.625	0.6163
719.5	0.6179
719.375	0.6139
719.25	0.6139
719.125	0.6179
719.0	0.6171
718.875	0.6163
718.75	0.6171
718.625	0.6171
718.5	0.6171
718.375	0.6171
718.25	0.6155
718.125	0.6179
718.0	0.6179
717.875	0.6187
717.75	0.6163
717.625	0.6179
717.5	0.6179
717.375	0.6163
717.25	0.6179
717.125	0.6187
717.0	0.6179
716.875	0.6163
716.75	0.6163
716.625	0.6179
716.5	0.6179
716.375	0.6171
716.25	0.6163
716.125	0.6171
716.0	0.6171
715.875	0.6155
715.75	0.6171
715.625	0.6171
715.5	0.6132
715.375	0.6179
715.25	0.6139
715.125	0.6163
715.0	0.6171
714.875	0.6171
714.75	0.6179
714.625	0.6179
714.5	0.6179
714.375	0.6163
714.25	0.6179
714.125	0.6179
714.0	0.6132
713.875	0.6171
713.75	0.6187
713.625	0.6179
713.5	0.6163
713.375	0.6179
713.25	0.6179
713.125	0.6179
713.0	0.6179
712.875	0.6179
712.75	0.6179
712.625	0.6179
712.5	0.6179
712.375	0.6163
712.25	0.6179
712.125	0.6179
712.0	0.6179
711.875	0.6171
711.75	0.6155
711.625	0.6194
711.5	0.6179
711.375	0.6155
711.25	0.6179
711.125	0.6179
711.0	0.6171
710.875	0.6179
710.75	0.6171
710.625	0.6187
710.5	0.6179
710.375	0.6179
710.25	0.6179
710.125	0.6163
710.0	0.6194
709.875	0.6179
709.75	0.6179
709.625	0.6179
709.5	0.6187
709.375	0.6187
709.25	0.6179
709.125	0.6179
709.0	0.6187
708.875	0.6179
708.75	0.6179
708.625	0.6202
708.5	0.6194
708.375	0.6179
708.25	0.6179
708.125	0.6179
708.0	0.6187
707.875	0.6187
707.75	0.6194
707.625	0.6194
707.5	0.6179
707.375	0.6218
707.25	0.6218
707.125	0.6194
707.0	0.6179
706.875	0.6202
706.75	0.6179
706.625	0.6194
706.5	0.621
706.375	0.6179
706.25	0.6194
706.125	0.621
706.0	0.6179
705.875	0.6226
705.75	0.6218
705.625	0.6194
705.5	0.6187
705.375	0.6202
705.25	0.6179
705.125	0.6202
705.0	0.6187
704.875	0.6187
704.75	0.6179
704.625	0.6187
704.5	0.6202
704.375	0.6218
704.25	0.6218
704.125	0.6218
704.0	0.6226
703.875	0.621
703.75	0.621
703.625	0.6226
703.5	0.6226
703.375	0.6226
703.25	0.6218
703.125	0.6202
703.0	0.6226
702.875	0.6226
702.75	0.6218
702.625	0.6242
702.5	0.621
702.375	0.6226
702.25	0.621
702.125	0.6187
702.0	0.6226
701.875	0.6226
701.75	0.6226
701.625	0.621
701.5	0.6202
701.375	0.621
701.25	0.6187
701.125	0.6218
701.0	0.621
700.875	0.6226
700.75	0.621
700.625	0.621
700.5	0.6202
700.375	0.6194
700.25	0.6218
700.125	0.6179
700.0	0.6226
699.875	0.6202
699.75	0.6187
699.625	0.6234
699.5	0.6218
699.375	0.6194
699.25	0.6218
699.125	0.621
699.0	0.6194
698.875	0.6187
698.75	0.6187
698.625	0.6187
698.5	0.6179
698.375	0.6202
698.25	0.6179
698.125	0.6202
698.0	0.6218
697.875	0.6179
697.75	0.6194
697.625	0.6194
697.5	0.6194
697.375	0.6179
697.25	0.6179
697.125	0.6187
697.0	0.6187
696.875	0.6179
696.75	0.6194
696.625	0.6194
696.5	0.6194
696.375	0.6179
696.25	0.6179
696.125	0.6202
696.0	0.621
695.875	0.6194
695.75	0.6202
695.625	0.6187
695.5	0.6187
695.375	0.6179
695.25	0.6179
695.125	0.6194
695.0	0.6179
694.875	0.6202
694.75	0.6147
694.625	0.6179
694.5	0.6163
694.375	0.6155
694.25	0.6179
694.125	0.6171
694.0	0.6132
693.875	0.6179
693.75	0.6155
693.625	0.6179
693.5	0.6163
693.375	0.6132
693.25	0.6155
693.125	0.6147
693.0	0.6179
692.875	0.6147
692.75	0.6139
692.625	0.6132
692.5	0.6147
692.375	0.6139
692.25	0.6132
692.125	0.6132
692.0	0.6139
691.875	0.6139
691.75	0.6132
691.625	0.6132
691.5	0.6132
691.375	0.6147
691.25	0.6147
691.125	0.6132
691.0	0.6147
690.875	0.6155
690.75	0.6171
690.625	0.6163
690.5	0.6155
690.375	0.6139
690.25	0.6139
690.125	0.6179
690.0	0.6179
689.875	0.6179
689.75	0.6171
689.625	0.6179
689.5	0.6179
689.375	0.6179
689.25	0.6179
689.125	0.6171
689.0	0.6179
688.875	0.6179
688.75	0.6171
688.625	0.6179
688.5	0.6179
688.375	0.6179
688.25	0.6179
688.125	0.6179
688.0	0.6179
687.875	0.6163
687.75	0.6179
687.625	0.6163
687.5	0.6179
687.375	0.6179
687.25	0.6171
687.125	0.6179
687.0	0.6179
686.875	0.6179
686.75	0.6179
686.625	0.6179
686.5	0.6171
686.375	0.6179
686.25	0.6179
686.125	0.6179
686.0	0.6179
685.875	0.6147
685.75	0.6179
685.625	0.6179
685.5	0.6179
685.375	0.6194
685.25	0.6202
685.125	0.6187
685.0	0.6179
684.875	0.6179
684.75	0.6179
684.625	0.6179
684.5	0.6163
684.375	0.6171
684.25	0.6179
684.125	0.6179
684.0	0.6179
683.875	0.6179
683.75	0.621
683.625	0.6179
683.5	0.6179
683.375	0.6187
683.25	0.6179
683.125	0.6179
683.0	0.6202
682.875	0.6179
682.75	0.6179
682.625	0.6179
682.5	0.6179
682.375	0.6179
682.25	0.6179
682.125	0.6179
682.0	0.6179
681.875	0.6218
681.75	0.6179
681.625	0.6187
681.5	0.6179
681.375	0.6202
681.25	0.6179
681.125	0.6202
681.0	0.6187
680.875	0.6202
680.75	0.6202
680.625	0.6194
680.5	0.6179
680.375	0.6202
680.25	0.6179
680.125	0.6179
680.0	0.6187
679.875	0.6202
679.75	0.6194
679.625	0.6187
679.5	0.6179
679.375	0.6179
679.25	0.6194
679.125	0.6187
679.0	0.6187
678.875	0.6179
678.75	0.621
678.625	0.6187
678.5	0.6202
678.375	0.6187
678.25	0.6218
678.125	0.6187
678.0	0.6226
677.875	0.6194
677.75	0.6187
677.625	0.6179
677.5	0.6171
677.375	0.6187
677.25	0.6194
677.125	0.6194
677.0	0.6179
676.875	0.621
676.75	0.6179
676.625	0.6194
676.5	0.6194
676.375	0.6179
676.25	0.6187
676.125	0.6194
676.0	0.6194
675.875	0.6202
675.75	0.6202
675.625	0.6202
675.5	0.6218
675.375	0.6226
675.25	0.6202
675.125	0.6194
675.0	0.6202
674.875	0.6226
674.75	0.6194
674.625	0.621
674.5	0.621
674.375	0.6218
674.25	0.6202
674.125	0.621
674.0	0.621
673.875	0.6226
673.75	0.6194
673.625	0.6226
673.5	0.6187
673.375	0.621
673.25	0.6187
673.125	0.6218
673.0	0.6226
672.875	0.6194
672.75	0.6202
672.625	0.6194
672.5	0.6218
672.375	0.6202
672.25	0.6202
672.125	0.6218
672.0	0.6202
671.875	0.621
671.75	0.6179
671.625	0.6226
671.5	0.6179
671.375	0.6226
671.25	0.6171
671.125	0.6202
671.0	0.6187
670.875	0.6202
670.75	0.6194
670.625	0.6202
670.5	0.6179
670.375	0.6179
670.25	0.6179
670.125	0.6194
670.0	0.6179
669.875	0.6179
669.75	0.6194
669.625	0.6187
669.5	0.6226
669.375	0.6179
669.25	0.6179
669.125	0.621
669.0	0.6194
668.875	0.6194
668.75	0.6194
668.625	0.621
668.5	0.6194
668.375	0.621
668.25	0.6179
668.125	0.6187
668.0	0.6202
667.875	0.6194
667.75	0.621
667.625	0.621
667.5	0.6179
667.375	0.6218
667.25	0.6179
667.125	0.6179
667.0	0.6194
666.875	0.6226
666.75	0.6218
666.625	0.6218
666.5	0.6218
666.375	0.621
666.25	0.621
666.125	0.621
666.0	0.6194
665.875	0.6194
665.75	0.6218
665.625	0.6218
665.5	0.6218
665.375	0.621
665.25	0.621
665.125	0.6226
665.0	0.6179
664.875	0.6187
664.75	0.6202
664.625	0.621
664.5	0.6218
664.375	0.6226
664.25	0.6226
664.125	0.6187
664.0	0.6226
663.875	0.6194
663.75	0.621
663.625	0.6226
663.5	0.6202
663.375	0.621
663.25	0.6187
663.125	0.6194
663.0	0.6194
662.875	0.621
662.75	0.6202
662.625	0.6218
662.5	0.6226
662.375	0.621
662.25	0.6218
662.125	0.6194
662.0	0.621
661.875	0.6218
661.75	0.6226
661.625	0.6194
661.5	0.6226
661.375	0.6218
661.25	0.6226
661.125	0.621
661.0	0.6218
660.875	0.6226
660.75	0.6226
660.625	0.6226
660.5	0.6226
660.375	0.6226
660.25	0.6226
660.125	0.621
660.0	0.6226
659.875	0.6226
659.75	0.6202
659.625	0.6226
659.5	0.621
659.375	0.6226
659.25	0.6226
659.125	0.621
659.0	0.6226
658.875	0.6226
658.75	0.6226
658.625	0.6226
658.5	0.6226
658.375	0.621
658.25	0.6226
658.125	0.6226
658.0	0.6226
657.875	0.6226
657.75	0.6226
657.625	0.6234
657.5	0.6226
657.375	0.6218
657.25	0.6226
657.125	0.6226
657.0	0.6218
656.875	0.6218
656.75	0.6226
656.625	0.6226
656.5	0.6226
656.375	0.6226
656.25	0.6226
656.125	0.6226
656.0	0.6226
655.875	0.6234
655.75	0.6226
655.625	0.6226
655.5	0.6226
655.375	0.6226
655.25	0.6234
655.125	0.6234
655.0	0.6226
654.875	0.6226
654.75	0.6242
654.625	0.6226
654.5	0.625
654.375	0.6226
654.25	0.6226
654.125	0.6226
654.0	0.6242
653.875	0.6226
653.75	0.6226
653.625	0.6226
653.5	0.6218
653.375	0.6226
653.25	0.6226
653.125	0.6234
653.0	0.6234
652.875	0.6226
652.75	0.6234
652.625	0.6242
652.5	0.6226
652.375	0.6226
652.25	0.6234
652.125	0.6226
652.0	0.6234
651.875	0.6226
651.75	0.6234
651.625	0.6226
651.5	0.6226
651.375	0.6226
651.25	0.6226
651.125	0.6226
651.0	0.6226
650.875	0.6226
650.75	0.625
650.625	0.6194
650.5	0.6257
650.375	0.6226
650.25	0.6242
650.125	0.6226
650.0	0.6226
649.875	0.6242
649.75	0.6226
649.625	0.6226
649.5	0.6242
649.375	0.625
649.25	0.6226
649.125	0.6226
649.0	0.625
648.875	0.6226
648.75	0.6226
648.625	0.6226
648.5	0.6242
648.375	0.6242
648.25	0.6226
648.125	0.6226
648.0	0.6226
647.875	0.6242
647.75	0.6226
647.625	0.625
647.5	0.6226
647.375	0.6226
647.25	0.6226
647.125	0.6226
647.0	0.625
646.875	0.6226
646.75	0.6226
646.625	0.6226
646.5	0.6226
646.375	0.6234
646.25	0.6226
646.125	0.6226
646.0	0.6234
645.875	0.6226
645.75	0.6226
645.625	0.6226
645.5	0.6226
645.375	0.6234
645.25	0.6226
645.125	0.6226
645.0	0.6226
644.875	0.6242
644.75	0.6226
644.625	0.6226
644.5	0.6226
644.375	0.6226
644.25	0.6226
644.125	0.6226
644.0	0.6226
643.875	0.6226
643.75	0.6226
643.625	0.6242
643.5	0.6234
643.375	0.6226
643.25	0.6226
643.125	0.6226
643.0	0.6226
642.875	0.6226
642.75	0.6226
642.625	0.6226
642.5	0.6218
642.375	0.6218
642.25	0.6202
642.125	0.6226
642.0	0.6218
641.875	0.6226
641.75	0.6226
641.625	0.6226
641.5	0.6234
641.375	0.6242
641.25	0.6226
641.125	0.6226
641.0	0.6226
640.875	0.6194
640.75	0.6234
640.625	0.6226
640.5	0.6218
640.375	0.6226
640.25	0.6218
640.125	0.6218
640.0	0.6226
639.875	0.6226
639.75	0.6226
639.625	0.6226
639.5	0.6234
639.375	0.621
639.25	0.625
639.125	0.6226
639.0	0.6226
638.875	0.6226
638.75	0.6226
638.625	0.6226
638.5	0.6226
638.375	0.6226
638.25	0.6226
638.125	0.6226
638.0	0.6265
637.875	0.6226
637.75	0.6234
637.625	0.6226
637.5	0.6226
637.375	0.6218
637.25	0.6226
637.125	0.6242
637.0	0.6226
636.875	0.6234
636.75	0.6234
636.625	0.6234
636.5	0.6226
636.375	0.6226
636.25	0.6226
636.125	0.6242
636.0	0.6242
635.875	0.6234
635.75	0.6242
635.625	0.6226
635.5	0.625
635.375	0.6226
635.25	0.625
635.125	0.6226
635.0	0.6257
634.875	0.6226
634.75	0.6257
634.625	0.625
634.5	0.6257
634.375	0.625
634.25	0.6234
634.125	0.6242
634.0	0.6265
633.875	0.6242
633.75	0.6226
633.625	0.625
633.5	0.625
633.375	0.6234
633.25	0.625
633.125	0.6257
633.0	0.6273
632.875	0.6226
632.75	0.625
632.625	0.625
632.5	0.6265
632.375	0.6273
632.25	0.6273
632.125	0.6273
632.0	0.6257
631.875	0.6234
631.75	0.6265
631.625	0.6257
631.5	0.6257
631.375	0.625
631.25	0.6234
631.125	0.6234
631.0	0.6265
630.875	0.6265
630.75	0.6265
630.625	0.6257
630.5	0.6273
630.375	0.6273
630.25	0.6265
630.125	0.6265
630.0	0.6257
629.875	0.6273
629.75	0.6273
629.625	0.6265
629.5	0.6273
629.375	0.6242
629.25	0.6242
629.125	0.6265
629.0	0.6273
628.875	0.6257
628.75	0.6257
628.625	0.6273
628.5	0.6273
628.375	0.6265
628.25	0.6273
628.125	0.6273
628.0	0.6281
627.875	0.6257
627.75	0.6273
627.625	0.6257
627.5	0.6273
627.375	0.6273
627.25	0.6273
627.125	0.6257
627.0	0.6242
626.875	0.6273
626.75	0.6257
626.625	0.6273
626.5	0.6273
626.375	0.6273
626.25	0.6273
626.125	0.6265
626.0	0.6273
625.875	0.6273
625.75	0.6281
625.625	0.6273
625.5	0.6265
625.375	0.6273
625.25	0.6289
625.125	0.6273
625.0	0.6273
624.875	0.6273
624.75	0.6273
624.625	0.6265
624.5	0.6289
624.375	0.6273
624.25	0.6273
624.125	0.6265
624.0	0.6265
623.875	0.6273
623.75	0.6273
623.625	0.6273
623.5	0.6273
623.375	0.6273
623.25	0.6281
623.125	0.6265
623.0	0.6281
622.875	0.6273
622.75	0.6273
622.625	0.6312
622.5	0.6297
622.375	0.6265
622.25	0.6265
622.125	0.6273
622.0	0.6273
621.875	0.6273
621.75	0.6273
621.625	0.6273
621.5	0.6273
621.375	0.6281
621.25	0.6273
621.125	0.6281
621.0	0.6273
620.875	0.6273
620.75	0.6281
620.625	0.6281
620.5	0.6281
620.375	0.6289
620.25	0.6281
620.125	0.6273
620.0	0.6273
619.875	0.6273
619.75	0.6273
619.625	0.6281
619.5	0.6273
619.375	0.6273
619.25	0.6273
619.125	0.6273
619.0	0.6273
618.875	0.6273
618.75	0.6273
618.625	0.6273
618.5	0.6257
618.375	0.625
618.25	0.6273
618.125	0.6273
618.0	0.6273
617.875	0.6265
617.75	0.6265
617.625	0.6265
617.5	0.6273
617.375	0.6273
617.25	0.6273
617.125	0.6265
617.0	0.6234
616.875	0.6265
616.75	0.6265
616.625	0.6265
616.5	0.6265
616.375	0.6257
616.25	0.6273
616.125	0.6297
616.0	0.6273
615.875	0.6273
615.75	0.6273
615.625	0.6273
615.5	0.6273
615.375	0.6273
615.25	0.6273
615.125	0.6273
615.0	0.6273
614.875	0.6273
614.75	0.6265
614.625	0.6273
614.5	0.6281
614.375	0.6289
614.25	0.6281
614.125	0.6297
614.0	0.6273
613.875	0.6273
613.75	0.6281
613.625	0.6273
613.5	0.6312
613.375	0.6281
613.25	0.6273
613.125	0.6297
613.0	0.6305
612.875	0.6273
612.75	0.6281
612.625	0.6273
612.5	0.6273
612.375	0.6273
612.25	0.6273
612.125	0.6305
612.0	0.632
611.875	0.6297
611.75	0.6297
611.625	0.632
611.5	0.6297
611.375	0.632
611.25	0.6289
611.125	0.6281
611.0	0.6305
610.875	0.6273
610.75	0.6305
610.625	0.6312
610.5	0.6289
610.375	0.6281
610.25	0.632
610.125	0.6281
610.0	0.6289
609.875	0.632
609.75	0.6289
609.625	0.6312
609.5	0.6289
609.375	0.6289
609.25	0.632
609.125	0.632
609.0	0.632
608.875	0.6305
608.75	0.6305
608.625	0.632
608.5	0.6328
608.375	0.6305
608.25	0.6281
608.125	0.632
608.0	0.632
607.875	0.6305
607.75	0.632
607.625	0.632
607.5	0.632
607.375	0.632
607.25	0.632
607.125	0.632
607.0	0.632
606.875	0.632
606.75	0.6312
606.625	0.632
606.5	0.632
606.375	0.6328
606.25	0.6297
606.125	0.632
606.0	0.6328
605.875	0.632
605.75	0.632
605.625	0.632
605.5	0.632
605.375	0.632
605.25	0.6328
605.125	0.632
605.0	0.632
604.875	0.632
604.75	0.632
604.625	0.6312
604.5	0.632
604.375	0.632
604.25	0.632
604.125	0.632
604.0	0.632
603.875	0.632
603.75	0.6328
603.625	0.632
603.5	0.632
603.375	0.6328
603.25	0.632
603.125	0.632
603.0	0.6328
602.875	0.6336
602.75	0.632
602.625	0.6328
602.5	0.6312
602.375	0.6344
602.25	0.632
602.125	0.6336
602.0	0.632
601.875	0.6336
601.75	0.632
601.625	0.6336
601.5	0.6336
601.375	0.632
601.25	0.6344
601.125	0.6336
601.0	0.6352
600.875	0.6344
600.75	0.6352
600.625	0.6344
600.5	0.636
600.375	0.6352
600.25	0.6336
600.125	0.6352
600.0	0.6336
599.875	0.636
599.75	0.6328
599.625	0.6344
599.5	0.6344
599.375	0.6367
599.25	0.632
599.125	0.6367
599.0	0.6336
598.875	0.6336
598.75	0.6328
598.625	0.6367
598.5	0.6336
598.375	0.6367
598.25	0.6328
598.125	0.636
598.0	0.6344
597.875	0.6336
597.75	0.6336
597.625	0.6336
597.5	0.636
597.375	0.6344
597.25	0.6352
597.125	0.632
597.0	0.636
596.875	0.636
596.75	0.6328
596.625	0.632
596.5	0.6336
596.375	0.6344
596.25	0.6344
596.125	0.636
596.0	0.6344
595.875	0.6336
595.75	0.6367
595.625	0.6344
595.5	0.6367
595.375	0.6352
595.25	0.6367
595.125	0.636
595.0	0.6367
594.875	0.636
594.75	0.6367
594.625	0.6367
594.5	0.6367
594.375	0.6367
594.25	0.6367
594.125	0.6367
594.0	0.6367
593.875	0.6391
593.75	0.636
593.625	0.6367
593.5	0.6367
593.375	0.6367
593.25	0.6375
593.125	0.6375
593.0	0.6367
592.875	0.6367
592.75	0.6367
592.625	0.6367
592.5	0.6367
592.375	0.6375
592.25	0.6352
592.125	0.6375
592.0	0.6367
591.875	0.6367
591.75	0.6367
591.625	0.6367
591.5	0.6383
591.375	0.6367
591.25	0.6383
591.125	0.6383
591.0	0.6399
590.875	0.6415
590.75	0.6415
590.625	0.6375
590.5	0.6383
590.375	0.6407
590.25	0.6399
590.125	0.6383
590.0	0.6415
589.875	0.6399
589.75	0.6375
589.625	0.6415
589.5	0.6415
589.375	0.6407
589.25	0.6375
589.125	0.6407
589.0	0.6415
588.875	0.6415
588.75	0.6407
588.625	0.6415
588.5	0.6407
588.375	0.6415
588.25	0.6415
588.125	0.6415
588.0	0.6415
587.875	0.6415
587.75	0.6415
587.625	0.6415
587.5	0.6415
587.375	0.6415
587.25	0.6415
587.125	0.6415
587.0	0.6415
586.875	0.6407
586.75	0.6391
586.625	0.6422
586.5	0.6415
586.375	0.6399
586.25	0.6422
586.125	0.6407
586.0	0.6422
585.875	0.6415
585.75	0.6438
585.625	0.6415
585.5	0.6415
585.375	0.643
585.25	0.6415
585.125	0.6415
585.0	0.6415
584.875	0.6415
584.75	0.6415
584.625	0.6446
584.5	0.6438
584.375	0.6438
584.25	0.6446
584.125	0.6415
584.0	0.6446
583.875	0.6438
583.75	0.643
583.625	0.643
583.5	0.643
583.375	0.6438
583.25	0.643
583.125	0.6438
583.0	0.6415
582.875	0.6415
582.75	0.6415
582.625	0.6422
582.5	0.6438
582.375	0.6422
582.25	0.6422
582.125	0.6446
582.0	0.6415
581.875	0.6438
581.75	0.6462
581.625	0.6438
581.5	0.6415
581.375	0.643
581.25	0.6446
581.125	0.6438
581.0	0.6415
580.875	0.6415
580.75	0.6422
580.625	0.6438
580.5	0.6407
580.375	0.6422
580.25	0.6415
580.125	0.6415
580.0	0.643
579.875	0.6422
579.75	0.6422
579.625	0.6415
579.5	0.6415
579.375	0.6415
579.25	0.6399
579.125	0.6438
579.0	0.6407
578.875	0.6422
578.75	0.6415
578.625	0.6415
578.5	0.6422
578.375	0.643
578.25	0.6415
578.125	0.6422
578.0	0.643
577.875	0.6415
577.75	0.6415
577.625	0.6415
577.5	0.6415
577.375	0.643
577.25	0.6415
577.125	0.6415
577.0	0.6415
576.875	0.6415
576.75	0.6415
576.625	0.6415
576.5	0.6415
576.375	0.643
576.25	0.6391
576.125	0.6415
576.0	0.6415
575.875	0.6407
575.75	0.6407
575.625	0.6415
575.5	0.6407
575.375	0.6415
575.25	0.6383
575.125	0.6415
575.0	0.6407
574.875	0.6407
574.75	0.6407
574.625	0.6399
574.5	0.6407
574.375	0.6415
574.25	0.6399
574.125	0.6407
574.0	0.6399
573.875	0.6415
573.75	0.6399
573.625	0.6367
573.5	0.6391
573.375	0.6375
573.25	0.6367
573.125	0.6367
573.0	0.6367
572.875	0.6375
572.75	0.6367
572.625	0.636
572.5	0.6367
572.375	0.6383
572.25	0.6336
572.125	0.6367
572.0	0.6367
571.875	0.636
571.75	0.6352
571.625	0.6367
571.5	0.6344
571.375	0.6367
571.25	0.636
571.125	0.6367
571.0	0.6336
570.875	0.6367
570.75	0.6336
570.625	0.6367
570.5	0.6328
570.375	0.6367
570.25	0.6352
570.125	0.6352
570.0	0.632
569.875	0.6328
569.75	0.6328
569.625	0.632
569.5	0.632
569.375	0.6336
569.25	0.6328
569.125	0.632
569.0	0.632
568.875	0.632
568.75	0.6328
568.625	0.632
568.5	0.6328
568.375	0.632
568.25	0.632
568.125	0.632
568.0	0.632
567.875	0.632
567.75	0.6312
567.625	0.632
567.5	0.632
567.375	0.632
567.25	0.6328
567.125	0.6281
567.0	0.6273
566.875	0.6312
566.75	0.6305
566.625	0.6297
566.5	0.6312
566.375	0.632
566.25	0.6305
566.125	0.6297
566.0	0.6305
565.875	0.632
565.75	0.6305
565.625	0.6305
565.5	0.6312
565.375	0.632
565.25	0.632
565.125	0.632
565.0	0.6312
564.875	0.6297
564.75	0.6305
564.625	0.632
564.5	0.6305
564.375	0.632
564.25	0.6312
564.125	0.6305
564.0	0.6297
563.875	0.632
563.75	0.6305
563.625	0.6297
563.5	0.632
563.375	0.6281
563.25	0.6289
563.125	0.6297
563.0	0.6297
562.875	0.6289
562.75	0.6312
562.625	0.6312
562.5	0.6297
562.375	0.6305
562.25	0.6305
562.125	0.632
562.0	0.6297
561.875	0.6312
561.75	0.6305
561.625	0.6281
561.5	0.6273
561.375	0.6281
561.25	0.6305
561.125	0.6312
561.0	0.6297
560.875	0.632
560.75	0.6312
560.625	0.6297
560.5	0.6273
560.375	0.6312
560.25	0.632
560.125	0.632
560.0	0.632
559.875	0.6305
559.75	0.632
559.625	0.6312
559.5	0.632
559.375	0.632
559.25	0.6281
559.125	0.6312
559.0	0.632
558.875	0.632
558.75	0.6305
558.625	0.632
558.5	0.632
558.375	0.632
558.25	0.632
558.125	0.632
558.0	0.632
557.875	0.6312
557.75	0.632
557.625	0.632
557.5	0.6336
557.375	0.6336
557.25	0.6328
557.125	0.6336
557.0	0.6336
556.875	0.6328
556.75	0.632
556.625	0.6344
556.5	0.636
556.375	0.632
556.25	0.6344
556.125	0.6328
556.0	0.6367
555.875	0.6336
555.75	0.636
555.625	0.6336
555.5	0.6336
555.375	0.6336
555.25	0.636
555.125	0.6344
555.0	0.636
554.875	0.6336
554.75	0.6328
554.625	0.6344
554.5	0.6352
554.375	0.6344
554.25	0.6352
554.125	0.6367
554.0	0.6367
553.875	0.6367
553.75	0.6367
553.625	0.6352
553.5	0.6367
553.375	0.6367
553.25	0.6367
553.125	0.6352
553.0	0.6367
552.875	0.6367
552.75	0.6383
552.625	0.6399
552.5	0.6375
552.375	0.6367
552.25	0.6375
552.125	0.6399
552.0	0.6367
551.875	0.6375
551.75	0.6415
551.625	0.6399
551.5	0.6415
551.375	0.6399
551.25	0.6415
551.125	0.6391
551.0	0.6399
550.875	0.6415
550.75	0.6415
550.625	0.6407
550.5	0.6415
550.375	0.6415
550.25	0.6415
550.125	0.6415
550.0	0.6446
549.875	0.6415
549.75	0.6422
549.625	0.6415
549.5	0.6422
549.375	0.6415
549.25	0.6422
549.125	0.6462
549.0	0.6462
548.875	0.6415
548.75	0.6462
548.625	0.6438
548.5	0.6462
548.375	0.643
548.25	0.6462
548.125	0.6462
548.0	0.6438
547.875	0.6446
547.75	0.6462
547.625	0.6438
547.5	0.6446
547.375	0.6438
547.25	0.6462
547.125	0.6462
547.0	0.6462
546.875	0.6462
546.75	0.6462
546.625	0.6462
546.5	0.6454
546.375	0.6462
546.25	0.6454
546.125	0.6462
546.0	0.6462
545.875	0.6493
545.75	0.6477
545.625	0.6462
545.5	0.6462
545.375	0.647
545.25	0.6462
545.125	0.6462
545.0	0.6462
544.875	0.6477
544.75	0.6462
544.625	0.647
544.5	0.6477
544.375	0.6509
544.25	0.6501
544.125	0.6462
544.0	0.647
543.875	0.6477
543.75	0.6462
543.625	0.6493
543.5	0.6509
543.375	0.6462
543.25	0.6477
543.125	0.6493
543.0	0.6462
542.875	0.6501
542.75	0.6501
542.625	0.6501
542.5	0.6509
542.375	0.6509
542.25	0.6509
542.125	0.6509
542.0	0.6485
541.875	0.6485
541.75	0.6509
541.625	0.6509
541.5	0.6509
541.375	0.6509
541.25	0.6509
541.125	0.654
541.0	0.6525
540.875	0.6525
540.75	0.6517
540.625	0.6525
540.5	0.6509
540.375	0.6517
540.25	0.6525
540.125	0.654
540.0	0.6548
539.875	0.6517
539.75	0.6509
539.625	0.6556
539.5	0.654
539.375	0.6533
539.25	0.6548
539.125	0.6548
539.0	0.6556
538.875	0.6564
538.75	0.6556
538.625	0.6556
538.5	0.6556
538.375	0.6572
538.25	0.6588
538.125	0.6572
538.0	0.6595
537.875	0.6572
537.75	0.6588
537.625	0.6603
537.5	0.6603
537.375	0.658
537.25	0.6556
537.125	0.6603
537.0	0.6611
536.875	0.6603
536.75	0.6603
536.625	0.6619
536.5	0.6603
536.375	0.6627
536.25	0.6603
536.125	0.665
536.0	0.6611
535.875	0.6627
535.75	0.6643
535.625	0.6619
535.5	0.665
535.375	0.6627
535.25	0.665
535.125	0.665
535.0	0.665
534.875	0.6643
534.75	0.6666
534.625	0.665
534.5	0.665
534.375	0.665
534.25	0.665
534.125	0.6682
534.0	0.6674
533.875	0.6658
533.75	0.665
533.625	0.6658
533.5	0.6666
533.375	0.665
533.25	0.665
533.125	0.669
533.0	0.6682
532.875	0.6666
532.75	0.6698
532.625	0.6666
532.5	0.6682
532.375	0.6682
532.25	0.6682
532.125	0.6698
532.0	0.6698
531.875	0.6698
531.75	0.6674
531.625	0.669
531.5	0.6698
531.375	0.6698
531.25	0.6682
531.125	0.669
531.0	0.6698
530.875	0.6698
530.75	0.6682
530.625	0.6698
530.5	0.6698
530.375	0.6682
530.25	0.6698
530.125	0.6698
530.0	0.6698
529.875	0.6698
529.75	0.6698
529.625	0.6698
529.5	0.6698
529.375	0.6698
529.25	0.6698
529.125	0.6713
529.0	0.6698
528.875	0.6705
528.75	0.6698
528.625	0.6698
528.5	0.6713
528.375	0.6698
528.25	0.6729
528.125	0.6721
528.0	0.6705
527.875	0.6745
527.75	0.6705
527.625	0.6721
527.5	0.6721
527.375	0.6705
527.25	0.6698
527.125	0.6705
527.0	0.6737
526.875	0.6721
526.75	0.6729
526.625	0.6713
526.5	0.6745
526.375	0.6729
526.25	0.6745
526.125	0.6745
526.0	0.6721
525.875	0.6729
525.75	0.6737
525.625	0.6721
525.5	0.6721
525.375	0.6737
525.25	0.6721
525.125	0.6745
525.0	0.6745
524.875	0.6737
524.75	0.6737
524.625	0.6753
524.5	0.6737
524.375	0.6745
524.25	0.6745
524.125	0.6753
524.0	0.6745
523.875	0.6745
523.75	0.6745
523.625	0.6745
523.5	0.6745
523.375	0.6761
523.25	0.6745
523.125	0.6745
523.0	0.6745
522.875	0.6776
522.75	0.6745
522.625	0.6776
522.5	0.6761
522.375	0.6745
522.25	0.6745
522.125	0.6753
522.0	0.6745
521.875	0.6761
521.75	0.6768
521.625	0.6776
521.5	0.6761
521.375	0.6745
521.25	0.6776
521.125	0.6784
521.0	0.6761
520.875	0.6792
520.75	0.6792
520.625	0.6792
520.5	0.6745
520.375	0.6753
520.25	0.6768
520.125	0.6792
520.0	0.6784
519.875	0.6753
519.75	0.6753
519.625	0.6745
519.5	0.6792
519.375	0.6792
519.25	0.6761
519.125	0.6745
519.0	0.6745
518.875	0.6792
518.75	0.6745
518.625	0.6784
518.5	0.6753
518.375	0.6745
518.25	0.6753
518.125	0.6753
518.0	0.6745
517.875	0.6745
517.75	0.6745
517.625	0.6753
517.5	0.6768
517.375	0.6761
517.25	0.6745
517.125	0.6737
517.0	0.6729
516.875	0.6745
516.75	0.6745
516.625	0.6745
516.5	0.6745
516.375	0.6745
516.25	0.6745
516.125	0.6721
516.0	0.6745
515.875	0.6745
515.75	0.6729
515.625	0.6745
515.5	0.6745
515.375	0.6745
515.25	0.6768
515.125	0.6753
515.0	0.6745
514.875	0.6745
514.75	0.6745
514.625	0.6745
514.5	0.6745
514.375	0.6753
514.25	0.6745
514.125	0.6745
514.0	0.6745
513.875	0.6745
513.75	0.6745
513.625	0.6745
513.5	0.6745
513.375	0.6745
513.25	0.6745
513.125	0.6753
513.0	0.6745
512.875	0.6753
512.75	0.6784
512.625	0.6753
512.5	0.6753
512.375	0.6761
512.25	0.6761
512.125	0.6745
512.0	0.6792
511.875	0.6768
511.75	0.6753
511.625	0.6761
511.5	0.6745
511.375	0.6745
511.25	0.68
511.125	0.6753
511.0	0.6745
510.875	0.6753
510.75	0.6768
510.625	0.6745
510.5	0.6753
510.375	0.6784
510.25	0.6768
510.125	0.6761
510.0	0.6784
509.875	0.6745
509.75	0.6745
509.625	0.6745
509.5	0.6745
509.375	0.6745
509.25	0.6745
509.125	0.6745
509.0	0.6792
508.875	0.6745
508.75	0.6745
508.625	0.6745
508.5	0.6745
508.375	0.6745
508.25	0.6753
508.125	0.6745
508.0	0.6792
507.875	0.6745
507.75	0.6745
507.625	0.6768
507.5	0.6745
507.375	0.6761
507.25	0.6745
507.125	0.6745
507.0	0.6745
506.875	0.6761
506.75	0.6745
506.625	0.6745
506.5	0.6745
506.375	0.6737
506.25	0.6745
506.125	0.6745
506.0	0.6745
505.875	0.6729
505.75	0.6745
505.625	0.6737
505.5	0.6745
505.375	0.6713
505.25	0.6745
505.125	0.6729
505.0	0.6745
504.875	0.6729
504.75	0.6721
504.625	0.6721
504.5	0.6729
504.375	0.6721
504.25	0.6698
504.125	0.6745
504.0	0.6705
503.875	0.6713
503.75	0.6698
503.625	0.6698
503.5	0.6737
503.375	0.6698
503.25	0.6698
503.125	0.6698
503.0	0.6698
502.875	0.6698
502.75	0.6698
502.625	0.669
502.5	0.6705
502.375	0.6698
502.25	0.6698
502.125	0.6698
502.0	0.6698
501.875	0.6698
501.75	0.6705
501.625	0.6698
501.5	0.6698
501.375	0.6698
501.25	0.6698
501.125	0.6698
501.0	0.6698
500.875	0.6698
500.75	0.669
500.625	0.6698
500.5	0.6698
500.375	0.6705
500.25	0.6698
500.125	0.6698
500.0	0.6698
499.875	0.6682
499.75	0.6698
499.625	0.6682
499.5	0.6698
499.375	0.6698
499.25	0.6698
499.125	0.6698
499.0	0.665
498.875	0.6682
498.75	0.669
498.625	0.6682
498.5	0.665
498.375	0.6698
498.25	0.665
498.125	0.6658
498.0	0.6658
497.875	0.6698
497.75	0.6666
497.625	0.669
497.5	0.6666
497.375	0.665
497.25	0.665
497.125	0.6658
497.0	0.665
496.875	0.665
496.75	0.665
496.625	0.665
496.5	0.665
496.375	0.6635
496.25	0.6603
496.125	0.6611
496.0	0.6643
495.875	0.6603
495.75	0.6603
495.625	0.6603
495.5	0.6611
495.375	0.6595
495.25	0.6603
495.125	0.6595
495.0	0.6588
494.875	0.6603
494.75	0.6564
494.625	0.658
494.5	0.658
494.375	0.6572
494.25	0.6572
494.125	0.6564
494.0	0.6556
493.875	0.6556
493.75	0.6556
493.625	0.6556
493.5	0.6572
493.375	0.6548
493.25	0.6556
493.125	0.6556
493.0	0.6556
492.875	0.6548
492.75	0.6556
492.625	0.6556
492.5	0.6548
492.375	0.654
492.25	0.6533
492.125	0.6509
492.0	0.6525
491.875	0.6517
491.75	0.6548
491.625	0.6533
491.5	0.6509
491.375	0.6509
491.25	0.6509
491.125	0.6525
491.0	0.6533
490.875	0.6525
490.75	0.6501
490.625	0.6533
490.5	0.6517
490.375	0.6509
490.25	0.6509
490.125	0.6501
490.0	0.6509
489.875	0.6493
489.75	0.6509
489.625	0.6509
489.5	0.6509
489.375	0.6509
489.25	0.6509
489.125	0.6509
489.0	0.6493
488.875	0.6477
488.75	0.6509
488.625	0.647
488.5	0.6477
488.375	0.6462
488.25	0.6493
488.125	0.6462
488.0	0.647
487.875	0.6493
487.75	0.647
487.625	0.6485
487.5	0.647
487.375	0.6501
487.25	0.6462
487.125	0.6462
487.0	0.6462
486.875	0.6462
486.75	0.6462
486.625	0.6462
486.5	0.6446
486.375	0.6462
486.25	0.6454
486.125	0.6462
486.0	0.6462
485.875	0.6454
485.75	0.6462
485.625	0.6446
485.5	0.6422
485.375	0.6438
485.25	0.6462
485.125	0.6454
485.0	0.6462
484.875	0.6454
484.75	0.6446
484.625	0.6415
484.5	0.643
484.375	0.6422
484.25	0.6438
484.125	0.643
484.0	0.643
483.875	0.6422
483.75	0.6454
483.625	0.6415
483.5	0.6415
483.375	0.643
483.25	0.6415
483.125	0.6415
483.0	0.6415
482.875	0.6422
482.75	0.6407
482.625	0.6415
482.5	0.6415
482.375	0.6415
482.25	0.6415
482.125	0.6399
482.0	0.6391
481.875	0.6391
481.75	0.6391
481.625	0.6415
481.5	0.6415
481.375	0.6391
481.25	0.6407
481.125	0.6415
481.0	0.6415
480.875	0.6399
480.75	0.6367
480.625	0.6415
480.5	0.6391
480.375	0.6399
480.25	0.6367
480.125	0.6407
480.0	0.6415
479.875	0.6391
479.75	0.6415
479.625	0.6399
479.5	0.6391
479.375	0.6367
479.25	0.6391
479.125	0.6383
479.0	0.6375
478.875	0.6367
478.75	0.6391
478.625	0.6407
478.5	0.6399
478.375	0.6375
478.25	0.6407
478.125	0.6367
478.0	0.6367
477.875	0.6383
477.75	0.6367
477.625	0.6375
477.5	0.6375
477.375	0.6375
477.25	0.6367
477.125	0.6375
477.0	0.6367
476.875	0.6367
476.75	0.6375
476.625	0.6367
476.5	0.6367
476.375	0.6375
476.25	0.6367
476.125	0.6367
476.0	0.6367
475.875	0.6367
475.75	0.6367
475.625	0.6344
475.5	0.636
475.375	0.6383
475.25	0.6367
475.125	0.6391
475.0	0.636
474.875	0.6367
474.75	0.636
474.625	0.6367
474.5	0.6367
474.375	0.636
474.25	0.6328
474.125	0.6367
474.0	0.6328
473.875	0.6367
473.75	0.6367
473.625	0.6367
473.5	0.6344
473.375	0.636
473.25	0.6336
473.125	0.6352
473.0	0.6328
472.875	0.6352
472.75	0.6367
472.625	0.6328
472.5	0.636
472.375	0.6328
472.25	0.636
472.125	0.6367
472.0	0.6352
471.875	0.6352
471.75	0.6328
471.625	0.6336
471.5	0.632
471.375	0.6352
471.25	0.632
471.125	0.632
471.0	0.632
470.875	0.6328
470.75	0.632
470.625	0.6328
470.5	0.632
470.375	0.6336
470.25	0.6336
470.125	0.632
470.0	0.632
469.875	0.6336
469.75	0.632
469.625	0.6344
469.5	0.632
469.375	0.632
469.25	0.632
469.125	0.632
469.0	0.632
468.875	0.632
468.75	0.632
468.625	0.632
468.5	0.632
468.375	0.6312
468.25	0.632
468.125	0.632
468.0	0.6328
467.875	0.632
467.75	0.6328
467.625	0.632
467.5	0.632
467.375	0.6312
467.25	0.632
467.125	0.632
467.0	0.6336
466.875	0.632
466.75	0.6328
466.625	0.632
466.5	0.6352
466.375	0.632
466.25	0.632
466.125	0.6328
466.0	0.632
465.875	0.632
465.75	0.6344
465.625	0.6367
465.5	0.6328
465.375	0.6367
465.25	0.632
465.125	0.6352
465.0	0.6344
464.875	0.636
464.75	0.632
464.625	0.6328
464.5	0.6328
464.375	0.636
464.25	0.6367
464.125	0.6336
464.0	0.636
463.875	0.6352
463.75	0.6344
463.625	0.6344
463.5	0.636
463.375	0.636
463.25	0.6367
463.125	0.636
463.0	0.6367
462.875	0.6367
462.75	0.636
462.625	0.6367
462.5	0.6367
462.375	0.6383
462.25	0.6367
462.125	0.6375
462.0	0.6367
461.875	0.6375
461.75	0.6391
461.625	0.6367
461.5	0.6383
461.375	0.6367
461.25	0.6391
461.125	0.6415
461.0	0.6383
460.875	0.6383
460.75	0.6367
460.625	0.6367
460.5	0.6415
460.375	0.6367
460.25	0.6399
460.125	0.6391
460.0	0.6415
459.875	0.6415
459.75	0.6407
459.625	0.6415
459.5	0.6415
459.375	0.6415
459.25	0.6415
459.125	0.6415
459.0	0.6438
458.875	0.643
458.75	0.6422
458.625	0.6415
458.5	0.6462
458.375	0.6415
458.25	0.6462
458.125	0.6438
458.0	0.6446
457.875	0.6454
457.75	0.643
457.625	0.6438
457.5	0.643
457.375	0.6415
457.25	0.6415
457.125	0.6438
457.0	0.6454
456.875	0.643
456.75	0.6462
456.625	0.6422
456.5	0.6446
456.375	0.6454
456.25	0.6454
456.125	0.6462
456.0	0.6454
455.875	0.6462
455.75	0.6462
455.625	0.6462
455.5	0.6462
455.375	0.6462
455.25	0.6462
455.125	0.6462
455.0	0.6462
454.875	0.6462
454.75	0.6462
454.625	0.6462
454.5	0.6462
454.375	0.647
454.25	0.647
454.125	0.6462
454.0	0.6462
453.875	0.6462
453.75	0.6477
453.625	0.647
453.5	0.6485
453.375	0.6493
453.25	0.6501
453.125	0.6493
453.0	0.6477
452.875	0.6477
452.75	0.6493
452.625	0.6477
452.5	0.6501
452.375	0.6477
452.25	0.6501
452.125	0.6501
452.0	0.6509
451.875	0.6509
451.75	0.6509
451.625	0.6509
451.5	0.6533
451.375	0.6509
451.25	0.6517
451.125	0.6517
451.0	0.6556
450.875	0.6509
450.75	0.6556
450.625	0.6525
450.5	0.6509
450.375	0.6556
450.25	0.6548
450.125	0.6556
450.0	0.6564
449.875	0.6556
449.75	0.6556
449.625	0.6556
449.5	0.658
449.375	0.6603
449.25	0.658
449.125	0.6595
449.0	0.6603
448.875	0.6603
448.75	0.6627
448.625	0.6619
448.5	0.6603
448.375	0.6611
448.25	0.6643
448.125	0.665
448.0	0.665
447.875	0.665
447.75	0.6674
447.625	0.6666
447.5	0.6674
447.375	0.6674
447.25	0.6698
447.125	0.6698
447.0	0.6698
446.875	0.6698
446.75	0.6721
446.625	0.6698
446.5	0.6745
446.375	0.6737
446.25	0.6745
446.125	0.6737
446.0	0.6761
445.875	0.6776
445.75	0.6792
445.625	0.6792
445.5	0.68
445.375	0.6792
445.25	0.6816
445.125	0.6831
445.0	0.6816
444.875	0.6878
444.75	0.6871
444.625	0.6886
444.5	0.6886
444.375	0.6886
444.25	0.6886
444.125	0.6918
444.0	0.6933
443.875	0.6933
443.75	0.6949
443.625	0.6973
443.5	0.6981
443.375	0.6988
443.25	0.6981
443.125	0.6988
443.0	0.7004
442.875	0.7012
442.75	0.7028
442.625	0.7036
442.5	0.7075
442.375	0.7075
442.25	0.7051
442.125	0.7075
442.0	0.7075
441.875	0.7091
441.75	0.7122
441.625	0.7122
441.5	0.7122
441.375	0.7146
441.25	0.7169
441.125	0.7154
441.0	0.7169
440.875	0.7169
440.75	0.7169
440.625	0.7216
440.5	0.7216
440.375	0.7216
440.25	0.7232
440.125	0.7232
440.0	0.7264
439.875	0.7256
439.75	0.7264
439.625	0.7264
439.5	0.7272
439.375	0.7303
439.25	0.7311
439.125	0.7295
439.0	0.7311
438.875	0.7311
438.75	0.7311
438.625	0.7311
438.5	0.7342
438.375	0.7342
438.25	0.7358
438.125	0.735
438.0	0.7358
437.875	0.7358
437.75	0.7334
437.625	0.7358
437.5	0.7366
437.375	0.7389
437.25	0.7389
437.125	0.7397
437.0	0.7374
436.875	0.7405
436.75	0.7405
436.625	0.7405
436.5	0.7413
436.375	0.7429
436.25	0.7421
436.125	0.7452
436.0	0.7452
435.875	0.7452
435.75	0.7452
435.625	0.746
435.5	0.7484
435.375	0.7484
435.25	0.7484
435.125	0.7507
435.0	0.7547
434.875	0.7539
434.75	0.7547
434.625	0.757
434.5	0.7578
434.375	0.7594
434.25	0.7594
434.125	0.7641
434.0	0.7641
433.875	0.7665
433.75	0.768
433.625	0.7696
433.5	0.7727
433.375	0.7735
433.25	0.7775
433.125	0.7783
433.0	0.783
432.875	0.783
432.75	0.7845
432.625	0.7893
432.5	0.7924
432.375	0.7924
432.25	0.7979
432.125	0.8018
432.0	0.8026
431.875	0.8066
431.75	0.8089
431.625	0.8113
431.5	0.816
431.375	0.8199
431.25	0.8207
431.125	0.827
431.0	0.8301
430.875	0.8301
430.75	0.8349
430.625	0.8411
430.5	0.8443
430.375	0.8482
430.25	0.8537
430.125	0.8545
430.0	0.8584
429.875	0.86
429.75	0.8671
429.625	0.871
429.5	0.8726
429.375	0.8773
429.25	0.8805
429.125	0.8828
429.0	0.8867
428.875	0.893
428.75	0.8954
428.625	0.8977
428.5	0.9009
428.375	0.9025
428.25	0.9064
428.125	0.9103
428.0	0.9103
427.875	0.915
427.75	0.915
427.625	0.919
427.5	0.9198
427.375	0.9245
427.25	0.9245
427.125	0.9292
427.0	0.9292
426.875	0.9292
426.75	0.9316
426.625	0.9339
426.5	0.9339
426.375	0.9339
426.25	0.9331
426.125	0.9363
426.0	0.9386
425.875	0.9386
425.75	0.9371
425.625	0.9363
425.5	0.9339
425.375	0.9339
425.25	0.9339
425.125	0.93
425.0	0.9292
424.875	0.93
424.75	0.9284
424.625	0.9261
424.5	0.9229
424.375	0.9205
424.25	0.9198
424.125	0.915
424.0	0.915
423.875	0.9111
423.75	0.9088
423.625	0.9048
423.5	0.9009
423.375	0.8985
423.25	0.8954
423.125	0.8915
423.0	0.8875
422.875	0.8844
422.75	0.8797
422.625	0.8773
422.5	0.8726
422.375	0.8679
422.25	0.8639
422.125	0.8632
422.0	0.8584
421.875	0.8529
421.75	0.849
421.625	0.8443
421.5	0.8396
421.375	0.8356
421.25	0.8301
421.125	0.8254
421.0	0.8246
420.875	0.8191
420.75	0.8144
420.625	0.8105
420.5	0.8066
420.375	0.8026
420.25	0.7971
420.125	0.7948
420.0	0.7885
419.875	0.7845
419.75	0.7783
419.625	0.7783
419.5	0.7735
419.375	0.7688
419.25	0.7657
419.125	0.761
419.0	0.7555
418.875	0.7547
418.75	0.75
418.625	0.7476
418.5	0.7444
418.375	0.7405
418.25	0.7358
418.125	0.7342
418.0	0.7311
417.875	0.7279
417.75	0.7264
417.625	0.724
417.5	0.7216
417.375	0.7169
417.25	0.7169
417.125	0.7122
417.0	0.7091
416.875	0.7091
416.75	0.7059
416.625	0.7028
416.5	0.6996
416.375	0.6981
416.25	0.6981
416.125	0.6949
416.0	0.6918
415.875	0.6933
415.75	0.6886
415.625	0.6886
415.5	0.6847
415.375	0.6839
415.25	0.6808
415.125	0.6792
415.0	0.6792
414.875	0.6776
414.75	0.6761
414.625	0.6745
414.5	0.6737
414.375	0.6721
414.25	0.6713
414.125	0.669
414.0	0.6698
413.875	0.6658
413.75	0.6635
413.625	0.665
413.5	0.665
413.375	0.6603
413.25	0.6603
413.125	0.6603
413.0	0.6564
412.875	0.6572
412.75	0.6564
412.625	0.6556
412.5	0.654
412.375	0.6509
412.25	0.6533
412.125	0.6509
412.0	0.6509
411.875	0.6509
411.75	0.6501
411.625	0.6509
411.5	0.6477
411.375	0.6485
411.25	0.6462
411.125	0.6462
411.0	0.6438
410.875	0.6438
410.75	0.643
410.625	0.6415
410.5	0.6415
410.375	0.6415
410.25	0.6415
410.125	0.6407
410.0	0.6415
409.875	0.6383
409.75	0.6399
409.625	0.6399
409.5	0.6383
409.375	0.636
409.25	0.6367
409.125	0.6367
409.0	0.6367
408.875	0.636
408.75	0.6344
408.625	0.632
408.5	0.6352
408.375	0.6344
408.25	0.6336
408.125	0.632
408.0	0.632
407.875	0.632
407.75	0.6305
407.625	0.632
407.5	0.6312
407.375	0.6289
407.25	0.632
407.125	0.632
407.0	0.632
406.875	0.6297
406.75	0.6273
406.625	0.6273
406.5	0.6305
406.375	0.6273
406.25	0.6273
406.125	0.6281
406.0	0.6273
405.875	0.6265
405.75	0.6273
405.625	0.6273
405.5	0.6257
405.375	0.6257
405.25	0.6234
405.125	0.6265
405.0	0.625
404.875	0.6273
404.75	0.6242
404.625	0.625
404.5	0.6273
404.375	0.6234
404.25	0.6257
404.125	0.6234
404.0	0.6257
403.875	0.6226
403.75	0.6234
403.625	0.6226
403.5	0.625
403.375	0.625
403.25	0.6234
403.125	0.6226
403.0	0.6242
402.875	0.6234
402.75	0.6226
402.625	0.6226
402.5	0.6234
402.375	0.6226
402.25	0.6226
402.125	0.6226
402.0	0.6242
401.875	0.6226
401.75	0.6218
401.625	0.6226
401.5	0.6226
401.375	0.6226
401.25	0.6226
401.125	0.6218
401.0	0.6187
400.875	0.6226
400.75	0.6226
400.625	0.6226
400.5	0.6226
400.375	0.6226
400.25	0.621
400.125	0.6218
400.0	0.621
399.875	0.6202
399.75	0.6187
399.625	0.6194
399.5	0.6218
399.375	0.621
399.25	0.6187
399.125	0.621
399.0	0.621
398.875	0.621
398.75	0.6202
398.625	0.6187
398.5	0.6194
398.375	0.6226
398.25	0.6194
398.125	0.6194
398.0	0.6194
397.875	0.621
397.75	0.6194
397.625	0.621
397.5	0.621
397.375	0.6179
397.25	0.6194
397.125	0.6187
397.0	0.6179
396.875	0.6179
396.75	0.6179
396.625	0.6179
396.5	0.6179
396.375	0.6179
396.25	0.6194
396.125	0.6171
396.0	0.6179
395.875	0.6179
395.75	0.6179
395.625	0.6179
395.5	0.6179
395.375	0.6179
395.25	0.6179
395.125	0.6179
395.0	0.6179
394.875	0.6171
394.75	0.6155
394.625	0.6155
394.5	0.6163
394.375	0.6139
394.25	0.6163
394.125	0.6179
394.0	0.6155
393.875	0.6179
393.75	0.6139
393.625	0.6163
393.5	0.6139
393.375	0.6163
393.25	0.6179
393.125	0.6163
393.0	0.6147
392.875	0.6179
392.75	0.6132
392.625	0.6155
392.5	0.6163
392.375	0.6179
392.25	0.6132
392.125	0.6179
392.0	0.6155
391.875	0.6171
391.75	0.6139
391.625	0.6179
391.5	0.6155
391.375	0.6163
391.25	0.6155
391.125	0.6171
391.0	0.6147
390.875	0.6179
390.75	0.6132
390.625	0.6155
390.5	0.6132
390.375	0.6139
390.25	0.6132
390.125	0.6155
390.0	0.6147
389.875	0.6139
389.75	0.6163
389.625	0.6171
389.5	0.6132
389.375	0.6139
389.25	0.6171
389.125	0.6171
389.0	0.6132
388.875	0.6155
388.75	0.6139
388.625	0.6147
388.5	0.6171
388.375	0.6132
388.25	0.6155
388.125	0.6139
388.0	0.6132
387.875	0.6132
387.75	0.6139
387.625	0.6139
387.5	0.6171
387.375	0.6132
387.25	0.6171
387.125	0.6163
387.0	0.6139
386.875	0.6139
386.75	0.6163
386.625	0.6132
386.5	0.6163
386.375	0.6132
386.25	0.6155
386.125	0.6147
386.0	0.6163
385.875	0.6171
385.75	0.6163
385.625	0.6132
385.5	0.6155
385.375	0.6132
385.25	0.6163
385.125	0.6132
385.0	0.6179
384.875	0.6171
384.75	0.6163
384.625	0.6163
384.5	0.6147
384.375	0.6179
384.25	0.6179
384.125	0.6179
384.0	0.6179
383.875	0.6171
383.75	0.6179
383.625	0.6171
383.5	0.6179
383.375	0.6179
383.25	0.6179
383.125	0.6179
383.0	0.6155
382.875	0.6179
382.75	0.6171
382.625	0.6179
382.5	0.6171
382.375	0.6179
382.25	0.6179
382.125	0.6163
382.0	0.6179
381.875	0.6179
381.75	0.6179
381.625	0.6179
381.5	0.6147
381.375	0.6179
381.25	0.6171
381.125	0.6179
381.0	0.6179
380.875	0.6179
380.75	0.6179
380.625	0.6179
380.5	0.6163
380.375	0.6171
380.25	0.6163
380.125	0.6179
380.0	0.6179
379.875	0.6179
379.75	0.6179
379.625	0.6179
379.5	0.6179
379.375	0.6179
379.25	0.6179
379.125	0.6179
379.0	0.6187
378.875	0.6163
378.75	0.6179
378.625	0.6179
378.5	0.6171
378.375	0.6179
378.25	0.6179
378.125	0.6179
378.0	0.6179
377.875	0.6179
377.75	0.6179
377.625	0.6179
377.5	0.6179
377.375	0.6163
377.25	0.6179
377.125	0.6179
377.0	0.6179
376.875	0.6187
376.75	0.6179
376.625	0.6179
376.5	0.6179
376.375	0.6179
376.25	0.6179
376.125	0.6179
376.0	0.6179
375.875	0.6179
375.75	0.6179
375.625	0.6187
375.5	0.6171
375.375	0.6163
375.25	0.6179
375.125	0.6179
375.0	0.6179
374.875	0.6163
374.75	0.6179
374.625	0.6155
374.5	0.6179
374.375	0.6179
374.25	0.6171
374.125	0.6171
374.0	0.6179
373.875	0.6187
373.75	0.6132
373.625	0.6163
373.5	0.6179
373.375	0.6171
373.25	0.6179
373.125	0.6179
373.0	0.6147
372.875	0.6171
372.75	0.6163
372.625	0.6179
372.5	0.6187
372.375	0.6179
372.25	0.6171
372.125	0.6171
372.0	0.6179
371.875	0.6147
371.75	0.6163
371.625	0.6132
371.5	0.6155
371.375	0.6139
371.25	0.6179
371.125	0.6163
371.0	0.6155
370.875	0.6155
370.75	0.6179
370.625	0.6155
370.5	0.6155
370.375	0.6155
370.25	0.6179
370.125	0.6155
370.0	0.6147
369.875	0.6147
369.75	0.6155
369.625	0.6163
369.5	0.6132
369.375	0.6171
369.25	0.6132
369.125	0.6132
369.0	0.6163
368.875	0.6132
368.75	0.6132
368.625	0.6171
368.5	0.6155
368.375	0.6171
368.25	0.6155
368.125	0.6155
368.0	0.6171
367.875	0.6155
367.75	0.6155
367.625	0.6132
367.5	0.6132
367.375	0.6171
367.25	0.6179
367.125	0.6171
367.0	0.6179
366.875	0.6163
366.75	0.6147
366.625	0.6179
366.5	0.6147
366.375	0.6171
366.25	0.6132
366.125	0.6139
366.0	0.6132
365.875	0.6171
365.75	0.6155
365.625	0.6155
365.5	0.6147
365.375	0.6147
365.25	0.6171
365.125	0.6155
365.0	0.6179
364.875	0.6171
364.75	0.6139
364.625	0.6147
364.5	0.6132
364.375	0.6132
364.25	0.6155
364.125	0.6179
364.0	0.6163
363.875	0.6171
363.75	0.6147
363.625	0.6147
363.5	0.6163
363.375	0.6132
363.25	0.6171
363.125	0.6147
363.0	0.6155
362.875	0.6163
362.75	0.6155
362.625	0.6171
362.5	0.6155
362.375	0.6147
362.25	0.6171
362.125	0.6155
362.0	0.6155
361.875	0.6139
361.75	0.6179
361.625	0.6163
361.5	0.6171
361.375	0.6163
361.25	0.6179
361.125	0.6163
361.0	0.6132
360.875	0.6139
360.75	0.6163
360.625	0.6132
360.5	0.6155
360.375	0.6139
360.25	0.6179
360.125	0.6132
360.0	0.6171
359.875	0.6139
359.75	0.6139
359.625	0.6139
359.5	0.6155
359.375	0.6147
359.25	0.6155
359.125	0.6132
359.0	0.6179
358.875	0.6155
358.75	0.6147
358.625	0.6171
358.5	0.6171
358.375	0.6147
358.25	0.6155
358.125	0.6132
358.0	0.6132
357.875	0.6155
357.75	0.6179
357.625	0.6155
357.5	0.6155
357.375	0.6163
357.25	0.6155
357.125	0.6179
357.0	0.6179
356.875	0.6147
356.75	0.6163
356.625	0.6163
356.5	0.6171
356.375	0.6155
356.25	0.6163
356.125	0.6163
356.0	0.6171
355.875	0.6147
355.75	0.6147
355.625	0.6147
355.5	0.6171
355.375	0.6132
355.25	0.6139
355.125	0.6139
355.0	0.6179
354.875	0.6147
354.75	0.6132
354.625	0.6147
354.5	0.6139
354.375	0.6163
354.25	0.6155
354.125	0.6132
354.0	0.6163
353.875	0.6179
353.75	0.6147
353.625	0.6147
353.5	0.6155
353.375	0.6132
353.25	0.6139
353.125	0.6147
353.0	0.6139
352.875	0.6139
352.75	0.6139
352.625	0.6147
352.5	0.6155
352.375	0.6171
352.25	0.6155
352.125	0.6132
352.0	0.6155
351.875	0.6139
351.75	0.6147
351.625	0.6132
351.5	0.6139
351.375	0.6155
351.25	0.6155
351.125	0.6171
351.0	0.6179
350.875	0.6147
350.75	0.6179
350.625	0.6155
350.5	0.6179
350.375	0.6139
350.25	0.6163
350.125	0.6132
350.0	0.6163
349.875	0.6132
349.75	0.6171
349.625	0.6155
349.5	0.6171
349.375	0.6139
349.25	0.6139
349.125	0.6155
349.0	0.6147
348.875	0.6179
348.75	0.6132
348.625	0.6179
348.5	0.6155
348.375	0.6179
348.25	0.6171
348.125	0.6147
348.0	0.6147
347.875	0.6139
347.75	0.6171
347.625	0.6147
347.5	0.6155
347.375	0.6155
347.25	0.6163
347.125	0.6179
347.0	0.6163
346.875	0.6132
346.75	0.6155
346.625	0.6163
346.5	0.6147
346.375	0.6132
346.25	0.6132
346.125	0.6155
346.0	0.6132
345.875	0.6155
345.75	0.6147
345.625	0.6163
345.5	0.6139
345.375	0.6147
345.25	0.6147
345.125	0.6132
345.0	0.6132
344.875	0.6132
344.75	0.6147
344.625	0.6155
344.5	0.6132
344.375	0.6139
344.25	0.6132
344.125	0.6132
344.0	0.6139
343.875	0.6139
343.75	0.6147
343.625	0.6139
343.5	0.6132
343.375	0.6139
343.25	0.6147
343.125	0.6163
343.0	0.6132
342.875	0.6132
342.75	0.6171
342.625	0.6139
342.5	0.6155
342.375	0.6139
342.25	0.6132
342.125	0.6132
342.0	0.6132
341.875	0.6132
341.75	0.6147
341.625	0.6147
341.5	0.6139
341.375	0.6147
341.25	0.6132
341.125	0.6132
341.0	0.6132
340.875	0.6132
340.75	0.6132
340.625	0.6132
340.5	0.6139
340.375	0.6132
340.25	0.6155
340.125	0.6155
340.0	0.6139
339.875	0.6155
339.75	0.6139
339.625	0.6132
339.5	0.6132
339.375	0.6132
339.25	0.6124
339.125	0.6139
339.0	0.6132
338.875	0.6147
338.75	0.6132
338.625	0.6147
338.5	0.6139
338.375	0.6132
338.25	0.6163
338.125	0.6139
338.0	0.6132
337.875	0.6163
337.75	0.6132
337.625	0.6132
337.5	0.6139
337.375	0.6132
337.25	0.6132
337.125	0.6163
337.0	0.6147
336.875	0.6147
336.75	0.6132
336.625	0.6147
336.5	0.6139
336.375	0.6171
336.25	0.6132
336.125	0.6132
336.0	0.6124
335.875	0.6132
335.75	0.6132
335.625	0.6132
335.5	0.6179
335.375	0.6132
335.25	0.6139
335.125	0.6139
335.0	0.6132
334.875	0.6147
334.75	0.6147
334.625	0.6147
334.5	0.6163
334.375	0.6147
334.25	0.6147
334.125	0.6147
334.0	0.6147
333.875	0.6179
333.75	0.6155
333.625	0.6147
333.5	0.6163
333.375	0.6163
333.25	0.6132
333.125	0.6155
333.0	0.6171
332.875	0.6139
332.75	0.6139
332.625	0.6132
332.5	0.6139
332.375	0.6171
332.25	0.6155
332.125	0.6139
332.0	0.6139
331.875	0.6179
331.75	0.6155
331.625	0.6139
331.5	0.6163
331.375	0.6171
331.25	0.6179
331.125	0.6155
331.0	0.6132
330.875	0.6139
330.75	0.6155
330.625	0.6171
330.5	0.6132
330.375	0.6155
330.25	0.6171
330.125	0.6155
330.0	0.6139
329.875	0.6163
329.75	0.6155
329.625	0.6155
329.5	0.6147
329.375	0.6155
329.25	0.6171
329.125	0.6139
329.0	0.6163
328.875	0.6155
328.75	0.6139
328.625	0.6132
328.5	0.6163
328.375	0.6155
328.25	0.6147
328.125	0.6179
328.0	0.6139
327.875	0.6163
327.75	0.6155
327.625	0.6179
327.5	0.6163
327.375	0.6132
327.25	0.6179
327.125	0.6155
327.0	0.6163
326.875	0.6155
326.75	0.6179
326.625	0.6179
326.5	0.6163
326.375	0.6171
326.25	0.6171
326.125	0.6139
326.0	0.6179
325.875	0.6139
325.75	0.6163
325.625	0.6132
325.5	0.6155
325.375	0.6163
325.25	0.6139
325.125	0.6163
325.0	0.6139
324.875	0.6139
324.75	0.6171
324.625	0.6147
324.5	0.6163
324.375	0.6163
324.25	0.6155
324.125	0.6171
324.0	0.6155
323.875	0.6132
323.75	0.6155
323.625	0.6171
323.5	0.6147
323.375	0.6179
323.25	0.6147
323.125	0.6132
323.0	0.6179
322.875	0.6132
322.75	0.6132
322.625	0.6155
322.5	0.6171
322.375	0.6139
322.25	0.6132
322.125	0.6139
322.0	0.6139
321.875	0.6147
321.75	0.6147
321.625	0.6163
321.5	0.6139
321.375	0.6155
321.25	0.6163
321.125	0.6139
321.0	0.6132
320.875	0.6155
320.75	0.6147
320.625	0.6132
320.5	0.6132
320.375	0.6179
320.25	0.6132
320.125	0.6139
320.0	0.6132
319.875	0.6132
319.75	0.6147
319.625	0.6139
319.5	0.6132
319.375	0.6132
319.25	0.6155
319.125	0.6132
319.0	0.6132
318.875	0.6139
318.75	0.6132
318.625	0.6132
318.5	0.6132
318.375	0.6139
318.25	0.6132
318.125	0.6132
318.0	0.6132
317.875	0.6132
317.75	0.6132
317.625	0.6132
317.5	0.6132
317.375	0.6116
317.25	0.6132
317.125	0.6132
317.0	0.6132
316.875	0.6124
316.75	0.6132
316.625	0.6132
316.5	0.6132
316.375	0.6132
316.25	0.6132
316.125	0.6132
316.0	0.6132
315.875	0.6132
315.75	0.6132
315.625	0.6132
315.5	0.6139
315.375	0.6132
315.25	0.6171
315.125	0.6179
315.0	0.6139
314.875	0.6132
314.75	0.6155
314.625	0.6132
314.5	0.6147
314.375	0.6132
314.25	0.6132
314.125	0.6132
314.0	0.6139
313.875	0.6155
313.75	0.6132
313.625	0.6132
313.5	0.6155
313.375	0.6132
313.25	0.6132
313.125	0.6139
313.0	0.6132
312.875	0.6139
312.75	0.6147
312.625	0.6155
312.5	0.6139
312.375	0.6139
312.25	0.6147
312.125	0.6132
312.0	0.6139
311.875	0.6163
311.75	0.6132
311.625	0.6139
311.5	0.6171
311.375	0.6132
311.25	0.6132
311.125	0.6179
311.0	0.6132
310.875	0.6147
310.75	0.6132
310.625	0.6171
310.5	0.6132
310.375	0.6163
310.25	0.6139
310.125	0.6139
310.0	0.6171
309.875	0.6139
309.75	0.6163
309.625	0.6139
309.5	0.6179
309.375	0.6179
309.25	0.6132
309.125	0.6163
309.0	0.6179
308.875	0.6155
308.75	0.6163
308.625	0.6163
308.5	0.6163
308.375	0.6179
308.25	0.6179
308.125	0.6179
308.0	0.6155
307.875	0.6171
307.75	0.6163
307.625	0.6155
307.5	0.6155
307.375	0.6163
307.25	0.6179
307.125	0.6155
307.0	0.6171
306.875	0.6147
306.75	0.6179
306.625	0.6179
306.5	0.6132
306.375	0.6179
306.25	0.6139
306.125	0.6179
306.0	0.6179
305.875	0.6179
305.75	0.6171
305.625	0.6179
305.5	0.6171
305.375	0.6179
305.25	0.6179
305.125	0.6163
305.0	0.6171
304.875	0.6171
304.75	0.6163
304.625	0.6163
304.5	0.6163
304.375	0.6179
304.25	0.6179
304.125	0.6179
304.0	0.6179
303.875	0.6179
303.75	0.6179
303.625	0.6171
303.5	0.6163
303.375	0.6171
303.25	0.6179
303.125	0.6179
303.0	0.6163
302.875	0.6147
302.75	0.6179
302.625	0.6179
302.5	0.6155
302.375	0.6171
302.25	0.6179
302.125	0.6139
302.0	0.6171
301.875	0.6147
301.75	0.6139
301.625	0.6179
301.5	0.6179
301.375	0.6171
301.25	0.6163
301.125	0.6179
301.0	0.6163
300.875	0.6179
300.75	0.6179
300.625	0.6163
300.5	0.6179
300.375	0.6179
300.25	0.6171
300.125	0.6179
