900.0	2.1305
899.875	2.1297
899.75	2.132
899.625	2.1297
899.5	2.1273
899.375	2.1344
899.25	2.132
899.125	2.132
899.0	2.1305
898.875	2.1265
898.75	2.132
898.625	2.1273
898.5	2.1305
898.375	2.1312
898.25	2.1367
898.125	2.1344
898.0	2.1367
897.875	2.1336
897.75	2.1312
897.625	2.1399
897.5	2.132
897.375	2.1289
897.25	2.132
897.125	2.1367
897.0	2.1367
896.875	2.1328
896.75	2.125
896.625	2.1367
896.5	2.1336
896.375	2.1352
896.25	2.132
896.125	2.1289
896.0	2.1336
895.875	2.1273
895.75	2.1273
895.625	2.132
895.5	2.1273
895.375	2.1305
895.25	2.132
895.125	2.1305
895.0	2.1273
894.875	2.1312
894.75	2.136
894.625	2.132
894.5	2.1352
894.375	2.1344
894.25	2.1289
894.125	2.132
894.0	2.1305
893.875	2.132
893.75	2.132
893.625	2.1328
893.5	2.1367
893.375	2.1352
893.25	2.1328
893.125	2.1367
893.0	2.132
892.875	2.1289
892.75	2.132
892.625	2.1328
892.5	2.132
892.375	2.132
892.25	2.1305
892.125	2.1242
892.0	2.1281
891.875	2.132
891.75	2.132
891.625	2.1281
891.5	2.1281
891.375	2.1305
891.25	2.1297
891.125	2.1305
891.0	2.1242
890.875	2.1265
890.75	2.1234
890.625	2.1218
890.5	2.1281
890.375	2.1257
890.25	2.1194
890.125	2.1273
890.0	2.1234
889.875	2.1273
889.75	2.1273
889.625	2.1242
889.5	2.1281
889.375	2.1297
889.25	2.1289
889.125	2.1344
889.0	2.1289
888.875	2.1328
888.75	2.1273
888.625	2.125
888.5	2.1281
888.375	2.132
888.25	2.1257
888.125	2.132
888.0	2.1297
887.875	2.1344
887.75	2.1352
887.625	2.132
887.5	2.1281
887.375	2.1297
887.25	2.1297
887.125	2.132
887.0	2.1344
886.875	2.1265
886.75	2.136
886.625	2.1344
886.5	2.1367
886.375	2.1289
886.25	2.1328
886.125	2.1328
886.0	2.1367
885.875	2.132
885.75	2.1305
885.625	2.132
885.5	2.1336
885.375	2.1352
885.25	2.1367
885.125	2.1383
885.0	2.1328
884.875	2.132
884.75	2.1281
884.625	2.1273
884.5	2.1305
884.375	2.1383
884.25	2.1289
884.125	2.1305
884.0	2.1297
883.875	2.136
883.75	2.132
883.625	2.1336
883.5	2.1289
883.375	2.1367
883.25	2.1328
883.125	2.132
883.0	2.1328
882.875	2.1367
882.75	2.1328
882.625	2.1367
882.5	2.1305
882.375	2.1281
882.25	2.1336
882.125	2.1336
882.0	2.1344
881.875	2.136
881.75	2.1281
881.625	2.1297
881.5	2.1297
881.375	2.1383
881.25	2.1344
881.125	2.136
881.0	2.132
880.875	2.1297
880.75	2.132
880.625	2.1399
880.5	2.1297
880.375	2.132
880.25	2.1344
880.125	2.1312
880.0	2.1367
879.875	2.1336
879.75	2.1312
879.625	2.136
879.5	2.1312
879.375	2.132
879.25	2.1415
879.125	2.1328
879.0	2.1367
878.875	2.1383
878.75	2.1367
878.625	2.1328
878.5	2.1328
878.375	2.132
878.25	2.1415
878.125	2.132
878.0	2.1383
877.875	2.1352
877.75	2.1297
877.625	2.1344
877.5	2.1328
877.375	2.1336
877.25	2.1336
877.125	2.1328
877.0	2.1367
876.875	2.1367
876.75	2.136
876.625	2.1375
876.5	2.1336
876.375	2.1438
876.25	2.132
876.125	2.1336
876.0	2.1336
875.875	2.1367
875.75	2.136
875.625	2.1352
875.5	2.1336
875.375	2.1352
875.25	2.1367
875.125	2.1383
875.0	2.1399
874.875	2.1352
874.75	2.1367
874.625	2.1367
874.5	2.1352
874.375	2.1352
874.25	2.1344
874.125	2.132
874.0	2.1344
873.875	2.1391
873.75	2.132
873.625	2.1297
873.5	2.1367
873.375	2.1367
873.25	2.1367
873.125	2.1336
873.0	2.1367
872.875	2.1367
872.75	2.1367
872.625	2.1336
872.5	2.132
872.375	2.136
872.25	2.132
872.125	2.136
872.0	2.1344
871.875	2.1328
871.75	2.1367
871.625	2.1367
871.5	2.132
871.375	2.1344
871.25	2.1367
871.125	2.1415
871.0	2.1336
870.875	2.1375
870.75	2.1312
870.625	2.136
870.5	2.1265
870.375	2.132
870.25	2.132
870.125	2.1367
870.0	2.132
869.875	2.1312
869.75	2.136
869.625	2.1352
869.5	2.1305
869.375	2.1328
869.25	2.1305
869.125	2.1367
869.0	2.1344
868.875	2.132
868.75	2.1336
868.625	2.1336
868.5	2.1352
868.375	2.132
868.25	2.1289
868.125	2.136
868.0	2.132
867.875	2.1289
867.75	2.1375
867.625	2.132
867.5	2.1352
867.375	2.1297
867.25	2.1328
867.125	2.1312
867.0	2.132
866.875	2.1273
866.75	2.1273
866.625	2.1289
866.5	2.1257
866.375	2.1289
866.25	2.1328
866.125	2.1242
866.0	2.125
865.875	2.1273
865.75	2.125
865.625	2.1194
865.5	2.1226
865.375	2.1273
865.25	2.1273
865.125	2.125
865.0	2.1226
864.875	2.1234
864.75	2.1273
864.625	2.1273
864.5	2.1281
864.375	2.1265
864.25	2.1273
864.125	2.132
864.0	2.132
863.875	2.125
863.75	2.1242
863.625	2.1281
863.5	2.125
863.375	2.1336
863.25	2.1289
863.125	2.1273
863.0	2.1289
862.875	2.1328
862.75	2.1281
862.625	2.1273
862.5	2.1289
862.375	2.1265
862.25	2.1305
862.125	2.1273
862.0	2.1297
861.875	2.1289
861.75	2.1273
861.625	2.1273
861.5	2.132
861.375	2.1305
861.25	2.125
861.125	2.1273
861.0	2.132
860.875	2.1242
860.75	2.1281
860.625	2.1226
860.5	2.1289
860.375	2.1234
860.25	2.125
860.125	2.132
860.0	2.1328
859.875	2.1273
859.75	2.1312
859.625	2.1218
859.5	2.1336
859.375	2.1375
859.25	2.1242
859.125	2.1273
859.0	2.1273
858.875	2.1273
858.75	2.1383
858.625	2.1273
858.5	2.1312
858.375	2.1281
858.25	2.1312
858.125	2.1305
858.0	2.1273
857.875	2.1289
857.75	2.1281
857.625	2.132
857.5	2.132
857.375	2.132
857.25	2.1289
857.125	2.1273
857.0	2.125
856.875	2.1289
856.75	2.1242
856.625	2.132
856.5	2.1273
856.375	2.1305
856.25	2.1297
856.125	2.1226
856.0	2.1242
855.875	2.1257
855.75	2.1242
855.625	2.1273
855.5	2.1265
855.375	2.1328
855.25	2.1273
855.125	2.1234
855.0	2.132
854.875	2.1273
854.75	2.1297
854.625	2.1289
854.5	2.125
854.375	2.1226
854.25	2.1257
854.125	2.1265
854.0	2.1257
853.875	2.1344
853.75	2.1257
853.625	2.1226
853.5	2.1257
853.375	2.125
853.25	2.1273
853.125	2.1273
853.0	2.125
852.875	2.1273
852.75	2.1289
852.625	2.1297
852.5	2.1273
852.375	2.1265
852.25	2.1273
852.125	2.132
852.0	2.1257
851.875	2.1289
851.75	2.1305
851.625	2.1226
851.5	2.1281
851.375	2.1281
851.25	2.1281
851.125	2.125
851.0	2.1273
850.875	2.1234
850.75	2.1305
850.625	2.1242
850.5	2.1305
850.375	2.1265
850.25	2.1273
850.125	2.1273
850.0	2.1289
849.875	2.1226
849.75	2.1202
849.625	2.1226
849.5	2.1257
849.375	2.1242
849.25	2.1242
849.125	2.1289
849.0	2.132
848.875	2.1234
848.75	2.1265
848.625	2.1273
848.5	2.1297
848.375	2.1234
848.25	2.1265
848.125	2.1312
848.0	2.1289
847.875	2.1234
847.75	2.1273
847.625	2.1234
847.5	2.1257
847.375	2.1297
847.25	2.125
847.125	2.125
847.0	2.1265
846.875	2.1257
846.75	2.1242
846.625	2.1257
846.5	2.1273
846.375	2.1297
846.25	2.1297
846.125	2.1281
846.0	2.125
845.875	2.125
845.75	2.1226
845.625	2.1234
845.5	2.1226
845.375	2.1226
845.25	2.1226
845.125	2.1242
845.0	2.1257
844.875	2.1305
844.75	2.1265
844.625	2.1226
844.5	2.1242
844.375	2.1273
844.25	2.1289
844.125	2.1273
844.0	2.125
843.875	2.1273
843.75	2.1242
843.625	2.1265
843.5	2.1273
843.375	2.1226
843.25	2.1273
843.125	2.1257
843.0	2.125
842.875	2.1226
842.75	2.1265
842.625	2.1281
842.5	2.1218
842.375	2.1226
842.25	2.1265
842.125	2.1187
842.0	2.1234
841.875	2.1202
841.75	2.1226
841.625	2.1218
841.5	2.1234
841.375	2.1257
841.25	2.1218
841.125	2.1218
841.0	2.1218
840.875	2.1179
840.75	2.1155
840.625	2.1226
840.5	2.125
840.375	2.121
840.25	2.1147
840.125	2.1226
840.0	2.1179
839.875	2.1187
839.75	2.1187
839.625	2.121
839.5	2.1257
839.375	2.1226
839.25	2.1242
839.125	2.1273
839.0	2.1226
838.875	2.1281
838.75	2.1218
838.625	2.1234
838.5	2.1226
838.375	2.1226
838.25	2.1234
838.125	2.1273
838.0	2.1265
837.875	2.1226
837.75	2.125
837.625	2.125
837.5	2.125
837.375	2.1226
837.25	2.1194
837.125	2.1273
837.0	2.132
836.875	2.1226
836.75	2.1297
836.625	2.1226
836.5	2.1273
836.375	2.1226
836.25	2.1218
836.125	2.1226
836.0	2.1297
835.875	2.1257
835.75	2.1289
835.625	2.1242
835.5	2.1273
835.375	2.1273
835.25	2.1305
835.125	2.1226
835.0	2.1297
834.875	2.1289
834.75	2.1226
834.625	2.1163
834.5	2.1305
834.375	2.132
834.25	2.1171
834.125	2.1281
834.0	2.1226
833.875	2.1242
833.75	2.1273
833.625	2.1226
833.5	2.1281
833.375	2.1226
833.25	2.125
833.125	2.1242
833.0	2.1273
832.875	2.1242
832.75	2.1202
832.625	2.1265
832.5	2.1257
832.375	2.1242
832.25	2.1194
832.125	2.1179
832.0	2.1194
831.875	2.1273
831.75	2.1257
831.625	2.1226
831.5	2.1202
831.375	2.1226
831.25	2.1242
831.125	2.1289
831.0	2.1234
830.875	2.1273
830.75	2.1234
830.625	2.125
830.5	2.1226
830.375	2.1234
830.25	2.1234
830.125	2.1226
830.0	2.1257
829.875	2.1171
829.75	2.1226
829.625	2.1265
829.5	2.1226
829.375	2.1187
829.25	2.1242
829.125	2.1171
829.0	2.1226
828.875	2.1187
828.75	2.1194
828.625	2.1147
828.5	2.1194
828.375	2.1226
828.25	2.1171
828.125	2.1179
828.0	2.1218
827.875	2.1187
827.75	2.1194
827.625	2.1226
827.5	2.1273
827.375	2.1234
827.25	2.1226
827.125	2.1187
827.0	2.1179
826.875	2.1202
826.75	2.1218
826.625	2.1218
826.5	2.1242
826.375	2.1139
826.25	2.1226
826.125	2.1179
826.0	2.1194
825.875	2.1132
825.75	2.1179
825.625	2.1257
825.5	2.1179
825.375	2.1139
825.25	2.1226
825.125	2.1179
825.0	2.1179
824.875	2.1187
824.75	2.1281
824.625	2.1218
824.5	2.1194
824.375	2.1179
824.25	2.1226
824.125	2.1226
824.0	2.1179
823.875	2.1187
823.75	2.1202
823.625	2.1187
823.5	2.1226
823.375	2.1171
823.25	2.1194
823.125	2.1226
823.0	2.1226
822.875	2.1226
822.75	2.1234
822.625	2.1187
822.5	2.1226
822.375	2.1257
822.25	2.1179
822.125	2.1218
822.0	2.1179
821.875	2.1226
821.75	2.1187
821.625	2.1257
821.5	2.1242
821.375	2.1257
821.25	2.1226
821.125	2.1194
821.0	2.125
820.875	2.1179
820.75	2.1226
820.625	2.1202
820.5	2.1187
820.375	2.1257
820.25	2.1202
820.125	2.121
820.0	2.1202
819.875	2.1202
819.75	2.1187
819.625	2.1226
819.5	2.1202
819.375	2.1242
819.25	2.1194
819.125	2.1226
819.0	2.1194
818.875	2.1202
818.75	2.1179
818.625	2.1226
818.5	2.1226
818.375	2.1218
818.25	2.125
818.125	2.1273
818.0	2.1155
817.875	2.1218
817.75	2.121
817.625	2.121
817.5	2.1234
817.375	2.1202
817.25	2.1234
817.125	2.1187
817.0	2.1194
816.875	2.1187
816.75	2.1187
816.625	2.1226
816.5	2.121
816.375	2.1147
816.25	2.1194
816.125	2.1187
816.0	2.1226
815.875	2.1179
815.75	2.1171
815.625	2.1108
815.5	2.1132
815.375	2.1179
815.25	2.1179
815.125	2.1194
815.0	2.1179
814.875	2.1179
814.75	2.1179
814.625	2.1139
814.5	2.1163
814.375	2.1226
814.25	2.1179
814.125	2.121
814.0	2.1179
813.875	2.1202
813.75	2.121
813.625	2.1218
813.5	2.1179
813.375	2.1226
813.25	2.1202
813.125	2.1194
813.0	2.1187
812.875	2.1187
812.75	2.1257
812.625	2.1187
812.5	2.1257
812.375	2.1179
812.25	2.121
812.125	2.1242
812.0	2.1234
811.875	2.1226
811.75	2.1194
811.625	2.1242
811.5	2.1226
811.375	2.1234
811.25	2.1179
811.125	2.1139
811.0	2.1226
810.875	2.1202
810.75	2.1226
810.625	2.1218
810.5	2.1187
810.375	2.1179
810.25	2.1257
810.125	2.1297
810.0	2.121
809.875	2.1242
809.75	2.1202
809.625	2.1226
809.5	2.1194
809.375	2.1297
809.25	2.1179
809.125	2.1187
809.0	2.121
808.875	2.1273
808.75	2.1202
808.625	2.1218
808.5	2.1226
808.375	2.1265
808.25	2.1202
808.125	2.1257
808.0	2.1273
807.875	2.1234
807.75	2.125
807.625	2.1234
807.5	2.1297
807.375	2.125
807.25	2.1234
807.125	2.1257
807.0	2.1234
806.875	2.1273
806.75	2.1226
806.625	2.1234
806.5	2.132
806.375	2.1257
806.25	2.1226
806.125	2.1273
806.0	2.1234
805.875	2.1226
805.75	2.1242
805.625	2.1194
805.5	2.1218
805.375	2.121
805.25	2.1226
805.125	2.1234
805.0	2.1179
804.875	2.1257
804.75	2.125
804.625	2.1257
804.5	2.1194
804.375	2.1226
804.25	2.1265
804.125	2.1194
804.0	2.121
803.875	2.1265
803.75	2.121
803.625	2.1257
803.5	2.1226
803.375	2.1273
803.25	2.125
803.125	2.1187
803.0	2.1202
802.875	2.1273
802.75	2.1202
802.625	2.1226
802.5	2.1273
802.375	2.1234
802.25	2.1179
802.125	2.1194
802.0	2.1226
801.875	2.1218
801.75	2.121
801.625	2.1194
801.5	2.1194
801.375	2.1187
801.25	2.1147
801.125	2.1139
801.0	2.1194
800.875	2.1202
800.75	2.1132
800.625	2.1179
800.5	2.1257
800.375	2.1147
800.25	2.1147
800.125	2.1155
800.0	2.1226
799.875	2.1194
799.75	2.1139
799.625	2.1179
799.5	2.1226
799.375	2.1194
799.25	2.1155
799.125	2.1179
799.0	2.1163
798.875	2.1171
798.75	2.1179
798.625	2.1163
798.5	2.1202
798.375	2.1202
798.25	2.1202
798.125	2.1194
798.0	2.1187
797.875	2.1132
797.75	2.1187
797.625	2.1179
797.5	2.1179
797.375	2.1179
797.25	2.1116
797.125	2.1202
797.0	2.1132
796.875	2.1139
796.75	2.121
796.625	2.1179
796.5	2.1187
796.375	2.1202
796.25	2.1218
796.125	2.1163
796.0	2.1179
795.875	2.1179
795.75	2.1202
795.625	2.1171
795.5	2.1147
795.375	2.1171
795.25	2.1139
795.125	2.1179
795.0	2.1179
794.875	2.1226
794.75	2.1202
794.625	2.1226
794.5	2.1179
794.375	2.1202
794.25	2.1147
794.125	2.121
794.0	2.1179
793.875	2.1218
793.75	2.121
793.625	2.1194
793.5	2.1187
793.375	2.1163
793.25	2.1226
793.125	2.1171
793.0	2.1155
792.875	2.1179
792.75	2.1155
792.625	2.1194
792.5	2.1179
792.375	2.1179
792.25	2.1132
792.125	2.1155
792.0	2.1139
791.875	2.1179
791.75	2.1179
791.625	2.1179
791.5	2.1179
791.375	2.1116
791.25	2.1132
791.125	2.1179
791.0	2.1147
790.875	2.1084
790.75	2.1147
790.625	2.1132
790.5	2.1108
790.375	2.1132
790.25	2.1124
790.125	2.1163
790.0	2.1084
789.875	2.11
789.75	2.1116
789.625	2.1084
789.5	2.1139
789.375	2.1108
789.25	2.1132
789.125	2.1179
789.0	2.1132
788.875	2.1171
788.75	2.1147
788.625	2.1132
788.5	2.1108
788.375	2.1179
788.25	2.1132
788.125	2.1179
788.0	2.1132
787.875	2.121
787.75	2.1163
787.625	2.121
787.5	2.1194
787.375	2.1139
787.25	2.1155
787.125	2.1179
787.0	2.1179
786.875	2.1179
786.75	2.1187
786.625	2.1187
786.5	2.1226
786.375	2.1194
786.25	2.1194
786.125	2.1179
786.0	2.1179
785.875	2.1139
785.75	2.1242
785.625	2.1226
785.5	2.1179
785.375	2.1194
785.25	2.1218
785.125	2.1273
785.0	2.1226
784.875	2.1202
784.75	2.1187
784.625	2.1163
784.5	2.1226
784.375	2.1257
784.25	2.1179
784.125	2.1234
784.0	2.1218
783.875	2.121
783.75	2.1226
783.625	2.121
783.5	2.1226
783.375	2.1257
783.25	2.1179
783.125	2.1226
783.0	2.1194
782.875	2.1179
782.75	2.1226
782.625	2.1226
782.5	2.1234
782.375	2.1273
782.25	2.1226
782.125	2.1265
782.0	2.121
781.875	2.1226
781.75	2.1194
781.625	2.1257
781.5	2.1202
781.375	2.1194
781.25	2.125
781.125	2.1234
781.0	2.121
780.875	2.1226
780.75	2.1202
780.625	2.1202
780.5	2.1226
780.375	2.1226
780.25	2.1187
780.125	2.1226
780.0	2.1226
779.875	2.1226
779.75	2.1265
779.625	2.1179
779.5	2.1218
779.375	2.1202
779.25	2.1242
779.125	2.1147
779.0	2.1179
778.875	2.1163
778.75	2.1179
778.625	2.1179
778.5	2.1202
778.375	2.1234
778.25	2.1226
778.125	2.1163
778.0	2.1194
777.875	2.1179
777.75	2.1179
777.625	2.1218
777.5	2.121
777.375	2.1187
777.25	2.1179
777.125	2.1226
777.0	2.1187
776.875	2.1179
776.75	2.1194
776.625	2.1226
776.5	2.1226
776.375	2.1187
776.25	2.125
776.125	2.1187
776.0	2.1179
775.875	2.1226
775.75	2.121
775.625	2.1265
775.5	2.1265
775.375	2.1179
775.25	2.1179
775.125	2.1202
775.0	2.1179
774.875	2.1242
774.75	2.1226
774.625	2.1202
774.5	2.1194
774.375	2.1179
774.25	2.1179
774.125	2.121
774.0	2.1147
773.875	2.1218
773.75	2.1179
773.625	2.1242
773.5	2.1234
773.375	2.1234
773.25	2.1202
773.125	2.1226
773.0	2.1242
772.875	2.125
772.75	2.1226
772.625	2.1265
772.5	2.1179
772.375	2.125
772.25	2.1242
772.125	2.1242
772.0	2.1226
771.875	2.1226
771.75	2.1226
771.625	2.1289
771.5	2.1273
771.375	2.1202
771.25	2.1226
771.125	2.1226
771.0	2.1234
770.875	2.1242
770.75	2.1226
770.625	2.1273
770.5	2.121
770.375	2.1202
770.25	2.1179
770.125	2.1242
770.0	2.121
769.875	2.1147
769.75	2.1202
769.625	2.1257
769.5	2.1218
769.375	2.1226
769.25	2.1132
769.125	2.1234
769.0	2.1155
768.875	2.1218
768.75	2.121
768.625	2.1202
768.5	2.1202
768.375	2.1179
768.25	2.1155
768.125	2.1179
768.0	2.1202
767.875	2.1226
767.75	2.1179
767.625	2.1226
767.5	2.1179
767.375	2.1147
767.25	2.1179
767.125	2.1132
767.0	2.1163
766.875	2.1179
766.75	2.1218
766.625	2.1179
766.5	2.1226
766.375	2.1132
766.25	2.1194
766.125	2.1179
766.0	2.1218
765.875	2.1163
765.75	2.1163
765.625	2.1155
765.5	2.1171
765.375	2.1179
765.25	2.121
765.125	2.1179
765.0	2.1179
764.875	2.1226
764.75	2.1147
764.625	2.1171
764.5	2.1179
764.375	2.1242
764.25	2.1179
764.125	2.1273
764.0	2.1194
763.875	2.1234
763.75	2.1265
763.625	2.1163
763.5	2.1226
763.375	2.1242
763.25	2.1257
763.125	2.1257
763.0	2.1242
762.875	2.1242
762.75	2.1226
762.625	2.1194
762.5	2.1273
762.375	2.1226
762.25	2.1171
762.125	2.1226
762.0	2.1242
761.875	2.1234
761.75	2.1265
761.625	2.1226
761.5	2.1226
761.375	2.1226
761.25	2.1265
761.125	2.1226
761.0	2.132
760.875	2.1226
760.75	2.125
760.625	2.1234
760.5	2.1226
760.375	2.1289
760.25	2.1273
760.125	2.1257
760.0	2.121
759.875	2.1281
759.75	2.1226
759.625	2.1147
759.5	2.1234
759.375	2.1273
759.25	2.1273
759.125	2.125
759.0	2.1226
758.875	2.1273
758.75	2.121
758.625	2.1242
758.5	2.1179
758.375	2.1273
758.25	2.1226
758.125	2.132
758.0	2.1242
757.875	2.1257
757.75	2.1265
757.625	2.125
757.5	2.1226
757.375	2.1273
757.25	2.1257
757.125	2.1257
757.0	2.1226
756.875	2.1273
756.75	2.121
756.625	2.1234
756.5	2.121
756.375	2.121
756.25	2.1226
756.125	2.1226
756.0	2.1273
755.875	2.1147
755.75	2.121
755.625	2.1187
755.5	2.121
755.375	2.1179
755.25	2.121
755.125	2.1163
755.0	2.1194
754.875	2.125
754.75	2.1171
754.625	2.1179
754.5	2.1226
754.375	2.1163
754.25	2.1194
754.125	2.1163
754.0	2.1179
753.875	2.1179
753.75	2.1226
753.625	2.1194
753.5	2.1257
753.375	2.1179
753.25	2.1187
753.125	2.1202
753.0	2.1226
752.875	2.1147
752.75	2.1187
752.625	2.1194
752.5	2.1132
752.375	2.1226
752.25	2.1179
752.125	2.1187
752.0	2.1171
751.875	2.1163
751.75	2.1179
751.625	2.1155
751.5	2.1187
751.375	2.1194
751.25	2.1179
751.125	2.1179
751.0	2.1187
750.875	2.1202
750.75	2.1187
750.625	2.1179
750.5	2.1132
750.375	2.1194
750.25	2.1226
750.125	2.1139
750.0	2.1132
749.875	2.1147
749.75	2.1179
749.625	2.1139
749.5	2.1155
749.375	2.1226
749.25	2.1139
749.125	2.1147
749.0	2.121
748.875	2.1155
748.75	2.1187
748.625	2.1179
748.5	2.1179
748.375	2.1124
748.25	2.1116
748.125	2.1179
748.0	2.1163
747.875	2.1194
747.75	2.1155
747.625	2.1171
747.5	2.1147
747.375	2.1124
747.25	2.1116
747.125	2.1139
747.0	2.1179
746.875	2.1179
746.75	2.1163
746.625	2.1179
746.5	2.1171
746.375	2.1179
746.25	2.1218
746.125	2.1132
746.0	2.1179
745.875	2.1171
745.75	2.1132
745.625	2.1147
745.5	2.1108
745.375	2.1171
745.25	2.1132
745.125	2.1139
745.0	2.1179
744.875	2.1132
744.75	2.1179
744.625	2.121
744.5	2.1147
744.375	2.1179
744.25	2.1171
744.125	2.1226
744.0	2.1171
743.875	2.1163
743.75	2.1202
743.625	2.1163
743.5	2.1179
743.375	2.1179
743.25	2.1179
743.125	2.1179
743.0	2.1202
742.875	2.1163
742.75	2.1132
742.625	2.1163
742.5	2.1163
742.375	2.1187
742.25	2.1163
742.125	2.1179
742.0	2.1179
741.875	2.1226
741.75	2.1194
741.625	2.1163
741.5	2.1171
741.375	2.1179
741.25	2.121
741.125	2.121
741.0	2.1194
740.875	2.1139
740.75	2.1155
740.625	2.1077
740.5	2.1179
740.375	2.1132
740.25	2.1163
740.125	2.1242
740.0	2.1132
739.875	2.1171
739.75	2.1155
739.625	2.1194
739.5	2.1179
739.375	2.1218
739.25	2.1179
739.125	2.1218
739.0	2.1218
738.875	2.1218
738.75	2.1179
738.625	2.1179
738.5	2.1187
738.375	2.1265
738.25	2.1226
738.125	2.1226
738.0	2.1273
737.875	2.1202
737.75	2.1265
737.625	2.1226
737.5	2.1273
737.375	2.1226
737.25	2.125
737.125	2.1226
737.0	2.1242
736.875	2.1194
736.75	2.1234
736.625	2.1226
736.5	2.1242
736.375	2.1226
736.25	2.1226
736.125	2.1147
736.0	2.1187
735.875	2.1218
735.75	2.1226
735.625	2.121
735.5	2.1163
735.375	2.1226
735.25	2.1218
735.125	2.1234
735.0	2.1147
734.875	2.1179
734.75	2.1194
734.625	2.1139
734.5	2.1226
734.375	2.121
734.25	2.11
734.125	2.1226
734.0	2.1139
733.875	2.1202
733.75	2.1163
733.625	2.1155
733.5	2.1139
733.375	2.1194
733.25	2.1226
733.125	2.1226
733.0	2.1163
732.875	2.1179
732.75	2.1218
732.625	2.1226
732.5	2.1155
732.375	2.121
732.25	2.121
732.125	2.1218
732.0	2.1226
731.875	2.1187
731.75	2.1242
731.625	2.1273
731.5	2.1226
731.375	2.125
731.25	2.1226
731.125	2.121
731.0	2.1234
730.875	2.1273
730.75	2.1194
730.625	2.1226
730.5	2.121
730.375	2.1242
730.25	2.1226
730.125	2.1281
730.0	2.125
729.875	2.1273
729.75	2.1226
729.625	2.1234
729.5	2.121
729.375	2.1226
729.25	2.1242
729.125	2.125
729.0	2.1226
728.875	2.125
728.75	2.121
728.625	2.1273
728.5	2.1297
728.375	2.1226
728.25	2.1234
728.125	2.1218
728.0	2.1273
727.875	2.1242
727.75	2.1273
727.625	2.125
727.5	2.1226
727.375	2.1273
727.25	2.1273
727.125	2.1257
727.0	2.1265
726.875	2.1257
726.75	2.1273
726.625	2.1257
726.5	2.1297
726.375	2.1273
726.25	2.1281
726.125	2.125
726.0	2.1234
725.875	2.1281
725.75	2.1242
725.625	2.1289
725.5	2.125
725.375	2.1281
725.25	2.1273
725.125	2.1234
725.0	2.136
724.875	2.1281
724.75	2.132
724.625	2.1297
724.5	2.1273
724.375	2.1281
724.25	2.132
724.125	2.1273
724.0	2.1352
723.875	2.1265
723.75	2.1273
723.625	2.1289
723.5	2.1273
723.375	2.1281
723.25	2.1312
723.125	2.1297
723.0	2.1273
722.875	2.1257
722.75	2.1312
722.625	2.1234
722.5	2.1273
722.375	2.1281
722.25	2.1281
722.125	2.1234
722.0	2.1273
721.875	2.1273
721.75	2.1265
721.625	2.132
721.5	2.1265
721.375	2.1281
721.25	2.1289
721.125	2.1202
721.0	2.1352
720.875	2.1281
720.75	2.1234
720.625	2.1273
720.5	2.1226
720.375	2.1281
720.25	2.1242
720.125	2.1281
720.0	2.1305
719.875	2.1273
719.75	2.1281
719.625	2.1305
719.5	2.1226
719.375	2.1242
719.25	2.1234
719.125	2.1273
719.0	2.1273
718.875	2.1242
718.75	2.1265
718.625	2.1289
718.5	2.1234
718.375	2.1242
718.25	2.1194
718.125	2.1273
718.0	2.125
717.875	2.1289
717.75	2.1226
717.625	2.1273
717.5	2.1257
717.375	2.1273
717.25	2.132
717.125	2.1226
717.0	2.1289
716.875	2.1265
716.75	2.1242
716.625	2.121
716.5	2.1242
716.375	2.1273
716.25	2.125
716.125	2.1265
716.0	2.1273
715.875	2.1179
715.75	2.1187
715.625	2.1194
715.5	2.1202
715.375	2.1226
715.25	2.1179
715.125	2.1226
715.0	2.1226
714.875	2.1226
714.75	2.1202
714.625	2.1242
714.5	2.1226
714.375	2.1265
714.25	2.1305
714.125	2.1281
714.0	2.1312
713.875	2.1265
713.75	2.1234
713.625	2.1242
713.5	2.1273
713.375	2.1265
713.25	2.1226
713.125	2.1297
713.0	2.1202
712.875	2.125
712.75	2.1234
712.625	2.1273
712.5	2.1273
712.375	2.1202
712.25	2.1273
712.125	2.1226
712.0	2.1273
711.875	2.1218
711.75	2.1273
711.625	2.121
711.5	2.1273
711.375	2.125
711.25	2.1234
711.125	2.1242
711.0	2.1305
710.875	2.1234
710.75	2.1281
710.625	2.1289
710.5	2.1265
710.375	2.1218
710.25	2.1273
710.125	2.1297
710.0	2.125
709.875	2.121
709.75	2.1289
709.625	2.1194
709.5	2.1242
709.375	2.132
709.25	2.1179
709.125	2.1289
709.0	2.125
708.875	2.121
708.75	2.1305
708.625	2.1226
708.5	2.1273
708.375	2.125
708.25	2.1281
708.125	2.1289
708.0	2.1273
707.875	2.1273
707.75	2.1257
707.625	2.1234
707.5	2.1297
707.375	2.125
707.25	2.1273
707.125	2.1281
707.0	2.1273
706.875	2.1273
706.75	2.1226
706.625	2.132
706.5	2.1273
706.375	2.132
706.25	2.1242
706.125	2.1289
706.0	2.1297
705.875	2.1305
705.75	2.1234
705.625	2.1312
705.5	2.1226
705.375	2.1273
705.25	2.1297
705.125	2.1273
705.0	2.1273
704.875	2.1273
704.75	2.1273
704.625	2.1289
704.5	2.1273
704.375	2.1273
704.25	2.1273
704.125	2.1257
704.0	2.1226
703.875	2.1297
703.75	2.1273
703.625	2.1226
703.5	2.1242
703.375	2.1273
703.25	2.1226
703.125	2.1226
703.0	2.1257
702.875	2.1226
702.75	2.1226
702.625	2.1226
702.5	2.1273
702.375	2.1242
702.25	2.1281
702.125	2.1226
702.0	2.1281
701.875	2.1273
701.75	2.1297
701.625	2.1194
701.5	2.1226
701.375	2.1194
701.25	2.1265
701.125	2.1281
701.0	2.1226
700.875	2.1226
700.75	2.1336
700.625	2.1242
700.5	2.1273
700.375	2.1273
700.25	2.1281
700.125	2.1273
700.0	2.1202
699.875	2.125
699.75	2.125
699.625	2.1257
699.5	2.1234
699.375	2.1257
699.25	2.1234
699.125	2.1265
699.0	2.1289
698.875	2.1202
698.75	2.1265
698.625	2.1226
698.5	2.1257
698.375	2.1226
698.25	2.1273
698.125	2.1242
698.0	2.1312
697.875	2.1289
697.75	2.1257
697.625	2.1234
697.5	2.1242
697.375	2.1297
697.25	2.1242
697.125	2.1305
697.0	2.1305
696.875	2.125
696.75	2.1234
696.625	2.1226
696.5	2.1289
696.375	2.132
696.25	2.1273
696.125	2.125
696.0	2.1226
695.875	2.125
695.75	2.1226
695.625	2.1202
695.5	2.1179
695.375	2.1194
695.25	2.1257
695.125	2.1234
695.0	2.1273
694.875	2.1226
694.75	2.1226
694.625	2.1234
694.5	2.1273
694.375	2.1257
694.25	2.1226
694.125	2.1281
694.0	2.1257
693.875	2.1273
693.75	2.1273
693.625	2.1273
693.5	2.125
693.375	2.1273
693.25	2.1305
693.125	2.1242
693.0	2.1234
692.875	2.1234
692.75	2.1265
692.625	2.1234
692.5	2.1273
692.375	2.125
692.25	2.1305
692.125	2.1265
692.0	2.1257
691.875	2.125
691.75	2.1226
691.625	2.1273
691.5	2.1273
691.375	2.121
691.25	2.1234
691.125	2.1202
691.0	2.1226
690.875	2.1194
690.75	2.1194
690.625	2.1179
690.5	2.1218
690.375	2.125
690.25	2.1147
690.125	2.1273
690.0	2.1147
689.875	2.1187
689.75	2.121
689.625	2.1226
689.5	2.1226
689.375	2.1218
689.25	2.1179
689.125	2.1257
689.0	2.1218
688.875	2.125
688.75	2.1194
688.625	2.1226
688.5	2.1242
688.375	2.1226
688.25	2.1257
688.125	2.1273
688.0	2.1242
687.875	2.1273
687.75	2.1226
687.625	2.1226
687.5	2.1289
687.375	2.1179
687.25	2.1242
687.125	2.1242
687.0	2.1273
686.875	2.1234
686.75	2.1273
686.625	2.1281
686.5	2.1202
686.375	2.1273
686.25	2.1273
686.125	2.1179
686.0	2.1273
685.875	2.1163
685.75	2.1242
685.625	2.1226
685.5	2.1187
685.375	2.1187
685.25	2.1234
685.125	2.1289
685.0	2.1194
684.875	2.1218
684.75	2.1218
684.625	2.1163
684.5	2.1218
684.375	2.1226
684.25	2.1179
684.125	2.1187
684.0	2.121
683.875	2.125
683.75	2.1297
683.625	2.1218
683.5	2.1187
683.375	2.1265
683.25	2.121
683.125	2.1179
683.0	2.1226
682.875	2.125
682.75	2.1273
682.625	2.1179
682.5	2.121
682.375	2.1273
682.25	2.125
682.125	2.1281
682.0	2.1226
681.875	2.1273
681.75	2.121
681.625	2.1226
681.5	2.1257
681.375	2.1226
681.25	2.1202
681.125	2.1226
681.0	2.1289
680.875	2.1218
680.75	2.1187
680.625	2.1226
680.5	2.1257
680.375	2.1194
680.25	2.121
680.125	2.125
680.0	2.125
679.875	2.121
679.75	2.1242
679.625	2.1202
679.5	2.1226
679.375	2.1257
679.25	2.1265
679.125	2.1226
679.0	2.121
678.875	2.1179
678.75	2.1226
678.625	2.1179
678.5	2.1226
678.375	2.1234
678.25	2.1226
678.125	2.1273
678.0	2.1226
677.875	2.1226
677.75	2.1257
677.625	2.1226
677.5	2.1273
677.375	2.1226
677.25	2.1257
677.125	2.1226
677.0	2.1187
676.875	2.1265
676.75	2.1226
676.625	2.1234
676.5	2.1273
676.375	2.1179
676.25	2.1226
676.125	2.1234
676.0	2.1226
675.875	2.1273
675.75	2.1187
675.625	2.1257
675.5	2.1328
675.375	2.1179
675.25	2.1132
675.125	2.125
675.0	2.1179
674.875	2.1242
674.75	2.1226
674.625	2.1226
674.5	2.1234
674.375	2.125
674.25	2.1242
674.125	2.1194
674.0	2.1226
673.875	2.1226
673.75	2.1226
673.625	2.121
673.5	2.1187
673.375	2.1273
673.25	2.1218
673.125	2.1265
673.0	2.1281
672.875	2.125
672.75	2.1265
672.625	2.1234
672.5	2.1194
672.375	2.1265
672.25	2.121
672.125	2.1265
672.0	2.1226
671.875	2.1226
671.75	2.1265
671.625	2.1273
671.5	2.1242
671.375	2.1202
671.25	2.1265
671.125	2.1242
671.0	2.1281
670.875	2.132
670.75	2.1187
670.625	2.125
670.5	2.121
670.375	2.1257
670.25	2.1226
670.125	2.1242
670.0	2.1226
669.875	2.1234
669.75	2.1234
669.625	2.1273
669.5	2.125
669.375	2.125
669.25	2.1265
669.125	2.125
669.0	2.121
668.875	2.1273
668.75	2.1265
668.625	2.132
668.5	2.121
668.375	2.1273
668.25	2.1273
668.125	2.1187
668.0	2.1273
667.875	2.1273
667.75	2.1273
667.625	2.1257
667.5	2.1273
667.375	2.1273
667.25	2.1273
667.125	2.1242
667.0	2.1273
666.875	2.1257
666.75	2.1202
666.625	2.1273
666.5	2.1265
666.375	2.1234
666.25	2.1273
666.125	2.125
666.0	2.1194
665.875	2.1179
665.75	2.1202
665.625	2.1179
665.5	2.121
665.375	2.1155
665.25	2.1132
665.125	2.1226
665.0	2.121
664.875	2.1257
664.75	2.1226
664.625	2.1226
664.5	2.1265
664.375	2.1218
664.25	2.1218
664.125	2.1257
664.0	2.1226
663.875	2.1234
663.75	2.1242
663.625	2.1234
663.5	2.1242
663.375	2.1273
663.25	2.121
663.125	2.1273
663.0	2.1265
662.875	2.1234
662.75	2.1273
662.625	2.1273
662.5	2.1257
662.375	2.1273
662.25	2.125
662.125	2.1257
662.0	2.1265
661.875	2.1242
661.75	2.1218
661.625	2.1281
661.5	2.1273
661.375	2.1289
661.25	2.125
661.125	2.1179
661.0	2.1297
660.875	2.1226
660.75	2.1273
660.625	2.1297
660.5	2.1226
660.375	2.1187
660.25	2.1179
660.125	2.1273
660.0	2.1234
659.875	2.1257
659.75	2.1226
659.625	2.1194
659.5	2.1273
659.375	2.1289
659.25	2.1273
659.125	2.1265
659.0	2.1202
658.875	2.1273
658.75	2.1273
658.625	2.1226
658.5	2.1226
658.375	2.1297
658.25	2.1265
658.125	2.1273
658.0	2.1257
657.875	2.1194
657.75	2.1328
657.625	2.125
657.5	2.1281
657.375	2.1289
657.25	2.1305
657.125	2.1226
657.0	2.1312
656.875	2.1218
656.75	2.1281
656.625	2.1297
656.5	2.1226
656.375	2.1273
656.25	2.1257
656.125	2.1257
656.0	2.1265
655.875	2.1273
655.75	2.1242
655.625	2.1273
655.5	2.132
655.375	2.1273
655.25	2.132
655.125	2.1273
655.0	2.1265
654.875	2.1265
654.75	2.1289
654.625	2.1273
654.5	2.1265
654.375	2.1297
654.25	2.1281
654.125	2.1265
654.0	2.132
653.875	2.1289
653.75	2.1289
653.625	2.1273
653.5	2.132
653.375	2.125
653.25	2.1273
653.125	2.1297
653.0	2.1273
652.875	2.1281
652.75	2.1289
652.625	2.1312
652.5	2.1273
652.375	2.1218
652.25	2.1226
652.125	2.1226
652.0	2.1234
651.875	2.1273
651.75	2.1265
651.625	2.125
651.5	2.1273
651.375	2.1273
651.25	2.1305
651.125	2.132
651.0	2.1273
650.875	2.1273
650.75	2.1226
650.625	2.1273
650.5	2.1265
650.375	2.1234
650.25	2.1289
650.125	2.1234
650.0	2.1265
649.875	2.1226
649.75	2.1273
649.625	2.1281
649.5	2.1305
649.375	2.1242
649.25	2.1265
649.125	2.1257
649.0	2.1265
648.875	2.1289
648.75	2.1226
648.625	2.1273
648.5	2.1289
648.375	2.125
648.25	2.1297
648.125	2.1257
648.0	2.1265
647.875	2.1305
647.75	2.1234
647.625	2.1281
647.5	2.1289
647.375	2.1226
647.25	2.1226
647.125	2.1281
647.0	2.1218
646.875	2.132
646.75	2.1202
646.625	2.1289
646.5	2.1257
646.375	2.1289
646.25	2.1312
646.125	2.1273
646.0	2.1273
645.875	2.1289
645.75	2.1257
645.625	2.1265
645.5	2.1273
645.375	2.1289
645.25	2.1187
645.125	2.132
645.0	2.1328
644.875	2.125
644.75	2.1273
644.625	2.1297
644.5	2.1234
644.375	2.125
644.25	2.125
644.125	2.1273
644.0	2.125
643.875	2.1242
643.75	2.1273
643.625	2.1297
643.5	2.1242
643.375	2.1297
643.25	2.1226
643.125	2.1257
643.0	2.1281
642.875	2.125
642.75	2.1305
642.625	2.1273
642.5	2.1257
642.375	2.1257
642.25	2.1281
642.125	2.121
642.0	2.1265
641.875	2.1242
641.75	2.1273
641.625	2.1194
641.5	2.1273
641.375	2.125
641.25	2.1273
641.125	2.1218
641.0	2.1226
640.875	2.125
640.75	2.1226
640.625	2.1194
640.5	2.1226
640.375	2.1226
640.25	2.1226
640.125	2.1242
640.0	2.1273
639.875	2.1179
639.75	2.1187
639.625	2.125
639.5	2.125
639.375	2.1265
639.25	2.1194
639.125	2.1257
639.0	2.1226
638.875	2.125
638.75	2.1171
638.625	2.1273
638.5	2.1242
638.375	2.125
638.25	2.1242
638.125	2.125
638.0	2.1226
637.875	2.1273
637.75	2.1273
637.625	2.1218
637.5	2.1202
637.375	2.1218
637.25	2.1265
637.125	2.1187
637.0	2.1273
636.875	2.1194
636.75	2.1281
636.625	2.1179
636.5	2.1297
636.375	2.1234
636.25	2.1202
636.125	2.1155
636.0	2.1273
635.875	2.1226
635.75	2.1218
635.625	2.1179
635.5	2.121
635.375	2.1179
635.25	2.1265
635.125	2.132
635.0	2.1202
634.875	2.1257
634.75	2.1155
634.625	2.1147
634.5	2.1218
634.375	2.132
634.25	2.1218
634.125	2.1218
634.0	2.1234
633.875	2.1242
633.75	2.1265
633.625	2.125
633.5	2.1226
633.375	2.1273
633.25	2.1234
633.125	2.1202
633.0	2.1226
632.875	2.1297
632.75	2.1281
632.625	2.1265
632.5	2.1273
632.375	2.1273
632.25	2.1273
632.125	2.1226
632.0	2.125
631.875	2.1297
631.75	2.1297
631.625	2.1281
631.5	2.1242
631.375	2.125
631.25	2.1273
631.125	2.125
631.0	2.1273
630.875	2.1226
630.75	2.1289
630.625	2.125
630.5	2.1257
630.375	2.1312
630.25	2.1242
630.125	2.125
630.0	2.1234
629.875	2.1226
629.75	2.1257
629.625	2.1273
629.5	2.1273
629.375	2.125
629.25	2.1273
629.125	2.1265
629.0	2.1281
628.875	2.1179
628.75	2.1234
628.625	2.1281
628.5	2.1242
628.375	2.125
628.25	2.121
628.125	2.1273
628.0	2.1226
627.875	2.1226
627.75	2.1218
627.625	2.1312
627.5	2.1242
627.375	2.1257
627.25	2.1281
627.125	2.1273
627.0	2.1226
626.875	2.1273
626.75	2.1265
626.625	2.1226
626.5	2.1234
626.375	2.1242
626.25	2.1273
626.125	2.1273
626.0	2.1281
625.875	2.1242
625.75	2.1273
625.625	2.1265
625.5	2.1234
625.375	2.1273
625.25	2.1281
625.125	2.1202
625.0	2.1218
624.875	2.1265
624.75	2.1234
624.625	2.1273
624.5	2.1234
624.375	2.1273
624.25	2.121
624.125	2.125
624.0	2.1218
623.875	2.1234
623.75	2.1218
623.625	2.125
623.5	2.1242
623.375	2.1234
623.25	2.125
623.125	2.1273
623.0	2.1226
622.875	2.132
622.75	2.1289
622.625	2.1226
622.5	2.125
622.375	2.1297
622.25	2.1257
622.125	2.1297
622.0	2.1273
621.875	2.1273
621.75	2.1297
621.625	2.1289
621.5	2.1265
621.375	2.1234
621.25	2.1265
621.125	2.1257
621.0	2.1281
620.875	2.1242
620.75	2.125
620.625	2.1297
620.5	2.1242
620.375	2.1297
620.25	2.1226
620.125	2.125
620.0	2.1265
619.875	2.1273
619.75	2.1242
619.625	2.1305
619.5	2.1289
619.375	2.1265
619.25	2.1218
619.125	2.1312
619.0	2.1242
618.875	2.1305
618.75	2.132
618.625	2.1257
618.5	2.1234
618.375	2.1273
618.25	2.1242
618.125	2.1273
618.0	2.132
617.875	2.1273
617.75	2.1297
617.625	2.1234
617.5	2.1234
617.375	2.1273
617.25	2.1242
617.125	2.1179
617.0	2.1202
616.875	2.1265
616.75	2.1281
616.625	2.1234
616.5	2.125
616.375	2.1187
616.25	2.1281
616.125	2.1273
616.0	2.1242
615.875	2.1257
615.75	2.1218
615.625	2.1187
615.5	2.1226
615.375	2.1155
615.25	2.1226
615.125	2.1226
615.0	2.1155
614.875	2.1187
614.75	2.121
614.625	2.121
614.5	2.1226
614.375	2.1226
614.25	2.1234
614.125	2.1257
614.0	2.125
613.875	2.1281
613.75	2.1226
613.625	2.1273
613.5	2.1257
613.375	2.1273
613.25	2.1226
613.125	2.1273
613.0	2.1257
612.875	2.1242
612.75	2.1187
612.625	2.1234
612.5	2.1194
612.375	2.1218
612.25	2.1202
612.125	2.1226
612.0	2.1234
611.875	2.1226
611.75	2.1305
611.625	2.1234
611.5	2.1234
611.375	2.1234
611.25	2.1242
611.125	2.1218
611.0	2.1312
610.875	2.121
610.75	2.1218
610.625	2.1265
610.5	2.1242
610.375	2.1218
610.25	2.1242
610.125	2.132
610.0	2.1226
609.875	2.1273
609.75	2.1194
609.625	2.1179
609.5	2.1179
609.375	2.1312
609.25	2.121
609.125	2.1194
609.0	2.1218
608.875	2.121
608.75	2.1226
608.625	2.1226
608.5	2.1273
608.375	2.125
608.25	2.1257
608.125	2.1202
608.0	2.125
607.875	2.1257
607.75	2.1226
607.625	2.1234
607.5	2.1187
607.375	2.1273
607.25	2.1265
607.125	2.1226
607.0	2.1242
606.875	2.1171
606.75	2.1179
606.625	2.1187
606.5	2.1273
606.375	2.1257
606.25	2.1273
606.125	2.1226
606.0	2.1226
605.875	2.1194
605.75	2.1226
605.625	2.1242
605.5	2.1226
605.375	2.121
605.25	2.1281
605.125	2.1257
605.0	2.121
604.875	2.1273
604.75	2.1242
604.625	2.1218
604.5	2.125
604.375	2.1226
604.25	2.1257
604.125	2.1234
604.0	2.1265
603.875	2.1226
603.75	2.1242
603.625	2.1226
603.5	2.1273
603.375	2.1179
603.25	2.1257
603.125	2.1194
603.0	2.1226
602.875	2.1234
602.75	2.1273
602.625	2.1226
602.5	2.125
602.375	2.1273
602.25	2.1273
602.125	2.121
602.0	2.1226
601.875	2.1273
601.75	2.1242
601.625	2.1242
601.5	2.1202
601.375	2.1226
601.25	2.1226
601.125	2.1242
601.0	2.1226
600.875	2.125
600.75	2.125
600.625	2.1242
600.5	2.1226
600.375	2.1273
600.25	2.125
600.125	2.1257
600.0	2.1234
599.875	2.1202
599.75	2.1242
599.625	2.121
599.5	2.1265
599.375	2.1187
599.25	2.1273
599.125	2.1273
599.0	2.1265
598.875	2.1242
598.75	2.1273
598.625	2.1273
598.5	2.1242
598.375	2.1226
598.25	2.1234
598.125	2.1234
598.0	2.1265
597.875	2.1226
597.75	2.1242
597.625	2.1281
597.5	2.1273
597.375	2.1297
597.25	2.1226
597.125	2.1226
597.0	2.1226
596.875	2.1257
596.75	2.1226
596.625	2.1273
596.5	2.121
596.375	2.1226
596.25	2.1242
596.125	2.125
596.0	2.1273
595.875	2.1242
595.75	2.121
595.625	2.1289
595.5	2.121
595.375	2.1281
595.25	2.1226
595.125	2.1273
595.0	2.1265
594.875	2.1202
594.75	2.1265
594.625	2.1265
594.5	2.1273
594.375	2.1242
594.25	2.1226
594.125	2.1281
594.0	2.1273
593.875	2.1273
593.75	2.1226
593.625	2.1273
593.5	2.1257
593.375	2.1257
593.25	2.1273
593.125	2.1218
593.0	2.121
592.875	2.1273
592.75	2.1265
592.625	2.1265
592.5	2.1242
592.375	2.1226
592.25	2.1273
592.125	2.1226
592.0	2.121
591.875	2.1234
591.75	2.1281
591.625	2.1257
591.5	2.121
591.375	2.1242
591.25	2.1226
591.125	2.121
591.0	2.1194
590.875	2.121
590.75	2.1257
590.625	2.1179
590.5	2.1226
590.375	2.1226
590.25	2.1226
590.125	2.121
590.0	2.1226
589.875	2.1171
589.75	2.1187
589.625	2.1179
589.5	2.1257
589.375	2.1226
589.25	2.125
589.125	2.1273
589.0	2.1226
588.875	2.121
588.75	2.1265
588.625	2.125
588.5	2.1226
588.375	2.1234
588.25	2.1226
588.125	2.1281
588.0	2.1234
587.875	2.132
587.75	2.1257
587.625	2.1163
587.5	2.1265
587.375	2.1187
587.25	2.1226
587.125	2.1218
587.0	2.125
586.875	2.1226
586.75	2.1257
586.625	2.1265
586.5	2.1226
586.375	2.1273
586.25	2.1242
586.125	2.1226
586.0	2.1297
585.875	2.1226
585.75	2.1242
585.625	2.1273
585.5	2.1234
585.375	2.121
585.25	2.1312
585.125	2.1297
585.0	2.1171
584.875	2.1273
584.75	2.1234
584.625	2.1163
584.5	2.1257
584.375	2.1273
584.25	2.1194
584.125	2.1257
584.0	2.1194
583.875	2.1297
583.75	2.1312
583.625	2.1202
583.5	2.1226
583.375	2.1289
583.25	2.1273
583.125	2.1234
583.0	2.1281
582.875	2.1273
582.75	2.1273
582.625	2.1226
582.5	2.1234
582.375	2.1273
582.25	2.125
582.125	2.1273
582.0	2.1202
581.875	2.1226
581.75	2.1305
581.625	2.1226
581.5	2.1226
581.375	2.1273
581.25	2.1281
581.125	2.1289
581.0	2.1273
580.875	2.1226
580.75	2.125
580.625	2.1312
580.5	2.1242
580.375	2.1273
580.25	2.1273
580.125	2.1273
580.0	2.1273
579.875	2.1257
579.75	2.1273
579.625	2.1281
579.5	2.1187
579.375	2.1281
579.25	2.1257
579.125	2.1273
579.0	2.1289
578.875	2.1273
578.75	2.1273
578.625	2.1273
578.5	2.1281
578.375	2.1226
578.25	2.1257
578.125	2.1281
578.0	2.1289
577.875	2.1265
577.75	2.1344
577.625	2.1281
577.5	2.1273
577.375	2.1297
577.25	2.1242
577.125	2.1281
577.0	2.132
576.875	2.1273
576.75	2.1281
576.625	2.1328
576.5	2.1297
576.375	2.132
576.25	2.1273
576.125	2.1312
576.0	2.1273
575.875	2.1273
575.75	2.1265
575.625	2.132
575.5	2.136
575.375	2.1305
575.25	2.1273
575.125	2.1281
575.0	2.1226
574.875	2.132
574.75	2.1242
574.625	2.1273
574.5	2.1297
574.375	2.132
574.25	2.1234
574.125	2.132
574.0	2.132
573.875	2.1273
573.75	2.1281
573.625	2.1234
573.5	2.1273
573.375	2.1312
573.25	2.132
573.125	2.1328
573.0	2.132
572.875	2.1289
572.75	2.1289
572.625	2.1289
572.5	2.1305
572.375	2.125
572.25	2.1312
572.125	2.1257
572.0	2.132
571.875	2.125
571.75	2.132
571.625	2.1281
571.5	2.1242
571.375	2.1305
571.25	2.1242
571.125	2.1234
571.0	2.1344
570.875	2.1273
570.75	2.125
570.625	2.1265
570.5	2.1226
570.375	2.1226
570.25	2.125
570.125	2.1273
570.0	2.1273
569.875	2.125
569.75	2.1281
569.625	2.1265
569.5	2.1265
569.375	2.1226
569.25	2.1234
569.125	2.1289
569.0	2.1257
568.875	2.1257
568.75	2.1226
568.625	2.1226
568.5	2.125
568.375	2.1242
568.25	2.1305
568.125	2.1273
568.0	2.1234
567.875	2.1289
567.75	2.1257
567.625	2.1226
567.5	2.1257
567.375	2.1218
567.25	2.1273
567.125	2.1179
567.0	2.1179
566.875	2.1265
566.75	2.1265
566.625	2.121
566.5	2.1281
566.375	2.1226
566.25	2.1226
566.125	2.125
566.0	2.1218
565.875	2.1202
565.75	2.1194
565.625	2.1155
565.5	2.121
565.375	2.1147
565.25	2.1179
565.125	2.1194
565.0	2.1179
564.875	2.1202
564.75	2.1226
564.625	2.1187
564.5	2.1265
564.375	2.1218
564.25	2.1171
564.125	2.1257
564.0	2.1265
563.875	2.1234
563.75	2.1226
563.625	2.1171
563.5	2.1226
563.375	2.1226
563.25	2.1147
563.125	2.1226
563.0	2.1242
562.875	2.1257
562.75	2.1226
562.625	2.1218
562.5	2.1226
562.375	2.1226
562.25	2.1171
562.125	2.1226
562.0	2.1273
561.875	2.1226
561.75	2.1226
561.625	2.1194
561.5	2.1273
561.375	2.1265
561.25	2.1218
561.125	2.125
561.0	2.1281
560.875	2.1226
560.75	2.1234
560.625	2.1257
560.5	2.125
560.375	2.1242
560.25	2.1226
560.125	2.1242
560.0	2.1234
559.875	2.1194
559.75	2.1234
559.625	2.1179
559.5	2.1265
559.375	2.1273
559.25	2.1234
559.125	2.1257
559.0	2.1226
558.875	2.121
558.75	2.1226
558.625	2.1273
558.5	2.1226
558.375	2.1273
558.25	2.1273
558.125	2.1163
558.0	2.1226
557.875	2.1226
557.75	2.1242
557.625	2.1226
557.5	2.125
557.375	2.1226
557.25	2.1194
557.125	2.1257
557.0	2.1242
556.875	2.1234
556.75	2.1226
556.625	2.1226
556.5	2.1187
556.375	2.1257
556.25	2.1234
556.125	2.1226
556.0	2.1226
555.875	2.1226
555.75	2.121
555.625	2.1242
555.5	2.1273
555.375	2.1202
555.25	2.1194
555.125	2.121
555.0	2.1234
554.875	2.1187
554.75	2.1226
554.625	2.1163
554.5	2.125
554.375	2.1226
554.25	2.1234
554.125	2.1226
554.0	2.1273
553.875	2.1194
553.75	2.121
553.625	2.1187
553.5	2.1265
553.375	2.1234
553.25	2.1234
553.125	2.1305
553.0	2.1202
552.875	2.1273
552.75	2.1273
552.625	2.1234
552.5	2.1202
552.375	2.1194
552.25	2.125
552.125	2.1202
552.0	2.125
551.875	2.1226
551.75	2.1179
551.625	2.121
551.5	2.1265
551.375	2.1226
551.25	2.1273
551.125	2.1281
551.0	2.125
550.875	2.1242
550.75	2.1226
550.625	2.1273
550.5	2.1257
550.375	2.132
550.25	2.1273
550.125	2.1273
550.0	2.1289
549.875	2.1257
549.75	2.132
549.625	2.1226
549.5	2.1312
549.375	2.1257
549.25	2.1289
549.125	2.1297
549.0	2.1273
548.875	2.132
548.75	2.1257
548.625	2.1265
548.5	2.1297
548.375	2.1273
548.25	2.1281
548.125	2.1312
548.0	2.1273
547.875	2.1352
547.75	2.1281
547.625	2.132
547.5	2.1289
547.375	2.1344
547.25	2.1265
547.125	2.1344
547.0	2.1328
546.875	2.1297
546.75	2.1312
546.625	2.1336
546.5	2.1391
546.375	2.1415
546.25	2.132
546.125	2.1297
546.0	2.132
545.875	2.1344
545.75	2.1281
545.625	2.1305
545.5	2.1312
545.375	2.1352
545.25	2.1289
545.125	2.132
545.0	2.1383
544.875	2.132
544.75	2.1344
544.625	2.136
544.5	2.132
544.375	2.1375
544.25	2.1312
544.125	2.136
544.0	2.1336
543.875	2.1344
543.75	2.1367
543.625	2.1344
543.5	2.1415
543.375	2.1367
543.25	2.1367
543.125	2.1328
543.0	2.1391
542.875	2.1415
542.75	2.1391
542.625	2.1391
542.5	2.1336
542.375	2.132
542.25	2.1399
542.125	2.1328
542.0	2.1383
541.875	2.1367
541.75	2.1399
541.625	2.1305
541.5	2.1422
541.375	2.136
541.25	2.1415
541.125	2.1312
541.0	2.1415
540.875	2.1281
540.75	2.1391
540.625	2.1257
540.5	2.1367
540.375	2.136
540.25	2.1328
540.125	2.1367
540.0	2.1328
539.875	2.1344
539.75	2.1328
539.625	2.1328
539.5	2.1407
539.375	2.1367
539.25	2.1367
539.125	2.1422
539.0	2.1391
538.875	2.1462
538.75	2.1344
538.625	2.1383
538.5	2.1383
538.375	2.1367
538.25	2.1367
538.125	2.1407
538.0	2.1383
537.875	2.143
537.75	2.1438
537.625	2.1367
537.5	2.1407
537.375	2.1367
537.25	2.1383
537.125	2.1415
537.0	2.1375
536.875	2.1415
536.75	2.1391
536.625	2.1446
536.5	2.1446
536.375	2.1383
536.25	2.1344
536.125	2.1367
536.0	2.1454
535.875	2.1375
535.75	2.1367
535.625	2.1407
535.5	2.1383
535.375	2.1383
535.25	2.1415
535.125	2.1462
535.0	2.1352
534.875	2.1438
534.75	2.1415
534.625	2.1273
534.5	2.1399
534.375	2.1462
534.25	2.1391
534.125	2.1407
534.0	2.1336
533.875	2.1399
533.75	2.1415
533.625	2.1367
533.5	2.1383
533.375	2.1438
533.25	2.1415
533.125	2.147
533.0	2.1415
532.875	2.1446
532.75	2.1422
532.625	2.1446
532.5	2.1367
532.375	2.1415
532.25	2.143
532.125	2.1391
532.0	2.1477
531.875	2.1391
531.75	2.1407
531.625	2.1446
531.5	2.1375
531.375	2.1462
531.25	2.1367
531.125	2.1415
531.0	2.1422
530.875	2.1399
530.75	2.1446
530.625	2.1422
530.5	2.1415
530.375	2.1415
530.25	2.1391
530.125	2.1391
530.0	2.1415
529.875	2.1407
529.75	2.1422
529.625	2.1391
529.5	2.1367
529.375	2.1391
529.25	2.1415
529.125	2.1422
529.0	2.1415
528.875	2.1407
528.75	2.1375
528.625	2.1415
528.5	2.1415
528.375	2.1399
528.25	2.1454
528.125	2.1399
528.0	2.1415
527.875	2.1462
527.75	2.1438
527.625	2.1462
527.5	2.1462
527.375	2.1391
527.25	2.1438
527.125	2.1407
527.0	2.1391
526.875	2.143
526.75	2.143
526.625	2.1415
526.5	2.1454
526.375	2.1422
526.25	2.1399
526.125	2.1375
526.0	2.1415
525.875	2.1415
525.75	2.1462
525.625	2.143
525.5	2.1454
525.375	2.143
525.25	2.1422
525.125	2.1462
525.0	2.143
524.875	2.147
524.75	2.1462
524.625	2.1462
524.5	2.1415
524.375	2.1454
524.25	2.147
524.125	2.143
524.0	2.147
523.875	2.143
523.75	2.1438
523.625	2.147
523.5	2.147
523.375	2.1422
523.25	2.1438
523.125	2.1462
523.0	2.1493
522.875	2.1415
522.75	2.1501
522.625	2.1462
522.5	2.1462
522.375	2.1477
522.25	2.1462
522.125	2.1454
522.0	2.1462
521.875	2.143
521.75	2.1533
521.625	2.1422
521.5	2.1438
521.375	2.1462
521.25	2.1509
521.125	2.1399
521.0	2.1485
520.875	2.1462
520.75	2.1415
520.625	2.1462
520.5	2.1422
520.375	2.1462
520.25	2.1462
520.125	2.1399
520.0	2.1454
519.875	2.1446
519.75	2.1446
519.625	2.1485
519.5	2.1462
519.375	2.1533
519.25	2.1462
519.125	2.1477
519.0	2.143
518.875	2.1438
518.75	2.1415
518.625	2.1477
518.5	2.143
518.375	2.1415
518.25	2.1509
518.125	2.1454
518.0	2.1446
517.875	2.1446
517.75	2.1422
517.625	2.1477
517.5	2.1415
517.375	2.1383
517.25	2.1391
517.125	2.1399
517.0	2.143
516.875	2.1391
516.75	2.1415
516.625	2.1415
516.5	2.1415
516.375	2.1367
516.25	2.1367
516.125	2.1399
516.0	2.1367
515.875	2.1297
515.75	2.132
515.625	2.132
515.5	2.143
515.375	2.1422
515.25	2.1344
515.125	2.1391
515.0	2.1391
514.875	2.1383
514.75	2.1367
514.625	2.1407
514.5	2.1415
514.375	2.1415
514.25	2.1415
514.125	2.1422
514.0	2.1383
513.875	2.1438
513.75	2.1415
513.625	2.1407
513.5	2.1375
513.375	2.1438
513.25	2.1383
513.125	2.143
513.0	2.1415
512.875	2.1446
512.75	2.143
512.625	2.143
512.5	2.1415
512.375	2.143
512.25	2.1375
512.125	2.1422
512.0	2.1501
511.875	2.1399
511.75	2.1462
511.625	2.1383
511.5	2.1462
511.375	2.1383
511.25	2.1454
511.125	2.1415
511.0	2.1462
510.875	2.1367
510.75	2.1422
510.625	2.1415
510.5	2.1454
510.375	2.143
510.25	2.1422
510.125	2.1438
510.0	2.1391
509.875	2.1422
509.75	2.1415
509.625	2.1399
509.5	2.143
509.375	2.1462
509.25	2.1375
509.125	2.1415
509.0	2.1407
508.875	2.1462
508.75	2.1438
508.625	2.1446
508.5	2.1454
508.375	2.1454
508.25	2.1415
508.125	2.1454
508.0	2.1399
507.875	2.1415
507.75	2.147
507.625	2.1422
507.5	2.143
507.375	2.1446
507.25	2.1391
507.125	2.143
507.0	2.1399
506.875	2.1438
506.75	2.1407
506.625	2.1446
506.5	2.1415
506.375	2.1422
506.25	2.1415
506.125	2.1493
506.0	2.1383
505.875	2.1446
505.75	2.1462
505.625	2.1391
505.5	2.1446
505.375	2.1415
505.25	2.1415
505.125	2.143
505.0	2.1485
504.875	2.1462
504.75	2.143
504.625	2.1407
504.5	2.1438
504.375	2.1422
504.25	2.1438
504.125	2.1462
504.0	2.1422
503.875	2.1422
503.75	2.1391
503.625	2.1415
503.5	2.1454
503.375	2.1391
503.25	2.1415
503.125	2.1399
503.0	2.1422
502.875	2.1462
502.75	2.1375
502.625	2.1415
502.5	2.1438
502.375	2.1415
502.25	2.1415
502.125	2.1407
502.0	2.1367
501.875	2.143
501.75	2.1415
501.625	2.1422
501.5	2.1367
501.375	2.136
501.25	2.1415
501.125	2.1407
501.0	2.1415
500.875	2.1415
500.75	2.1454
500.625	2.1375
500.5	2.1454
500.375	2.1375
500.25	2.1415
500.125	2.1415
500.0	2.1383
499.875	2.1367
499.75	2.1422
499.625	2.1415
499.5	2.1415
499.375	2.1415
499.25	2.1367
499.125	2.143
499.0	2.1399
498.875	2.1462
498.75	2.1485
498.625	2.1415
498.5	2.1454
498.375	2.1462
498.25	2.1415
498.125	2.1407
498.0	2.1407
497.875	2.1462
497.75	2.1438
497.625	2.1415
497.5	2.1422
497.375	2.1438
497.25	2.1415
497.125	2.1422
497.0	2.1446
496.875	2.1415
496.75	2.1367
496.625	2.1415
496.5	2.1367
496.375	2.1454
496.25	2.1407
496.125	2.1399
496.0	2.1415
495.875	2.1438
495.75	2.136
495.625	2.1367
495.5	2.136
495.375	2.1399
495.25	2.1352
495.125	2.136
495.0	2.1367
494.875	2.1415
494.75	2.1297
494.625	2.1375
494.5	2.1415
494.375	2.136
494.25	2.1391
494.125	2.1415
494.0	2.1367
493.875	2.1422
493.75	2.1367
493.625	2.1383
493.5	2.1336
493.375	2.1367
493.25	2.1367
493.125	2.143
493.0	2.1336
492.875	2.136
492.75	2.1344
492.625	2.1383
492.5	2.1367
492.375	2.1415
492.25	2.136
492.125	2.1367
492.0	2.1391
491.875	2.1328
491.75	2.1415
491.625	2.136
491.5	2.1367
491.375	2.1312
491.25	2.1391
491.125	2.1328
491.0	2.1273
490.875	2.1305
490.75	2.1242
490.625	2.1297
490.5	2.1273
490.375	2.136
490.25	2.125
490.125	2.1273
490.0	2.132
489.875	2.1273
489.75	2.1312
489.625	2.1305
489.5	2.1383
489.375	2.1297
489.25	2.132
489.125	2.132
489.0	2.1312
488.875	2.1305
488.75	2.132
488.625	2.1305
488.5	2.1273
488.375	2.132
488.25	2.1297
488.125	2.1352
488.0	2.132
487.875	2.132
487.75	2.1297
487.625	2.132
487.5	2.132
487.375	2.1257
487.25	2.132
487.125	2.1344
487.0	2.1328
486.875	2.1281
486.75	2.1336
486.625	2.1312
486.5	2.1352
486.375	2.1336
486.25	2.136
486.125	2.125
486.0	2.1328
485.875	2.1297
485.75	2.132
485.625	2.1328
485.5	2.1281
485.375	2.1375
485.25	2.1281
485.125	2.1375
485.0	2.1234
484.875	2.1273
484.75	2.1273
484.625	2.1257
484.5	2.1305
484.375	2.1367
484.25	2.125
484.125	2.1328
484.0	2.132
483.875	2.1328
483.75	2.1297
483.625	2.1305
483.5	2.132
483.375	2.1297
483.25	2.132
483.125	2.1281
483.0	2.132
482.875	2.132
482.75	2.136
482.625	2.1273
482.5	2.132
482.375	2.1367
482.25	2.1305
482.125	2.132
482.0	2.1312
481.875	2.132
481.75	2.1289
481.625	2.1312
481.5	2.1344
481.375	2.1328
481.25	2.1289
481.125	2.1297
481.0	2.1305
480.875	2.1297
480.75	2.1312
480.625	2.1289
480.5	2.1328
480.375	2.1328
480.25	2.132
480.125	2.1305
480.0	2.132
479.875	2.1328
479.75	2.1273
479.625	2.1289
479.5	2.1297
479.375	2.1273
479.25	2.1305
479.125	2.132
479.0	2.1273
478.875	2.1312
478.75	2.1273
478.625	2.1297
478.5	2.1305
478.375	2.1305
478.25	2.1265
478.125	2.1273
478.0	2.1352
477.875	2.1273
477.75	2.1273
477.625	2.1281
477.5	2.132
477.375	2.1281
477.25	2.136
477.125	2.1242
477.0	2.1242
476.875	2.1273
476.75	2.1289
476.625	2.1273
476.5	2.1273
476.375	2.1281
476.25	2.1265
476.125	2.1273
476.0	2.1242
475.875	2.1289
475.75	2.1273
475.625	2.1273
475.5	2.1242
475.375	2.1273
475.25	2.1265
475.125	2.1265
475.0	2.1312
474.875	2.1265
474.75	2.1218
474.625	2.1265
474.5	2.132
474.375	2.1297
474.25	2.125
474.125	2.1226
474.0	2.1265
473.875	2.1289
473.75	2.1226
473.625	2.1328
473.5	2.1265
473.375	2.1297
473.25	2.1226
473.125	2.1289
473.0	2.1226
472.875	2.1281
472.75	2.1297
472.625	2.1257
472.5	2.132
472.375	2.1281
472.25	2.125
472.125	2.1242
472.0	2.125
471.875	2.1297
471.75	2.1273
471.625	2.1289
471.5	2.1273
471.375	2.1297
471.25	2.1257
471.125	2.1289
471.0	2.1328
470.875	2.1234
470.75	2.1312
470.625	2.1234
470.5	2.1226
470.375	2.125
470.25	2.1281
470.125	2.1305
470.0	2.1312
469.875	2.1289
469.75	2.132
469.625	2.1297
469.5	2.1265
469.375	2.1273
469.25	2.1273
469.125	2.1297
469.0	2.1234
468.875	2.1281
468.75	2.1281
468.625	2.1234
468.5	2.1289
468.375	2.1273
468.25	2.1257
468.125	2.1273
468.0	2.1273
467.875	2.1265
467.75	2.1273
467.625	2.1273
467.5	2.1273
467.375	2.1273
467.25	2.1297
467.125	2.132
467.0	2.132
466.875	2.1265
466.75	2.1281
466.625	2.1265
466.5	2.1281
466.375	2.1226
466.25	2.1273
466.125	2.1265
466.0	2.1226
465.875	2.1218
465.75	2.1234
465.625	2.1179
465.5	2.1265
465.375	2.1242
465.25	2.1218
465.125	2.1187
465.0	2.1171
464.875	2.121
464.75	2.1179
464.625	2.1179
464.5	2.1187
464.375	2.1226
464.25	2.121
464.125	2.1265
464.0	2.1147
463.875	2.1273
463.75	2.125
463.625	2.1179
463.5	2.1202
463.375	2.1265
463.25	2.1179
463.125	2.1179
463.0	2.121
462.875	2.121
462.75	2.1273
462.625	2.1194
462.5	2.1226
462.375	2.1132
462.25	2.1171
462.125	2.1226
462.0	2.1226
461.875	2.1242
461.75	2.1273
461.625	2.1234
461.5	2.1226
461.375	2.1273
461.25	2.1242
461.125	2.1179
461.0	2.1257
460.875	2.1155
460.75	2.125
460.625	2.1226
460.5	2.1218
460.375	2.1226
460.25	2.1202
460.125	2.1273
460.0	2.1242
459.875	2.1273
459.75	2.1226
459.625	2.121
459.5	2.125
459.375	2.132
459.25	2.1226
459.125	2.125
459.0	2.1273
458.875	2.1289
458.75	2.1289
458.625	2.1226
458.5	2.1226
458.375	2.1281
458.25	2.1289
458.125	2.1273
458.0	2.1273
457.875	2.125
457.75	2.1289
457.625	2.1289
457.5	2.132
457.375	2.1242
457.25	2.1305
457.125	2.1352
457.0	2.1312
456.875	2.132
456.75	2.1344
456.625	2.1328
456.5	2.1297
456.375	2.132
456.25	2.1312
456.125	2.1312
456.0	2.1297
455.875	2.132
455.75	2.1344
455.625	2.1336
455.5	2.1367
455.375	2.1289
455.25	2.132
455.125	2.1297
455.0	2.1336
454.875	2.1289
454.75	2.1407
454.625	2.1344
454.5	2.1367
454.375	2.1352
454.25	2.1407
454.125	2.1367
454.0	2.1297
453.875	2.1415
453.75	2.132
453.625	2.132
453.5	2.1391
453.375	2.1367
453.25	2.1367
453.125	2.1328
453.0	2.1367
452.875	2.136
452.75	2.1344
452.625	2.1367
452.5	2.1297
452.375	2.1336
452.25	2.1375
452.125	2.1336
452.0	2.1328
451.875	2.1415
451.75	2.1367
451.625	2.1367
451.5	2.132
451.375	2.1344
451.25	2.1328
451.125	2.136
451.0	2.132
450.875	2.1391
450.75	2.136
450.625	2.1391
450.5	2.1375
450.375	2.1415
450.25	2.136
450.125	2.1328
450.0	2.132
449.875	2.1375
449.75	2.143
449.625	2.1367
449.5	2.1391
449.375	2.1352
449.25	2.1438
449.125	2.1383
449.0	2.136
448.875	2.1312
448.75	2.1375
448.625	2.1415
448.5	2.1383
448.375	2.1415
448.25	2.1415
448.125	2.1383
448.0	2.1391
447.875	2.1367
447.75	2.1415
447.625	2.1399
447.5	2.1375
447.375	2.1446
447.25	2.1375
447.125	2.1454
447.0	2.1446
446.875	2.1407
446.75	2.143
446.625	2.1446
446.5	2.1415
446.375	2.1399
446.25	2.1462
446.125	2.1462
446.0	2.1422
445.875	2.1462
445.75	2.1415
445.625	2.1438
445.5	2.1383
445.375	2.1493
445.25	2.1422
445.125	2.1438
445.0	2.1501
444.875	2.154
444.75	2.1485
444.625	2.1509
444.5	2.1454
444.375	2.1525
444.25	2.1477
444.125	2.1509
444.0	2.1509
443.875	2.1485
443.75	2.1509
443.625	2.1572
443.5	2.1525
443.375	2.1501
443.25	2.1556
443.125	2.154
443.0	2.1572
442.875	2.1525
442.75	2.1556
442.625	2.1603
442.5	2.1548
442.375	2.1603
442.25	2.1619
442.125	2.1572
442.0	2.1509
441.875	2.158
441.75	2.1572
441.625	2.1564
441.5	2.158
441.375	2.1556
441.25	2.1619
441.125	2.1556
441.0	2.1556
440.875	2.1517
440.75	2.1603
440.625	2.154
440.5	2.1595
440.375	2.1611
440.25	2.165
440.125	2.1611
440.0	2.1635
439.875	2.1603
439.75	2.1658
439.625	2.1658
439.5	2.1698
439.375	2.1619
439.25	2.169
439.125	2.1729
439.0	2.1698
438.875	2.165
438.75	2.1682
438.625	2.1698
438.5	2.1666
438.375	2.1698
438.25	2.1698
438.125	2.1768
438.0	2.1721
437.875	2.1698
437.75	2.1698
437.625	2.1729
437.5	2.1776
437.375	2.1737
437.25	2.1721
437.125	2.1698
437.0	2.1784
436.875	2.1745
436.75	2.1792
436.625	2.1792
436.5	2.1761
436.375	2.1784
436.25	2.1776
436.125	2.1753
436.0	2.1823
435.875	2.1721
435.75	2.1816
435.625	2.1768
435.5	2.1776
435.375	2.1745
435.25	2.1886
435.125	2.1839
435.0	2.1784
434.875	2.1776
434.75	2.1831
434.625	2.1745
434.5	2.1745
434.375	2.1839
434.25	2.1761
434.125	2.1831
434.0	2.1886
433.875	2.1855
433.75	2.1816
433.625	2.1894
433.5	2.1886
433.375	2.191
433.25	2.1886
433.125	2.1941
433.0	2.1926
432.875	2.1926
432.75	2.1902
432.625	2.1949
432.5	2.1886
432.375	2.1981
432.25	2.1988
432.125	2.1996
432.0	2.1949
431.875	2.1981
431.75	2.1981
431.625	2.2028
431.5	2.1996
431.375	2.2028
431.25	2.2028
431.125	2.2091
431.0	2.2067
430.875	2.2106
430.75	2.2122
430.625	2.2122
430.5	2.2169
430.375	2.2146
430.25	2.2169
430.125	2.2185
430.0	2.2224
429.875	2.2216
429.75	2.2264
429.625	2.2342
429.5	2.2287
429.375	2.2287
429.25	2.2279
429.125	2.2405
429.0	2.2319
428.875	2.2389
428.75	2.2405
428.625	2.2452
428.5	2.2405
428.375	2.2437
428.25	2.2444
428.125	2.2484
428.0	2.2547
427.875	2.246
427.75	2.2547
427.625	2.25
427.5	2.2531
427.375	2.2602
427.25	2.2617
427.125	2.257
427.0	2.2617
426.875	2.2657
426.75	2.2665
426.625	2.2602
426.5	2.2688
426.375	2.2649
426.25	2.2704
426.125	2.2672
426.0	2.2727
425.875	2.2704
425.75	2.268
425.625	2.2688
425.5	2.2735
425.375	2.2704
425.25	2.2735
425.125	2.2727
425.0	2.2751
424.875	2.2735
424.75	2.2735
424.625	2.2783
424.5	2.2735
424.375	2.2696
424.25	2.2759
424.125	2.2696
424.0	2.2688
423.875	2.2672
423.75	2.2665
423.625	2.2712
423.5	2.2649
423.375	2.268
423.25	2.2633
423.125	2.2688
423.0	2.2602
422.875	2.2547
422.75	2.2578
422.625	2.2578
422.5	2.2507
422.375	2.261
422.25	2.2452
422.125	2.2476
422.0	2.25
421.875	2.2429
421.75	2.2429
421.625	2.2437
421.5	2.2319
421.375	2.2358
421.25	2.2374
421.125	2.2232
421.0	2.2295
420.875	2.2264
420.75	2.2193
420.625	2.2232
420.5	2.2075
420.375	2.2154
420.25	2.2083
420.125	2.2075
420.0	2.2028
419.875	2.1981
419.75	2.1973
419.625	2.1973
419.5	2.1918
419.375	2.1902
419.25	2.1894
419.125	2.191
419.0	2.1871
418.875	2.1792
418.75	2.1808
418.625	2.1831
418.5	2.1784
418.375	2.1745
418.25	2.1745
418.125	2.1745
418.0	2.1729
417.875	2.165
417.75	2.1698
417.625	2.1698
417.5	2.1627
417.375	2.1564
417.25	2.1603
417.125	2.1588
417.0	2.1556
416.875	2.1509
416.75	2.1509
416.625	2.147
416.5	2.1533
416.375	2.1415
416.25	2.1415
416.125	2.1462
416.0	2.1383
415.875	2.1367
415.75	2.1375
415.625	2.1265
415.5	2.1367
415.375	2.1336
415.25	2.132
415.125	2.1297
415.0	2.1234
414.875	2.125
414.75	2.1265
414.625	2.1163
414.5	2.1234
414.375	2.1163
414.25	2.1132
414.125	2.1194
414.0	2.1132
413.875	2.1179
413.75	2.1108
413.625	2.1092
413.5	2.1163
413.375	2.1132
413.25	2.1077
413.125	2.1053
413.0	2.1037
412.875	2.1092
412.75	2.1061
412.625	2.1053
412.5	2.1006
412.375	2.099
412.25	2.099
412.125	2.099
412.0	2.099
411.875	2.0943
411.75	2.0974
411.625	2.0919
411.5	2.0896
411.375	2.0919
411.25	2.0896
411.125	2.0801
411.0	2.0864
410.875	2.0801
410.75	2.0809
410.625	2.0841
410.5	2.077
410.375	2.0786
410.25	2.0699
410.125	2.0676
410.0	2.0558
409.875	2.0581
409.75	2.0416
409.625	2.0267
409.5	2.0251
409.375	2.0133
409.25	1.9944
409.125	1.9858
409.0	1.9724
408.875	1.9661
408.75	1.9473
408.625	1.9402
408.5	1.9441
408.375	1.9591
408.25	1.9528
408.125	1.9622
408.0	1.9669
407.875	1.9716
407.75	1.9811
407.625	1.985
407.5	1.9889
407.375	1.9913
407.25	2.0
407.125	1.9984
407.0	2.0047
406.875	2.007
406.75	2.0094
406.625	2.022
406.5	2.0141
406.375	2.0133
406.25	2.0094
406.125	2.0078
406.0	2.0117
405.875	2.0062
405.75	2.0094
405.625	2.0015
405.5	2.0078
405.375	2.0055
405.25	2.0047
405.125	2.0047
405.0	2.0062
404.875	2.0078
404.75	2.0023
404.625	2.0047
404.5	2.0047
404.375	2.0
404.25	1.9952
404.125	2.0
404.0	2.0007
403.875	1.9952
403.75	2.0
403.625	1.9944
403.5	1.9905
403.375	1.9897
403.25	1.9819
403.125	1.9764
403.0	1.9716
402.875	1.9646
402.75	1.9591
402.625	1.9567
402.5	1.9528
402.375	1.9567
402.25	1.9551
402.125	1.9622
402.0	1.9654
401.875	1.9748
401.75	1.9795
401.625	1.985
401.5	1.9905
401.375	1.9929
401.25	1.9952
401.125	2.0062
401.0	2.0165
400.875	2.0188
400.75	2.0251
400.625	2.0353
400.5	2.0306
400.375	2.0353
400.25	2.0408
400.125	2.0479
400.0	2.0518
399.875	2.055
399.75	2.0636
399.625	2.0707
399.5	2.0707
399.375	2.0762
399.25	2.0754
399.125	2.0833
399.0	2.088
398.875	2.0896
398.75	2.0919
398.625	2.0864
398.5	2.0966
398.375	2.0943
398.25	2.0927
398.125	2.0943
398.0	2.0911
397.875	2.0919
397.75	2.0896
397.625	2.0809
397.5	2.0762
397.375	2.0699
397.25	2.0566
397.125	2.0534
397.0	2.0408
396.875	2.033
396.75	2.0259
396.625	2.0165
396.5	2.0007
396.375	1.996
396.25	1.9811
396.125	1.9654
396.0	1.9559
395.875	1.9465
395.75	1.9292
395.625	1.9213
395.5	1.9111
395.375	1.9088
395.25	1.9056
395.125	1.897
395.0	1.8938
394.875	1.882
394.75	1.8852
394.625	1.8805
394.5	1.882
394.375	1.8844
394.25	1.8899
394.125	1.8993
394.0	1.8962
393.875	1.8962
393.75	1.9001
393.625	1.9009
393.5	1.9025
393.375	1.9025
393.25	1.9048
393.125	1.8985
393.0	1.9025
392.875	1.9009
392.75	1.9056
392.625	1.9095
392.5	1.9064
392.375	1.9143
392.25	1.9182
392.125	1.9103
392.0	1.9198
391.875	1.915
391.75	1.919
391.625	1.9198
391.5	1.9245
391.375	1.9198
391.25	1.9237
391.125	1.9182
391.0	1.915
390.875	1.9048
390.75	1.9033
390.625	1.8946
390.5	1.9056
390.375	1.9056
390.25	1.9056
390.125	1.915
390.0	1.9143
389.875	1.9166
389.75	1.9245
389.625	1.9284
389.5	1.9339
389.375	1.9292
389.25	1.9292
389.125	1.9355
389.0	1.9386
388.875	1.9433
388.75	1.9433
388.625	1.9504
388.5	1.9622
388.375	1.9709
388.25	1.963
388.125	1.9787
388.0	1.9874
387.875	1.9976
387.75	1.9984
387.625	2.0007
387.5	2.0055
387.375	2.007
387.25	2.0078
387.125	2.0141
387.0	2.0157
386.875	2.0125
386.75	2.0188
386.625	2.0235
386.5	2.0283
386.375	2.029
386.25	2.0424
386.125	2.0479
386.0	2.0652
385.875	2.0566
385.75	2.0707
385.625	2.0707
385.5	2.0707
385.375	2.0715
385.25	2.0809
385.125	2.0849
385.0	2.077
384.875	2.0833
384.75	2.0794
384.625	2.0738
384.5	2.0825
384.375	2.0919
384.25	2.0794
384.125	2.0864
384.0	2.0825
383.875	2.0841
383.75	2.0849
383.625	2.0896
383.5	2.0833
383.375	2.0864
383.25	2.0856
383.125	2.0888
383.0	2.0872
382.875	2.0841
382.75	2.0833
382.625	2.0888
382.5	2.0872
382.375	2.0841
382.25	2.0896
382.125	2.0864
382.0	2.0872
381.875	2.0904
381.75	2.0809
381.625	2.0809
381.5	2.0849
381.375	2.0864
381.25	2.0849
381.125	2.0896
381.0	2.0943
380.875	2.0943
380.75	2.0927
380.625	2.0959
380.5	2.0943
380.375	2.0935
380.25	2.0943
380.125	2.099
380.0	2.0943
379.875	2.0982
379.75	2.099
379.625	2.0974
379.5	2.1006
379.375	2.0974
379.25	2.1037
379.125	2.099
379.0	2.1037
378.875	2.0998
378.75	2.1069
378.625	2.1061
378.5	2.1014
378.375	2.0998
378.25	2.1029
378.125	2.1022
378.0	2.1037
377.875	2.1053
377.75	2.0966
377.625	2.1029
377.5	2.1006
377.375	2.1061
377.25	2.1061
377.125	2.1077
377.0	2.1037
376.875	2.1124
376.75	2.1061
376.625	2.1069
376.5	2.1084
376.375	2.1037
376.25	2.1053
376.125	2.1108
376.0	2.1084
375.875	2.1084
375.75	2.1108
375.625	2.1092
375.5	2.1061
375.375	2.1084
375.25	2.1124
375.125	2.1132
375.0	2.1132
374.875	2.1171
374.75	2.1124
374.625	2.1069
374.5	2.1108
374.375	2.1132
374.25	2.11
374.125	2.1155
374.0	2.1108
373.875	2.1084
373.75	2.1147
373.625	2.1108
373.5	2.1147
373.375	2.1124
373.25	2.1124
373.125	2.11
373.0	2.1084
372.875	2.1132
372.75	2.1139
372.625	2.1108
372.5	2.1061
372.375	2.1132
372.25	2.1069
372.125	2.1084
372.0	2.1045
371.875	2.11
371.75	2.1084
371.625	2.1084
371.5	2.1037
371.375	2.1132
371.25	2.1092
371.125	2.1124
371.0	2.1061
370.875	2.1045
370.75	2.1053
370.625	2.1069
370.5	2.0982
370.375	2.1045
370.25	2.1077
370.125	2.1069
370.0	2.1053
369.875	2.099
369.75	2.11
369.625	2.1069
369.5	2.1045
369.375	2.1053
369.25	2.1053
369.125	2.1084
369.0	2.1037
368.875	2.1084
368.75	2.1069
368.625	2.1108
368.5	2.1084
368.375	2.1029
368.25	2.1029
368.125	2.1069
368.0	2.1077
367.875	2.1037
367.75	2.1006
367.625	2.1061
367.5	2.1037
367.375	2.1006
367.25	2.1029
367.125	2.1006
367.0	2.1069
366.875	2.1029
366.75	2.1014
366.625	2.1014
366.5	2.1037
366.375	2.0998
366.25	2.1022
366.125	2.0966
366.0	2.0951
365.875	2.0919
365.75	2.0896
365.625	2.0864
365.5	2.0896
365.375	2.0943
365.25	2.0872
365.125	2.0935
365.0	2.0943
364.875	2.0896
364.75	2.0943
364.625	2.0943
364.5	2.0943
364.375	2.0943
364.25	2.0904
364.125	2.0959
364.0	2.088
363.875	2.0927
363.75	2.0982
363.625	2.0927
363.5	2.0919
363.375	2.0911
363.25	2.0856
363.125	2.0959
363.0	2.0896
362.875	2.0919
362.75	2.0927
362.625	2.0904
362.5	2.0864
362.375	2.0849
362.25	2.0849
362.125	2.0849
362.0	2.0872
361.875	2.0801
361.75	2.0864
361.625	2.0762
361.5	2.0809
361.375	2.0817
361.25	2.0786
361.125	2.0699
361.0	2.0809
360.875	2.0723
360.75	2.0746
360.625	2.0754
360.5	2.0715
360.375	2.0707
360.25	2.0715
360.125	2.0746
360.0	2.0613
359.875	2.0676
359.75	2.0613
359.625	2.0518
359.5	2.0487
359.375	2.0345
359.25	2.0165
359.125	2.0007
359.0	1.9795
358.875	1.9638
358.75	1.9457
358.625	1.93
358.5	1.9135
358.375	1.9056
358.25	1.8946
358.125	1.8781
358.0	1.8663
357.875	1.8639
357.75	1.8498
357.625	1.8443
357.5	1.8443
357.375	1.8396
357.25	1.8349
357.125	1.8349
357.0	1.8349
356.875	1.8325
356.75	1.8317
356.625	1.8349
356.5	1.8341
356.375	1.8364
356.25	1.8443
356.125	1.8419
356.0	1.849
355.875	1.849
355.75	1.8584
355.625	1.8632
355.5	1.8632
355.375	1.8694
355.25	1.8781
355.125	1.8875
355.0	1.8915
354.875	1.9009
354.75	1.915
354.625	1.9371
354.5	1.941
354.375	1.9559
354.25	1.963
354.125	1.9693
354.0	1.9779
353.875	1.9834
353.75	1.9811
353.625	1.9866
353.5	1.9889
353.375	1.9905
353.25	1.9874
353.125	1.9882
353.0	1.9889
352.875	1.9905
352.75	1.9929
352.625	1.9929
352.5	1.9858
352.375	1.9858
352.25	1.985
352.125	1.9764
352.0	1.9764
351.875	1.9779
351.75	1.9701
351.625	1.9646
351.5	1.9583
351.375	1.9449
351.25	1.9308
351.125	1.9158
351.0	1.9103
350.875	1.9009
350.75	1.9033
350.625	1.8993
350.5	1.9072
350.375	1.9056
350.25	1.9056
350.125	1.9119
350.0	1.9174
349.875	1.9182
349.75	1.9198
349.625	1.9166
349.5	1.9245
349.375	1.9198
349.25	1.9198
349.125	1.9119
349.0	1.9056
348.875	1.9056
348.75	1.8977
348.625	1.8915
348.5	1.8875
348.375	1.8883
348.25	1.8797
348.125	1.8797
348.0	1.8757
347.875	1.8702
347.75	1.8679
347.625	1.8639
347.5	1.8584
347.375	1.8647
347.25	1.8537
347.125	1.8522
347.0	1.8553
346.875	1.8451
346.75	1.8545
346.625	1.8482
346.5	1.8443
346.375	1.849
346.25	1.8451
346.125	1.849
346.0	1.8451
345.875	1.849
345.75	1.8529
345.625	1.8443
345.5	1.8411
345.375	1.8459
345.25	1.8537
345.125	1.8466
345.0	1.8474
344.875	1.8451
344.75	1.8459
344.625	1.8474
344.5	1.8474
344.375	1.8537
344.25	1.849
344.125	1.8561
344.0	1.849
343.875	1.8537
343.75	1.8569
343.625	1.8553
343.5	1.8482
343.375	1.8529
343.25	1.8545
343.125	1.849
343.0	1.8498
342.875	1.8443
342.75	1.8466
342.625	1.849
342.5	1.8411
342.375	1.8451
342.25	1.8443
342.125	1.8419
342.0	1.8396
341.875	1.8396
341.75	1.8333
341.625	1.8333
341.5	1.8325
341.375	1.8238
341.25	1.8223
341.125	1.8183
341.0	1.8176
340.875	1.8207
340.75	1.8349
340.625	1.838
340.5	1.8459
340.375	1.8537
340.25	1.8553
340.125	1.8679
340.0	1.8718
339.875	1.8773
339.75	1.882
339.625	1.8867
339.5	1.8915
339.375	1.8977
339.25	1.9009
339.125	1.9229
339.0	1.9245
338.875	1.9323
338.75	1.9284
338.625	1.9245
338.5	1.9292
338.375	1.9339
338.25	1.93
338.125	1.9378
338.0	1.9339
337.875	1.9363
337.75	1.9292
337.625	1.9378
337.5	1.9339
337.375	1.9316
337.25	1.9316
337.125	1.9331
337.0	1.9323
336.875	1.9339
336.75	1.9386
336.625	1.9355
336.5	1.9426
336.375	1.9308
336.25	1.9386
336.125	1.9363
336.0	1.9481
335.875	1.9386
335.75	1.9363
335.625	1.9465
335.5	1.9394
335.375	1.9386
335.25	1.9418
335.125	1.9496
335.0	1.9386
334.875	1.9433
334.75	1.9449
334.625	1.9386
334.5	1.9433
334.375	1.9433
334.25	1.9339
334.125	1.9433
334.0	1.9433
333.875	1.9433
333.75	1.9418
333.625	1.9433
333.5	1.9433
333.375	1.9465
333.25	1.9433
333.125	1.9441
333.0	1.9433
332.875	1.9433
332.75	1.9481
332.625	1.9433
332.5	1.9441
332.375	1.9496
332.25	1.9433
332.125	1.9481
332.0	1.9496
331.875	1.9481
331.75	1.9441
331.625	1.9481
331.5	1.9433
331.375	1.9481
331.25	1.9496
331.125	1.9512
331.0	1.9567
330.875	1.9449
330.75	1.9512
330.625	1.9481
330.5	1.9441
330.375	1.9544
330.25	1.9473
330.125	1.9481
330.0	1.9496
329.875	1.9481
329.75	1.9481
329.625	1.9481
329.5	1.9473
329.375	1.9528
329.25	1.9512
329.125	1.952
329.0	1.9481
328.875	1.9449
328.75	1.9488
328.625	1.952
328.5	1.9457
328.375	1.9528
328.25	1.9528
328.125	1.9481
328.0	1.9496
327.875	1.952
327.75	1.9496
327.625	1.9496
327.5	1.9481
327.375	1.9504
327.25	1.9512
327.125	1.9496
327.0	1.9481
326.875	1.9496
326.75	1.9481
326.625	1.9488
326.5	1.9544
326.375	1.9512
326.25	1.9481
326.125	1.9528
326.0	1.9496
325.875	1.9481
325.75	1.9496
325.625	1.9481
325.5	1.9528
325.375	1.9528
325.25	1.9481
325.125	1.9488
325.0	1.9536
324.875	1.9528
324.75	1.9528
324.625	1.9488
324.5	1.9528
324.375	1.9528
324.25	1.9496
324.125	1.9481
324.0	1.9433
323.875	1.9496
323.75	1.9528
323.625	1.9481
323.5	1.9488
323.375	1.9481
323.25	1.9457
323.125	1.9449
323.0	1.9473
322.875	1.9481
322.75	1.9441
322.625	1.9433
322.5	1.9418
322.375	1.9449
322.25	1.9386
322.125	1.9481
322.0	1.9378
321.875	1.9394
321.75	1.9433
321.625	1.9418
321.5	1.9371
321.375	1.941
321.25	1.9433
321.125	1.9363
321.0	1.9441
320.875	1.9457
320.75	1.9386
320.625	1.9426
320.5	1.9363
320.375	1.9433
320.25	1.9386
320.125	1.9441
320.0	1.9378
319.875	1.9441
319.75	1.9426
319.625	1.9426
319.5	1.9386
319.375	1.9386
319.25	1.9339
319.125	1.9418
319.0	1.9316
318.875	1.9339
318.75	1.9339
318.625	1.9331
318.5	1.9292
318.375	1.9331
318.25	1.9292
318.125	1.9292
318.0	1.93
317.875	1.9292
317.75	1.9268
317.625	1.9245
317.5	1.9276
317.375	1.9213
317.25	1.9245
317.125	1.9253
317.0	1.9229
316.875	1.9198
316.75	1.9158
316.625	1.9182
316.5	1.9158
316.375	1.919
316.25	1.9158
316.125	1.9166
316.0	1.9143
315.875	1.9103
315.75	1.9135
315.625	1.9103
315.5	1.915
315.375	1.9135
315.25	1.9103
315.125	1.9103
315.0	1.9095
314.875	1.9103
314.75	1.9135
314.625	1.9119
314.5	1.915
314.375	1.9111
314.25	1.915
314.125	1.9135
314.0	1.9143
313.875	1.9182
313.75	1.9158
313.625	1.9103
313.5	1.9158
313.375	1.915
313.25	1.9143
313.125	1.9135
313.0	1.9103
312.875	1.9198
312.75	1.9166
312.625	1.9127
312.5	1.9158
312.375	1.9103
312.25	1.9166
312.125	1.9135
312.0	1.9198
311.875	1.9158
311.75	1.9182
311.625	1.9213
311.5	1.9261
311.375	1.919
311.25	1.9221
311.125	1.9182
311.0	1.9261
310.875	1.919
310.75	1.9268
310.625	1.9292
310.5	1.9339
310.375	1.9339
310.25	1.9339
310.125	1.9465
310.0	1.9418
309.875	1.9481
309.75	1.9457
309.625	1.9528
309.5	1.9551
309.375	1.9606
309.25	1.9622
309.125	1.9591
309.0	1.9646
308.875	1.9685
308.75	1.9716
308.625	1.9716
308.5	1.9779
308.375	1.9882
308.25	1.9929
308.125	2.0047
308.0	2.0172
307.875	2.0338
307.75	2.0377
307.625	2.0526
307.5	2.066
307.375	2.0683
307.25	2.0794
307.125	2.0888
307.0	2.0833
306.875	2.0927
306.75	2.0943
306.625	2.099
306.5	2.0959
306.375	2.0959
306.25	2.0959
306.125	2.1061
306.0	2.0998
305.875	2.1029
305.75	2.1084
305.625	2.1029
305.5	2.0974
305.375	2.0998
305.25	2.1061
305.125	2.1029
305.0	2.1084
304.875	2.1045
304.75	2.1045
304.625	2.1061
304.5	2.1037
304.375	2.1061
304.25	2.1022
304.125	2.1069
304.0	2.1037
303.875	2.1037
303.75	2.1045
303.625	2.1084
303.5	2.1037
303.375	2.1092
303.25	2.11
303.125	2.1045
303.0	2.1053
302.875	2.1053
302.75	2.1069
302.625	2.0998
302.5	2.1053
302.375	2.1045
302.25	2.1084
302.125	2.1022
302.0	2.1077
301.875	2.1132
301.75	2.1045
301.625	2.1084
301.5	2.1077
301.375	2.1084
301.25	2.1077
301.125	2.1084
301.0	2.1092
300.875	2.1108
300.75	2.1163
300.625	2.1092
300.5	2.1132
300.375	2.1084
300.25	2.1077
300.125	2.1124
