300.0	0.5966
300.125	0.5982
300.25	0.599
300.375	0.5943
300.5	0.5966
300.625	0.5974
300.75	0.599
300.875	0.5974
301.0	0.599
301.125	0.5966
301.25	0.5974
301.375	0.5966
301.5	0.5974
301.625	0.5974
301.75	0.5982
301.875	0.5974
302.0	0.5959
302.125	0.5974
302.25	0.5974
302.375	0.599
302.5	0.599
302.625	0.5982
302.75	0.5974
302.875	0.5959
303.0	0.5982
303.125	0.5982
303.25	0.5966
303.375	0.5974
303.5	0.5966
303.625	0.5982
303.75	0.5974
303.875	0.5959
304.0	0.599
304.125	0.599
304.25	0.5974
304.375	0.5982
304.5	0.599
304.625	0.5974
304.75	0.599
304.875	0.599
305.0	0.5959
305.125	0.599
305.25	0.599
305.375	0.5982
305.5	0.5982
305.625	0.5974
305.75	0.599
305.875	0.5982
306.0	0.5966
306.125	0.5966
306.25	0.599
306.375	0.599
306.5	0.599
306.625	0.599
306.75	0.599
306.875	0.5974
307.0	0.5959
307.125	0.5974
307.25	0.5974
307.375	0.5974
307.5	0.599
307.625	0.5959
307.75	0.5966
307.875	0.5982
308.0	0.5959
308.125	0.599
308.25	0.599
308.375	0.5982
308.5	0.599
308.625	0.599
308.75	0.5982
308.875	0.5974
309.0	0.599
309.125	0.599
309.25	0.599
309.375	0.5982
309.5	0.6006
309.625	0.6014
309.75	0.5998
309.875	0.599
310.0	0.599
310.125	0.5974
310.25	0.5982
310.375	0.6006
310.5	0.599
310.625	0.599
310.75	0.599
310.875	0.599
311.0	0.599
311.125	0.5974
311.25	0.599
311.375	0.6006
311.5	0.599
311.625	0.6014
311.75	0.6022
311.875	0.6029
312.0	0.6037
312.125	0.6037
312.25	0.6037
312.375	0.6037
312.5	0.6037
312.625	0.6037
312.75	0.6037
312.875	0.6037
313.0	0.6037
313.125	0.6037
313.25	0.6037
313.375	0.6037
313.5	0.6037
313.625	0.6037
313.75	0.6037
313.875	0.6037
314.0	0.6029
314.125	0.6037
314.25	0.6037
314.375	0.6037
314.5	0.6037
314.625	0.6037
314.75	0.6037
314.875	0.6037
315.0	0.6045
315.125	0.6053
315.25	0.6045
315.375	0.6037
315.5	0.6061
315.625	0.6084
315.75	0.6037
315.875	0.6084
316.0	0.6053
316.125	0.6037
316.25	0.6037
316.375	0.6037
316.5	0.6053
316.625	0.6045
316.75	0.6045
316.875	0.6037
317.0	0.6061
317.125	0.6053
317.25	0.6037
317.375	0.6037
317.5	0.6037
317.625	0.6037
317.75	0.6037
317.875	0.6037
318.0	0.6029
318.125	0.6037
318.25	0.6006
318.375	0.6037
318.5	0.5998
318.625	0.5998
318.75	0.599
318.875	0.599
319.0	0.599
319.125	0.599
319.25	0.5966
319.375	0.5982
319.5	0.599
319.625	0.599
319.75	0.5959
319.875	0.5982
320.0	0.5943
320.125	0.5974
320.25	0.5951
320.375	0.5959
320.5	0.599
320.625	0.599
320.75	0.5974
320.875	0.599
321.0	0.5974
321.125	0.5951
321.25	0.599
321.375	0.5982
321.5	0.599
321.625	0.599
321.75	0.5982
321.875	0.599
322.0	0.599
322.125	0.599
322.25	0.5982
322.375	0.599
322.5	0.599
322.625	0.599
322.75	0.5982
322.875	0.599
323.0	0.599
323.125	0.599
323.25	0.5982
323.375	0.599
323.5	0.599
323.625	0.599
323.75	0.599
323.875	0.599
324.0	0.599
324.125	0.599
324.25	0.599
324.375	0.5998
324.5	0.599
324.625	0.6014
324.75	0.6006
324.875	0.599
325.0	0.599
325.125	0.599
325.25	0.5998
325.375	0.5982
325.5	0.599
325.625	0.599
325.75	0.5974
325.875	0.599
326.0	0.599
326.125	0.599
326.25	0.5974
326.375	0.599
326.5	0.599
326.625	0.599
326.75	0.5998
326.875	0.5998
327.0	0.599
327.125	0.599
327.25	0.599
327.375	0.599
327.5	0.599
327.625	0.6029
327.75	0.599
327.875	0.5998
328.0	0.6014
328.125	0.599
328.25	0.5982
328.375	0.599
328.5	0.599
328.625	0.599
328.75	0.599
328.875	0.599
329.0	0.599
329.125	0.5998
329.25	0.599
329.375	0.6006
329.5	0.599
329.625	0.599
329.75	0.5982
329.875	0.599
330.0	0.599
330.125	0.5982
330.25	0.599
330.375	0.599
330.5	0.599
330.625	0.599
330.75	0.5974
330.875	0.5982
331.0	0.599
331.125	0.5998
331.25	0.599
331.375	0.599
331.5	0.599
331.625	0.6006
331.75	0.599
331.875	0.599
332.0	0.599
332.125	0.599
332.25	0.5998
332.375	0.599
332.5	0.599
332.625	0.599
332.75	0.5982
332.875	0.599
333.0	0.5959
333.125	0.599
333.25	0.5959
333.375	0.599
333.5	0.5982
333.625	0.5974
333.75	0.599
333.875	0.5982
334.0	0.599
334.125	0.599
334.25	0.6006
334.375	0.6029
334.5	0.6014
334.625	0.599
334.75	0.6022
334.875	0.599
335.0	0.599
335.125	0.5998
335.25	0.599
335.375	0.5998
335.5	0.599
335.625	0.599
335.75	0.599
335.875	0.599
336.0	0.599
336.125	0.599
336.25	0.6006
336.375	0.6037
336.5	0.6029
336.625	0.5998
336.75	0.599
336.875	0.5998
337.0	0.6014
337.125	0.6045
337.25	0.6029
337.375	0.6037
337.5	0.6029
337.625	0.6037
337.75	0.6037
337.875	0.6014
338.0	0.6037
338.125	0.6006
338.25	0.6037
338.375	0.6037
338.5	0.6014
338.625	0.6037
338.75	0.6037
338.875	0.6037
339.0	0.599
339.125	0.6037
339.25	0.6037
339.375	0.6037
339.5	0.6037
339.625	0.6037
339.75	0.6045
339.875	0.6037
340.0	0.6037
340.125	0.6061
340.25	0.6084
340.375	0.6069
340.5	0.6084
340.625	0.6084
340.75	0.6069
340.875	0.6084
341.0	0.6053
341.125	0.6045
341.25	0.6077
341.375	0.6069
341.5	0.6069
341.625	0.6045
341.75	0.6077
341.875	0.6077
342.0	0.6084
342.125	0.6045
342.25	0.6084
342.375	0.6053
342.5	0.6061
342.625	0.6069
342.75	0.6053
342.875	0.6045
343.0	0.6061
343.125	0.6061
343.25	0.6037
343.375	0.6084
343.5	0.6037
343.625	0.6061
343.75	0.6053
343.875	0.6045
344.0	0.599
344.125	0.5927
344.25	0.5872
344.375	0.5841
344.5	0.5794
344.625	0.5715
344.75	0.566
344.875	0.566
345.0	0.5628
345.125	0.5628
345.25	0.5613
345.375	0.5597
345.5	0.5566
345.625	0.5542
345.75	0.5487
345.875	0.5471
346.0	0.5471
346.125	0.5424
346.25	0.5408
346.375	0.5424
346.5	0.5448
346.625	0.5471
346.75	0.5503
346.875	0.5518
347.0	0.5597
347.125	0.566
347.25	0.5707
347.375	0.5738
347.5	0.5809
347.625	0.5849
347.75	0.5896
347.875	0.5927
348.0	0.5951
348.125	0.5959
348.25	0.5982
348.375	0.5982
348.5	0.5982
348.625	0.5974
348.75	0.5998
348.875	0.6014
349.0	0.599
349.125	0.599
349.25	0.599
349.375	0.599
349.5	0.599
349.625	0.6014
349.75	0.6006
349.875	0.6006
350.0	0.599
350.125	0.599
350.25	0.6006
350.375	0.599
350.5	0.599
350.625	0.6037
350.75	0.6006
350.875	0.6037
351.0	0.6014
351.125	0.6006
351.25	0.6037
351.375	0.6037
351.5	0.599
351.625	0.6037
351.75	0.6022
351.875	0.6045
352.0	0.6029
352.125	0.6037
352.25	0.6006
352.375	0.6022
352.5	0.6006
352.625	0.6037
352.75	0.6037
352.875	0.6053
353.0	0.6037
353.125	0.6037
353.25	0.6037
353.375	0.6037
353.5	0.6037
353.625	0.6029
353.75	0.6037
353.875	0.6045
354.0	0.6037
354.125	0.6037
354.25	0.6037
354.375	0.6037
354.5	0.6037
354.625	0.6037
354.75	0.6029
354.875	0.6037
355.0	0.6037
355.125	0.6014
355.25	0.6037
355.375	0.6037
355.5	0.6037
355.625	0.6037
355.75	0.6029
355.875	0.6045
356.0	0.6053
356.125	0.6037
356.25	0.6045
356.375	0.6037
356.5	0.6037
356.625	0.6014
356.75	0.6037
356.875	0.6037
357.0	0.6037
357.125	0.6037
357.25	0.6037
357.375	0.6037
357.5	0.6037
357.625	0.6037
357.75	0.6045
357.875	0.6053
358.0	0.6037
358.125	0.6037
358.25	0.6037
358.375	0.6037
358.5	0.6037
358.625	0.6037
358.75	0.6053
358.875	0.6037
359.0	0.6037
359.125	0.6053
359.25	0.6053
359.375	0.6077
359.5	0.6084
359.625	0.6084
359.75	0.6069
359.875	0.6069
360.0	0.6069
360.125	0.6061
360.25	0.6061
360.375	0.6077
360.5	0.6084
360.625	0.6053
360.75	0.6077
360.875	0.6069
361.0	0.6084
361.125	0.6077
361.25	0.6084
361.375	0.6077
361.5	0.6077
361.625	0.6084
361.75	0.6084
361.875	0.6069
362.0	0.6084
362.125	0.6084
362.25	0.6084
362.375	0.6077
362.5	0.61
362.625	0.6084
362.75	0.6084
362.875	0.6084
363.0	0.6077
363.125	0.6077
363.25	0.6084
363.375	0.6084
363.5	0.6084
363.625	0.6084
363.75	0.6084
363.875	0.6084
364.0	0.6084
364.125	0.6084
364.25	0.6077
364.375	0.6084
364.5	0.6092
364.625	0.6084
364.75	0.6084
364.875	0.6084
365.0	0.61
365.125	0.6084
365.25	0.6108
365.375	0.6116
365.5	0.6116
365.625	0.6139
365.75	0.61
365.875	0.6116
366.0	0.6084
366.125	0.6084
366.25	0.61
366.375	0.61
366.5	0.61
366.625	0.6092
366.75	0.6084
366.875	0.6084
367.0	0.61
367.125	0.6077
367.25	0.6124
367.375	0.6084
367.5	0.6084
367.625	0.6084
367.75	0.6084
367.875	0.6084
368.0	0.6084
368.125	0.6084
368.25	0.6077
368.375	0.6084
368.5	0.6084
368.625	0.6045
368.75	0.6061
368.875	0.6061
369.0	0.6037
369.125	0.6053
369.25	0.6037
369.375	0.6037
369.5	0.6037
369.625	0.6045
369.75	0.6061
369.875	0.6037
370.0	0.6061
370.125	0.6037
370.25	0.6037
370.375	0.6037
370.5	0.6037
370.625	0.6037
370.75	0.6037
370.875	0.6037
371.0	0.6061
371.125	0.6029
371.25	0.6037
371.375	0.6029
371.5	0.6037
371.625	0.6037
371.75	0.6029
371.875	0.6037
372.0	0.6029
372.125	0.6037
372.25	0.6045
372.375	0.6045
372.5	0.6037
372.625	0.6037
372.75	0.6037
372.875	0.6037
373.0	0.6037
373.125	0.6037
373.25	0.6037
373.375	0.6037
373.5	0.6037
373.625	0.6037
373.75	0.6037
373.875	0.6037
374.0	0.6037
374.125	0.6037
374.25	0.6037
374.375	0.6037
374.5	0.6037
374.625	0.6037
374.75	0.6037
374.875	0.6037
375.0	0.6037
375.125	0.6077
375.25	0.6045
375.375	0.6061
375.5	0.6061
375.625	0.6045
375.75	0.6045
375.875	0.6069
376.0	0.6053
376.125	0.6053
376.25	0.6061
376.375	0.6053
376.5	0.6069
376.625	0.6084
376.75	0.6061
376.875	0.6084
377.0	0.6084
377.125	0.6084
377.25	0.6084
377.375	0.6084
377.5	0.6084
377.625	0.6092
377.75	0.6124
377.875	0.6084
378.0	0.61
378.125	0.6084
378.25	0.61
378.375	0.6092
378.5	0.6116
378.625	0.6116
378.75	0.6092
378.875	0.6116
379.0	0.61
379.125	0.6124
379.25	0.6124
379.375	0.6124
379.5	0.6116
379.625	0.61
379.75	0.6124
379.875	0.6139
380.0	0.6132
380.125	0.6108
380.25	0.6108
380.375	0.61
380.5	0.6092
380.625	0.6084
380.75	0.6084
380.875	0.6124
381.0	0.6084
381.125	0.6084
381.25	0.6084
381.375	0.6092
381.5	0.61
381.625	0.6092
381.75	0.6116
381.875	0.6069
382.0	0.6084
382.125	0.6084
382.25	0.6092
382.375	0.6084
382.5	0.6108
382.625	0.6092
382.75	0.6084
382.875	0.6084
383.0	0.6084
383.125	0.6124
383.25	0.6084
383.375	0.6108
383.5	0.6092
383.625	0.6084
383.75	0.61
383.875	0.61
384.0	0.6132
384.125	0.61
384.25	0.6084
384.375	0.6124
384.5	0.6132
384.625	0.6132
384.75	0.6084
384.875	0.6092
385.0	0.6092
385.125	0.6084
385.25	0.6108
385.375	0.6084
385.5	0.6084
385.625	0.6092
385.75	0.6084
385.875	0.6084
386.0	0.61
386.125	0.6132
386.25	0.6084
386.375	0.6116
386.5	0.6132
386.625	0.6132
386.75	0.6132
386.875	0.6132
387.0	0.6132
387.125	0.6155
387.25	0.6179
387.375	0.6179
387.5	0.6226
387.625	0.6218
387.75	0.6226
387.875	0.6226
388.0	0.6242
388.125	0.6226
388.25	0.6226
388.375	0.6242
388.5	0.6257
388.625	0.6273
388.75	0.625
388.875	0.6265
389.0	0.625
389.125	0.6257
389.25	0.625
389.375	0.6265
389.5	0.6273
389.625	0.6281
389.75	0.6281
389.875	0.6273
390.0	0.6281
390.125	0.6273
390.25	0.6312
390.375	0.632
390.5	0.632
390.625	0.6328
390.75	0.6297
390.875	0.632
391.0	0.6297
391.125	0.6281
391.25	0.6336
391.375	0.632
391.5	0.6312
391.625	0.632
391.75	0.6312
391.875	0.632
392.0	0.6328
392.125	0.632
392.25	0.632
392.375	0.632
392.5	0.6336
392.625	0.632
392.75	0.632
392.875	0.6344
393.0	0.632
393.125	0.6328
393.25	0.6336
393.375	0.636
393.5	0.6328
393.625	0.632
393.75	0.636
393.875	0.632
394.0	0.632
394.125	0.632
394.25	0.6367
394.375	0.6336
394.5	0.632
394.625	0.6328
394.75	0.6344
394.875	0.6352
395.0	0.6367
395.125	0.6375
395.25	0.6367
395.375	0.6375
395.5	0.6399
395.625	0.6415
395.75	0.6391
395.875	0.6367
396.0	0.6383
396.125	0.6407
396.25	0.6391
396.375	0.6415
396.5	0.6415
396.625	0.643
396.75	0.6422
396.875	0.643
397.0	0.6438
397.125	0.6462
397.25	0.6462
397.375	0.6454
397.5	0.6462
397.625	0.6493
397.75	0.6477
397.875	0.647
398.0	0.6509
398.125	0.6509
398.25	0.6548
398.375	0.6509
398.5	0.6556
398.625	0.6556
398.75	0.6556
398.875	0.6603
399.0	0.6603
399.125	0.6619
399.25	0.6643
399.375	0.665
399.5	0.6674
399.625	0.669
399.75	0.6698
399.875	0.6745
400.0	0.6745
400.125	0.6768
400.25	0.6784
400.375	0.6792
400.5	0.6792
400.625	0.6816
400.75	0.6863
400.875	0.6863
401.0	0.6894
401.125	0.6926
401.25	0.6926
401.375	0.6965
401.5	0.6981
401.625	0.6981
401.75	0.702
401.875	0.7028
402.0	0.7028
402.125	0.7051
402.25	0.7083
402.375	0.713
402.5	0.7138
402.625	0.7161
402.75	0.7193
402.875	0.7216
403.0	0.7248
403.125	0.7264
403.25	0.7272
403.375	0.7311
403.5	0.7342
403.625	0.7382
403.75	0.7405
403.875	0.7421
404.0	0.7452
404.125	0.75
404.25	0.7539
404.375	0.7547
404.5	0.7586
404.625	0.7617
404.75	0.7688
404.875	0.7704
405.0	0.7735
405.125	0.7783
405.25	0.7798
405.375	0.7861
405.5	0.7893
405.625	0.7948
405.75	0.7971
405.875	0.8034
406.0	0.8066
406.125	0.8121
406.25	0.816
406.375	0.8207
406.5	0.827
406.625	0.8301
406.75	0.8349
406.875	0.8396
407.0	0.8443
407.125	0.8522
407.25	0.8569
407.375	0.8624
407.5	0.8679
407.625	0.8726
407.75	0.8789
407.875	0.8844
408.0	0.8891
408.125	0.9009
408.25	0.9017
408.375	0.9103
408.5	0.9198
408.625	0.9245
408.75	0.9355
408.875	0.9386
409.0	0.9481
409.125	0.9575
409.25	0.9646
409.375	0.9756
409.5	0.985
409.625	0.9913
409.75	1.0015
409.875	1.0062
410.0	1.0141
410.125	1.0235
410.25	1.0338
410.375	1.0424
410.5	1.0542
410.625	1.0652
410.75	1.0746
410.875	1.0849
411.0	1.0982
411.125	1.1084
411.25	1.1194
411.375	1.1305
411.5	1.1446
411.625	1.1564
411.75	1.1698
411.875	1.1831
412.0	1.1933
412.125	1.2044
412.25	1.2209
412.375	1.2319
412.5	1.2492
412.625	1.2602
412.75	1.2759
412.875	1.2877
413.0	1.3042
413.125	1.3191
413.25	1.3372
413.375	1.3506
413.5	1.3702
413.625	1.3867
413.75	1.408
413.875	1.4229
414.0	1.441
414.125	1.4599
414.25	1.4787
414.375	1.4992
414.5	1.522
414.625	1.5385
414.75	1.5636
414.875	1.5825
415.0	1.6053
415.125	1.6289
415.25	1.6501
415.375	1.6768
415.5	1.7012
415.625	1.7256
415.75	1.7531
415.875	1.7767
416.0	1.8026
416.125	1.8254
416.25	1.8553
416.375	1.882
416.5	1.908
416.625	1.9371
416.75	1.9669
416.875	1.996
417.0	2.0235
417.125	2.0558
417.25	2.0872
417.375	2.1147
417.5	2.1517
417.625	2.1784
417.75	2.213
417.875	2.2468
418.0	2.2814
418.125	2.3128
418.25	2.3498
418.375	2.3836
418.5	2.4205
418.625	2.4512
418.75	2.4952
418.875	2.5259
419.0	2.5652
419.125	2.6006
419.25	2.6399
419.375	2.6745
419.5	2.7154
419.625	2.7523
419.75	2.7893
419.875	2.8278
420.0	2.8687
420.125	2.904
420.25	2.941
420.375	2.9787
420.5	3.0172
420.625	3.0495
420.75	3.0911
420.875	3.1194
421.0	3.1572
421.125	3.1878
421.25	3.2201
421.375	3.2492
421.5	3.3054
421.625	3.3377
421.75	3.3605
421.875	3.3911
422.0	3.4139
422.125	3.4383
422.25	3.4619
422.375	3.4823
422.5	3.5059
422.625	3.5263
422.75	3.5444
422.875	3.5633
423.0	3.5806
423.125	3.5947
423.25	3.6073
423.375	3.6222
423.5	3.6293
423.625	3.6411
423.75	3.6513
423.875	3.6576
424.0	3.6623
424.125	3.6671
424.25	3.6757
424.375	3.6765
424.5	3.6741
424.625	3.6733
424.75	3.6702
424.875	3.6631
425.0	3.6545
425.125	3.6506
425.25	3.638
425.375	3.6309
425.5	3.6152
425.625	3.6002
425.75	3.5892
425.875	3.5743
426.0	3.557
426.125	3.5428
426.25	3.5208
426.375	3.5028
426.5	3.4807
426.625	3.4595
426.75	3.4367
426.875	3.4108
427.0	3.3856
427.125	3.3612
427.25	3.3384
427.375	3.3094
427.5	3.2531
427.625	3.2248
427.75	3.1973
427.875	3.1729
428.0	3.1407
428.125	3.11
428.25	3.0825
428.375	3.0526
428.5	3.0196
428.625	2.9929
428.75	2.9583
428.875	2.9292
429.0	2.9017
429.125	2.871
429.25	2.8388
429.375	2.8097
429.5	2.783
429.625	2.7515
429.75	2.7248
429.875	2.6894
430.0	2.665
430.125	2.6328
430.25	2.6077
430.375	2.5794
430.5	2.5518
430.625	2.5283
430.75	2.496
430.875	2.4772
431.0	2.4504
431.125	2.4268
431.25	2.4017
431.375	2.3789
431.5	2.3577
431.625	2.3356
431.75	2.3136
431.875	2.2932
432.0	2.2751
432.125	2.2578
432.25	2.2374
432.375	2.2193
432.5	2.2044
432.625	2.1847
432.75	2.1666
432.875	2.1533
433.0	2.136
433.125	2.125
433.25	2.11
433.375	2.0966
433.5	2.0817
433.625	2.0707
433.75	2.0581
433.875	2.0463
434.0	2.0369
434.125	2.0259
434.25	2.0172
434.375	2.0062
434.5	1.9984
434.625	1.9874
434.75	1.9772
434.875	1.9685
435.0	1.9599
435.125	1.952
435.25	1.9433
435.375	1.9331
435.5	1.9261
435.625	1.9158
435.75	1.908
435.875	1.9009
436.0	1.893
436.125	1.8875
436.25	1.8812
436.375	1.8726
436.5	1.8639
436.625	1.86
436.75	1.8514
436.875	1.8443
437.0	1.8388
437.125	1.8278
437.25	1.8207
437.375	1.8113
437.5	1.8081
437.625	1.7955
437.75	1.7893
437.875	1.7814
438.0	1.7712
438.125	1.7641
438.25	1.7523
438.375	1.7484
438.5	1.7334
438.625	1.7287
438.75	1.7185
438.875	1.7091
439.0	1.6973
439.125	1.6855
439.25	1.6776
439.375	1.6674
439.5	1.6564
439.625	1.647
439.75	1.636
439.875	1.6257
440.0	1.6163
440.125	1.6092
440.25	1.5951
440.375	1.5841
440.5	1.5746
440.625	1.5621
440.75	1.5511
440.875	1.5385
441.0	1.5235
441.125	1.5149
441.25	1.5039
441.375	1.4952
441.5	1.4834
441.625	1.4709
441.75	1.4591
441.875	1.4473
442.0	1.4394
442.125	1.4292
442.25	1.4182
442.375	1.4048
442.5	1.393
442.625	1.3852
442.75	1.3726
442.875	1.3639
443.0	1.3522
443.125	1.3427
443.25	1.3317
443.375	1.3223
443.5	1.3097
443.625	1.3003
443.75	1.2877
443.875	1.2806
444.0	1.268
444.125	1.2625
444.25	1.25
444.375	1.2421
444.5	1.2334
444.625	1.2264
444.75	1.2169
444.875	1.2075
445.0	1.1957
445.125	1.1918
445.25	1.1808
445.375	1.1745
445.5	1.1682
445.625	1.1572
445.75	1.1509
445.875	1.143
446.0	1.1336
446.125	1.1234
446.25	1.1194
446.375	1.1132
446.5	1.1037
446.625	1.099
446.75	1.0904
446.875	1.0864
447.0	1.0778
447.125	1.0707
447.25	1.066
447.375	1.0613
447.5	1.0558
447.625	1.0511
447.75	1.044
447.875	1.0408
448.0	1.0377
448.125	1.033
448.25	1.029
448.375	1.0243
448.5	1.0188
448.625	1.0188
448.75	1.0133
448.875	1.011
449.0	1.0062
449.125	1.0007
449.25	0.9968
449.375	0.9952
449.5	0.9905
449.625	0.9858
449.75	0.985
449.875	0.9811
450.0	0.9803
450.125	0.9748
450.25	0.9732
450.375	0.9701
450.5	0.9669
450.625	0.9654
450.75	0.963
450.875	0.9622
451.0	0.9614
451.125	0.9575
451.25	0.9575
451.375	0.9528
451.5	0.9512
451.625	0.9496
451.75	0.9481
451.875	0.9473
452.0	0.9441
452.125	0.9449
452.25	0.9418
452.375	0.9386
452.5	0.9386
452.625	0.9363
452.75	0.9363
452.875	0.9339
453.0	0.9339
453.125	0.9292
453.25	0.9292
453.375	0.9292
453.5	0.9268
453.625	0.9276
453.75	0.9237
453.875	0.9237
454.0	0.9213
454.125	0.9198
454.25	0.9198
454.375	0.9158
454.5	0.915
454.625	0.9143
454.75	0.9111
454.875	0.9103
455.0	0.9103
455.125	0.9064
455.25	0.9056
455.375	0.9056
455.5	0.9025
455.625	0.9009
455.75	0.8993
455.875	0.8993
456.0	0.8962
456.125	0.8962
456.25	0.8915
456.375	0.8899
456.5	0.8899
456.625	0.8891
456.75	0.8867
456.875	0.8867
457.0	0.882
457.125	0.8789
457.25	0.8773
457.375	0.8742
457.5	0.8742
457.625	0.871
457.75	0.8702
457.875	0.8679
458.0	0.8639
458.125	0.8632
458.25	0.8592
458.375	0.8608
458.5	0.8584
458.625	0.8569
458.75	0.8537
458.875	0.8514
459.0	0.8529
459.125	0.849
459.25	0.8459
459.375	0.8474
459.5	0.8443
459.625	0.8443
459.75	0.8396
459.875	0.8388
460.0	0.8364
460.125	0.8333
460.25	0.8325
460.375	0.8301
460.5	0.8301
460.625	0.8301
460.75	0.8294
460.875	0.8254
461.0	0.8238
461.125	0.8254
461.25	0.8207
461.375	0.8207
461.5	0.8207
461.625	0.8183
461.75	0.8207
461.875	0.816
462.0	0.8144
462.125	0.8128
462.25	0.8136
462.375	0.8136
462.5	0.8128
462.625	0.8113
462.75	0.8081
462.875	0.8113
463.0	0.8081
463.125	0.8097
463.25	0.8066
463.375	0.8066
463.5	0.8066
463.625	0.8066
463.75	0.8066
463.875	0.805
464.0	0.8034
464.125	0.8066
464.25	0.8042
464.375	0.8018
464.5	0.8018
464.625	0.8018
464.75	0.8018
464.875	0.8018
465.0	0.8018
465.125	0.8018
465.25	0.8018
465.375	0.8018
465.5	0.8018
465.625	0.8018
465.75	0.7987
465.875	0.8018
466.0	0.7971
466.125	0.7971
466.25	0.7971
466.375	0.7963
466.5	0.7971
466.625	0.7971
466.75	0.7932
466.875	0.7971
467.0	0.7971
467.125	0.7971
467.25	0.7971
467.375	0.7963
467.5	0.794
467.625	0.7955
467.75	0.794
467.875	0.7932
468.0	0.7963
468.125	0.7932
468.25	0.7924
468.375	0.7932
468.5	0.794
468.625	0.7948
468.75	0.794
468.875	0.7971
469.0	0.7932
469.125	0.7955
469.25	0.7971
469.375	0.7971
469.5	0.7963
469.625	0.7955
469.75	0.7963
469.875	0.7971
470.0	0.7971
470.125	0.7979
470.25	0.7987
470.375	0.8003
470.5	0.8011
470.625	0.8018
470.75	0.7995
470.875	0.8018
471.0	0.8034
471.125	0.8018
471.25	0.8058
471.375	0.8058
471.5	0.8066
471.625	0.8066
471.75	0.8066
471.875	0.8105
472.0	0.8097
472.125	0.8105
472.25	0.8113
472.375	0.8113
472.5	0.8113
472.625	0.8113
472.75	0.8081
472.875	0.8113
473.0	0.8113
473.125	0.8121
473.25	0.8105
473.375	0.8081
473.5	0.8097
473.625	0.8073
473.75	0.8097
473.875	0.8113
474.0	0.8113
474.125	0.8121
474.25	0.8144
474.375	0.8113
474.5	0.816
474.625	0.8128
474.75	0.8176
474.875	0.8144
475.0	0.8168
475.125	0.8183
475.25	0.8191
475.375	0.8176
475.5	0.8199
475.625	0.8183
475.75	0.8199
475.875	0.8168
476.0	0.816
476.125	0.8152
476.25	0.816
476.375	0.816
476.5	0.8176
476.625	0.816
476.75	0.8121
476.875	0.8034
477.0	0.7955
477.125	0.7783
477.25	0.7578
477.375	0.7444
477.5	0.7358
477.625	0.735
477.75	0.7382
477.875	0.7405
478.0	0.7452
478.125	0.746
478.25	0.7452
478.375	0.7452
478.5	0.7437
478.625	0.7444
478.75	0.7452
478.875	0.7452
479.0	0.75
479.125	0.7547
479.25	0.7641
479.375	0.7735
479.5	0.7845
479.625	0.7932
479.75	0.7971
479.875	0.8066
480.0	0.8136
480.125	0.8246
480.25	0.8341
480.375	0.8404
480.5	0.8459
480.625	0.849
480.75	0.8537
480.875	0.8608
481.0	0.8655
481.125	0.8679
481.25	0.8726
481.375	0.8773
481.5	0.8789
481.625	0.8773
481.75	0.8773
481.875	0.8734
482.0	0.8726
482.125	0.8694
482.25	0.8679
482.375	0.8679
482.5	0.8655
482.625	0.8663
482.75	0.8671
482.875	0.8655
483.0	0.8679
483.125	0.8694
483.25	0.8694
483.375	0.8726
483.5	0.8726
483.625	0.875
483.75	0.8773
483.875	0.8781
484.0	0.8773
484.125	0.8765
484.25	0.8726
484.375	0.8773
484.5	0.8726
484.625	0.871
484.75	0.8726
484.875	0.8726
485.0	0.8734
485.125	0.871
485.25	0.8718
485.375	0.8687
485.5	0.8687
485.625	0.8679
485.75	0.8671
485.875	0.8655
486.0	0.8679
486.125	0.8663
486.25	0.8679
486.375	0.8679
486.5	0.8679
486.625	0.8679
486.75	0.8694
486.875	0.871
487.0	0.871
487.125	0.8726
487.25	0.8773
487.375	0.8789
487.5	0.8836
487.625	0.8867
487.75	0.8899
487.875	0.8915
488.0	0.8954
488.125	0.9009
488.25	0.9033
488.375	0.9064
488.5	0.9119
488.625	0.919
488.75	0.9245
488.875	0.9292
489.0	0.9276
489.125	0.9339
489.25	0.9347
489.375	0.9418
489.5	0.9441
489.625	0.9481
489.75	0.952
489.875	0.9528
490.0	0.9583
490.125	0.9614
490.25	0.9622
490.375	0.9669
490.5	0.9709
490.625	0.9764
490.75	0.9756
490.875	0.9819
491.0	0.9795
491.125	0.9858
491.25	0.9882
491.375	0.9858
491.5	0.9952
491.625	0.9944
491.75	0.9952
491.875	0.996
492.0	0.9976
492.125	1.0
492.25	1.0007
492.375	1.0015
492.5	1.0031
492.625	1.0047
492.75	1.0039
492.875	1.0047
493.0	1.007
493.125	1.0102
493.25	1.0102
493.375	1.0125
493.5	1.0141
493.625	1.0188
493.75	1.0188
493.875	1.0204
494.0	1.0235
494.125	1.0243
494.25	1.0243
494.375	1.0283
494.5	1.0306
494.625	1.0361
494.75	1.04
494.875	1.0416
495.0	1.0424
495.125	1.0471
495.25	1.0495
495.375	1.0542
495.5	1.0566
495.625	1.0613
495.75	1.0613
495.875	1.0613
496.0	1.066
496.125	1.066
496.25	1.0676
496.375	1.0731
496.5	1.0715
496.625	1.0754
496.75	1.0762
496.875	1.0801
497.0	1.0801
497.125	1.0801
497.25	1.0849
497.375	1.0849
497.5	1.0864
497.625	1.0896
497.75	1.0864
497.875	1.0872
498.0	1.0911
498.125	1.0896
498.25	1.0927
498.375	1.0943
498.5	1.0943
498.625	1.0951
498.75	1.0943
498.875	1.0935
499.0	1.0943
499.125	1.0943
499.25	1.0966
499.375	1.0943
499.5	1.099
499.625	1.0974
499.75	1.0966
499.875	1.0943
500.0	1.0943
500.125	1.099
500.25	1.0966
500.375	1.0974
500.5	1.099
500.625	1.099
500.75	1.0998
500.875	1.1006
501.0	1.0998
501.125	1.1037
501.25	1.1037
501.375	1.1045
501.5	1.1069
501.625	1.1037
501.75	1.1084
501.875	1.1084
502.0	1.1116
502.125	1.1084
502.25	1.1132
502.375	1.1139
502.5	1.1155
502.625	1.1147
502.75	1.1179
502.875	1.1179
503.0	1.121
503.125	1.1179
503.25	1.1226
503.375	1.125
503.5	1.1226
503.625	1.1257
503.75	1.1273
503.875	1.1273
504.0	1.1273
504.125	1.132
504.25	1.132
504.375	1.1328
504.5	1.1328
504.625	1.1367
504.75	1.1367
504.875	1.1367
505.0	1.1407
505.125	1.1399
505.25	1.1415
505.375	1.1415
505.5	1.1422
505.625	1.1462
505.75	1.147
505.875	1.1509
506.0	1.1493
506.125	1.1509
506.25	1.1501
506.375	1.1525
506.5	1.1556
506.625	1.154
506.75	1.1572
506.875	1.1588
507.0	1.1603
507.125	1.1603
507.25	1.1595
507.375	1.1603
507.5	1.1603
507.625	1.1611
507.75	1.1619
507.875	1.165
508.0	1.165
508.125	1.1698
508.25	1.1682
508.375	1.169
508.5	1.1705
508.625	1.1721
508.75	1.1705
508.875	1.1745
509.0	1.1776
509.125	1.1768
509.25	1.1768
509.375	1.1792
509.5	1.1792
509.625	1.1792
509.75	1.1792
509.875	1.1792
510.0	1.1784
510.125	1.1839
510.25	1.1816
510.375	1.1839
510.5	1.1808
510.625	1.1831
510.75	1.1831
510.875	1.18
511.0	1.18
511.125	1.1839
511.25	1.1808
511.375	1.1831
511.5	1.1839
511.625	1.1808
511.75	1.18
511.875	1.18
512.0	1.1792
512.125	1.1792
512.25	1.1808
512.375	1.18
512.5	1.1792
512.625	1.1792
512.75	1.18
512.875	1.1784
513.0	1.18
513.125	1.1792
513.25	1.1745
513.375	1.1792
513.5	1.1745
513.625	1.1745
513.75	1.1745
513.875	1.1713
514.0	1.1721
514.125	1.1698
514.25	1.1698
514.375	1.169
514.5	1.1698
514.625	1.1666
514.75	1.1698
514.875	1.1682
515.0	1.1698
515.125	1.1698
515.25	1.1705
515.375	1.1698
515.5	1.1705
515.625	1.1745
515.75	1.1698
515.875	1.1729
516.0	1.1674
516.125	1.1698
516.25	1.1745
516.375	1.1705
516.5	1.1705
516.625	1.1713
516.75	1.1729
516.875	1.1745
517.0	1.1745
517.125	1.1784
517.25	1.1753
517.375	1.1745
517.5	1.1745
517.625	1.1745
517.75	1.1784
517.875	1.1745
518.0	1.1776
518.125	1.1737
518.25	1.1745
518.375	1.1745
518.5	1.1745
518.625	1.1745
518.75	1.1745
518.875	1.1745
519.0	1.1705
519.125	1.1721
519.25	1.1698
519.375	1.169
519.5	1.1698
519.625	1.1705
519.75	1.1698
519.875	1.1698
520.0	1.1698
520.125	1.1682
520.25	1.165
520.375	1.1658
520.5	1.1643
520.625	1.165
520.75	1.165
520.875	1.1611
521.0	1.1603
521.125	1.1595
521.25	1.158
521.375	1.1564
521.5	1.1564
521.625	1.1525
521.75	1.1556
521.875	1.1509
522.0	1.1525
522.125	1.1477
522.25	1.1462
522.375	1.147
522.5	1.1438
522.625	1.1446
522.75	1.1415
522.875	1.1415
523.0	1.1415
523.125	1.1399
523.25	1.1367
523.375	1.1367
523.5	1.1367
523.625	1.132
523.75	1.132
523.875	1.1305
524.0	1.1297
524.125	1.1281
524.25	1.1281
524.375	1.1289
524.5	1.1265
524.625	1.1226
524.75	1.1226
524.875	1.1194
525.0	1.1187
525.125	1.1179
525.25	1.1155
525.375	1.1132
525.5	1.1147
525.625	1.1132
525.75	1.1108
525.875	1.11
526.0	1.1084
526.125	1.1053
526.25	1.1029
526.375	1.1014
526.5	1.0982
526.625	1.099
526.75	1.099
526.875	1.0951
527.0	1.0943
527.125	1.0911
527.25	1.0951
527.375	1.0896
527.5	1.0896
527.625	1.0896
527.75	1.0864
527.875	1.0849
528.0	1.0817
528.125	1.0841
528.25	1.0817
528.375	1.077
528.5	1.0731
528.625	1.0731
528.75	1.0707
528.875	1.0707
529.0	1.0683
529.125	1.066
529.25	1.066
529.375	1.0652
529.5	1.0644
529.625	1.0613
529.75	1.0581
529.875	1.0605
530.0	1.0597
530.125	1.0566
530.25	1.0566
530.375	1.0566
530.5	1.0558
530.625	1.0526
530.75	1.0518
530.875	1.0518
531.0	1.0503
531.125	1.0471
531.25	1.0487
531.375	1.0471
531.5	1.0471
531.625	1.0471
531.75	1.0471
531.875	1.0471
532.0	1.0432
532.125	1.0424
532.25	1.0424
532.375	1.0416
532.5	1.0416
532.625	1.0408
532.75	1.0377
532.875	1.0345
533.0	1.0338
533.125	1.033
533.25	1.033
533.375	1.0283
533.5	1.0283
533.625	1.0259
533.75	1.022
533.875	1.0235
534.0	1.0188
534.125	1.018
534.25	1.0133
534.375	1.0157
534.5	1.0141
534.625	1.0117
534.75	1.0094
534.875	1.0047
535.0	1.0023
535.125	1.0023
535.25	0.9992
535.375	0.9952
535.5	0.9952
535.625	0.9905
535.75	0.9858
535.875	0.9834
536.0	0.9842
536.125	0.9803
536.25	0.9779
536.375	0.9764
536.5	0.9716
536.625	0.9685
536.75	0.9685
536.875	0.963
537.0	0.9622
537.125	0.9591
537.25	0.9575
537.375	0.9528
537.5	0.9496
537.625	0.9488
537.75	0.9441
537.875	0.9426
538.0	0.9386
538.125	0.9363
538.25	0.9355
538.375	0.9316
538.5	0.9276
538.625	0.9276
538.75	0.9261
538.875	0.9229
539.0	0.919
539.125	0.9174
539.25	0.915
539.375	0.9127
539.5	0.9103
539.625	0.9095
539.75	0.9072
539.875	0.9056
540.0	0.904
540.125	0.9009
540.25	0.9033
540.375	0.9009
540.5	0.8985
540.625	0.9009
540.75	0.8922
540.875	0.8938
541.0	0.8883
541.125	0.8867
541.25	0.8875
541.375	0.886
541.5	0.8828
541.625	0.882
541.75	0.8773
541.875	0.8773
542.0	0.8757
542.125	0.8726
542.25	0.8726
542.375	0.8702
542.5	0.8694
542.625	0.8647
542.75	0.8663
542.875	0.8639
543.0	0.8608
543.125	0.8584
543.25	0.8577
543.375	0.8561
543.5	0.8561
543.625	0.8537
543.75	0.8529
543.875	0.8498
544.0	0.8474
544.125	0.849
544.25	0.8443
544.375	0.8419
544.5	0.8396
544.625	0.8396
544.75	0.8388
544.875	0.8341
545.0	0.8349
545.125	0.8317
545.25	0.8301
545.375	0.8286
545.5	0.8286
545.625	0.8254
545.75	0.8223
545.875	0.8199
546.0	0.8199
546.125	0.8168
546.25	0.816
546.375	0.816
546.5	0.8152
546.625	0.8121
546.75	0.8113
546.875	0.8113
547.0	0.8089
547.125	0.8066
547.25	0.8066
547.375	0.8066
547.5	0.8034
547.625	0.8018
547.75	0.8018
547.875	0.8018
548.0	0.7971
548.125	0.7955
548.25	0.7924
548.375	0.7924
548.5	0.7885
548.625	0.7885
548.75	0.7877
548.875	0.7838
549.0	0.783
549.125	0.7814
549.25	0.783
549.375	0.779
549.5	0.779
549.625	0.7759
549.75	0.7743
549.875	0.7704
550.0	0.772
550.125	0.7696
550.25	0.7657
550.375	0.7657
550.5	0.7641
550.625	0.7633
550.75	0.761
550.875	0.7594
551.0	0.7594
551.125	0.7555
551.25	0.7547
551.375	0.7531
551.5	0.75
551.625	0.75
551.75	0.7492
551.875	0.746
552.0	0.7452
552.125	0.7437
552.25	0.7437
552.375	0.7405
552.5	0.7405
552.625	0.7358
552.75	0.7366
552.875	0.7334
553.0	0.7327
553.125	0.7303
553.25	0.7264
553.375	0.7303
553.5	0.7256
553.625	0.7264
553.75	0.7256
553.875	0.7216
554.0	0.7216
554.125	0.7216
554.25	0.7169
554.375	0.7169
554.5	0.7169
554.625	0.7138
554.75	0.7154
554.875	0.7122
555.0	0.7122
555.125	0.7106
555.25	0.7091
555.375	0.7075
555.5	0.7075
555.625	0.7067
555.75	0.7036
555.875	0.7028
556.0	0.7028
556.125	0.7028
556.25	0.7028
556.375	0.7004
556.5	0.7028
556.625	0.7028
556.75	0.6988
556.875	0.6996
557.0	0.6981
557.125	0.6973
557.25	0.6973
557.375	0.6981
557.5	0.6973
557.625	0.6957
557.75	0.6933
557.875	0.6957
558.0	0.6933
558.125	0.6949
558.25	0.6918
558.375	0.6933
558.5	0.6933
558.625	0.6933
558.75	0.6926
558.875	0.6933
559.0	0.6933
559.125	0.6933
559.25	0.6933
559.375	0.6933
559.5	0.6933
559.625	0.6933
559.75	0.6933
559.875	0.6933
560.0	0.6933
560.125	0.6933
560.25	0.6933
560.375	0.6933
560.5	0.6918
560.625	0.6918
560.75	0.6933
560.875	0.6933
561.0	0.6933
561.125	0.6933
561.25	0.6933
561.375	0.6965
561.5	0.6933
561.625	0.6949
561.75	0.6933
561.875	0.6957
562.0	0.6965
562.125	0.6941
562.25	0.6949
562.375	0.6973
562.5	0.6973
562.625	0.6981
562.75	0.6973
562.875	0.6981
563.0	0.6973
563.125	0.6981
563.25	0.6981
563.375	0.7012
563.5	0.6996
563.625	0.6981
563.75	0.7012
563.875	0.6981
564.0	0.7012
564.125	0.7028
564.25	0.7004
564.375	0.702
564.5	0.7028
564.625	0.7028
564.75	0.7044
564.875	0.7028
565.0	0.7075
565.125	0.7075
565.25	0.7075
565.375	0.7083
565.5	0.7075
565.625	0.7154
565.75	0.7114
565.875	0.7169
566.0	0.7122
566.125	0.7122
566.25	0.7169
566.375	0.7161
566.5	0.7193
566.625	0.7201
566.75	0.7201
566.875	0.7224
567.0	0.724
567.125	0.7264
567.25	0.7303
567.375	0.7272
567.5	0.7311
567.625	0.735
567.75	0.7358
567.875	0.7382
568.0	0.7374
568.125	0.7444
568.25	0.7429
568.375	0.7452
568.5	0.746
568.625	0.7507
568.75	0.7523
568.875	0.7547
569.0	0.7555
569.125	0.7594
569.25	0.7594
569.375	0.7633
569.5	0.7641
569.625	0.7672
569.75	0.7688
569.875	0.7688
570.0	0.7688
570.125	0.7696
570.25	0.7727
570.375	0.7735
570.5	0.7735
570.625	0.7759
570.75	0.7735
570.875	0.7783
571.0	0.779
571.125	0.7798
571.25	0.783
571.375	0.783
571.5	0.7853
571.625	0.7861
571.75	0.7877
571.875	0.7877
572.0	0.7877
572.125	0.7924
572.25	0.7924
572.375	0.7924
572.5	0.7971
572.625	0.7948
572.75	0.7971
572.875	0.7971
573.0	0.8018
573.125	0.8042
573.25	0.8026
573.375	0.8066
573.5	0.8066
573.625	0.8097
573.75	0.8105
573.875	0.8113
574.0	0.8128
574.125	0.8144
574.25	0.8152
574.375	0.8183
574.5	0.816
574.625	0.8199
574.75	0.8207
574.875	0.8207
575.0	0.8207
575.125	0.8223
575.25	0.8254
575.375	0.8231
575.5	0.8254
575.625	0.8254
575.75	0.8254
575.875	0.8286
576.0	0.8301
576.125	0.8301
576.25	0.8294
576.375	0.8333
576.5	0.8301
576.625	0.8301
576.75	0.8333
576.875	0.8301
577.0	0.8309
577.125	0.8333
577.25	0.8301
577.375	0.8325
577.5	0.8309
577.625	0.8325
577.75	0.8341
577.875	0.8317
578.0	0.8333
578.125	0.8301
578.25	0.8349
578.375	0.8309
578.5	0.8317
578.625	0.8317
578.75	0.8333
578.875	0.8341
579.0	0.8341
579.125	0.8341
579.25	0.8349
579.375	0.8341
579.5	0.8349
579.625	0.8349
579.75	0.8372
579.875	0.8349
580.0	0.8396
580.125	0.8396
580.25	0.8396
580.375	0.8396
580.5	0.8404
580.625	0.8396
580.75	0.8411
580.875	0.8419
581.0	0.8443
581.125	0.8435
581.25	0.8443
581.375	0.8451
581.5	0.8459
581.625	0.8443
581.75	0.8466
581.875	0.8443
582.0	0.849
582.125	0.849
582.25	0.8514
582.375	0.849
582.5	0.8474
582.625	0.849
582.75	0.8482
582.875	0.849
583.0	0.849
583.125	0.8482
583.25	0.849
583.375	0.8506
583.5	0.849
583.625	0.849
583.75	0.849
583.875	0.849
584.0	0.849
584.125	0.8498
584.25	0.8482
584.375	0.8498
584.5	0.8522
584.625	0.849
584.75	0.849
584.875	0.8482
585.0	0.8459
585.125	0.8443
585.25	0.8427
585.375	0.8459
585.5	0.8443
585.625	0.8427
585.75	0.8459
585.875	0.8427
586.0	0.8443
586.125	0.8419
586.25	0.8419
586.375	0.8396
586.5	0.8404
586.625	0.8372
586.75	0.8396
586.875	0.8349
587.0	0.838
587.125	0.8364
587.25	0.8396
587.375	0.8364
587.5	0.8396
587.625	0.8372
587.75	0.8349
587.875	0.8388
588.0	0.8349
588.125	0.8349
588.25	0.8349
588.375	0.8364
588.5	0.8349
588.625	0.8388
588.75	0.838
588.875	0.8349
589.0	0.8333
589.125	0.8333
589.25	0.8317
589.375	0.8325
589.5	0.8309
589.625	0.8309
589.75	0.8294
589.875	0.8301
590.0	0.8301
590.125	0.8301
590.25	0.8278
590.375	0.8294
590.5	0.8294
590.625	0.8301
590.75	0.8254
590.875	0.8262
591.0	0.8231
591.125	0.8254
591.25	0.8231
591.375	0.8207
591.5	0.8207
591.625	0.8183
591.75	0.8168
591.875	0.8183
592.0	0.8191
592.125	0.816
592.25	0.816
592.375	0.816
592.5	0.8136
592.625	0.8105
592.75	0.8097
592.875	0.8097
593.0	0.8066
593.125	0.8034
593.25	0.8026
593.375	0.8011
593.5	0.8011
593.625	0.7987
593.75	0.7971
593.875	0.7971
594.0	0.7932
594.125	0.7932
594.25	0.7924
594.375	0.7908
594.5	0.7877
594.625	0.7877
594.75	0.7869
594.875	0.783
595.0	0.783
595.125	0.7806
595.25	0.7783
595.375	0.7751
595.5	0.7783
595.625	0.7759
595.75	0.7751
595.875	0.7735
596.0	0.7712
596.125	0.7704
596.25	0.7696
596.375	0.7688
596.5	0.768
596.625	0.7688
596.75	0.7688
596.875	0.7688
597.0	0.7688
597.125	0.768
597.25	0.7641
597.375	0.7649
597.5	0.7625
597.625	0.7586
597.75	0.757
597.875	0.7539
598.0	0.7507
598.125	0.746
598.25	0.7421
598.375	0.7405
598.5	0.7405
598.625	0.7374
598.75	0.7382
598.875	0.7374
599.0	0.7405
599.125	0.7405
599.25	0.7421
599.375	0.7405
599.5	0.7413
599.625	0.7413
599.75	0.7405
599.875	0.7413
600.0	0.7405
600.125	0.7405
600.25	0.7413
600.375	0.7429
600.5	0.7405
600.625	0.7413
600.75	0.7405
600.875	0.7397
601.0	0.7358
601.125	0.7366
601.25	0.7366
601.375	0.7358
601.5	0.735
601.625	0.7358
601.75	0.7334
601.875	0.7334
602.0	0.7303
602.125	0.7303
602.25	0.7287
602.375	0.7279
602.5	0.7272
602.625	0.7272
602.75	0.7264
602.875	0.7264
603.0	0.7248
603.125	0.7216
603.25	0.7216
603.375	0.7216
603.5	0.7169
603.625	0.7169
603.75	0.7154
603.875	0.7169
604.0	0.713
604.125	0.713
604.25	0.7083
604.375	0.7106
604.5	0.7083
604.625	0.7075
604.75	0.7106
604.875	0.7075
605.0	0.7075
605.125	0.7075
605.25	0.7075
605.375	0.7075
605.5	0.7044
605.625	0.7051
605.75	0.7036
605.875	0.7028
606.0	0.7012
606.125	0.702
606.25	0.6981
606.375	0.6981
606.5	0.6981
606.625	0.6996
606.75	0.6988
606.875	0.6973
607.0	0.6981
607.125	0.6981
607.25	0.6965
607.375	0.6941
607.5	0.6949
607.625	0.6933
607.75	0.6933
607.875	0.6918
608.0	0.691
608.125	0.6933
608.25	0.6933
608.375	0.6926
608.5	0.6886
608.625	0.6933
608.75	0.6886
608.875	0.6886
609.0	0.6894
609.125	0.6886
609.25	0.691
609.375	0.6933
609.5	0.6886
609.625	0.6933
609.75	0.6894
609.875	0.6894
610.0	0.6886
610.125	0.6902
610.25	0.691
610.375	0.691
610.5	0.6918
610.625	0.6886
610.75	0.6902
610.875	0.6894
611.0	0.691
611.125	0.6886
611.25	0.6894
611.375	0.6886
611.5	0.6902
611.625	0.6886
611.75	0.6886
611.875	0.6871
612.0	0.6878
612.125	0.6886
612.25	0.6878
612.375	0.6878
612.5	0.6878
612.625	0.6878
612.75	0.6871
612.875	0.6847
613.0	0.6839
613.125	0.6847
613.25	0.6878
613.375	0.6855
613.5	0.6855
613.625	0.6839
613.75	0.6839
613.875	0.6847
614.0	0.6839
614.125	0.6847
614.25	0.6823
614.375	0.6839
614.5	0.6816
614.625	0.6816
614.75	0.6839
614.875	0.6839
615.0	0.6839
615.125	0.6839
615.25	0.6831
615.375	0.6839
615.5	0.6839
615.625	0.6839
615.75	0.6792
615.875	0.6816
616.0	0.6792
616.125	0.6784
616.25	0.6792
616.375	0.6776
616.5	0.6768
616.625	0.6792
616.75	0.6776
616.875	0.6792
617.0	0.6753
617.125	0.6745
617.25	0.6745
617.375	0.6753
617.5	0.6745
617.625	0.6737
617.75	0.6713
617.875	0.6721
618.0	0.6729
618.125	0.6705
618.25	0.6698
618.375	0.6698
618.5	0.6682
618.625	0.6682
618.75	0.665
618.875	0.6658
619.0	0.6658
619.125	0.665
619.25	0.6635
619.375	0.6635
619.5	0.6603
619.625	0.6627
619.75	0.6603
619.875	0.658
620.0	0.6556
620.125	0.6556
620.25	0.6556
620.375	0.6556
620.5	0.6525
620.625	0.6509
620.75	0.6462
620.875	0.6462
621.0	0.6438
621.125	0.6415
621.25	0.6391
621.375	0.6391
621.5	0.6367
621.625	0.6367
621.75	0.6415
621.875	0.6446
622.0	0.6462
622.125	0.6517
622.25	0.6556
622.375	0.6635
622.5	0.665
622.625	0.665
622.75	0.6698
622.875	0.6698
623.0	0.6713
623.125	0.6705
623.25	0.6729
623.375	0.6737
623.5	0.6745
623.625	0.6737
623.75	0.6753
623.875	0.6729
624.0	0.6721
624.125	0.6721
624.25	0.6713
624.375	0.6698
624.5	0.6698
624.625	0.6698
624.75	0.6705
624.875	0.6698
625.0	0.6698
625.125	0.669
625.25	0.6698
625.375	0.6698
625.5	0.6698
625.625	0.6698
625.75	0.669
625.875	0.6682
626.0	0.6674
626.125	0.665
626.25	0.6666
626.375	0.6674
626.5	0.665
626.625	0.665
626.75	0.665
626.875	0.665
627.0	0.665
627.125	0.6627
627.25	0.6603
627.375	0.6619
627.5	0.6627
627.625	0.6603
627.75	0.6619
627.875	0.6595
628.0	0.6603
628.125	0.6603
628.25	0.6603
628.375	0.6603
628.5	0.6603
628.625	0.6603
628.75	0.6603
628.875	0.6603
629.0	0.6611
629.125	0.6603
629.25	0.6603
629.375	0.658
629.5	0.6603
629.625	0.6603
629.75	0.6595
629.875	0.6595
630.0	0.6556
630.125	0.658
630.25	0.6572
630.375	0.6572
630.5	0.658
630.625	0.6548
630.75	0.6564
630.875	0.6556
631.0	0.6556
631.125	0.6556
631.25	0.6548
631.375	0.6556
631.5	0.6525
631.625	0.6548
631.75	0.6548
631.875	0.6525
632.0	0.6556
632.125	0.6533
632.25	0.6509
632.375	0.6525
632.5	0.6509
632.625	0.6509
632.75	0.6501
632.875	0.6477
633.0	0.6485
633.125	0.6462
633.25	0.6454
633.375	0.6462
633.5	0.6462
633.625	0.6454
633.75	0.6462
633.875	0.647
634.0	0.6477
634.125	0.6462
634.25	0.6477
634.375	0.6485
634.5	0.647
634.625	0.6462
634.75	0.6446
634.875	0.6462
635.0	0.6462
635.125	0.6446
635.25	0.6454
635.375	0.6446
635.5	0.6462
635.625	0.6454
635.75	0.6462
635.875	0.6462
636.0	0.6438
636.125	0.6454
636.25	0.6454
636.375	0.6438
636.5	0.6422
636.625	0.6438
636.75	0.643
636.875	0.6438
637.0	0.643
637.125	0.6462
637.25	0.6446
637.375	0.6446
637.5	0.6422
637.625	0.6438
637.75	0.6415
637.875	0.6446
638.0	0.6446
638.125	0.6438
638.25	0.6415
638.375	0.6415
638.5	0.6422
638.625	0.6422
638.75	0.6415
638.875	0.6415
639.0	0.6422
639.125	0.6422
639.25	0.6399
639.375	0.6399
639.5	0.6415
639.625	0.6415
639.75	0.6422
639.875	0.6415
640.0	0.6422
640.125	0.6422
640.25	0.6415
640.375	0.643
640.5	0.6415
640.625	0.6462
640.75	0.6407
640.875	0.6415
641.0	0.6399
641.125	0.6399
641.25	0.6415
641.375	0.6415
641.5	0.6391
641.625	0.6399
641.75	0.6375
641.875	0.6415
642.0	0.6415
642.125	0.6415
642.25	0.643
642.375	0.6415
642.5	0.6415
642.625	0.6415
642.75	0.6415
642.875	0.6391
643.0	0.6367
643.125	0.6399
643.25	0.6407
643.375	0.6383
643.5	0.6375
643.625	0.6367
643.75	0.6367
643.875	0.6367
644.0	0.636
644.125	0.6344
644.25	0.632
644.375	0.632
644.5	0.632
644.625	0.632
644.75	0.632
644.875	0.632
645.0	0.632
645.125	0.6289
645.25	0.6281
645.375	0.632
645.5	0.6297
645.625	0.632
645.75	0.6297
645.875	0.6289
646.0	0.6273
646.125	0.6273
646.25	0.6273
646.375	0.6265
646.5	0.6273
646.625	0.6273
646.75	0.6305
646.875	0.6297
647.0	0.6273
647.125	0.6312
647.25	0.6305
647.375	0.632
647.5	0.6289
647.625	0.6273
647.75	0.6281
647.875	0.632
648.0	0.6273
648.125	0.6273
648.25	0.6281
648.375	0.6273
648.5	0.6312
648.625	0.6273
648.75	0.6297
648.875	0.6312
649.0	0.6281
649.125	0.6289
649.25	0.6289
649.375	0.6273
649.5	0.6273
649.625	0.6273
649.75	0.6273
649.875	0.6289
650.0	0.6289
650.125	0.6265
650.25	0.6273
650.375	0.6273
650.5	0.625
650.625	0.6273
650.75	0.625
650.875	0.6281
651.0	0.6265
651.125	0.6312
651.25	0.6312
651.375	0.6289
651.5	0.6273
651.625	0.6273
651.75	0.6265
651.875	0.6281
652.0	0.6273
652.125	0.6273
652.25	0.6273
652.375	0.6242
652.5	0.6273
652.625	0.6273
652.75	0.6234
652.875	0.6226
653.0	0.6226
653.125	0.621
653.25	0.6202
653.375	0.6218
653.5	0.6187
653.625	0.6194
653.75	0.6226
653.875	0.6194
654.0	0.6202
654.125	0.621
654.25	0.6218
654.375	0.6187
654.5	0.6179
654.625	0.6179
654.75	0.6179
654.875	0.6179
655.0	0.6187
655.125	0.6179
655.25	0.6202
655.375	0.6194
655.5	0.6179
655.625	0.6202
655.75	0.6179
655.875	0.6179
656.0	0.6187
656.125	0.6179
656.25	0.6187
656.375	0.6179
656.5	0.6226
656.625	0.6179
656.75	0.6179
656.875	0.6202
657.0	0.6179
657.125	0.6179
657.25	0.6179
657.375	0.6179
657.5	0.6179
657.625	0.6179
657.75	0.6163
657.875	0.6155
658.0	0.6179
658.125	0.6179
658.25	0.6179
658.375	0.6171
658.5	0.6179
658.625	0.6179
658.75	0.6179
658.875	0.6179
659.0	0.6179
659.125	0.6179
659.25	0.6171
659.375	0.6179
659.5	0.6202
659.625	0.6179
659.75	0.6187
659.875	0.6163
660.0	0.6179
660.125	0.6171
660.25	0.6179
660.375	0.6179
660.5	0.6171
660.625	0.6179
660.75	0.6179
660.875	0.6171
661.0	0.6179
661.125	0.6202
661.25	0.6179
661.375	0.6179
661.5	0.6179
661.625	0.6179
661.75	0.6171
661.875	0.6155
662.0	0.6155
662.125	0.6179
662.25	0.6179
662.375	0.6179
662.5	0.6179
662.625	0.6179
662.75	0.6179
662.875	0.6179
663.0	0.6163
663.125	0.6179
663.25	0.6179
663.375	0.6179
663.5	0.6171
663.625	0.6171
663.75	0.6179
663.875	0.6179
664.0	0.6179
664.125	0.6179
664.25	0.6171
664.375	0.6179
664.5	0.6171
664.625	0.6179
664.75	0.6202
664.875	0.6171
665.0	0.6179
665.125	0.6179
665.25	0.6171
665.375	0.6194
665.5	0.6179
665.625	0.6218
665.75	0.6179
665.875	0.6202
666.0	0.6179
666.125	0.6179
666.25	0.6179
666.375	0.6132
666.5	0.6163
666.625	0.6155
666.75	0.6171
666.875	0.6163
667.0	0.6139
667.125	0.6147
667.25	0.6179
667.375	0.6132
667.5	0.6132
667.625	0.6139
667.75	0.6132
667.875	0.6132
668.0	0.6132
668.125	0.6132
668.25	0.6084
668.375	0.6132
668.5	0.6092
668.625	0.6084
668.75	0.6084
668.875	0.6092
669.0	0.6045
669.125	0.61
669.25	0.6045
669.375	0.6045
669.5	0.6069
669.625	0.6077
669.75	0.6061
669.875	0.6037
670.0	0.6037
670.125	0.6037
670.25	0.6037
670.375	0.6045
670.5	0.6037
670.625	0.6037
670.75	0.6037
670.875	0.6037
671.0	0.6029
671.125	0.6037
671.25	0.6037
671.375	0.6037
671.5	0.6037
671.625	0.6037
671.75	0.6037
671.875	0.6037
672.0	0.6037
672.125	0.6037
672.25	0.6014
672.375	0.6014
672.5	0.6037
672.625	0.6037
672.75	0.6029
672.875	0.6006
673.0	0.6037
673.125	0.6037
673.25	0.6022
673.375	0.6022
673.5	0.6014
673.625	0.5998
673.75	0.5998
673.875	0.6014
674.0	0.6014
674.125	0.6022
674.25	0.6037
674.375	0.5998
674.5	0.6022
674.625	0.6029
674.75	0.6037
674.875	0.6022
675.0	0.5998
675.125	0.6022
675.25	0.6037
675.375	0.6014
675.5	0.6006
675.625	0.6029
675.75	0.5998
675.875	0.6037
676.0	0.6029
676.125	0.6029
676.25	0.6029
676.375	0.599
676.5	0.6006
676.625	0.599
676.75	0.5998
676.875	0.599
677.0	0.599
677.125	0.6006
677.25	0.599
677.375	0.599
677.5	0.599
677.625	0.599
677.75	0.599
677.875	0.599
678.0	0.6006
678.125	0.599
678.25	0.599
678.375	0.599
678.5	0.6029
678.625	0.599
678.75	0.5982
678.875	0.6037
679.0	0.6022
679.125	0.6014
679.25	0.6037
679.375	0.6014
679.5	0.5998
679.625	0.6037
679.75	0.6022
679.875	0.6006
680.0	0.6014
680.125	0.6014
680.25	0.6029
680.375	0.6022
680.5	0.6037
680.625	0.6045
680.75	0.6037
680.875	0.6037
681.0	0.6037
681.125	0.6022
681.25	0.6037
681.375	0.6037
681.5	0.6037
681.625	0.6037
681.75	0.6037
681.875	0.6037
682.0	0.6037
682.125	0.6029
682.25	0.6037
682.375	0.6037
682.5	0.6037
682.625	0.6037
682.75	0.6029
682.875	0.6037
683.0	0.6006
683.125	0.5998
683.25	0.5998
683.375	0.599
683.5	0.599
683.625	0.599
683.75	0.599
683.875	0.5998
684.0	0.6029
684.125	0.6014
684.25	0.6029
684.375	0.6037
684.5	0.6037
684.625	0.6022
684.75	0.6029
684.875	0.6037
685.0	0.599
685.125	0.599
685.25	0.6014
685.375	0.6037
685.5	0.5998
685.625	0.6037
685.75	0.6029
685.875	0.599
686.0	0.6037
686.125	0.599
686.25	0.6014
686.375	0.6037
686.5	0.6014
686.625	0.6037
686.75	0.6022
686.875	0.599
687.0	0.6029
687.125	0.6037
687.25	0.6022
687.375	0.6014
687.5	0.6022
687.625	0.6037
687.75	0.6029
687.875	0.6014
688.0	0.6006
688.125	0.6037
688.25	0.6037
688.375	0.5998
688.5	0.6014
688.625	0.599
688.75	0.599
688.875	0.6006
689.0	0.599
689.125	0.6037
689.25	0.6029
689.375	0.6037
689.5	0.6037
689.625	0.6029
689.75	0.6053
689.875	0.6037
690.0	0.6037
690.125	0.6037
690.25	0.6037
690.375	0.6037
690.5	0.599
690.625	0.5998
690.75	0.5951
690.875	0.5974
691.0	0.5888
691.125	0.588
691.25	0.5849
691.375	0.5817
691.5	0.5801
691.625	0.5786
691.75	0.5746
691.875	0.5754
692.0	0.5707
692.125	0.5676
692.25	0.566
692.375	0.5628
692.5	0.5613
692.625	0.5605
692.75	0.5589
692.875	0.5566
693.0	0.5573
693.125	0.5566
693.25	0.5589
693.375	0.5605
693.5	0.5589
693.625	0.5613
693.75	0.5613
693.875	0.5644
694.0	0.5636
694.125	0.566
694.25	0.5683
694.375	0.5668
694.5	0.5691
694.625	0.5707
694.75	0.5707
694.875	0.5707
695.0	0.5707
695.125	0.5707
695.25	0.5707
695.375	0.5707
695.5	0.5691
695.625	0.5691
695.75	0.5676
695.875	0.5676
696.0	0.5683
696.125	0.566
696.25	0.5668
696.375	0.5652
696.5	0.5652
696.625	0.5644
696.75	0.5628
696.875	0.5613
697.0	0.5589
697.125	0.5566
697.25	0.5558
697.375	0.5566
697.5	0.5566
697.625	0.5542
697.75	0.5566
697.875	0.5542
698.0	0.5518
698.125	0.5566
698.25	0.5566
698.375	0.5534
698.5	0.5566
698.625	0.5597
698.75	0.5613
698.875	0.5621
699.0	0.566
699.125	0.5683
699.25	0.5683
699.375	0.5707
699.5	0.5707
699.625	0.5699
699.75	0.5707
699.875	0.5699
700.0	0.5707
700.125	0.5707
700.25	0.5707
700.375	0.5715
700.5	0.5707
700.625	0.5715
700.75	0.5707
700.875	0.5707
701.0	0.5707
701.125	0.5707
701.25	0.5754
701.375	0.5738
701.5	0.5715
701.625	0.5754
701.75	0.5746
701.875	0.5762
702.0	0.5754
702.125	0.577
702.25	0.5754
702.375	0.5762
702.5	0.5754
702.625	0.5778
702.75	0.5762
702.875	0.5754
703.0	0.5778
703.125	0.5754
703.25	0.577
703.375	0.577
703.5	0.5754
703.625	0.5754
703.75	0.5754
703.875	0.5754
704.0	0.5746
704.125	0.5754
704.25	0.5754
704.375	0.5754
704.5	0.5731
704.625	0.5738
704.75	0.5731
704.875	0.5746
705.0	0.5738
705.125	0.5723
705.25	0.5754
705.375	0.5754
705.5	0.5723
705.625	0.5723
705.75	0.5707
705.875	0.5715
706.0	0.5731
706.125	0.5746
706.25	0.5746
706.375	0.5738
706.5	0.5754
706.625	0.5723
706.75	0.5731
706.875	0.5723
707.0	0.5707
707.125	0.5723
707.25	0.5731
707.375	0.5738
707.5	0.5738
707.625	0.5723
707.75	0.5754
707.875	0.5731
708.0	0.5707
708.125	0.5746
708.25	0.5723
708.375	0.5754
708.5	0.5715
708.625	0.5731
708.75	0.5707
708.875	0.5731
709.0	0.5731
709.125	0.5723
709.25	0.5715
709.375	0.5746
709.5	0.5754
709.625	0.5754
709.75	0.5738
709.875	0.5715
710.0	0.5738
710.125	0.5707
710.25	0.5707
710.375	0.5707
710.5	0.5707
710.625	0.5707
710.75	0.5707
710.875	0.5707
711.0	0.5707
711.125	0.5707
711.25	0.5707
711.375	0.5715
711.5	0.5707
711.625	0.5707
711.75	0.5707
711.875	0.5707
712.0	0.5707
712.125	0.5707
712.25	0.5707
712.375	0.5707
712.5	0.5707
712.625	0.5723
712.75	0.5691
712.875	0.5731
713.0	0.5707
713.125	0.5746
713.25	0.5762
713.375	0.5746
713.5	0.5754
713.625	0.5778
713.75	0.5833
713.875	0.5849
714.0	0.5849
714.125	0.5896
714.25	0.5888
714.375	0.5896
714.5	0.5896
714.625	0.5904
714.75	0.5919
714.875	0.5896
715.0	0.5935
715.125	0.5896
715.25	0.5943
715.375	0.5943
715.5	0.5943
715.625	0.5951
715.75	0.5904
715.875	0.5943
716.0	0.5888
716.125	0.5849
716.25	0.5817
716.375	0.5801
716.5	0.5801
716.625	0.5754
716.75	0.5786
716.875	0.5754
717.0	0.5754
717.125	0.5754
717.25	0.5754
717.375	0.5715
717.5	0.5723
717.625	0.5707
717.75	0.566
717.875	0.566
718.0	0.5613
718.125	0.5597
718.25	0.5566
718.375	0.5542
718.5	0.5518
718.625	0.5511
718.75	0.5487
718.875	0.5471
719.0	0.544
719.125	0.5448
719.25	0.5416
719.375	0.5408
719.5	0.5424
719.625	0.5424
719.75	0.5416
719.875	0.5424
720.0	0.5424
720.125	0.5424
720.25	0.5416
720.375	0.5448
720.5	0.5471
720.625	0.5503
720.75	0.5526
720.875	0.555
721.0	0.555
721.125	0.5566
721.25	0.5605
721.375	0.5597
721.5	0.5613
721.625	0.5621
721.75	0.5613
721.875	0.566
722.0	0.566
722.125	0.5676
722.25	0.566
722.375	0.566
722.5	0.5668
722.625	0.5699
722.75	0.5676
722.875	0.5699
723.0	0.5715
723.125	0.5754
723.25	0.5754
723.375	0.5786
723.5	0.5794
723.625	0.5801
723.75	0.5801
723.875	0.5809
724.0	0.5801
724.125	0.5817
724.25	0.5817
724.375	0.5794
724.5	0.5801
724.625	0.5801
724.75	0.5794
724.875	0.5786
725.0	0.5754
725.125	0.5754
725.25	0.5715
725.375	0.5699
725.5	0.5668
725.625	0.5628
725.75	0.5613
725.875	0.5581
726.0	0.5566
726.125	0.5566
726.25	0.5558
726.375	0.5526
726.5	0.5518
726.625	0.5487
726.75	0.5518
726.875	0.5471
727.0	0.5471
727.125	0.5471
727.25	0.5471
727.375	0.5471
727.5	0.5471
727.625	0.5471
727.75	0.5448
727.875	0.5448
728.0	0.5471
728.125	0.5448
728.25	0.5471
728.375	0.5448
728.5	0.5471
728.625	0.5424
728.75	0.5463
728.875	0.5448
729.0	0.5424
729.125	0.544
729.25	0.5463
729.375	0.5463
729.5	0.5424
729.625	0.544
729.75	0.5471
729.875	0.544
730.0	0.5471
730.125	0.5471
730.25	0.5455
730.375	0.5471
730.5	0.5471
730.625	0.5479
730.75	0.5471
730.875	0.5487
731.0	0.5479
731.125	0.5471
731.25	0.5471
731.375	0.5471
731.5	0.5471
731.625	0.5471
731.75	0.5471
731.875	0.5471
732.0	0.5471
732.125	0.5479
732.25	0.5487
732.375	0.5495
732.5	0.5471
732.625	0.5518
732.75	0.5511
732.875	0.5518
733.0	0.5518
733.125	0.5526
733.25	0.5518
733.375	0.5518
733.5	0.5526
733.625	0.5526
733.75	0.5534
733.875	0.5526
734.0	0.5526
734.125	0.555
734.25	0.555
734.375	0.5566
734.5	0.5566
734.625	0.555
734.75	0.5566
734.875	0.5542
735.0	0.5534
735.125	0.5534
735.25	0.5518
735.375	0.5542
735.5	0.5542
735.625	0.5566
735.75	0.5542
735.875	0.5534
736.0	0.5558
736.125	0.5566
736.25	0.5542
736.375	0.5542
736.5	0.5566
736.625	0.5526
736.75	0.5566
736.875	0.5566
737.0	0.555
737.125	0.5566
737.25	0.555
737.375	0.5566
737.5	0.5566
737.625	0.5558
737.75	0.5526
737.875	0.5566
738.0	0.5566
738.125	0.5526
738.25	0.5518
738.375	0.5566
738.5	0.5558
738.625	0.555
738.75	0.5566
738.875	0.5558
739.0	0.5534
739.125	0.5558
739.25	0.5526
739.375	0.5558
739.5	0.5558
739.625	0.5566
739.75	0.555
739.875	0.5518
740.0	0.5558
740.125	0.555
740.25	0.5566
740.375	0.5558
740.5	0.5566
740.625	0.5573
740.75	0.555
740.875	0.5566
741.0	0.555
741.125	0.5518
741.25	0.5566
741.375	0.5534
741.5	0.5558
741.625	0.5542
741.75	0.5526
741.875	0.555
742.0	0.555
742.125	0.555
742.25	0.5566
742.375	0.5566
742.5	0.5558
742.625	0.5542
742.75	0.5518
742.875	0.5518
743.0	0.5542
743.125	0.5518
743.25	0.5526
743.375	0.5542
743.5	0.5518
743.625	0.5511
743.75	0.5518
743.875	0.5511
744.0	0.5487
744.125	0.5518
744.25	0.5495
744.375	0.5487
744.5	0.5471
744.625	0.5471
744.75	0.5479
744.875	0.5463
745.0	0.5471
745.125	0.5448
745.25	0.5471
745.375	0.5471
745.5	0.5471
745.625	0.5471
745.75	0.5471
745.875	0.5463
746.0	0.544
746.125	0.5455
746.25	0.5471
746.375	0.5448
746.5	0.5448
746.625	0.5471
746.75	0.5471
746.875	0.5479
747.0	0.5471
747.125	0.5471
747.25	0.5471
747.375	0.5471
747.5	0.5471
747.625	0.5463
747.75	0.5471
747.875	0.5463
748.0	0.5471
748.125	0.5463
748.25	0.5471
748.375	0.5471
748.5	0.5471
748.625	0.5471
748.75	0.5471
748.875	0.5479
749.0	0.5471
749.125	0.5471
749.25	0.5487
749.375	0.5487
749.5	0.5495
749.625	0.5495
749.75	0.5511
749.875	0.5487
750.0	0.5503
750.125	0.5471
750.25	0.5479
750.375	0.5518
750.5	0.5518
750.625	0.5503
750.75	0.5518
750.875	0.5518
751.0	0.5518
751.125	0.5503
751.25	0.5518
751.375	0.5518
751.5	0.5518
751.625	0.5518
751.75	0.5518
751.875	0.5526
752.0	0.5518
752.125	0.5518
752.25	0.5518
752.375	0.5518
752.5	0.5518
752.625	0.5518
752.75	0.5511
752.875	0.5518
753.0	0.5518
753.125	0.5518
753.25	0.5526
753.375	0.555
753.5	0.5542
753.625	0.5526
753.75	0.5534
753.875	0.5558
754.0	0.5526
754.125	0.5518
754.25	0.5566
754.375	0.5566
754.5	0.5566
754.625	0.5566
754.75	0.5558
754.875	0.5558
755.0	0.5566
755.125	0.5566
755.25	0.5573
755.375	0.5597
755.5	0.5613
755.625	0.5613
755.75	0.5613
755.875	0.5621
756.0	0.5613
756.125	0.5613
756.25	0.5621
756.375	0.5613
756.5	0.5628
756.625	0.5605
756.75	0.5613
756.875	0.5613
757.0	0.5597
757.125	0.5597
757.25	0.5597
757.375	0.5589
757.5	0.5566
757.625	0.5566
757.75	0.5542
757.875	0.5566
758.0	0.5518
758.125	0.5518
758.25	0.555
758.375	0.5518
758.5	0.555
758.625	0.5534
758.75	0.5518
758.875	0.5518
759.0	0.5518
759.125	0.5518
759.25	0.5518
759.375	0.5518
759.5	0.5518
759.625	0.5518
759.75	0.5526
759.875	0.5518
760.0	0.5518
760.125	0.5495
760.25	0.5495
760.375	0.5471
760.5	0.5518
760.625	0.5487
760.75	0.5518
760.875	0.5503
761.0	0.5518
761.125	0.5518
761.25	0.5518
761.375	0.5542
761.5	0.5526
761.625	0.5566
761.75	0.5558
761.875	0.5566
762.0	0.5566
762.125	0.5581
762.25	0.5589
762.375	0.5613
762.5	0.5628
762.625	0.5644
762.75	0.5644
762.875	0.5652
763.0	0.5668
763.125	0.5691
763.25	0.5723
763.375	0.5754
763.5	0.5731
763.625	0.5754
763.75	0.5778
763.875	0.577
764.0	0.5801
764.125	0.5801
764.25	0.5801
764.375	0.5849
764.5	0.5849
764.625	0.5849
764.75	0.5849
764.875	0.5896
765.0	0.5896
765.125	0.5943
765.25	0.5935
765.375	0.5943
765.5	0.5943
765.625	0.5951
765.75	0.5943
765.875	0.5943
766.0	0.5927
766.125	0.5943
766.25	0.5951
766.375	0.5943
766.5	0.5943
766.625	0.5959
766.75	0.5943
766.875	0.5951
767.0	0.5943
767.125	0.5943
767.25	0.5951
767.375	0.5943
767.5	0.5927
767.625	0.5935
767.75	0.5927
767.875	0.5943
768.0	0.5896
768.125	0.5919
768.25	0.5904
768.375	0.5896
768.5	0.5896
768.625	0.5896
768.75	0.588
768.875	0.5856
769.0	0.5849
769.125	0.5849
769.25	0.5849
769.375	0.5849
769.5	0.5849
769.625	0.5849
769.75	0.5841
769.875	0.5849
770.0	0.5849
770.125	0.5849
770.25	0.5841
770.375	0.5849
770.5	0.5841
770.625	0.5849
770.75	0.5849
770.875	0.5841
771.0	0.5825
771.125	0.5809
771.25	0.5825
771.375	0.5809
771.5	0.5849
771.625	0.5849
771.75	0.5809
771.875	0.5849
772.0	0.5817
772.125	0.5833
772.25	0.5849
772.375	0.5801
772.5	0.5825
772.625	0.5817
772.75	0.5809
772.875	0.5801
773.0	0.5786
773.125	0.5809
773.25	0.5809
773.375	0.5801
773.5	0.5801
773.625	0.5801
773.75	0.5801
773.875	0.5801
774.0	0.5794
774.125	0.5786
774.25	0.5801
774.375	0.5801
774.5	0.5801
774.625	0.5801
774.75	0.5801
774.875	0.5801
775.0	0.5801
775.125	0.5801
775.25	0.5833
775.375	0.5817
775.5	0.5762
775.625	0.5801
775.75	0.5801
775.875	0.5801
776.0	0.5817
776.125	0.5794
776.25	0.5801
776.375	0.5801
776.5	0.5809
776.625	0.5801
776.75	0.5801
776.875	0.5801
777.0	0.5809
777.125	0.5809
777.25	0.5817
777.375	0.5801
777.5	0.5801
777.625	0.5801
777.75	0.5817
777.875	0.5801
778.0	0.5801
778.125	0.5809
778.25	0.5801
778.375	0.5801
778.5	0.5801
778.625	0.5794
778.75	0.5801
778.875	0.5817
779.0	0.5817
779.125	0.5809
779.25	0.5801
779.375	0.5801
779.5	0.5801
779.625	0.5801
779.75	0.5809
779.875	0.5801
780.0	0.5801
780.125	0.5801
780.25	0.5801
780.375	0.5801
780.5	0.5794
780.625	0.5801
780.75	0.5801
780.875	0.5794
781.0	0.5762
781.125	0.5794
781.25	0.5809
781.375	0.5801
781.5	0.5801
781.625	0.5801
781.75	0.5801
781.875	0.5825
782.0	0.5833
782.125	0.5849
782.25	0.5849
782.375	0.5841
782.5	0.5849
782.625	0.5817
782.75	0.5825
782.875	0.5841
783.0	0.5841
783.125	0.5849
783.25	0.5849
783.375	0.5841
783.5	0.5849
783.625	0.5864
783.75	0.5849
783.875	0.5849
784.0	0.588
784.125	0.5872
784.25	0.5864
784.375	0.5904
784.5	0.5896
784.625	0.5888
784.75	0.5896
784.875	0.5896
785.0	0.5904
785.125	0.5856
785.25	0.5856
785.375	0.5888
785.5	0.5872
785.625	0.5841
785.75	0.5856
785.875	0.5817
786.0	0.5841
786.125	0.5817
786.25	0.5825
786.375	0.5801
786.5	0.5801
786.625	0.5801
786.75	0.5801
786.875	0.5801
787.0	0.5817
787.125	0.5801
787.25	0.5801
787.375	0.5833
787.5	0.5801
787.625	0.5825
787.75	0.5825
787.875	0.5817
788.0	0.5849
788.125	0.5833
788.25	0.5825
788.375	0.5849
788.5	0.5849
788.625	0.5841
788.75	0.5817
788.875	0.5809
789.0	0.5809
789.125	0.5817
789.25	0.5817
789.375	0.5809
789.5	0.5809
789.625	0.5801
789.75	0.5833
789.875	0.5841
790.0	0.5833
790.125	0.5825
790.25	0.5849
790.375	0.5825
790.5	0.5825
790.625	0.5849
790.75	0.5809
790.875	0.5849
791.0	0.5817
791.125	0.5801
791.25	0.5809
791.375	0.5801
791.5	0.5809
791.625	0.5794
791.75	0.5754
791.875	0.5794
792.0	0.5809
792.125	0.5801
792.25	0.5801
792.375	0.5801
792.5	0.5825
792.625	0.5801
792.75	0.5817
792.875	0.5801
793.0	0.5809
793.125	0.5801
793.25	0.5833
793.375	0.5833
793.5	0.5809
793.625	0.5849
793.75	0.5833
793.875	0.5849
794.0	0.5849
794.125	0.5856
794.25	0.5849
794.375	0.5849
794.5	0.5896
794.625	0.5896
794.75	0.5849
794.875	0.588
795.0	0.5896
795.125	0.5849
795.25	0.5849
795.375	0.5856
795.5	0.5833
795.625	0.5849
795.75	0.5809
795.875	0.5801
796.0	0.5825
796.125	0.5801
796.25	0.5794
796.375	0.5801
796.5	0.5778
796.625	0.5754
796.75	0.5746
796.875	0.5754
797.0	0.5738
797.125	0.5754
797.25	0.5707
797.375	0.5731
797.5	0.5707
797.625	0.5715
797.75	0.5707
797.875	0.5754
798.0	0.577
798.125	0.5738
798.25	0.5754
798.375	0.577
798.5	0.5794
798.625	0.577
798.75	0.5801
798.875	0.5825
799.0	0.5841
799.125	0.5849
799.25	0.588
799.375	0.588
799.5	0.5888
799.625	0.5896
799.75	0.5896
799.875	0.5888
800.0	0.5896
800.125	0.5888
800.25	0.5888
800.375	0.5849
800.5	0.5888
800.625	0.5888
800.75	0.5888
800.875	0.5864
801.0	0.5888
801.125	0.5864
801.25	0.5872
801.375	0.5849
801.5	0.5849
801.625	0.5856
801.75	0.5849
801.875	0.5849
802.0	0.5841
802.125	0.5849
802.25	0.5849
802.375	0.5849
802.5	0.5841
802.625	0.5849
802.75	0.5801
802.875	0.5841
803.0	0.5833
803.125	0.5817
803.25	0.5825
803.375	0.5801
803.5	0.5825
803.625	0.5801
803.75	0.5801
803.875	0.5809
804.0	0.5801
804.125	0.5801
804.25	0.5794
804.375	0.5778
804.5	0.5754
804.625	0.5762
804.75	0.5754
804.875	0.5754
805.0	0.5754
805.125	0.5754
805.25	0.5754
805.375	0.5746
805.5	0.5754
805.625	0.5746
805.75	0.5746
805.875	0.5723
806.0	0.5738
806.125	0.5723
806.25	0.5746
806.375	0.5738
806.5	0.5707
806.625	0.5715
806.75	0.5707
806.875	0.5723
807.0	0.5707
807.125	0.5707
807.25	0.5707
807.375	0.5699
807.5	0.5707
807.625	0.5707
807.75	0.5707
807.875	0.5707
808.0	0.5707
808.125	0.5707
808.25	0.5707
808.375	0.5715
808.5	0.5683
808.625	0.5707
808.75	0.5707
808.875	0.5707
809.0	0.5707
809.125	0.5707
809.25	0.5707
809.375	0.5723
809.5	0.5738
809.625	0.5715
809.75	0.5707
809.875	0.5715
810.0	0.5707
810.125	0.5707
810.25	0.5707
810.375	0.5715
810.5	0.5715
810.625	0.5723
810.75	0.5754
810.875	0.5762
811.0	0.5801
811.125	0.5817
811.25	0.5833
811.375	0.588
811.5	0.5888
811.625	0.5896
811.75	0.5927
811.875	0.5943
812.0	0.5951
812.125	0.5959
812.25	0.599
812.375	0.599
812.5	0.599
812.625	0.599
812.75	0.599
812.875	0.6006
813.0	0.599
813.125	0.6037
813.25	0.6014
813.375	0.6037
813.5	0.6014
813.625	0.6014
813.75	0.6029
813.875	0.5998
814.0	0.5998
814.125	0.6029
814.25	0.6014
814.375	0.6037
814.5	0.6006
814.625	0.599
814.75	0.6037
814.875	0.6022
815.0	0.6037
815.125	0.6037
815.25	0.6037
815.375	0.6037
815.5	0.6037
815.625	0.6077
815.75	0.6022
815.875	0.6045
816.0	0.5982
816.125	0.6029
816.25	0.6037
816.375	0.5998
816.5	0.6014
816.625	0.6006
816.75	0.6006
816.875	0.5998
817.0	0.599
817.125	0.599
817.25	0.599
817.375	0.599
817.5	0.5959
817.625	0.5959
817.75	0.599
817.875	0.599
818.0	0.599
818.125	0.5943
818.25	0.5943
818.375	0.5974
818.5	0.5951
818.625	0.5935
818.75	0.5966
818.875	0.5943
819.0	0.5943
819.125	0.5951
819.25	0.5943
819.375	0.5943
819.5	0.5943
819.625	0.5943
819.75	0.5943
819.875	0.5896
820.0	0.5943
820.125	0.5943
820.25	0.5943
820.375	0.5943
820.5	0.5943
820.625	0.5943
820.75	0.5919
820.875	0.5943
821.0	0.5943
821.125	0.5943
821.25	0.5959
821.375	0.5951
821.5	0.5935
821.625	0.5959
821.75	0.5943
821.875	0.5943
822.0	0.599
822.125	0.5974
822.25	0.5974
822.375	0.5959
822.5	0.599
822.625	0.599
822.75	0.5966
822.875	0.5974
823.0	0.5966
823.125	0.5974
823.25	0.599
823.375	0.599
823.5	0.599
823.625	0.5974
823.75	0.599
823.875	0.599
824.0	0.599
824.125	0.6037
824.25	0.6037
824.375	0.6037
824.5	0.6037
824.625	0.6037
824.75	0.6045
824.875	0.6037
825.0	0.6061
825.125	0.6053
825.25	0.6053
825.375	0.6061
825.5	0.6077
825.625	0.6069
825.75	0.6084
825.875	0.6037
826.0	0.6061
826.125	0.6084
826.25	0.6077
826.375	0.6084
826.5	0.6084
826.625	0.6077
826.75	0.6077
826.875	0.6045
827.0	0.6084
827.125	0.6061
827.25	0.6053
827.375	0.6061
827.5	0.6045
827.625	0.6029
827.75	0.6029
827.875	0.6014
828.0	0.599
828.125	0.599
828.25	0.5966
828.375	0.5951
828.5	0.5951
828.625	0.5943
828.75	0.5943
828.875	0.5935
829.0	0.5896
829.125	0.5896
829.25	0.5896
829.375	0.588
829.5	0.5872
829.625	0.5896
829.75	0.5849
829.875	0.5849
830.0	0.5856
830.125	0.5888
830.25	0.5849
830.375	0.5849
830.5	0.5849
830.625	0.5849
830.75	0.5849
830.875	0.5849
831.0	0.5849
831.125	0.5849
831.25	0.5856
831.375	0.5849
831.5	0.5849
831.625	0.5864
831.75	0.5849
831.875	0.5849
832.0	0.5849
832.125	0.5849
832.25	0.5849
832.375	0.5849
832.5	0.5849
832.625	0.5849
832.75	0.5849
832.875	0.5872
833.0	0.5856
833.125	0.588
833.25	0.5888
833.375	0.5888
833.5	0.5896
833.625	0.5888
833.75	0.5896
833.875	0.5896
834.0	0.5896
834.125	0.5951
834.25	0.5919
834.375	0.5935
834.5	0.5951
834.625	0.5943
834.75	0.5951
834.875	0.5974
835.0	0.5951
835.125	0.5943
835.25	0.5951
835.375	0.5982
835.5	0.5982
835.625	0.599
835.75	0.5998
835.875	0.599
836.0	0.6029
836.125	0.6014
836.25	0.5998
836.375	0.6037
836.5	0.6037
836.625	0.6037
836.75	0.6069
836.875	0.6077
837.0	0.6037
837.125	0.61
837.25	0.6084
837.375	0.6084
837.5	0.6084
837.625	0.61
837.75	0.6084
837.875	0.61
838.0	0.6084
838.125	0.6084
838.25	0.6084
838.375	0.6084
838.5	0.6053
838.625	0.6037
838.75	0.6037
838.875	0.6037
839.0	0.6006
839.125	0.6029
839.25	0.6006
839.375	0.6037
839.5	0.599
839.625	0.599
839.75	0.5982
839.875	0.5966
840.0	0.5959
840.125	0.5943
840.25	0.5943
840.375	0.5943
840.5	0.5943
840.625	0.599
840.75	0.5943
840.875	0.599
841.0	0.5974
841.125	0.599
841.25	0.599
841.375	0.599
841.5	0.6022
841.625	0.6022
841.75	0.6029
841.875	0.6037
842.0	0.6037
842.125	0.6037
842.25	0.6061
842.375	0.6037
842.5	0.6037
842.625	0.6045
842.75	0.6045
842.875	0.6084
843.0	0.6084
843.125	0.6037
843.25	0.6069
843.375	0.6084
843.5	0.6037
843.625	0.6053
843.75	0.6084
843.875	0.6037
844.0	0.6084
844.125	0.6037
844.25	0.6037
844.375	0.6037
844.5	0.6006
844.625	0.6014
844.75	0.599
844.875	0.599
845.0	0.5951
845.125	0.5943
845.25	0.5943
845.375	0.5943
845.5	0.5943
845.625	0.5927
845.75	0.5888
845.875	0.5849
846.0	0.5801
846.125	0.5754
846.25	0.5707
846.375	0.5668
846.5	0.5628
846.625	0.5613
846.75	0.5613
846.875	0.5597
847.0	0.5566
847.125	0.555
847.25	0.5518
847.375	0.5518
847.5	0.5471
847.625	0.5471
847.75	0.5471
847.875	0.5471
848.0	0.5495
848.125	0.5471
848.25	0.5487
848.375	0.5495
848.5	0.5495
848.625	0.5471
848.75	0.5495
848.875	0.5471
849.0	0.5471
849.125	0.5479
849.25	0.5471
849.375	0.5471
849.5	0.5495
849.625	0.5518
849.75	0.5518
849.875	0.5566
850.0	0.5573
850.125	0.5613
850.25	0.5644
850.375	0.566
850.5	0.566
850.625	0.5691
850.75	0.5707
850.875	0.5707
851.0	0.5746
851.125	0.5754
851.25	0.5786
851.375	0.5817
851.5	0.5833
851.625	0.5849
851.75	0.5896
851.875	0.5943
852.0	0.5974
852.125	0.599
852.25	0.6006
852.375	0.6053
852.5	0.6069
852.625	0.6116
852.75	0.6108
852.875	0.6132
853.0	0.6132
853.125	0.6155
853.25	0.6179
853.375	0.6179
853.5	0.6179
853.625	0.6202
853.75	0.6194
853.875	0.6226
854.0	0.6234
854.125	0.6273
854.25	0.6273
854.375	0.6281
854.5	0.632
854.625	0.6328
854.75	0.632
854.875	0.636
855.0	0.6352
855.125	0.6367
855.25	0.6375
855.375	0.6375
855.5	0.6367
855.625	0.6407
855.75	0.6407
855.875	0.6415
856.0	0.6407
856.125	0.6415
856.25	0.6407
856.375	0.6407
856.5	0.6383
856.625	0.6367
856.75	0.6367
856.875	0.6367
857.0	0.636
857.125	0.6328
857.25	0.6336
857.375	0.6328
857.5	0.632
857.625	0.632
857.75	0.6305
857.875	0.632
858.0	0.632
858.125	0.6305
858.25	0.6281
858.375	0.6242
858.5	0.6194
858.625	0.6155
858.75	0.6132
858.875	0.6116
859.0	0.6092
859.125	0.6069
859.25	0.6037
859.375	0.6037
859.5	0.6014
859.625	0.599
859.75	0.5959
859.875	0.5951
860.0	0.5927
860.125	0.5943
860.25	0.5943
860.375	0.5927
860.5	0.5904
860.625	0.5896
860.75	0.5919
860.875	0.5896
861.0	0.5935
861.125	0.5943
861.25	0.5919
861.375	0.5943
861.5	0.5943
861.625	0.5951
861.75	0.5951
861.875	0.5959
862.0	0.5943
862.125	0.5959
862.25	0.5966
862.375	0.5982
862.5	0.599
862.625	0.599
862.75	0.6014
862.875	0.6022
863.0	0.6029
863.125	0.6037
863.25	0.6037
863.375	0.6037
863.5	0.6037
863.625	0.6069
863.75	0.6069
863.875	0.6084
864.0	0.6084
864.125	0.6108
864.25	0.6092
864.375	0.6132
864.5	0.6132
864.625	0.6132
864.75	0.6139
864.875	0.6155
865.0	0.6163
865.125	0.6155
865.25	0.6179
865.375	0.6194
865.5	0.6218
865.625	0.6226
865.75	0.6218
865.875	0.6265
866.0	0.6226
866.125	0.6226
866.25	0.6226
866.375	0.6273
866.5	0.6273
866.625	0.625
866.75	0.6257
866.875	0.6273
867.0	0.6289
867.125	0.6297
867.25	0.6297
867.375	0.6312
867.5	0.632
867.625	0.632
867.75	0.632
867.875	0.632
868.0	0.632
868.125	0.632
868.25	0.632
868.375	0.6367
868.5	0.6336
868.625	0.6367
868.75	0.6375
868.875	0.636
869.0	0.6367
869.125	0.6367
869.25	0.6367
869.375	0.6367
869.5	0.6367
869.625	0.6383
869.75	0.6367
869.875	0.6367
870.0	0.6399
870.125	0.6367
870.25	0.6367
870.375	0.6407
870.5	0.6399
870.625	0.6399
870.75	0.6415
870.875	0.6391
871.0	0.6375
871.125	0.6415
871.25	0.6415
871.375	0.6415
871.5	0.6415
871.625	0.6415
871.75	0.6422
871.875	0.6446
872.0	0.6415
872.125	0.6438
872.25	0.6415
872.375	0.6415
872.5	0.6399
872.625	0.6367
872.75	0.6391
872.875	0.6367
873.0	0.6407
873.125	0.6415
873.25	0.6415
873.375	0.647
873.5	0.6493
873.625	0.6509
873.75	0.6548
873.875	0.6564
874.0	0.6619
874.125	0.6627
874.25	0.6698
874.375	0.6698
874.5	0.6745
874.625	0.6753
874.75	0.6784
874.875	0.6792
875.0	0.6792
875.125	0.6816
875.25	0.6808
875.375	0.6823
875.5	0.6839
875.625	0.6839
875.75	0.6878
875.875	0.6863
876.0	0.6886
876.125	0.6878
876.25	0.6894
876.375	0.6886
876.5	0.6926
876.625	0.6933
876.75	0.6894
876.875	0.6933
877.0	0.6933
877.125	0.6933
877.25	0.6918
877.375	0.6933
877.5	0.6941
877.625	0.6933
877.75	0.6933
877.875	0.6933
878.0	0.6957
878.125	0.6933
878.25	0.6949
878.375	0.6949
878.5	0.6973
878.625	0.6981
878.75	0.6957
878.875	0.6933
879.0	0.6941
879.125	0.6949
879.25	0.6933
879.375	0.6933
879.5	0.6933
879.625	0.6918
879.75	0.6933
879.875	0.6926
880.0	0.6886
880.125	0.6886
880.25	0.6886
880.375	0.6886
880.5	0.6886
880.625	0.6878
880.75	0.6855
880.875	0.6855
881.0	0.6839
881.125	0.6823
881.25	0.6839
881.375	0.6816
881.5	0.6792
881.625	0.6792
881.75	0.6792
881.875	0.6808
882.0	0.6792
882.125	0.6792
882.25	0.6792
882.375	0.6753
882.5	0.6792
882.625	0.6761
882.75	0.6745
882.875	0.6745
883.0	0.6753
883.125	0.6729
883.25	0.6729
883.375	0.6698
883.5	0.6698
883.625	0.6698
883.75	0.6674
883.875	0.665
884.0	0.6674
884.125	0.6666
884.25	0.665
884.375	0.665
884.5	0.6643
884.625	0.665
884.75	0.658
884.875	0.6603
885.0	0.6556
885.125	0.6556
885.25	0.6509
885.375	0.6509
885.5	0.6462
885.625	0.643
885.75	0.6422
885.875	0.6367
886.0	0.6336
886.125	0.6281
886.25	0.6226
886.375	0.6194
886.5	0.6132
886.625	0.61
886.75	0.6037
886.875	0.5982
887.0	0.5966
887.125	0.5872
887.25	0.5801
887.375	0.5754
887.5	0.5683
887.625	0.5613
887.75	0.5597
887.875	0.5581
888.0	0.5566
888.125	0.5526
888.25	0.5526
888.375	0.5526
888.5	0.5518
888.625	0.5487
888.75	0.5495
888.875	0.5471
889.0	0.5471
889.125	0.5479
889.25	0.5471
889.375	0.5479
889.5	0.5487
889.625	0.5511
889.75	0.5518
889.875	0.5542
890.0	0.5573
890.125	0.5597
890.25	0.566
890.375	0.5691
890.5	0.5738
890.625	0.5801
890.75	0.5794
890.875	0.5856
891.0	0.5888
891.125	0.5943
891.25	0.6022
891.375	0.6053
891.5	0.6084
891.625	0.6132
891.75	0.6171
891.875	0.6179
892.0	0.6226
892.125	0.6226
892.25	0.6273
892.375	0.6289
892.5	0.6297
892.625	0.6312
892.75	0.632
892.875	0.632
893.0	0.6328
893.125	0.632
893.25	0.632
893.375	0.6336
893.5	0.632
893.625	0.6336
893.75	0.632
893.875	0.632
894.0	0.6281
894.125	0.6297
894.25	0.6289
894.375	0.6281
894.5	0.6281
894.625	0.6273
894.75	0.6273
894.875	0.6273
895.0	0.6226
895.125	0.6234
895.25	0.6242
895.375	0.6226
895.5	0.6242
895.625	0.6273
895.75	0.6226
895.875	0.6226
896.0	0.6234
896.125	0.6234
896.25	0.6226
896.375	0.6226
896.5	0.6226
896.625	0.6273
896.75	0.625
896.875	0.6234
897.0	0.6242
897.125	0.6265
897.25	0.6265
897.375	0.6257
897.5	0.6281
897.625	0.6273
897.75	0.6281
897.875	0.6273
898.0	0.6281
898.125	0.6273
898.25	0.6289
898.375	0.6281
898.5	0.6312
898.625	0.6305
898.75	0.6312
898.875	0.6312
899.0	0.632
899.125	0.632
899.25	0.632
899.375	0.6328
899.5	0.6344
899.625	0.6344
899.75	0.6336
899.875	0.6328
