900.0	0.6509
899.875	0.6525
899.75	0.6509
899.625	0.6517
899.5	0.6509
899.375	0.6517
899.25	0.6509
899.125	0.6509
899.0	0.6525
898.875	0.6509
898.75	0.6525
898.625	0.6525
898.5	0.6509
898.375	0.6525
898.25	0.6517
898.125	0.6509
898.0	0.6509
897.875	0.6509
897.75	0.6548
897.625	0.6509
897.5	0.6525
897.375	0.6525
897.25	0.6509
897.125	0.6533
897.0	0.6509
896.875	0.654
896.75	0.6517
896.625	0.6509
896.5	0.6517
896.375	0.6525
896.25	0.6517
896.125	0.6509
896.0	0.6517
895.875	0.6556
895.75	0.6556
895.625	0.6525
895.5	0.6548
895.375	0.654
895.25	0.6517
895.125	0.6525
895.0	0.6556
894.875	0.6548
894.75	0.6548
894.625	0.654
894.5	0.6548
894.375	0.6556
894.25	0.6533
894.125	0.6556
894.0	0.6509
893.875	0.6556
893.75	0.6548
893.625	0.654
893.5	0.6556
893.375	0.6525
893.25	0.6548
893.125	0.6556
893.0	0.6556
892.875	0.6564
892.75	0.6556
892.625	0.6556
892.5	0.6556
892.375	0.6603
892.25	0.6556
892.125	0.6564
892.0	0.6556
891.875	0.6564
891.75	0.6564
891.625	0.6588
891.5	0.6556
891.375	0.6556
891.25	0.6564
891.125	0.6564
891.0	0.6588
890.875	0.6588
890.75	0.6603
890.625	0.6603
890.5	0.6603
890.375	0.6619
890.25	0.6627
890.125	0.6603
890.0	0.6627
889.875	0.6603
889.75	0.6595
889.625	0.6603
889.5	0.6635
889.375	0.6611
889.25	0.665
889.125	0.6635
889.0	0.665
888.875	0.6627
888.75	0.6635
888.625	0.6635
888.5	0.665
888.375	0.665
888.25	0.665
888.125	0.6619
888.0	0.6643
887.875	0.6666
887.75	0.6658
887.625	0.665
887.5	0.665
887.375	0.6658
887.25	0.6666
887.125	0.6658
887.0	0.669
886.875	0.6682
886.75	0.6698
886.625	0.6698
886.5	0.6698
886.375	0.6698
886.25	0.6698
886.125	0.6698
886.0	0.6713
885.875	0.6698
885.75	0.6698
885.625	0.6713
885.5	0.6698
885.375	0.6698
885.25	0.6713
885.125	0.6698
885.0	0.6745
884.875	0.6729
884.75	0.6698
884.625	0.6698
884.5	0.6737
884.375	0.6737
884.25	0.6745
884.125	0.6737
884.0	0.6745
883.875	0.6745
883.75	0.6745
883.625	0.6745
883.5	0.6745
883.375	0.6745
883.25	0.6753
883.125	0.6745
883.0	0.6784
882.875	0.6776
882.75	0.6768
882.625	0.6792
882.5	0.6761
882.375	0.6792
882.25	0.6792
882.125	0.68
882.0	0.6792
881.875	0.6792
881.75	0.6808
881.625	0.6792
881.5	0.6792
881.375	0.6816
881.25	0.6839
881.125	0.6831
881.0	0.6823
880.875	0.6831
880.75	0.6823
880.625	0.6839
880.5	0.6855
880.375	0.6847
880.25	0.6839
880.125	0.6847
880.0	0.6839
879.875	0.6878
879.75	0.6878
879.625	0.6878
879.5	0.6886
879.375	0.6863
879.25	0.6886
879.125	0.6894
879.0	0.6886
878.875	0.6886
878.75	0.691
878.625	0.6902
878.5	0.6894
878.375	0.6933
878.25	0.6918
878.125	0.6902
878.0	0.6894
877.875	0.6933
877.75	0.6933
877.625	0.6918
877.5	0.6933
877.375	0.691
877.25	0.6933
877.125	0.6941
877.0	0.6949
876.875	0.6933
876.75	0.6933
876.625	0.6957
876.5	0.6949
876.375	0.6933
876.25	0.6949
876.125	0.6965
876.0	0.6933
875.875	0.6933
875.75	0.6965
875.625	0.6957
875.5	0.6981
875.375	0.6965
875.25	0.6957
875.125	0.6973
875.0	0.6973
874.875	0.6981
874.75	0.6965
874.625	0.6981
874.5	0.6965
874.375	0.6973
874.25	0.6981
874.125	0.6981
874.0	0.6981
873.875	0.6988
873.75	0.6973
873.625	0.6981
873.5	0.6965
873.375	0.6973
873.25	0.6957
873.125	0.6981
873.0	0.6981
872.875	0.6981
872.75	0.6973
872.625	0.6981
872.5	0.6981
872.375	0.6949
872.25	0.6981
872.125	0.6965
872.0	0.6965
871.875	0.6973
871.75	0.6973
871.625	0.6965
871.5	0.6941
871.375	0.6933
871.25	0.6933
871.125	0.6933
871.0	0.6933
870.875	0.6933
870.75	0.6933
870.625	0.6933
870.5	0.6933
870.375	0.6933
870.25	0.6933
870.125	0.6933
870.0	0.6933
869.875	0.6933
869.75	0.6933
869.625	0.6933
869.5	0.6933
869.375	0.6902
869.25	0.6902
869.125	0.6894
869.0	0.6886
868.875	0.6894
868.75	0.6894
868.625	0.6894
868.5	0.6894
868.375	0.6894
868.25	0.6886
868.125	0.6894
868.0	0.6886
867.875	0.6894
867.75	0.6871
867.625	0.6886
867.5	0.6855
867.375	0.6886
867.25	0.6863
867.125	0.6847
867.0	0.6863
866.875	0.6886
866.75	0.6839
866.625	0.6871
866.5	0.6855
866.375	0.6839
866.25	0.6839
866.125	0.6839
866.0	0.6839
865.875	0.6792
865.75	0.6831
865.625	0.6839
865.5	0.6823
865.375	0.6839
865.25	0.6831
865.125	0.6816
865.0	0.6816
864.875	0.6808
864.75	0.68
864.625	0.6808
864.5	0.6792
864.375	0.6792
864.25	0.6792
864.125	0.68
864.0	0.6792
863.875	0.6792
863.75	0.68
863.625	0.6792
863.5	0.6776
863.375	0.6784
863.25	0.6792
863.125	0.6761
863.0	0.6792
862.875	0.6745
862.75	0.6753
862.625	0.6753
862.5	0.6753
862.375	0.6721
862.25	0.6737
862.125	0.6745
862.0	0.6745
861.875	0.6745
861.75	0.6745
861.625	0.6745
861.5	0.6713
861.375	0.6737
861.25	0.6737
861.125	0.6705
861.0	0.6729
860.875	0.6737
860.75	0.6682
860.625	0.6705
860.5	0.6721
860.375	0.6698
860.25	0.6698
860.125	0.6698
860.0	0.6698
859.875	0.6698
859.75	0.6682
859.625	0.669
859.5	0.665
859.375	0.6682
859.25	0.6666
859.125	0.6666
859.0	0.6666
858.875	0.6674
858.75	0.6666
858.625	0.6666
858.5	0.665
858.375	0.6643
858.25	0.6643
858.125	0.6619
858.0	0.665
857.875	0.6643
857.75	0.6627
857.625	0.6643
857.5	0.6635
857.375	0.6627
857.25	0.6635
857.125	0.6611
857.0	0.6611
856.875	0.6619
856.75	0.6603
856.625	0.6611
856.5	0.6603
856.375	0.6611
856.25	0.6603
856.125	0.6595
856.0	0.6603
855.875	0.6603
855.75	0.6556
855.625	0.6603
855.5	0.6588
855.375	0.6595
855.25	0.658
855.125	0.6572
855.0	0.6588
854.875	0.6564
854.75	0.6595
854.625	0.658
854.5	0.6556
854.375	0.6564
854.25	0.6564
854.125	0.6556
854.0	0.6556
853.875	0.6556
853.75	0.6556
853.625	0.6564
853.5	0.6556
853.375	0.6525
853.25	0.6533
853.125	0.6533
853.0	0.6533
852.875	0.6556
852.75	0.6525
852.625	0.6509
852.5	0.6533
852.375	0.6509
852.25	0.6509
852.125	0.6533
852.0	0.6509
851.875	0.6501
851.75	0.6509
851.625	0.6525
851.5	0.6509
851.375	0.6509
851.25	0.6501
851.125	0.6525
851.0	0.6509
850.875	0.6493
850.75	0.6477
850.625	0.6509
850.5	0.6493
850.375	0.6493
850.25	0.6509
850.125	0.647
850.0	0.6485
849.875	0.6462
849.75	0.6509
849.625	0.6462
849.5	0.6501
849.375	0.647
849.25	0.6462
849.125	0.6462
849.0	0.6462
848.875	0.6454
848.75	0.6462
848.625	0.6462
848.5	0.6462
848.375	0.6454
848.25	0.6446
848.125	0.6415
848.0	0.6438
847.875	0.6446
847.75	0.6438
847.625	0.6446
847.5	0.6415
847.375	0.6415
847.25	0.6422
847.125	0.6407
847.0	0.6415
846.875	0.6422
846.75	0.6415
846.625	0.6415
846.5	0.6415
846.375	0.6415
846.25	0.6415
846.125	0.6415
846.0	0.6415
845.875	0.6422
845.75	0.6415
845.625	0.6415
845.5	0.6438
845.375	0.6415
845.25	0.6415
845.125	0.6415
845.0	0.643
844.875	0.6415
844.75	0.6446
844.625	0.6391
844.5	0.6391
844.375	0.6383
844.25	0.6407
844.125	0.6415
844.0	0.6383
843.875	0.6407
843.75	0.6391
843.625	0.6375
843.5	0.6391
843.375	0.6399
843.25	0.6375
843.125	0.6399
843.0	0.6383
842.875	0.6399
842.75	0.6375
842.625	0.6391
842.5	0.6375
842.375	0.6367
842.25	0.6375
842.125	0.6375
842.0	0.6352
841.875	0.6375
841.75	0.6328
841.625	0.6367
841.5	0.6367
841.375	0.6367
841.25	0.6375
841.125	0.6367
841.0	0.6352
840.875	0.6367
840.75	0.6367
840.625	0.6375
840.5	0.6367
840.375	0.6367
840.25	0.6367
840.125	0.6375
840.0	0.6367
839.875	0.6375
839.75	0.6367
839.625	0.6367
839.5	0.6367
839.375	0.6367
839.25	0.6383
839.125	0.6415
839.0	0.6367
838.875	0.6367
838.75	0.6367
838.625	0.6375
838.5	0.6367
838.375	0.6367
838.25	0.6391
838.125	0.6367
838.0	0.6375
837.875	0.6367
837.75	0.6367
837.625	0.6367
837.5	0.6375
837.375	0.6367
837.25	0.6375
837.125	0.636
837.0	0.6367
836.875	0.6367
836.75	0.6383
836.625	0.6367
836.5	0.6375
836.375	0.6375
836.25	0.6367
836.125	0.6352
836.0	0.6352
835.875	0.6367
835.75	0.636
835.625	0.6367
835.5	0.6367
835.375	0.6367
835.25	0.6367
835.125	0.6367
835.0	0.6375
834.875	0.6344
834.75	0.6367
834.625	0.6367
834.5	0.636
834.375	0.6367
834.25	0.6352
834.125	0.6352
834.0	0.6336
833.875	0.636
833.75	0.6336
833.625	0.6352
833.5	0.636
833.375	0.6328
833.25	0.6367
833.125	0.6336
833.0	0.6367
832.875	0.6367
832.75	0.6344
832.625	0.6367
832.5	0.6344
832.375	0.6367
832.25	0.6352
832.125	0.6367
832.0	0.6336
831.875	0.6367
831.75	0.6352
831.625	0.632
831.5	0.632
831.375	0.632
831.25	0.632
831.125	0.6328
831.0	0.6328
830.875	0.6352
830.75	0.632
830.625	0.6352
830.5	0.6328
830.375	0.632
830.25	0.6328
830.125	0.632
830.0	0.632
829.875	0.632
829.75	0.6328
829.625	0.6336
829.5	0.632
829.375	0.632
829.25	0.6344
829.125	0.632
829.0	0.6336
828.875	0.6336
828.75	0.632
828.625	0.6336
828.5	0.632
828.375	0.632
828.25	0.632
828.125	0.632
828.0	0.632
827.875	0.632
827.75	0.632
827.625	0.632
827.5	0.632
827.375	0.632
827.25	0.6312
827.125	0.632
827.0	0.6336
826.875	0.632
826.75	0.632
826.625	0.632
826.5	0.632
826.375	0.632
826.25	0.6328
826.125	0.632
826.0	0.632
825.875	0.632
825.75	0.632
825.625	0.6312
825.5	0.632
825.375	0.632
825.25	0.6312
825.125	0.632
825.0	0.6312
824.875	0.632
824.75	0.632
824.625	0.6328
824.5	0.632
824.375	0.6297
824.25	0.6328
824.125	0.632
824.0	0.6336
823.875	0.6312
823.75	0.632
823.625	0.632
823.5	0.632
823.375	0.632
823.25	0.632
823.125	0.632
823.0	0.632
822.875	0.632
822.75	0.632
822.625	0.6312
822.5	0.632
822.375	0.632
822.25	0.6312
822.125	0.6312
822.0	0.632
821.875	0.6312
821.75	0.632
821.625	0.6273
821.5	0.632
821.375	0.6289
821.25	0.632
821.125	0.632
821.0	0.6305
820.875	0.6289
820.75	0.632
820.625	0.6312
820.5	0.6297
820.375	0.6297
820.25	0.6297
820.125	0.6305
820.0	0.6273
819.875	0.6273
819.75	0.6297
819.625	0.6273
819.5	0.6289
819.375	0.6273
819.25	0.6297
819.125	0.6273
819.0	0.632
818.875	0.6273
818.75	0.6289
818.625	0.6273
818.5	0.6273
818.375	0.6281
818.25	0.6281
818.125	0.6281
818.0	0.6305
817.875	0.6281
817.75	0.6273
817.625	0.6273
817.5	0.6273
817.375	0.6273
817.25	0.6273
817.125	0.6265
817.0	0.6273
816.875	0.6265
816.75	0.6273
816.625	0.6297
816.5	0.6273
816.375	0.6273
816.25	0.6273
816.125	0.6273
816.0	0.6281
815.875	0.6273
815.75	0.6281
815.625	0.632
815.5	0.6281
815.375	0.632
815.25	0.6289
815.125	0.632
815.0	0.6273
814.875	0.632
814.75	0.632
814.625	0.6289
814.5	0.6297
814.375	0.632
814.25	0.632
814.125	0.632
814.0	0.6297
813.875	0.6312
813.75	0.632
813.625	0.6297
813.5	0.632
813.375	0.6305
813.25	0.632
813.125	0.6305
813.0	0.6312
812.875	0.632
812.75	0.632
812.625	0.6312
812.5	0.6305
812.375	0.6273
812.25	0.632
812.125	0.632
812.0	0.6273
811.875	0.6273
811.75	0.6297
811.625	0.6289
811.5	0.6312
811.375	0.632
811.25	0.632
811.125	0.6289
811.0	0.6312
810.875	0.6273
810.75	0.6273
810.625	0.6312
810.5	0.6273
810.375	0.6273
810.25	0.6297
810.125	0.632
810.0	0.6305
809.875	0.6273
809.75	0.6312
809.625	0.6305
809.5	0.632
809.375	0.6289
809.25	0.6273
809.125	0.6273
809.0	0.6305
808.875	0.6297
808.75	0.6289
808.625	0.6297
808.5	0.6312
808.375	0.6273
808.25	0.632
808.125	0.6273
808.0	0.6289
807.875	0.6273
807.75	0.6265
807.625	0.6281
807.5	0.6273
807.375	0.6257
807.25	0.6281
807.125	0.6257
807.0	0.6273
806.875	0.6273
806.75	0.6273
806.625	0.6273
806.5	0.6273
806.375	0.6273
806.25	0.6289
806.125	0.6273
806.0	0.6242
805.875	0.6273
805.75	0.6281
805.625	0.6265
805.5	0.6273
805.375	0.6273
805.25	0.6273
805.125	0.6273
805.0	0.6265
804.875	0.6273
804.75	0.6273
804.625	0.6257
804.5	0.6265
804.375	0.6273
804.25	0.6273
804.125	0.6281
804.0	0.6273
803.875	0.6273
803.75	0.6265
803.625	0.6257
803.5	0.6273
803.375	0.625
803.25	0.6273
803.125	0.625
803.0	0.6265
802.875	0.6273
802.75	0.6257
802.625	0.6242
802.5	0.625
802.375	0.625
802.25	0.6257
802.125	0.6265
802.0	0.625
801.875	0.6242
801.75	0.6265
801.625	0.6242
801.5	0.6273
801.375	0.6265
801.25	0.6226
801.125	0.6234
801.0	0.6226
800.875	0.6242
800.75	0.6226
800.625	0.6226
800.5	0.6226
800.375	0.6234
800.25	0.625
800.125	0.6234
800.0	0.6234
799.875	0.6234
799.75	0.6234
799.625	0.6226
799.5	0.6226
799.375	0.6242
799.25	0.6234
799.125	0.6226
799.0	0.6242
798.875	0.6226
798.75	0.6226
798.625	0.6226
798.5	0.6234
798.375	0.6234
798.25	0.6226
798.125	0.6234
798.0	0.6226
797.875	0.6226
797.75	0.6242
797.625	0.6226
797.5	0.6234
797.375	0.6242
797.25	0.6273
797.125	0.6273
797.0	0.625
796.875	0.625
796.75	0.6234
796.625	0.6273
796.5	0.6265
796.375	0.6226
796.25	0.6273
796.125	0.6273
796.0	0.6273
795.875	0.6273
795.75	0.6273
795.625	0.6297
795.5	0.6273
795.375	0.6289
795.25	0.6297
795.125	0.632
795.0	0.6297
794.875	0.632
794.75	0.6305
794.625	0.6297
794.5	0.6297
794.375	0.6273
794.25	0.632
794.125	0.6312
794.0	0.6289
793.875	0.6281
793.75	0.6297
793.625	0.6305
793.5	0.6289
793.375	0.6289
793.25	0.6273
793.125	0.6305
793.0	0.6273
792.875	0.6312
792.75	0.6289
792.625	0.6305
792.5	0.6273
792.375	0.632
792.25	0.6273
792.125	0.6273
792.0	0.6257
791.875	0.6297
791.75	0.6273
791.625	0.632
791.5	0.6265
791.375	0.6273
791.25	0.6273
791.125	0.6273
791.0	0.6273
790.875	0.6273
790.75	0.6273
790.625	0.6273
790.5	0.6273
790.375	0.6289
790.25	0.6273
790.125	0.6273
790.0	0.6273
789.875	0.6265
789.75	0.6273
789.625	0.6273
789.5	0.6312
789.375	0.6273
789.25	0.6297
789.125	0.6305
789.0	0.6281
788.875	0.6273
788.75	0.6273
788.625	0.6273
788.5	0.6273
788.375	0.6273
788.25	0.6297
788.125	0.6273
788.0	0.6297
787.875	0.6281
787.75	0.6297
787.625	0.6297
787.5	0.6273
787.375	0.6289
787.25	0.6297
787.125	0.632
787.0	0.6289
786.875	0.6297
786.75	0.6289
786.625	0.6289
786.5	0.6305
786.375	0.632
786.25	0.632
786.125	0.6289
786.0	0.632
785.875	0.6312
785.75	0.6289
785.625	0.6312
785.5	0.6281
785.375	0.6312
785.25	0.6305
785.125	0.632
785.0	0.632
784.875	0.6305
784.75	0.632
784.625	0.6312
784.5	0.632
784.375	0.6281
784.25	0.6312
784.125	0.632
784.0	0.632
783.875	0.632
783.75	0.6305
783.625	0.632
783.5	0.632
783.375	0.632
783.25	0.632
783.125	0.6312
783.0	0.632
782.875	0.632
782.75	0.632
782.625	0.632
782.5	0.632
782.375	0.6312
782.25	0.6305
782.125	0.632
782.0	0.632
781.875	0.6281
781.75	0.632
781.625	0.632
781.5	0.632
781.375	0.6312
781.25	0.632
781.125	0.632
781.0	0.632
780.875	0.632
780.75	0.6273
780.625	0.6297
780.5	0.632
780.375	0.6289
780.25	0.6312
780.125	0.6312
780.0	0.6281
779.875	0.6289
779.75	0.6289
779.625	0.6312
779.5	0.6312
779.375	0.632
779.25	0.632
779.125	0.6297
779.0	0.6281
778.875	0.6312
778.75	0.6297
778.625	0.6281
778.5	0.6281
778.375	0.6312
778.25	0.6289
778.125	0.6289
778.0	0.6281
777.875	0.6305
777.75	0.6289
777.625	0.6289
777.5	0.6297
777.375	0.6297
777.25	0.6273
777.125	0.6273
777.0	0.6281
776.875	0.6289
776.75	0.6273
776.625	0.6273
776.5	0.6273
776.375	0.6273
776.25	0.6273
776.125	0.6273
776.0	0.6273
775.875	0.6273
775.75	0.6273
775.625	0.6273
775.5	0.6273
775.375	0.6305
775.25	0.6312
775.125	0.6289
775.0	0.6297
774.875	0.6273
774.75	0.6273
774.625	0.6273
774.5	0.6273
774.375	0.6273
774.25	0.6273
774.125	0.6273
774.0	0.6312
773.875	0.6297
773.75	0.6305
773.625	0.6273
773.5	0.6273
773.375	0.6273
773.25	0.6273
773.125	0.6273
773.0	0.6273
772.875	0.6281
772.75	0.6281
772.625	0.6273
772.5	0.6273
772.375	0.632
772.25	0.6273
772.125	0.6297
772.0	0.6273
771.875	0.6273
771.75	0.6273
771.625	0.6281
771.5	0.6289
771.375	0.6273
771.25	0.6289
771.125	0.6281
771.0	0.6273
770.875	0.6305
770.75	0.6297
770.625	0.6273
770.5	0.6281
770.375	0.6289
770.25	0.6297
770.125	0.6273
770.0	0.6273
769.875	0.6312
769.75	0.6297
769.625	0.6289
769.5	0.632
769.375	0.632
769.25	0.632
769.125	0.6289
769.0	0.6289
768.875	0.6305
768.75	0.6289
768.625	0.632
768.5	0.632
768.375	0.632
768.25	0.632
768.125	0.6312
768.0	0.632
767.875	0.632
767.75	0.6305
767.625	0.632
767.5	0.6273
767.375	0.632
767.25	0.632
767.125	0.6281
767.0	0.6281
766.875	0.632
766.75	0.6273
766.625	0.632
766.5	0.6297
766.375	0.6297
766.25	0.632
766.125	0.6289
766.0	0.6297
765.875	0.6289
765.75	0.6312
765.625	0.6305
765.5	0.632
765.375	0.6281
765.25	0.6297
765.125	0.632
765.0	0.632
764.875	0.632
764.75	0.6281
764.625	0.6297
764.5	0.632
764.375	0.6281
764.25	0.632
764.125	0.6297
764.0	0.6312
763.875	0.6281
763.75	0.632
763.625	0.6273
763.5	0.6312
763.375	0.6305
763.25	0.6273
763.125	0.6273
763.0	0.6297
762.875	0.6312
762.75	0.632
762.625	0.6297
762.5	0.6297
762.375	0.6273
762.25	0.6305
762.125	0.6273
762.0	0.6273
761.875	0.632
761.75	0.6312
761.625	0.6312
761.5	0.6312
761.375	0.6305
761.25	0.6312
761.125	0.6273
761.0	0.6289
760.875	0.6273
760.75	0.6273
760.625	0.6312
760.5	0.6289
760.375	0.6297
760.25	0.6312
760.125	0.632
760.0	0.6297
759.875	0.632
759.75	0.6281
759.625	0.632
759.5	0.6281
759.375	0.632
759.25	0.6297
759.125	0.6312
759.0	0.6312
758.875	0.632
758.75	0.632
758.625	0.6281
758.5	0.632
758.375	0.632
758.25	0.632
758.125	0.632
758.0	0.6281
757.875	0.632
757.75	0.632
757.625	0.632
757.5	0.6312
757.375	0.632
757.25	0.6305
757.125	0.6312
757.0	0.6281
756.875	0.632
756.75	0.6297
756.625	0.6289
756.5	0.6297
756.375	0.6312
756.25	0.6312
756.125	0.6297
756.0	0.6297
755.875	0.6273
755.75	0.6312
755.625	0.6305
755.5	0.6289
755.375	0.6312
755.25	0.632
755.125	0.6289
755.0	0.6305
754.875	0.632
754.75	0.6312
754.625	0.6281
754.5	0.632
754.375	0.632
754.25	0.6297
754.125	0.632
754.0	0.6289
753.875	0.632
753.75	0.6289
753.625	0.632
753.5	0.632
753.375	0.6297
753.25	0.6312
753.125	0.632
753.0	0.6289
752.875	0.6312
752.75	0.6297
752.625	0.6305
752.5	0.632
752.375	0.632
752.25	0.6305
752.125	0.632
752.0	0.6289
751.875	0.6312
751.75	0.632
751.625	0.632
751.5	0.632
751.375	0.6305
751.25	0.632
751.125	0.632
751.0	0.6281
750.875	0.6281
750.75	0.632
750.625	0.632
750.5	0.632
750.375	0.6281
750.25	0.6305
750.125	0.632
750.0	0.6297
749.875	0.6312
749.75	0.6305
749.625	0.632
749.5	0.632
749.375	0.6297
749.25	0.632
749.125	0.632
749.0	0.632
748.875	0.6281
748.75	0.632
748.625	0.6297
748.5	0.632
748.375	0.6297
748.25	0.6281
748.125	0.632
748.0	0.6289
747.875	0.6312
747.75	0.6281
747.625	0.632
747.5	0.6273
747.375	0.6312
747.25	0.6289
747.125	0.6273
747.0	0.6312
746.875	0.6312
746.75	0.6312
746.625	0.6305
746.5	0.6289
746.375	0.6312
746.25	0.632
746.125	0.6305
746.0	0.6281
745.875	0.632
745.75	0.632
745.625	0.6305
745.5	0.6273
745.375	0.6273
745.25	0.632
745.125	0.6281
745.0	0.6289
744.875	0.6297
744.75	0.6281
744.625	0.6297
744.5	0.6281
744.375	0.6281
744.25	0.6281
744.125	0.6273
744.0	0.6281
743.875	0.6273
743.75	0.6312
743.625	0.6305
743.5	0.632
743.375	0.6297
743.25	0.6281
743.125	0.632
743.0	0.632
742.875	0.6305
742.75	0.6289
742.625	0.6273
742.5	0.6281
742.375	0.6312
742.25	0.6273
742.125	0.6265
742.0	0.6273
741.875	0.6273
741.75	0.6242
741.625	0.6273
741.5	0.6265
741.375	0.6265
741.25	0.625
741.125	0.6273
741.0	0.6273
740.875	0.6281
740.75	0.6273
740.625	0.6273
740.5	0.6273
740.375	0.6273
740.25	0.6273
740.125	0.6273
740.0	0.6273
739.875	0.6273
739.75	0.6312
739.625	0.6273
739.5	0.6297
739.375	0.6289
739.25	0.6289
739.125	0.6312
739.0	0.6305
738.875	0.6273
738.75	0.6305
738.625	0.6289
738.5	0.632
738.375	0.6289
738.25	0.632
738.125	0.6305
738.0	0.632
737.875	0.632
737.75	0.632
737.625	0.632
737.5	0.6312
737.375	0.632
737.25	0.632
737.125	0.6297
737.0	0.6312
736.875	0.6297
736.75	0.632
736.625	0.632
736.5	0.632
736.375	0.632
736.25	0.632
736.125	0.6312
736.0	0.632
735.875	0.6305
735.75	0.632
735.625	0.632
735.5	0.632
735.375	0.632
735.25	0.632
735.125	0.6328
735.0	0.632
734.875	0.632
734.75	0.632
734.625	0.632
734.5	0.632
734.375	0.632
734.25	0.632
734.125	0.6328
734.0	0.6336
733.875	0.632
733.75	0.632
733.625	0.6312
733.5	0.632
733.375	0.6297
733.25	0.6312
733.125	0.6281
733.0	0.6281
732.875	0.632
732.75	0.6305
732.625	0.6312
732.5	0.632
732.375	0.6281
732.25	0.6273
732.125	0.6312
732.0	0.6281
731.875	0.632
731.75	0.6273
731.625	0.6273
731.5	0.6297
731.375	0.6273
731.25	0.6281
731.125	0.6281
731.0	0.6289
730.875	0.6281
730.75	0.6281
730.625	0.6273
730.5	0.6273
730.375	0.6305
730.25	0.6273
730.125	0.6273
730.0	0.6297
729.875	0.6281
729.75	0.6273
729.625	0.6312
729.5	0.6273
729.375	0.6281
729.25	0.6289
729.125	0.6305
729.0	0.6312
728.875	0.6305
728.75	0.6273
728.625	0.6312
728.5	0.632
728.375	0.6281
728.25	0.632
728.125	0.6305
728.0	0.632
727.875	0.632
727.75	0.632
727.625	0.6328
727.5	0.632
727.375	0.632
727.25	0.632
727.125	0.632
727.0	0.632
726.875	0.6328
726.75	0.632
726.625	0.632
726.5	0.632
726.375	0.632
726.25	0.632
726.125	0.632
726.0	0.6328
725.875	0.632
725.75	0.6328
725.625	0.6336
725.5	0.632
725.375	0.632
725.25	0.632
725.125	0.6305
725.0	0.632
724.875	0.632
724.75	0.6344
724.625	0.6336
724.5	0.6328
724.375	0.632
724.25	0.632
724.125	0.632
724.0	0.632
723.875	0.632
723.75	0.6328
723.625	0.632
723.5	0.6312
723.375	0.6305
723.25	0.632
723.125	0.632
723.0	0.632
722.875	0.632
722.75	0.632
722.625	0.6312
722.5	0.6297
722.375	0.6336
722.25	0.6312
722.125	0.632
722.0	0.6312
721.875	0.632
721.75	0.632
721.625	0.6273
721.5	0.6297
721.375	0.632
721.25	0.632
721.125	0.6281
721.0	0.632
720.875	0.6281
720.75	0.632
720.625	0.632
720.5	0.632
720.375	0.6305
720.25	0.6312
720.125	0.6281
720.0	0.6289
719.875	0.6297
719.75	0.6297
719.625	0.6289
719.5	0.6312
719.375	0.632
719.25	0.6297
719.125	0.6312
719.0	0.6312
718.875	0.6281
718.75	0.632
718.625	0.6273
718.5	0.6273
718.375	0.6273
718.25	0.6273
718.125	0.6257
718.0	0.6273
717.875	0.6273
717.75	0.6265
717.625	0.6273
717.5	0.6273
717.375	0.6281
717.25	0.6257
717.125	0.6265
717.0	0.6265
716.875	0.6265
716.75	0.6226
716.625	0.6273
716.5	0.625
716.375	0.6257
716.25	0.6273
716.125	0.6273
716.0	0.6257
715.875	0.6281
715.75	0.6273
715.625	0.6273
715.5	0.6273
715.375	0.6273
715.25	0.6289
715.125	0.6273
715.0	0.6273
714.875	0.625
714.75	0.6273
714.625	0.632
714.5	0.6273
714.375	0.6273
714.25	0.6289
714.125	0.6289
714.0	0.6281
713.875	0.6289
713.75	0.632
713.625	0.6312
713.5	0.6289
713.375	0.6273
713.25	0.6305
713.125	0.6289
713.0	0.6305
712.875	0.6305
712.75	0.6297
712.625	0.6273
712.5	0.6305
712.375	0.6305
712.25	0.6305
712.125	0.6281
712.0	0.6273
711.875	0.6273
711.75	0.6305
711.625	0.6297
711.5	0.6305
711.375	0.632
711.25	0.6273
711.125	0.6273
711.0	0.6273
710.875	0.6273
710.75	0.6273
710.625	0.632
710.5	0.6312
710.375	0.6281
710.25	0.6281
710.125	0.632
710.0	0.6289
709.875	0.6297
709.75	0.6297
709.625	0.6312
709.5	0.6273
709.375	0.6297
709.25	0.632
709.125	0.6289
709.0	0.6297
708.875	0.6312
708.75	0.632
708.625	0.6305
708.5	0.6305
708.375	0.632
708.25	0.6297
708.125	0.6289
708.0	0.632
707.875	0.6297
707.75	0.632
707.625	0.6312
707.5	0.6305
707.375	0.632
707.25	0.632
707.125	0.632
707.0	0.632
706.875	0.6305
706.75	0.6297
706.625	0.6328
706.5	0.632
706.375	0.6328
706.25	0.632
706.125	0.6297
706.0	0.6305
705.875	0.632
705.75	0.632
705.625	0.632
705.5	0.6297
705.375	0.6305
705.25	0.632
705.125	0.632
705.0	0.632
704.875	0.632
704.75	0.632
704.625	0.6312
704.5	0.6312
704.375	0.632
704.25	0.632
704.125	0.632
704.0	0.632
703.875	0.632
703.75	0.6289
703.625	0.632
703.5	0.632
703.375	0.632
703.25	0.632
703.125	0.6312
703.0	0.632
702.875	0.632
702.75	0.632
702.625	0.632
702.5	0.632
702.375	0.632
702.25	0.632
702.125	0.632
702.0	0.632
701.875	0.632
701.75	0.632
701.625	0.632
701.5	0.6312
701.375	0.632
701.25	0.632
701.125	0.6312
701.0	0.632
700.875	0.632
700.75	0.632
700.625	0.632
700.5	0.632
700.375	0.632
700.25	0.632
700.125	0.6328
700.0	0.6336
699.875	0.6328
699.75	0.6336
699.625	0.6344
699.5	0.6328
699.375	0.632
699.25	0.632
699.125	0.6328
699.0	0.6336
698.875	0.6328
698.75	0.632
698.625	0.632
698.5	0.6328
698.375	0.6344
698.25	0.6344
698.125	0.632
698.0	0.6328
697.875	0.632
697.75	0.6328
697.625	0.6328
697.5	0.632
697.375	0.636
697.25	0.632
697.125	0.6336
697.0	0.6336
696.875	0.6352
696.75	0.632
696.625	0.6336
696.5	0.6344
696.375	0.632
696.25	0.6328
696.125	0.632
696.0	0.632
695.875	0.6328
695.75	0.632
695.625	0.632
695.5	0.632
695.375	0.632
695.25	0.6367
695.125	0.632
695.0	0.6336
694.875	0.632
694.75	0.6336
694.625	0.632
694.5	0.632
694.375	0.632
694.25	0.636
694.125	0.6328
694.0	0.632
693.875	0.632
693.75	0.6336
693.625	0.6328
693.5	0.6336
693.375	0.6328
693.25	0.632
693.125	0.6336
693.0	0.6344
692.875	0.632
692.75	0.632
692.625	0.6344
692.5	0.6336
692.375	0.6352
692.25	0.632
692.125	0.632
692.0	0.632
691.875	0.632
691.75	0.6344
691.625	0.6328
691.5	0.6336
691.375	0.6328
691.25	0.6352
691.125	0.632
691.0	0.632
690.875	0.6328
690.75	0.632
690.625	0.6344
690.5	0.6328
690.375	0.632
690.25	0.6352
690.125	0.6344
690.0	0.632
689.875	0.6336
689.75	0.6328
689.625	0.6344
689.5	0.6328
689.375	0.632
689.25	0.632
689.125	0.6328
689.0	0.6336
688.875	0.632
688.75	0.6344
688.625	0.6336
688.5	0.632
688.375	0.6328
688.25	0.6328
688.125	0.6336
688.0	0.6344
687.875	0.632
687.75	0.632
687.625	0.6328
687.5	0.632
687.375	0.632
687.25	0.6344
687.125	0.6328
687.0	0.636
686.875	0.632
686.75	0.632
686.625	0.632
686.5	0.6336
686.375	0.6367
686.25	0.6344
686.125	0.632
686.0	0.6336
685.875	0.632
685.75	0.632
685.625	0.636
685.5	0.6367
685.375	0.6352
685.25	0.6336
685.125	0.632
685.0	0.6336
684.875	0.632
684.75	0.632
684.625	0.6336
684.5	0.636
684.375	0.636
684.25	0.636
684.125	0.6352
684.0	0.6375
683.875	0.6328
683.75	0.6344
683.625	0.6344
683.5	0.636
683.375	0.6367
683.25	0.6367
683.125	0.632
683.0	0.636
682.875	0.6367
682.75	0.6367
682.625	0.6367
682.5	0.636
682.375	0.6367
682.25	0.6367
682.125	0.636
682.0	0.6375
681.875	0.6367
681.75	0.6367
681.625	0.6367
681.5	0.6367
681.375	0.6367
681.25	0.6367
681.125	0.6367
681.0	0.6367
680.875	0.6391
680.75	0.6375
680.625	0.6415
680.5	0.636
680.375	0.6352
680.25	0.6391
680.125	0.6367
680.0	0.6367
679.875	0.6399
679.75	0.6367
679.625	0.6367
679.5	0.6375
679.375	0.6375
679.25	0.6375
679.125	0.6383
679.0	0.6367
678.875	0.6367
678.75	0.6391
678.625	0.6399
678.5	0.6375
678.375	0.6383
678.25	0.6407
678.125	0.6367
678.0	0.6383
677.875	0.6415
677.75	0.6367
677.625	0.6399
677.5	0.6375
677.375	0.6415
677.25	0.6383
677.125	0.6415
677.0	0.6391
676.875	0.6407
676.75	0.6415
676.625	0.6415
676.5	0.6407
676.375	0.6407
676.25	0.6407
676.125	0.6415
676.0	0.6415
675.875	0.6415
675.75	0.6415
675.625	0.6438
675.5	0.6407
675.375	0.6415
675.25	0.6415
675.125	0.6415
675.0	0.6422
674.875	0.6415
674.75	0.6407
674.625	0.6415
674.5	0.6415
674.375	0.6415
674.25	0.6415
674.125	0.6415
674.0	0.6422
673.875	0.6415
673.75	0.6415
673.625	0.6422
673.5	0.643
673.375	0.6415
673.25	0.6462
673.125	0.6446
673.0	0.643
672.875	0.6438
672.75	0.6415
672.625	0.6438
672.5	0.6415
672.375	0.643
672.25	0.6422
672.125	0.643
672.0	0.6446
671.875	0.6415
671.75	0.6415
671.625	0.6415
671.5	0.643
671.375	0.643
671.25	0.6438
671.125	0.643
671.0	0.6415
670.875	0.6422
670.75	0.6438
670.625	0.6446
670.5	0.6446
670.375	0.6415
670.25	0.6446
670.125	0.6422
670.0	0.6454
669.875	0.643
669.75	0.6446
669.625	0.6446
669.5	0.6462
669.375	0.6454
669.25	0.643
669.125	0.6462
669.0	0.6422
668.875	0.6422
668.75	0.6446
668.625	0.6454
668.5	0.6462
668.375	0.6446
668.25	0.6446
668.125	0.6462
668.0	0.6454
667.875	0.6462
667.75	0.6462
667.625	0.6462
667.5	0.6462
667.375	0.647
667.25	0.6462
667.125	0.6462
667.0	0.6462
666.875	0.643
666.75	0.6415
666.625	0.6462
666.5	0.6438
666.375	0.6454
666.25	0.6454
666.125	0.6454
666.0	0.6462
665.875	0.6462
665.75	0.6462
665.625	0.647
665.5	0.6462
665.375	0.6462
665.25	0.647
665.125	0.647
665.0	0.6485
664.875	0.6462
664.75	0.6509
664.625	0.647
664.5	0.6462
664.375	0.6462
664.25	0.647
664.125	0.6477
664.0	0.6477
663.875	0.6477
663.75	0.6509
663.625	0.6477
663.5	0.6485
663.375	0.6493
663.25	0.6509
663.125	0.6501
663.0	0.6509
662.875	0.6509
662.75	0.6509
662.625	0.6517
662.5	0.6509
662.375	0.6501
662.25	0.6533
662.125	0.6509
662.0	0.6509
661.875	0.6509
661.75	0.6509
661.625	0.6517
661.5	0.6509
661.375	0.6517
661.25	0.6509
661.125	0.6509
661.0	0.6517
660.875	0.6509
660.75	0.6501
660.625	0.654
660.5	0.6525
660.375	0.6533
660.25	0.6509
660.125	0.6533
660.0	0.654
659.875	0.654
659.75	0.654
659.625	0.6548
659.5	0.6548
659.375	0.6548
659.25	0.6548
659.125	0.6556
659.0	0.6556
658.875	0.6548
658.75	0.6556
658.625	0.6548
658.5	0.654
658.375	0.6556
658.25	0.6556
658.125	0.6556
658.0	0.6564
657.875	0.6556
657.75	0.6556
657.625	0.6564
657.5	0.6556
657.375	0.6572
657.25	0.6556
657.125	0.6556
657.0	0.6564
656.875	0.6556
656.75	0.6564
656.625	0.6572
656.5	0.658
656.375	0.6572
656.25	0.6595
656.125	0.6588
656.0	0.6556
655.875	0.6564
655.75	0.6564
655.625	0.6564
655.5	0.6564
655.375	0.6595
655.25	0.6588
655.125	0.6595
655.0	0.6595
654.875	0.6564
654.75	0.6603
654.625	0.6564
654.5	0.6588
654.375	0.6588
654.25	0.6603
654.125	0.6588
654.0	0.658
653.875	0.658
653.75	0.6603
653.625	0.6603
653.5	0.6603
653.375	0.6603
653.25	0.6595
653.125	0.6595
653.0	0.6603
652.875	0.6595
652.75	0.6603
652.625	0.6611
652.5	0.6611
652.375	0.6603
652.25	0.6611
652.125	0.6603
652.0	0.6611
651.875	0.6603
651.75	0.6619
651.625	0.6611
651.5	0.6627
651.375	0.6619
651.25	0.6603
651.125	0.665
651.0	0.6627
650.875	0.6603
650.75	0.6643
650.625	0.6611
650.5	0.6611
650.375	0.6603
650.25	0.6627
650.125	0.6627
650.0	0.6627
649.875	0.6643
649.75	0.6643
649.625	0.6627
649.5	0.665
649.375	0.665
649.25	0.665
649.125	0.665
649.0	0.665
648.875	0.6627
648.75	0.665
648.625	0.665
648.5	0.665
648.375	0.665
648.25	0.665
648.125	0.665
648.0	0.6643
647.875	0.665
647.75	0.665
647.625	0.6674
647.5	0.665
647.375	0.665
647.25	0.6658
647.125	0.6658
647.0	0.665
646.875	0.6666
646.75	0.6682
646.625	0.665
646.5	0.6643
646.375	0.6682
646.25	0.665
646.125	0.665
646.0	0.669
645.875	0.6674
645.75	0.6674
645.625	0.6698
645.5	0.6682
645.375	0.6658
645.25	0.6698
645.125	0.6674
645.0	0.6698
644.875	0.6682
644.75	0.6682
644.625	0.6698
644.5	0.6698
644.375	0.6674
644.25	0.669
644.125	0.6698
644.0	0.6705
643.875	0.6698
643.75	0.6698
643.625	0.6698
643.5	0.6698
643.375	0.6713
643.25	0.6698
643.125	0.6682
643.0	0.6698
642.875	0.669
642.75	0.6698
642.625	0.6698
642.5	0.6698
642.375	0.669
642.25	0.6698
642.125	0.6698
642.0	0.669
641.875	0.6698
641.75	0.6698
641.625	0.6698
641.5	0.6698
641.375	0.6698
641.25	0.6698
641.125	0.6705
641.0	0.6698
640.875	0.6698
640.75	0.6705
640.625	0.6698
640.5	0.6705
640.375	0.6721
640.25	0.6737
640.125	0.6698
640.0	0.6745
639.875	0.6721
639.75	0.6713
639.625	0.6713
639.5	0.6745
639.375	0.6698
639.25	0.6721
639.125	0.6745
639.0	0.6745
638.875	0.6745
638.75	0.6745
638.625	0.6753
638.5	0.6737
638.375	0.6745
638.25	0.6745
638.125	0.6745
638.0	0.6745
637.875	0.6745
637.75	0.6745
637.625	0.6768
637.5	0.6745
637.375	0.6745
637.25	0.6753
637.125	0.6745
637.0	0.6745
636.875	0.6745
636.75	0.6737
636.625	0.6784
636.5	0.6753
636.375	0.6761
636.25	0.6753
636.125	0.6768
636.0	0.6792
635.875	0.6784
635.75	0.6753
635.625	0.6792
635.5	0.6776
635.375	0.6761
635.25	0.6792
635.125	0.6808
635.0	0.6792
634.875	0.68
634.75	0.6792
634.625	0.6792
634.5	0.6792
634.375	0.6792
634.25	0.6792
634.125	0.6808
634.0	0.6823
633.875	0.6816
633.75	0.6831
633.625	0.6823
633.5	0.6839
633.375	0.6831
633.25	0.6839
633.125	0.6839
633.0	0.6839
632.875	0.6823
632.75	0.6847
632.625	0.6863
632.5	0.6847
632.375	0.6839
632.25	0.6886
632.125	0.6878
632.0	0.6886
631.875	0.6878
631.75	0.6894
631.625	0.6886
631.5	0.6886
631.375	0.6902
631.25	0.6902
631.125	0.6886
631.0	0.6902
630.875	0.6886
630.75	0.6926
630.625	0.691
630.5	0.6918
630.375	0.6926
630.25	0.6941
630.125	0.6926
630.0	0.6933
629.875	0.6933
629.75	0.6941
629.625	0.6965
629.5	0.6949
629.375	0.6957
629.25	0.6949
629.125	0.6949
629.0	0.6933
628.875	0.6965
628.75	0.6965
628.625	0.6933
628.5	0.6957
628.375	0.6933
628.25	0.6933
628.125	0.6965
628.0	0.6949
627.875	0.6957
627.75	0.6973
627.625	0.6949
627.5	0.6965
627.375	0.6981
627.25	0.6981
627.125	0.6981
627.0	0.6996
626.875	0.6981
626.75	0.6988
626.625	0.6996
626.5	0.7012
626.375	0.7012
626.25	0.6996
626.125	0.702
626.0	0.7028
625.875	0.7028
625.75	0.7036
625.625	0.702
625.5	0.7028
625.375	0.7028
625.25	0.7051
625.125	0.7059
625.0	0.7051
624.875	0.7075
624.75	0.7091
624.625	0.7075
624.5	0.7083
624.375	0.7091
624.25	0.7075
624.125	0.7091
624.0	0.7075
623.875	0.7114
623.75	0.7114
623.625	0.7122
623.5	0.7122
623.375	0.7169
623.25	0.7122
623.125	0.7114
623.0	0.7138
622.875	0.7169
622.75	0.7169
622.625	0.7169
622.5	0.7161
622.375	0.7169
622.25	0.7161
622.125	0.7169
622.0	0.7169
621.875	0.7193
621.75	0.7193
621.625	0.7209
621.5	0.7224
621.375	0.7209
621.25	0.7216
621.125	0.7216
621.0	0.7216
620.875	0.7224
620.75	0.7264
620.625	0.7224
620.5	0.7256
620.375	0.7256
620.25	0.7232
620.125	0.7248
620.0	0.7248
619.875	0.7264
619.75	0.7287
619.625	0.7264
619.5	0.7264
619.375	0.7264
619.25	0.7272
619.125	0.7279
619.0	0.7287
618.875	0.7272
618.75	0.7303
618.625	0.7287
618.5	0.7311
618.375	0.7311
618.25	0.7311
618.125	0.7311
618.0	0.7319
617.875	0.7342
617.75	0.735
617.625	0.7334
617.5	0.7342
617.375	0.7358
617.25	0.7358
617.125	0.7334
617.0	0.735
616.875	0.7374
616.75	0.7358
616.625	0.7382
616.5	0.7389
616.375	0.7358
616.25	0.7397
616.125	0.7366
616.0	0.7405
615.875	0.7397
615.75	0.7405
615.625	0.7413
615.5	0.7421
615.375	0.7444
615.25	0.7437
615.125	0.7452
615.0	0.7452
614.875	0.746
614.75	0.7476
614.625	0.7468
614.5	0.746
614.375	0.7452
614.25	0.75
614.125	0.7492
614.0	0.7492
613.875	0.7468
613.75	0.75
613.625	0.7484
613.5	0.75
613.375	0.75
613.25	0.7507
613.125	0.7531
613.0	0.7523
612.875	0.7531
612.75	0.7507
612.625	0.7547
612.5	0.7539
612.375	0.7539
612.25	0.7523
612.125	0.7547
612.0	0.7547
611.875	0.7547
611.75	0.7523
611.625	0.7555
611.5	0.7555
611.375	0.7547
611.25	0.7547
611.125	0.7547
611.0	0.7547
610.875	0.7555
610.75	0.7547
610.625	0.7578
610.5	0.7547
610.375	0.7547
610.25	0.7555
610.125	0.7594
610.0	0.7594
609.875	0.7562
609.75	0.757
609.625	0.7586
609.5	0.7594
609.375	0.7594
609.25	0.7578
609.125	0.7594
609.0	0.7594
608.875	0.7594
608.75	0.7594
608.625	0.7594
608.5	0.7641
608.375	0.7602
608.25	0.7602
608.125	0.7602
608.0	0.7625
607.875	0.761
607.75	0.7602
607.625	0.7633
607.5	0.7625
607.375	0.7594
607.25	0.7641
607.125	0.7633
607.0	0.7641
606.875	0.7641
606.75	0.7641
606.625	0.7665
606.5	0.7641
606.375	0.7657
606.25	0.7649
606.125	0.7672
606.0	0.768
605.875	0.768
605.75	0.7688
605.625	0.7688
605.5	0.7712
605.375	0.7696
605.25	0.7688
605.125	0.7727
605.0	0.7735
604.875	0.7735
604.75	0.7735
604.625	0.7735
604.5	0.7751
604.375	0.7735
604.25	0.7735
604.125	0.7735
604.0	0.779
603.875	0.7775
603.75	0.7783
603.625	0.783
603.5	0.7798
603.375	0.7783
603.25	0.783
603.125	0.7806
603.0	0.783
602.875	0.783
602.75	0.7869
602.625	0.7853
602.5	0.7861
602.375	0.7869
602.25	0.7893
602.125	0.7877
602.0	0.7877
601.875	0.7885
601.75	0.7885
601.625	0.7877
601.5	0.7924
601.375	0.7924
601.25	0.7924
601.125	0.7924
601.0	0.7924
600.875	0.7924
600.75	0.7955
600.625	0.7971
600.5	0.7971
600.375	0.7971
600.25	0.7971
600.125	0.7971
600.0	0.7979
599.875	0.8003
599.75	0.8011
599.625	0.8018
599.5	0.8018
599.375	0.8018
599.25	0.8018
599.125	0.8018
599.0	0.805
598.875	0.8026
598.75	0.8018
598.625	0.8073
598.5	0.8066
598.375	0.8066
598.25	0.8081
598.125	0.8066
598.0	0.8073
597.875	0.8113
597.75	0.8066
597.625	0.8128
597.5	0.8113
597.375	0.8144
597.25	0.8113
597.125	0.8144
597.0	0.816
596.875	0.816
596.75	0.816
596.625	0.8183
596.5	0.8168
596.375	0.8191
596.25	0.8207
596.125	0.8207
596.0	0.8246
595.875	0.8254
595.75	0.8246
595.625	0.8254
595.5	0.8254
595.375	0.8254
595.25	0.8278
595.125	0.8286
595.0	0.8301
594.875	0.8301
594.75	0.8301
594.625	0.8317
594.5	0.8364
594.375	0.8349
594.25	0.8396
594.125	0.8396
594.0	0.8396
593.875	0.8396
593.75	0.8419
593.625	0.8411
593.5	0.8435
593.375	0.8443
593.25	0.8443
593.125	0.8443
593.0	0.8459
592.875	0.849
592.75	0.849
592.625	0.849
592.5	0.8506
592.375	0.8498
592.25	0.8522
592.125	0.8537
592.0	0.8506
591.875	0.8537
591.75	0.8529
591.625	0.8584
591.5	0.8553
591.375	0.8584
591.25	0.8584
591.125	0.8584
591.0	0.8584
590.875	0.8616
590.75	0.86
590.625	0.8608
590.5	0.8632
590.375	0.8632
590.25	0.8671
590.125	0.8639
590.0	0.8663
589.875	0.8679
589.75	0.8671
589.625	0.8679
589.5	0.8679
589.375	0.8694
589.25	0.8679
589.125	0.8702
589.0	0.8726
588.875	0.8726
588.75	0.8757
588.625	0.8726
588.5	0.8726
588.375	0.8718
588.25	0.8757
588.125	0.8757
588.0	0.8726
587.875	0.8757
587.75	0.8773
587.625	0.8773
587.5	0.8781
587.375	0.8773
587.25	0.8773
587.125	0.8781
587.0	0.8781
586.875	0.882
586.75	0.882
586.625	0.8812
586.5	0.882
586.375	0.882
586.25	0.882
586.125	0.886
586.0	0.8844
585.875	0.886
585.75	0.8844
585.625	0.8836
585.5	0.886
585.375	0.8867
585.25	0.8867
585.125	0.8867
585.0	0.8867
584.875	0.886
584.75	0.8867
584.625	0.8867
584.5	0.8867
584.375	0.8867
584.25	0.8875
584.125	0.8867
584.0	0.8875
583.875	0.8867
583.75	0.8867
583.625	0.8852
583.5	0.8883
583.375	0.886
583.25	0.8852
583.125	0.8836
583.0	0.8828
582.875	0.8828
582.75	0.882
582.625	0.882
582.5	0.882
582.375	0.8812
582.25	0.882
582.125	0.8805
582.0	0.8781
581.875	0.8797
581.75	0.8773
581.625	0.8773
581.5	0.8773
581.375	0.8773
581.25	0.8773
581.125	0.8773
581.0	0.8773
580.875	0.8773
580.75	0.8742
580.625	0.8742
580.5	0.8734
580.375	0.875
580.25	0.8726
580.125	0.875
580.0	0.8726
579.875	0.8726
579.75	0.8726
579.625	0.8726
579.5	0.871
579.375	0.8702
579.25	0.8679
579.125	0.8687
579.0	0.8726
578.875	0.8679
578.75	0.8679
578.625	0.8671
578.5	0.8694
578.375	0.8679
578.25	0.8679
578.125	0.8663
578.0	0.8679
577.875	0.8655
577.75	0.8663
577.625	0.8655
577.5	0.8632
577.375	0.8679
577.25	0.8647
577.125	0.8632
577.0	0.8632
576.875	0.8608
576.75	0.8616
576.625	0.8592
576.5	0.8584
576.375	0.8584
576.25	0.8569
576.125	0.8537
576.0	0.8553
575.875	0.8537
575.75	0.8537
575.625	0.8529
575.5	0.8537
575.375	0.849
575.25	0.849
575.125	0.8474
575.0	0.8482
574.875	0.8451
574.75	0.8443
574.625	0.8404
574.5	0.8404
574.375	0.8388
574.25	0.8364
574.125	0.8349
574.0	0.8349
573.875	0.8349
573.75	0.8286
573.625	0.8309
573.5	0.8301
573.375	0.8246
573.25	0.8246
573.125	0.8223
573.0	0.8199
572.875	0.8183
572.75	0.8191
572.625	0.8144
572.5	0.8144
572.375	0.8128
572.25	0.8113
572.125	0.8089
572.0	0.8066
571.875	0.8066
571.75	0.8066
571.625	0.8066
571.5	0.8026
571.375	0.8011
571.25	0.7979
571.125	0.7971
571.0	0.7963
570.875	0.7948
570.75	0.794
570.625	0.7924
570.5	0.7924
570.375	0.7877
570.25	0.79
570.125	0.7877
570.0	0.7861
569.875	0.7845
569.75	0.7853
569.625	0.7838
569.5	0.7838
569.375	0.7822
569.25	0.783
569.125	0.7783
569.0	0.779
568.875	0.7783
568.75	0.7798
568.625	0.7767
568.5	0.7783
568.375	0.7743
568.25	0.7735
568.125	0.7727
568.0	0.7688
567.875	0.7696
567.75	0.768
567.625	0.768
567.5	0.7641
567.375	0.7649
567.25	0.7641
567.125	0.7602
567.0	0.7617
566.875	0.761
566.75	0.757
566.625	0.7594
566.5	0.7547
566.375	0.7586
566.25	0.7594
566.125	0.7547
566.0	0.7547
565.875	0.7531
565.75	0.7547
565.625	0.7523
565.5	0.7531
565.375	0.7523
565.25	0.7539
565.125	0.7507
565.0	0.75
564.875	0.7531
564.75	0.75
564.625	0.7484
564.5	0.75
564.375	0.7476
564.25	0.7492
564.125	0.7468
564.0	0.75
563.875	0.7452
563.75	0.7444
563.625	0.7452
563.5	0.7452
563.375	0.7452
563.25	0.7468
563.125	0.7437
563.0	0.7444
562.875	0.7444
562.75	0.7437
562.625	0.7444
562.5	0.7437
562.375	0.7405
562.25	0.7437
562.125	0.7413
562.0	0.7405
561.875	0.7405
561.75	0.7437
561.625	0.7405
561.5	0.7452
561.375	0.7444
561.25	0.7437
561.125	0.7413
561.0	0.7421
560.875	0.7444
560.75	0.7405
560.625	0.7452
560.5	0.7429
560.375	0.7444
560.25	0.7421
560.125	0.7452
560.0	0.7429
559.875	0.7413
559.75	0.7437
559.625	0.7452
559.5	0.7452
559.375	0.7452
559.25	0.7444
559.125	0.7444
559.0	0.7444
558.875	0.7429
558.75	0.7444
558.625	0.7437
558.5	0.7452
558.375	0.7452
558.25	0.7452
558.125	0.7452
558.0	0.7468
557.875	0.7452
557.75	0.7452
557.625	0.7452
557.5	0.7476
557.375	0.7468
557.25	0.7476
557.125	0.75
557.0	0.7515
556.875	0.7484
556.75	0.7507
556.625	0.75
556.5	0.7531
556.375	0.7547
556.25	0.7547
556.125	0.7547
556.0	0.7547
555.875	0.7547
555.75	0.7586
555.625	0.757
555.5	0.7578
555.375	0.7594
555.25	0.7594
555.125	0.7594
555.0	0.761
554.875	0.7641
554.75	0.7641
554.625	0.7672
554.5	0.7672
554.375	0.7688
554.25	0.7688
554.125	0.772
554.0	0.7727
553.875	0.7735
553.75	0.7735
553.625	0.7735
553.5	0.7743
553.375	0.7783
553.25	0.779
553.125	0.7798
553.0	0.783
552.875	0.783
552.75	0.783
552.625	0.7861
552.5	0.7877
552.375	0.7877
552.25	0.7885
552.125	0.79
552.0	0.7955
551.875	0.7932
551.75	0.7955
551.625	0.7971
551.5	0.7971
551.375	0.8011
551.25	0.8018
551.125	0.8018
551.0	0.8042
550.875	0.8066
550.75	0.8066
550.625	0.8081
550.5	0.8113
550.375	0.8113
550.25	0.816
550.125	0.8152
550.0	0.8168
549.875	0.8168
549.75	0.8191
549.625	0.8207
549.5	0.8207
549.375	0.8207
549.25	0.8246
549.125	0.8254
549.0	0.8254
548.875	0.8294
548.75	0.8301
548.625	0.8301
548.5	0.8301
548.375	0.8349
548.25	0.8325
548.125	0.8309
548.0	0.8349
547.875	0.838
547.75	0.8388
547.625	0.8404
547.5	0.8396
547.375	0.8411
547.25	0.8419
547.125	0.8443
547.0	0.8443
546.875	0.8443
546.75	0.8466
546.625	0.8474
546.5	0.849
546.375	0.8506
546.25	0.849
546.125	0.8522
546.0	0.8537
545.875	0.8537
545.75	0.8561
545.625	0.8561
545.5	0.8584
545.375	0.8592
545.25	0.8584
545.125	0.8624
545.0	0.8616
544.875	0.8632
544.75	0.8647
544.625	0.8647
544.5	0.8679
544.375	0.8687
544.25	0.8679
544.125	0.871
544.0	0.8726
543.875	0.8726
543.75	0.8742
543.625	0.8734
543.5	0.8765
543.375	0.8773
543.25	0.8773
543.125	0.8789
543.0	0.8789
542.875	0.8805
542.75	0.8805
542.625	0.8867
542.5	0.8828
542.375	0.8828
542.25	0.8867
542.125	0.8867
542.0	0.8891
541.875	0.8915
541.75	0.8907
541.625	0.8946
541.5	0.8954
541.375	0.8962
541.25	0.8962
541.125	0.9009
541.0	0.9009
540.875	0.9009
540.75	0.9025
540.625	0.9064
540.5	0.9088
540.375	0.9103
540.25	0.915
540.125	0.915
540.0	0.915
539.875	0.9174
539.75	0.9198
539.625	0.9213
539.5	0.9245
539.375	0.9237
539.25	0.9276
539.125	0.9292
539.0	0.9331
538.875	0.9339
538.75	0.9355
538.625	0.9378
538.5	0.9386
538.375	0.9394
538.25	0.9465
538.125	0.9441
538.0	0.9481
537.875	0.9496
537.75	0.9528
537.625	0.9528
537.5	0.9559
537.375	0.9567
537.25	0.9622
537.125	0.9622
537.0	0.9654
536.875	0.9669
536.75	0.9669
536.625	0.9685
536.5	0.9716
536.375	0.9764
536.25	0.9764
536.125	0.9764
536.0	0.9811
535.875	0.9811
535.75	0.9811
535.625	0.9866
535.5	0.9858
535.375	0.9889
535.25	0.9905
535.125	0.9905
535.0	0.9937
534.875	0.9937
534.75	0.9952
534.625	0.9952
534.5	0.9952
534.375	0.9968
534.25	1.0
534.125	1.0
534.0	1.0047
533.875	1.0031
533.75	1.0047
533.625	1.0023
533.5	1.0039
533.375	1.0047
533.25	1.0047
533.125	1.0047
533.0	1.0055
532.875	1.0047
532.75	1.0094
532.625	1.0094
532.5	1.0102
532.375	1.0094
532.25	1.0102
532.125	1.0102
532.0	1.0133
531.875	1.0125
531.75	1.0149
531.625	1.0141
531.5	1.018
531.375	1.018
531.25	1.018
531.125	1.0196
531.0	1.0204
530.875	1.0188
530.75	1.0235
530.625	1.0243
530.5	1.0227
530.375	1.0235
530.25	1.0235
530.125	1.0235
530.0	1.0251
529.875	1.0283
529.75	1.0283
529.625	1.0306
529.5	1.0298
529.375	1.0322
529.25	1.033
529.125	1.033
529.0	1.0353
528.875	1.0377
528.75	1.0377
528.625	1.0377
528.5	1.0377
528.375	1.0377
528.25	1.0424
528.125	1.0416
528.0	1.044
527.875	1.0455
527.75	1.0448
527.625	1.0471
527.5	1.0471
527.375	1.0503
527.25	1.0495
527.125	1.0518
527.0	1.0518
526.875	1.0542
526.75	1.0534
526.625	1.0566
526.5	1.0566
526.375	1.0566
526.25	1.0581
526.125	1.0605
526.0	1.0613
525.875	1.066
525.75	1.0652
525.625	1.066
525.5	1.066
525.375	1.0691
525.25	1.0707
525.125	1.0683
525.0	1.0715
524.875	1.0754
524.75	1.0754
524.625	1.0754
524.5	1.0778
524.375	1.077
524.25	1.0801
524.125	1.0801
524.0	1.0801
523.875	1.0817
523.75	1.0817
523.625	1.0849
523.5	1.0856
523.375	1.0849
523.25	1.0849
523.125	1.0896
523.0	1.0896
522.875	1.0911
522.75	1.0896
522.625	1.0904
522.5	1.0935
522.375	1.0943
522.25	1.0904
522.125	1.0951
522.0	1.0943
521.875	1.0966
521.75	1.0943
521.625	1.0943
521.5	1.0959
521.375	1.099
521.25	1.099
521.125	1.099
521.0	1.099
520.875	1.099
520.75	1.099
520.625	1.099
520.5	1.099
520.375	1.1014
520.25	1.1014
520.125	1.099
520.0	1.1014
519.875	1.0974
519.75	1.1006
519.625	1.0959
519.5	1.099
519.375	1.099
519.25	1.099
519.125	1.0982
519.0	1.099
518.875	1.0966
518.75	1.0966
518.625	1.0959
518.5	1.0951
518.375	1.0943
518.25	1.0935
518.125	1.0935
518.0	1.0943
517.875	1.0919
517.75	1.0896
517.625	1.0943
517.5	1.0943
517.375	1.0943
517.25	1.0896
517.125	1.0904
517.0	1.088
516.875	1.0888
516.75	1.0856
516.625	1.0896
516.5	1.0896
516.375	1.0896
516.25	1.0896
516.125	1.088
516.0	1.0896
515.875	1.0911
515.75	1.0896
515.625	1.0896
515.5	1.0911
515.375	1.0919
515.25	1.0904
515.125	1.0896
515.0	1.0927
514.875	1.0935
514.75	1.0935
514.625	1.0943
514.5	1.0943
514.375	1.0943
514.25	1.0959
514.125	1.0966
514.0	1.0974
513.875	1.099
513.75	1.099
513.625	1.099
513.5	1.099
513.375	1.099
513.25	1.1006
513.125	1.1014
513.0	1.099
512.875	1.1022
512.75	1.1029
512.625	1.1061
512.5	1.1037
512.375	1.1037
512.25	1.1045
512.125	1.1045
512.0	1.1037
511.875	1.1037
511.75	1.1037
511.625	1.1061
511.5	1.1045
511.375	1.1084
511.25	1.1037
511.125	1.1053
511.0	1.1061
510.875	1.1037
510.75	1.1029
510.625	1.1077
510.5	1.1029
510.375	1.1037
510.25	1.1037
510.125	1.1006
510.0	1.1014
509.875	1.1037
509.75	1.099
509.625	1.099
509.5	1.099
509.375	1.1006
509.25	1.0927
509.125	1.0943
509.0	1.0959
508.875	1.0951
508.75	1.0943
508.625	1.0943
508.5	1.0919
508.375	1.0935
508.25	1.0896
508.125	1.0896
508.0	1.0896
507.875	1.0896
507.75	1.0864
507.625	1.0872
507.5	1.0849
507.375	1.0849
507.25	1.0849
507.125	1.0809
507.0	1.0794
506.875	1.0801
506.75	1.077
506.625	1.0794
506.5	1.0746
506.375	1.0754
506.25	1.0762
506.125	1.0707
506.0	1.0707
505.875	1.0699
505.75	1.0707
505.625	1.0707
505.5	1.0707
505.375	1.066
505.25	1.066
505.125	1.066
505.0	1.0644
504.875	1.0621
504.75	1.0613
504.625	1.0636
504.5	1.0605
504.375	1.0597
504.25	1.0566
504.125	1.0566
504.0	1.0558
503.875	1.0566
503.75	1.055
503.625	1.0566
503.5	1.0518
503.375	1.0526
503.25	1.0511
503.125	1.0503
503.0	1.0487
502.875	1.0479
502.75	1.0471
502.625	1.0455
502.5	1.0424
502.375	1.0424
502.25	1.0448
502.125	1.0424
502.0	1.0416
501.875	1.0416
501.75	1.0424
501.625	1.0393
501.5	1.0416
501.375	1.04
501.25	1.0385
501.125	1.0385
501.0	1.0345
500.875	1.0377
500.75	1.0377
500.625	1.0377
500.5	1.0338
500.375	1.0353
500.25	1.0361
500.125	1.033
500.0	1.0345
499.875	1.033
499.75	1.033
499.625	1.033
499.5	1.0283
499.375	1.0322
499.25	1.033
499.125	1.0283
499.0	1.0283
498.875	1.0283
498.75	1.0283
498.625	1.0259
498.5	1.0251
498.375	1.0243
498.25	1.0235
498.125	1.0235
498.0	1.0204
497.875	1.0235
497.75	1.0212
497.625	1.0188
497.5	1.018
497.375	1.0141
497.25	1.0141
497.125	1.0133
497.0	1.0102
496.875	1.0086
496.75	1.0062
496.625	1.0047
496.5	1.0055
496.375	1.0047
496.25	1.0015
496.125	0.9992
496.0	0.9968
495.875	0.9968
495.75	0.9937
495.625	0.9913
495.5	0.9905
495.375	0.9874
495.25	0.9858
495.125	0.9811
495.0	0.9819
494.875	0.9795
494.75	0.9811
494.625	0.9787
494.5	0.9764
494.375	0.9748
494.25	0.9724
494.125	0.9677
494.0	0.9685
493.875	0.9669
493.75	0.9661
493.625	0.9622
493.5	0.9614
493.375	0.9614
493.25	0.9575
493.125	0.9575
493.0	0.9575
492.875	0.9528
492.75	0.9559
492.625	0.9512
492.5	0.9481
492.375	0.9481
492.25	0.9481
492.125	0.9426
492.0	0.9402
491.875	0.9394
491.75	0.9394
491.625	0.9402
491.5	0.9378
491.375	0.9363
491.25	0.9339
491.125	0.9339
491.0	0.9308
490.875	0.9316
490.75	0.93
490.625	0.9261
490.5	0.9268
490.375	0.9253
490.25	0.9261
490.125	0.9245
490.0	0.9205
489.875	0.9198
489.75	0.9198
489.625	0.919
489.5	0.9174
489.375	0.915
489.25	0.915
489.125	0.9103
489.0	0.9103
488.875	0.9088
488.75	0.908
488.625	0.9064
488.5	0.9056
488.375	0.9033
488.25	0.9025
488.125	0.8993
488.0	0.9009
487.875	0.9009
487.75	0.897
487.625	0.897
487.5	0.8954
487.375	0.8915
487.25	0.8954
487.125	0.8907
487.0	0.8875
486.875	0.8883
486.75	0.8844
486.625	0.8852
486.5	0.8836
486.375	0.8852
486.25	0.882
486.125	0.8789
486.0	0.8797
485.875	0.8773
485.75	0.8757
485.625	0.8773
485.5	0.8726
485.375	0.8726
485.25	0.8679
485.125	0.871
485.0	0.8679
484.875	0.8679
484.75	0.8647
484.625	0.8632
484.5	0.8624
484.375	0.8632
484.25	0.8584
484.125	0.8584
484.0	0.8569
483.875	0.8584
483.75	0.8537
483.625	0.849
483.5	0.8498
483.375	0.849
483.25	0.8482
483.125	0.8443
483.0	0.8443
482.875	0.8435
482.75	0.8435
482.625	0.8396
482.5	0.8404
482.375	0.8396
482.25	0.8349
482.125	0.8349
482.0	0.8325
481.875	0.8341
481.75	0.8301
481.625	0.8294
481.5	0.8286
481.375	0.8301
481.25	0.8286
481.125	0.8254
481.0	0.8231
480.875	0.8238
480.75	0.8231
480.625	0.8254
480.5	0.8207
480.375	0.8215
480.25	0.8191
480.125	0.8199
480.0	0.8191
479.875	0.8168
479.75	0.816
479.625	0.8136
479.5	0.8144
479.375	0.8144
479.25	0.8136
479.125	0.816
479.0	0.8113
478.875	0.8136
478.75	0.8113
478.625	0.8113
478.5	0.8113
478.375	0.8105
478.25	0.8073
478.125	0.8081
478.0	0.8066
477.875	0.8058
477.75	0.8066
477.625	0.805
477.5	0.8018
477.375	0.8026
477.25	0.8018
477.125	0.8011
477.0	0.7995
476.875	0.7995
476.75	0.8003
476.625	0.7971
476.5	0.7963
476.375	0.7963
476.25	0.7971
476.125	0.7955
476.0	0.7932
475.875	0.7924
475.75	0.7924
475.625	0.7908
475.5	0.79
475.375	0.7916
475.25	0.79
475.125	0.7877
475.0	0.7877
474.875	0.7861
474.75	0.783
474.625	0.7845
474.5	0.7838
474.375	0.7822
474.25	0.783
474.125	0.7806
474.0	0.783
473.875	0.7783
473.75	0.7814
473.625	0.7783
473.5	0.7783
473.375	0.7783
473.25	0.7783
473.125	0.7767
473.0	0.7735
472.875	0.7751
472.75	0.7735
472.625	0.7735
472.5	0.7712
472.375	0.7704
472.25	0.768
472.125	0.7696
472.0	0.7688
471.875	0.7657
471.75	0.7672
471.625	0.7641
471.5	0.7672
471.375	0.7649
471.25	0.7672
471.125	0.7641
471.0	0.7641
470.875	0.7625
470.75	0.7641
470.625	0.7641
470.5	0.7641
470.375	0.7617
470.25	0.761
470.125	0.7641
470.0	0.7617
469.875	0.7594
469.75	0.7602
469.625	0.7562
469.5	0.761
469.375	0.757
469.25	0.7594
469.125	0.757
469.0	0.7594
468.875	0.7594
468.75	0.7594
468.625	0.757
468.5	0.7578
468.375	0.7547
468.25	0.757
468.125	0.7594
468.0	0.7547
467.875	0.757
467.75	0.7555
467.625	0.7547
467.5	0.7562
467.375	0.7547
467.25	0.7555
467.125	0.7547
467.0	0.7547
466.875	0.7562
466.75	0.7547
466.625	0.7586
466.5	0.7578
466.375	0.7547
466.25	0.7562
466.125	0.7578
466.0	0.7594
465.875	0.7594
465.75	0.7594
465.625	0.7602
465.5	0.7641
465.375	0.7633
465.25	0.761
465.125	0.761
465.0	0.7633
464.875	0.761
464.75	0.7649
464.625	0.7641
464.5	0.7649
464.375	0.7641
464.25	0.7641
464.125	0.768
464.0	0.7688
463.875	0.7688
463.75	0.768
463.625	0.7735
463.5	0.7696
463.375	0.772
463.25	0.7688
463.125	0.7712
463.0	0.7735
462.875	0.7735
462.75	0.7735
462.625	0.7751
462.5	0.7743
462.375	0.7735
462.25	0.779
462.125	0.7783
462.0	0.7783
461.875	0.779
461.75	0.7798
461.625	0.783
461.5	0.7814
461.375	0.783
461.25	0.7838
461.125	0.783
461.0	0.783
460.875	0.7877
460.75	0.7869
460.625	0.79
460.5	0.7916
460.375	0.7877
460.25	0.7924
460.125	0.7932
460.0	0.794
459.875	0.7971
459.75	0.7971
459.625	0.7971
459.5	0.7979
459.375	0.8003
459.25	0.8018
459.125	0.8018
459.0	0.8026
458.875	0.8018
458.75	0.8066
458.625	0.8073
458.5	0.8066
458.375	0.8066
458.25	0.8097
458.125	0.8073
458.0	0.8113
457.875	0.8128
457.75	0.8152
457.625	0.816
457.5	0.816
457.375	0.816
457.25	0.8168
457.125	0.8183
457.0	0.8199
456.875	0.8207
456.75	0.8207
456.625	0.8254
456.5	0.8215
456.375	0.8238
456.25	0.8254
456.125	0.8262
456.0	0.8286
455.875	0.8301
455.75	0.8301
455.625	0.8301
455.5	0.8309
455.375	0.8301
455.25	0.8349
455.125	0.8333
455.0	0.8349
454.875	0.8349
454.75	0.8349
454.625	0.8349
454.5	0.8356
454.375	0.8349
454.25	0.8396
454.125	0.8396
454.0	0.8396
453.875	0.8411
453.75	0.8411
453.625	0.8396
453.5	0.8419
453.375	0.8419
453.25	0.8443
453.125	0.8459
453.0	0.8459
452.875	0.8451
452.75	0.849
452.625	0.849
452.5	0.849
452.375	0.8514
452.25	0.8514
452.125	0.8537
452.0	0.8561
451.875	0.8537
451.75	0.8545
451.625	0.8584
451.5	0.8584
451.375	0.8624
451.25	0.8632
451.125	0.8632
451.0	0.8663
450.875	0.8679
450.75	0.8694
450.625	0.8718
450.5	0.875
450.375	0.8765
450.25	0.8781
450.125	0.8773
450.0	0.8773
449.875	0.8836
449.75	0.8867
449.625	0.8891
449.5	0.8915
449.375	0.8946
449.25	0.8962
449.125	0.9025
449.0	0.9056
448.875	0.9072
448.75	0.9103
448.625	0.915
448.5	0.9158
448.375	0.9198
448.25	0.9237
448.125	0.9268
448.0	0.9347
447.875	0.9378
447.75	0.9433
447.625	0.9449
447.5	0.9481
447.375	0.9559
447.25	0.9575
447.125	0.963
447.0	0.9654
446.875	0.9724
446.75	0.9748
446.625	0.9819
446.5	0.9874
446.375	0.9905
446.25	0.996
446.125	1.0
446.0	1.0078
445.875	1.0102
445.75	1.0157
445.625	1.0188
445.5	1.0283
445.375	1.0306
445.25	1.0385
445.125	1.044
445.0	1.0487
444.875	1.0558
444.75	1.0621
444.625	1.0668
444.5	1.0731
444.375	1.0794
444.25	1.0856
444.125	1.0935
444.0	1.099
443.875	1.1045
443.75	1.1139
443.625	1.1147
443.5	1.1226
443.375	1.1289
443.25	1.1383
443.125	1.1438
443.0	1.1477
442.875	1.1588
442.75	1.1603
442.625	1.1721
442.5	1.1745
442.375	1.1839
442.25	1.1871
442.125	1.1933
442.0	1.2012
441.875	1.2083
441.75	1.2122
441.625	1.2201
441.5	1.2264
441.375	1.2358
441.25	1.2405
441.125	1.2452
441.0	1.2523
440.875	1.2594
440.75	1.2641
440.625	1.272
440.5	1.2783
440.375	1.2838
440.25	1.2924
440.125	1.2987
440.0	1.3042
439.875	1.3113
439.75	1.316
439.625	1.3207
439.5	1.3254
439.375	1.3325
439.25	1.3404
439.125	1.3427
439.0	1.349
438.875	1.3537
438.75	1.3584
438.625	1.3632
438.5	1.3687
438.375	1.3773
438.25	1.3789
438.125	1.3828
438.0	1.3922
437.875	1.3915
437.75	1.397
437.625	1.4025
437.5	1.4095
437.375	1.4135
437.25	1.4198
437.125	1.4237
437.0	1.4268
436.875	1.4339
436.75	1.4394
436.625	1.4433
436.5	1.4473
436.375	1.4575
436.25	1.4599
436.125	1.4622
436.0	1.4669
435.875	1.4732
435.75	1.4795
435.625	1.4905
435.5	1.4952
435.375	1.5015
435.25	1.5047
435.125	1.5141
435.0	1.5196
434.875	1.5283
434.75	1.5345
434.625	1.5432
434.5	1.5479
434.375	1.5613
434.25	1.566
434.125	1.5778
434.0	1.5849
433.875	1.5943
433.75	1.6077
433.625	1.6179
433.5	1.6289
433.375	1.6399
433.25	1.6509
433.125	1.6619
433.0	1.6745
432.875	1.6839
432.75	1.6996
432.625	1.7161
432.5	1.7272
432.375	1.7421
432.25	1.7547
432.125	1.7688
432.0	1.79
431.875	1.8042
431.75	1.8176
431.625	1.8364
431.5	1.8537
431.375	1.8702
431.25	1.8836
431.125	1.9009
431.0	1.9205
430.875	1.9378
430.75	1.9528
430.625	1.9716
430.5	1.9921
430.375	2.0102
430.25	2.0298
430.125	2.0448
430.0	2.0644
429.875	2.0817
429.75	2.0998
429.625	2.1226
429.5	2.1391
429.375	2.1564
429.25	2.1745
429.125	2.1941
429.0	2.2083
428.875	2.2272
428.75	2.2452
428.625	2.2602
428.5	2.2759
428.375	2.2932
428.25	2.3034
428.125	2.3254
428.0	2.3364
427.875	2.349
427.75	2.3639
427.625	2.3742
427.5	2.3907
427.375	2.4001
427.25	2.4103
427.125	2.4213
427.0	2.4292
426.875	2.4386
426.75	2.4465
426.625	2.4544
426.5	2.4614
426.375	2.4669
426.25	2.4669
426.125	2.4764
426.0	2.4756
425.875	2.4764
425.75	2.4764
425.625	2.4779
425.5	2.4764
425.375	2.4764
425.25	2.4732
425.125	2.4693
425.0	2.4685
424.875	2.4622
424.75	2.4567
424.625	2.4488
424.5	2.4386
424.375	2.4316
424.25	2.4213
424.125	2.4111
424.0	2.3977
423.875	2.3907
423.75	2.3781
423.625	2.3639
423.5	2.3498
423.375	2.3356
423.25	2.3199
423.125	2.3042
423.0	2.2861
422.875	2.2712
422.75	2.2531
422.625	2.2382
422.5	2.2193
422.375	2.1988
422.25	2.1768
422.125	2.1643
422.0	2.1399
421.875	2.1179
421.75	2.0943
421.625	2.0746
421.5	2.0526
421.375	2.0283
421.25	2.0062
421.125	1.9858
421.0	1.9599
420.875	1.9386
420.75	1.9158
420.625	1.8954
420.5	1.8718
420.375	1.8435
420.25	1.8278
420.125	1.8026
420.0	1.7798
419.875	1.7594
419.75	1.7366
419.625	1.7154
419.5	1.6941
419.375	1.6713
419.25	1.6509
419.125	1.6257
419.0	1.61
418.875	1.5904
418.75	1.5691
418.625	1.5487
418.5	1.5314
418.375	1.511
418.25	1.4913
418.125	1.4716
418.0	1.4551
417.875	1.4355
417.75	1.4174
417.625	1.404
417.5	1.3875
417.375	1.3679
417.25	1.3522
417.125	1.3372
417.0	1.3223
416.875	1.3081
416.75	1.2908
416.625	1.2759
416.5	1.2625
416.375	1.2468
416.25	1.2334
416.125	1.2216
416.0	1.2091
415.875	1.1957
415.75	1.1831
415.625	1.1713
415.5	1.1572
415.375	1.1462
415.25	1.1328
415.125	1.1218
415.0	1.1108
414.875	1.1014
414.75	1.0896
414.625	1.0786
414.5	1.0715
414.375	1.0581
414.25	1.0534
414.125	1.04
414.0	1.033
413.875	1.0212
413.75	1.0141
413.625	1.0047
413.5	0.9937
413.375	0.9897
413.25	0.9819
413.125	0.9716
413.0	0.9654
412.875	0.9567
412.75	0.9488
412.625	0.941
412.5	0.9355
412.375	0.9276
412.25	0.9229
412.125	0.9143
412.0	0.908
411.875	0.9009
411.75	0.8962
411.625	0.8891
411.5	0.8852
411.375	0.8773
411.25	0.8726
411.125	0.8671
411.0	0.8584
410.875	0.8577
410.75	0.849
410.625	0.8466
410.5	0.8411
410.375	0.8349
410.25	0.8301
410.125	0.8294
410.0	0.8215
409.875	0.8144
409.75	0.8136
409.625	0.8113
409.5	0.8058
409.375	0.8018
409.25	0.7971
409.125	0.7924
409.0	0.7924
408.875	0.7877
408.75	0.783
408.625	0.7814
408.5	0.779
408.375	0.7735
408.25	0.7704
408.125	0.7657
408.0	0.7649
407.875	0.7594
407.75	0.7562
407.625	0.7539
407.5	0.7547
407.375	0.75
407.25	0.7484
407.125	0.7452
407.0	0.7405
406.875	0.7405
406.75	0.7342
406.625	0.7334
406.5	0.7311
406.375	0.7303
406.25	0.7264
406.125	0.7264
406.0	0.7216
405.875	0.7216
405.75	0.7209
405.625	0.7169
405.5	0.7161
405.375	0.7138
405.25	0.7122
405.125	0.7083
405.0	0.7106
404.875	0.7067
404.75	0.7028
404.625	0.7036
404.5	0.7004
404.375	0.7004
404.25	0.6965
404.125	0.6941
404.0	0.6941
403.875	0.6933
403.75	0.6933
403.625	0.691
403.5	0.6863
403.375	0.6871
403.25	0.6886
403.125	0.6831
403.0	0.6839
402.875	0.6816
402.75	0.68
402.625	0.6808
402.5	0.6784
402.375	0.6761
402.25	0.6745
402.125	0.6768
402.0	0.6745
401.875	0.6745
401.75	0.6745
401.625	0.6698
401.5	0.6698
401.375	0.6698
401.25	0.6698
401.125	0.669
401.0	0.6666
400.875	0.665
400.75	0.665
400.625	0.665
400.5	0.6627
400.375	0.6619
400.25	0.6603
400.125	0.6603
400.0	0.6572
399.875	0.6603
399.75	0.6556
399.625	0.6548
399.5	0.6556
399.375	0.6517
399.25	0.6509
399.125	0.6509
399.0	0.6509
398.875	0.6509
398.75	0.6509
398.625	0.6485
398.5	0.6477
398.375	0.6485
398.25	0.6462
398.125	0.6462
398.0	0.6462
397.875	0.6462
397.75	0.6462
397.625	0.6446
397.5	0.6446
397.375	0.6462
397.25	0.6422
397.125	0.6422
397.0	0.6375
396.875	0.6391
396.75	0.6415
396.625	0.6407
396.5	0.6415
396.375	0.6391
396.25	0.6415
396.125	0.6367
396.0	0.6367
395.875	0.6367
395.75	0.6367
395.625	0.632
395.5	0.6367
395.375	0.6344
395.25	0.6367
395.125	0.6352
395.0	0.6328
394.875	0.6328
394.75	0.6328
394.625	0.6312
394.5	0.632
394.375	0.632
394.25	0.632
394.125	0.6336
394.0	0.632
393.875	0.6297
393.75	0.632
393.625	0.6297
393.5	0.632
393.375	0.6289
393.25	0.6297
393.125	0.6305
393.0	0.6289
392.875	0.6297
392.75	0.6273
392.625	0.6273
392.5	0.625
392.375	0.6273
392.25	0.6273
392.125	0.625
392.0	0.625
391.875	0.6257
391.75	0.6234
391.625	0.6242
391.5	0.6226
391.375	0.6226
391.25	0.625
391.125	0.6226
391.0	0.6234
390.875	0.6226
390.75	0.6226
390.625	0.6226
390.5	0.6226
390.375	0.6234
390.25	0.6226
390.125	0.6257
390.0	0.6226
389.875	0.6234
389.75	0.6218
389.625	0.6218
389.5	0.6226
389.375	0.6202
389.25	0.6187
389.125	0.621
389.0	0.6187
388.875	0.6202
388.75	0.6218
388.625	0.6179
388.5	0.6179
388.375	0.6194
388.25	0.6179
388.125	0.6187
388.0	0.6179
387.875	0.6187
387.75	0.6163
387.625	0.6202
387.5	0.6179
387.375	0.6179
387.25	0.6194
387.125	0.6179
387.0	0.6139
386.875	0.6179
386.75	0.6155
386.625	0.6163
386.5	0.6132
386.375	0.6124
386.25	0.5998
386.125	0.5927
386.0	0.5841
385.875	0.5801
385.75	0.5754
385.625	0.5762
385.5	0.5754
385.375	0.5746
385.25	0.5731
385.125	0.5707
385.0	0.5707
384.875	0.5691
384.75	0.5676
384.625	0.5644
384.5	0.5644
384.375	0.5644
384.25	0.5644
384.125	0.5613
384.0	0.5597
383.875	0.5566
383.75	0.5566
383.625	0.5558
383.5	0.5566
383.375	0.5518
383.25	0.5566
383.125	0.5566
383.0	0.5566
382.875	0.5573
382.75	0.5566
382.625	0.5566
382.5	0.5597
382.375	0.5605
382.25	0.5597
382.125	0.5613
382.0	0.5605
381.875	0.5613
381.75	0.5589
381.625	0.5621
381.5	0.5621
381.375	0.5613
381.25	0.5628
381.125	0.5652
381.0	0.566
380.875	0.566
380.75	0.5683
380.625	0.5676
380.5	0.5699
380.375	0.5699
380.25	0.5676
380.125	0.5707
380.0	0.5738
379.875	0.5707
379.75	0.5707
379.625	0.5707
379.5	0.5707
379.375	0.5699
379.25	0.5707
379.125	0.5707
379.0	0.5707
378.875	0.5707
378.75	0.5715
378.625	0.5723
378.5	0.5707
378.375	0.566
378.25	0.5707
378.125	0.5707
378.0	0.5707
377.875	0.5707
377.75	0.5707
377.625	0.5691
377.5	0.5683
377.375	0.5691
377.25	0.5707
377.125	0.5668
377.0	0.566
376.875	0.5668
376.75	0.566
376.625	0.566
376.5	0.566
376.375	0.5652
376.25	0.5644
376.125	0.566
376.0	0.5628
375.875	0.5613
375.75	0.5621
375.625	0.5597
375.5	0.5613
375.375	0.5621
375.25	0.5581
375.125	0.5566
375.0	0.5566
374.875	0.5566
374.75	0.5566
374.625	0.5581
374.5	0.5542
374.375	0.5566
374.25	0.5566
374.125	0.5566
374.0	0.5566
373.875	0.555
373.75	0.5566
373.625	0.5566
373.5	0.5566
373.375	0.5566
373.25	0.5573
373.125	0.5566
373.0	0.5566
372.875	0.5566
372.75	0.5566
372.625	0.5566
372.5	0.555
372.375	0.5558
372.25	0.5566
372.125	0.5566
372.0	0.5566
371.875	0.5558
371.75	0.5581
371.625	0.5581
371.5	0.5566
371.375	0.5566
371.25	0.5566
371.125	0.5566
371.0	0.5566
370.875	0.5558
370.75	0.5566
370.625	0.5558
370.5	0.5526
370.375	0.5534
370.25	0.5566
370.125	0.5558
370.0	0.5566
369.875	0.555
369.75	0.5566
369.625	0.5542
369.5	0.5542
369.375	0.5566
369.25	0.5518
369.125	0.5526
369.0	0.5566
368.875	0.5542
368.75	0.5566
368.625	0.5558
368.5	0.555
368.375	0.5566
368.25	0.5566
368.125	0.5566
368.0	0.5597
367.875	0.5605
367.75	0.5613
367.625	0.5613
367.5	0.5644
367.375	0.5652
367.25	0.5652
367.125	0.5668
367.0	0.566
366.875	0.5683
366.75	0.566
366.625	0.5707
366.5	0.5707
366.375	0.5707
366.25	0.5754
366.125	0.5754
366.0	0.5801
365.875	0.5801
365.75	0.5849
365.625	0.5896
365.5	0.5943
365.375	0.599
365.25	0.6084
365.125	0.6132
365.0	0.6179
364.875	0.6163
364.75	0.6147
364.625	0.6163
364.5	0.6171
364.375	0.6163
364.25	0.6179
364.125	0.6171
364.0	0.6179
363.875	0.6179
363.75	0.6179
363.625	0.6147
363.5	0.6179
363.375	0.6179
363.25	0.6179
363.125	0.6179
363.0	0.6179
362.875	0.6187
362.75	0.6179
362.625	0.6179
362.5	0.6187
362.375	0.6179
362.25	0.6226
362.125	0.6179
362.0	0.621
361.875	0.6202
361.75	0.6194
361.625	0.6194
361.5	0.6226
361.375	0.6187
361.25	0.6194
361.125	0.6218
361.0	0.6194
360.875	0.6194
360.75	0.6187
360.625	0.6226
360.5	0.6202
360.375	0.6194
360.25	0.6218
360.125	0.6234
360.0	0.6218
359.875	0.6202
359.75	0.6226
359.625	0.6226
359.5	0.6226
359.375	0.6234
359.25	0.6226
359.125	0.6194
359.0	0.6226
358.875	0.6234
358.75	0.6226
358.625	0.6273
358.5	0.6234
358.375	0.6226
358.25	0.6226
358.125	0.6226
358.0	0.6234
357.875	0.6226
357.75	0.6242
357.625	0.6242
357.5	0.6234
357.375	0.6226
357.25	0.6218
357.125	0.6218
357.0	0.6226
356.875	0.6218
356.75	0.6242
356.625	0.6226
356.5	0.621
356.375	0.6234
356.25	0.6226
356.125	0.6226
356.0	0.6226
355.875	0.6234
355.75	0.6226
355.625	0.6226
355.5	0.6234
355.375	0.6226
355.25	0.6242
355.125	0.6226
355.0	0.6218
354.875	0.625
354.75	0.6226
354.625	0.6242
354.5	0.6226
354.375	0.6234
354.25	0.6218
354.125	0.6226
354.0	0.6226
353.875	0.6218
353.75	0.6226
353.625	0.6242
353.5	0.6257
353.375	0.6242
353.25	0.6226
353.125	0.6242
353.0	0.6226
352.875	0.6234
352.75	0.6226
352.625	0.6226
352.5	0.6273
352.375	0.6226
352.25	0.625
352.125	0.6242
352.0	0.6242
351.875	0.625
351.75	0.6226
351.625	0.6234
351.5	0.6242
351.375	0.6226
351.25	0.6226
351.125	0.6234
351.0	0.6226
350.875	0.6234
350.75	0.6234
350.625	0.6226
350.5	0.625
350.375	0.6273
350.25	0.6226
350.125	0.6234
350.0	0.6226
349.875	0.6226
349.75	0.625
349.625	0.625
349.5	0.625
349.375	0.6242
349.25	0.6226
349.125	0.6234
349.0	0.6257
348.875	0.6257
348.75	0.6273
348.625	0.6265
348.5	0.6257
348.375	0.6226
348.25	0.625
348.125	0.6242
348.0	0.625
347.875	0.625
347.75	0.6257
347.625	0.6257
347.5	0.6257
347.375	0.625
347.25	0.6234
347.125	0.6281
347.0	0.6257
346.875	0.6273
346.75	0.6234
346.625	0.625
346.5	0.6242
346.375	0.6234
346.25	0.6226
346.125	0.6242
346.0	0.625
345.875	0.6242
345.75	0.6273
345.625	0.6273
345.5	0.6242
345.375	0.6265
345.25	0.6242
345.125	0.625
345.0	0.6242
344.875	0.6226
344.75	0.6273
344.625	0.6242
344.5	0.6273
344.375	0.6226
344.25	0.6234
344.125	0.6226
344.0	0.6234
343.875	0.6257
343.75	0.6273
343.625	0.6226
343.5	0.625
343.375	0.6242
343.25	0.6242
343.125	0.6234
343.0	0.6242
342.875	0.6242
342.75	0.625
342.625	0.6265
342.5	0.625
342.375	0.6242
342.25	0.6226
342.125	0.6242
342.0	0.6226
341.875	0.6226
341.75	0.6226
341.625	0.6226
341.5	0.6226
341.375	0.621
341.25	0.6226
341.125	0.6218
341.0	0.625
340.875	0.6226
340.75	0.6226
340.625	0.6218
340.5	0.6226
340.375	0.6226
340.25	0.6226
340.125	0.6194
340.0	0.6226
339.875	0.6226
339.75	0.6226
339.625	0.6226
339.5	0.6187
339.375	0.621
339.25	0.6226
339.125	0.6202
339.0	0.621
338.875	0.6202
338.75	0.621
338.625	0.6187
338.5	0.6187
338.375	0.6187
338.25	0.6218
338.125	0.6194
338.0	0.6226
337.875	0.6187
337.75	0.6218
337.625	0.6194
337.5	0.6179
337.375	0.621
337.25	0.6226
337.125	0.6194
337.0	0.6218
336.875	0.621
336.75	0.6202
336.625	0.6194
336.5	0.6194
336.375	0.6226
336.25	0.621
336.125	0.6202
336.0	0.6218
335.875	0.6194
335.75	0.6171
335.625	0.6226
335.5	0.6179
335.375	0.6194
335.25	0.6179
335.125	0.6202
335.0	0.6194
334.875	0.621
334.75	0.621
334.625	0.6226
334.5	0.6202
334.375	0.621
334.25	0.6226
334.125	0.6226
334.0	0.6218
333.875	0.6226
333.75	0.6218
333.625	0.6226
333.5	0.6187
333.375	0.6202
333.25	0.6226
333.125	0.6226
333.0	0.6226
332.875	0.6218
332.75	0.621
332.625	0.6187
332.5	0.6226
332.375	0.6226
332.25	0.6218
332.125	0.6202
332.0	0.6218
331.875	0.6226
331.75	0.6202
331.625	0.6202
331.5	0.6226
331.375	0.6226
331.25	0.6194
331.125	0.621
331.0	0.6226
330.875	0.6226
330.75	0.6226
330.625	0.6218
330.5	0.6226
330.375	0.621
330.25	0.6226
330.125	0.6226
330.0	0.6218
329.875	0.6226
329.75	0.6226
329.625	0.6226
329.5	0.6226
329.375	0.621
329.25	0.6226
329.125	0.6226
329.0	0.6226
328.875	0.6218
328.75	0.6226
328.625	0.6218
328.5	0.621
328.375	0.621
328.25	0.6226
328.125	0.6297
328.0	0.6273
327.875	0.6273
327.75	0.632
327.625	0.6312
327.5	0.6297
327.375	0.6289
327.25	0.6234
327.125	0.6226
327.0	0.6242
326.875	0.6265
326.75	0.6273
326.625	0.625
326.5	0.6257
326.375	0.6242
326.25	0.6234
326.125	0.6226
326.0	0.625
325.875	0.6218
325.75	0.6234
325.625	0.6226
325.5	0.6226
325.375	0.6226
325.25	0.6234
325.125	0.6226
325.0	0.6226
324.875	0.6226
324.75	0.6226
324.625	0.621
324.5	0.6226
324.375	0.6226
324.25	0.6226
324.125	0.6226
324.0	0.6226
323.875	0.6226
323.75	0.6226
323.625	0.6234
323.5	0.6242
323.375	0.6226
323.25	0.6226
323.125	0.6218
323.0	0.6226
322.875	0.6226
322.75	0.6226
322.625	0.6226
322.5	0.6234
322.375	0.6257
322.25	0.6289
322.125	0.6281
322.0	0.6289
321.875	0.632
321.75	0.632
321.625	0.6289
321.5	0.6273
321.375	0.6312
321.25	0.6297
321.125	0.6297
321.0	0.6289
320.875	0.621
320.75	0.6218
320.625	0.6226
320.5	0.6226
320.375	0.6226
320.25	0.6242
320.125	0.6226
320.0	0.6226
319.875	0.625
319.75	0.6226
319.625	0.621
319.5	0.6242
319.375	0.6218
319.25	0.6226
319.125	0.6226
319.0	0.6226
318.875	0.6226
318.75	0.6218
318.625	0.6226
318.5	0.6226
318.375	0.6226
318.25	0.6226
318.125	0.6226
318.0	0.6234
317.875	0.6226
317.75	0.6234
317.625	0.6226
317.5	0.6226
317.375	0.6226
317.25	0.6226
317.125	0.621
317.0	0.6234
316.875	0.6218
316.75	0.6179
316.625	0.6226
316.5	0.6179
316.375	0.6226
316.25	0.6226
316.125	0.6226
316.0	0.6226
315.875	0.6218
315.75	0.621
315.625	0.6226
315.5	0.6226
315.375	0.6226
315.25	0.6226
315.125	0.6226
315.0	0.6226
314.875	0.6226
314.75	0.6194
314.625	0.621
314.5	0.6226
314.375	0.6226
314.25	0.6226
314.125	0.6218
314.0	0.6226
313.875	0.6226
313.75	0.6226
313.625	0.6234
313.5	0.6218
313.375	0.6226
313.25	0.6226
313.125	0.6218
313.0	0.6202
312.875	0.6187
312.75	0.6226
312.625	0.621
312.5	0.6194
312.375	0.6179
312.25	0.6202
312.125	0.6226
312.0	0.6194
311.875	0.6179
311.75	0.6187
311.625	0.6179
311.5	0.621
311.375	0.6202
311.25	0.6202
311.125	0.6187
311.0	0.6187
310.875	0.6179
310.75	0.6179
310.625	0.6226
310.5	0.621
310.375	0.6202
310.25	0.6179
310.125	0.6226
310.0	0.6226
309.875	0.6187
309.75	0.6226
309.625	0.6218
309.5	0.621
309.375	0.621
309.25	0.6179
309.125	0.6194
309.0	0.6179
308.875	0.6179
308.75	0.6187
308.625	0.621
308.5	0.6226
308.375	0.6187
308.25	0.6187
308.125	0.6194
308.0	0.6202
307.875	0.6226
307.75	0.6187
307.625	0.6226
307.5	0.621
307.375	0.6202
307.25	0.6218
307.125	0.6226
307.0	0.6226
306.875	0.6226
306.75	0.6226
306.625	0.6226
306.5	0.6194
306.375	0.6226
306.25	0.6226
306.125	0.6226
306.0	0.6226
305.875	0.6234
305.75	0.6202
305.625	0.621
305.5	0.6226
305.375	0.6187
305.25	0.6226
305.125	0.6218
305.0	0.6218
304.875	0.6194
304.75	0.6218
304.625	0.6226
304.5	0.6226
304.375	0.6226
304.25	0.6226
304.125	0.6218
304.0	0.621
303.875	0.6218
303.75	0.621
303.625	0.6226
303.5	0.6226
303.375	0.6218
303.25	0.6226
303.125	0.6218
303.0	0.6226
302.875	0.6226
302.75	0.6226
302.625	0.6257
302.5	0.6234
302.375	0.6273
302.25	0.6226
302.125	0.6234
302.0	0.6242
301.875	0.6226
301.75	0.625
301.625	0.625
301.5	0.6265
301.375	0.625
301.25	0.625
301.125	0.6265
301.0	0.6226
300.875	0.6226
300.75	0.6273
300.625	0.6234
300.5	0.6234
300.375	0.625
300.25	0.6226
300.125	0.6234
