300.0	0.6367
300.125	0.6375
300.25	0.6367
300.375	0.6375
300.5	0.6375
300.625	0.6407
300.75	0.6383
300.875	0.6375
301.0	0.6367
301.125	0.6375
301.25	0.6367
301.375	0.6367
301.5	0.6367
301.625	0.6367
301.75	0.6367
301.875	0.6367
302.0	0.6399
302.125	0.6367
302.25	0.6375
302.375	0.6367
302.5	0.6367
302.625	0.6367
302.75	0.6367
302.875	0.6367
303.0	0.6367
303.125	0.6367
303.25	0.6367
303.375	0.6367
303.5	0.6391
303.625	0.6375
303.75	0.6375
303.875	0.6367
304.0	0.6383
304.125	0.6367
304.25	0.6383
304.375	0.6367
304.5	0.6375
304.625	0.6391
304.75	0.6367
304.875	0.6375
305.0	0.6367
305.125	0.6383
305.25	0.6367
305.375	0.636
305.5	0.6375
305.625	0.6375
305.75	0.6367
305.875	0.6367
306.0	0.6375
306.125	0.6367
306.25	0.6367
306.375	0.6367
306.5	0.6375
306.625	0.6367
306.75	0.6375
306.875	0.6367
307.0	0.6375
307.125	0.6383
307.25	0.6367
307.375	0.6391
307.5	0.6383
307.625	0.6407
307.75	0.6407
307.875	0.6415
308.0	0.6415
308.125	0.6415
308.25	0.6399
308.375	0.6407
308.5	0.6415
308.625	0.6415
308.75	0.6415
308.875	0.6415
309.0	0.6415
309.125	0.6446
309.25	0.6415
309.375	0.6422
309.5	0.6407
309.625	0.6399
309.75	0.6415
309.875	0.6383
310.0	0.6415
310.125	0.6415
310.25	0.6415
310.375	0.643
310.5	0.6415
310.625	0.643
310.75	0.6415
310.875	0.643
311.0	0.6415
311.125	0.6415
311.25	0.6422
311.375	0.643
311.5	0.6422
311.625	0.6446
311.75	0.6422
311.875	0.6422
312.0	0.6446
312.125	0.6462
312.25	0.6462
312.375	0.6493
312.5	0.6462
312.625	0.6454
312.75	0.6462
312.875	0.6462
313.0	0.6462
313.125	0.6462
313.25	0.6501
313.375	0.647
313.5	0.6477
313.625	0.6462
313.75	0.6477
313.875	0.6454
314.0	0.6462
314.125	0.6462
314.25	0.6462
314.375	0.6493
314.5	0.6477
314.625	0.6509
314.75	0.6493
314.875	0.6517
315.0	0.6509
315.125	0.654
315.25	0.6517
315.375	0.6525
315.5	0.6525
315.625	0.6509
315.75	0.6509
315.875	0.6477
316.0	0.6501
316.125	0.6509
316.25	0.6501
316.375	0.6501
316.5	0.6509
316.625	0.6477
316.75	0.6509
316.875	0.6509
317.0	0.6509
317.125	0.6501
317.25	0.647
317.375	0.647
317.5	0.6462
317.625	0.647
317.75	0.6438
317.875	0.6462
318.0	0.6462
318.125	0.6438
318.25	0.643
318.375	0.6415
318.5	0.6422
318.625	0.6415
318.75	0.6399
318.875	0.6367
319.0	0.6383
319.125	0.6367
319.25	0.6367
319.375	0.636
319.5	0.6367
319.625	0.6391
319.75	0.6367
319.875	0.632
320.0	0.6367
320.125	0.632
320.25	0.6352
320.375	0.6352
320.5	0.6328
320.625	0.632
320.75	0.6328
320.875	0.6336
321.0	0.632
321.125	0.632
321.25	0.632
321.375	0.632
321.5	0.6312
321.625	0.632
321.75	0.632
321.875	0.632
322.0	0.6344
322.125	0.6312
322.25	0.6328
322.375	0.632
322.5	0.632
322.625	0.632
322.75	0.632
322.875	0.632
323.0	0.6305
323.125	0.632
323.25	0.632
323.375	0.6305
323.5	0.6312
323.625	0.632
323.75	0.6312
323.875	0.6312
324.0	0.632
324.125	0.6336
324.25	0.632
324.375	0.632
324.5	0.6344
324.625	0.6328
324.75	0.6352
324.875	0.6328
325.0	0.6344
325.125	0.6328
325.25	0.6328
325.375	0.6328
325.5	0.636
325.625	0.632
325.75	0.6328
325.875	0.6344
326.0	0.636
326.125	0.6352
326.25	0.6352
326.375	0.6336
326.5	0.6352
326.625	0.6367
326.75	0.6352
326.875	0.636
327.0	0.636
327.125	0.6352
327.25	0.6367
327.375	0.636
327.5	0.6352
327.625	0.636
327.75	0.6336
327.875	0.636
328.0	0.6352
328.125	0.6367
328.25	0.636
328.375	0.6344
328.5	0.6344
328.625	0.6367
328.75	0.636
328.875	0.6344
329.0	0.6344
329.125	0.6344
329.25	0.6344
329.375	0.6352
329.5	0.6367
329.625	0.6367
329.75	0.6352
329.875	0.636
330.0	0.6375
330.125	0.6367
330.25	0.6344
330.375	0.6352
330.5	0.6367
330.625	0.6367
330.75	0.6367
330.875	0.6367
331.0	0.6367
331.125	0.636
331.25	0.6367
331.375	0.6367
331.5	0.6367
331.625	0.6375
331.75	0.6344
331.875	0.6367
332.0	0.6367
332.125	0.6367
332.25	0.6367
332.375	0.6399
332.5	0.6375
332.625	0.6391
332.75	0.6391
332.875	0.6367
333.0	0.6407
333.125	0.6383
333.25	0.6383
333.375	0.6399
333.5	0.6391
333.625	0.6415
333.75	0.6415
333.875	0.6415
334.0	0.6415
334.125	0.6399
334.25	0.6415
334.375	0.6415
334.5	0.6415
334.625	0.6415
334.75	0.6415
334.875	0.6391
335.0	0.6415
335.125	0.6415
335.25	0.6407
335.375	0.6407
335.5	0.6415
335.625	0.6422
335.75	0.6407
335.875	0.6446
336.0	0.643
336.125	0.643
336.25	0.6462
336.375	0.6446
336.5	0.6415
336.625	0.6438
336.75	0.6415
336.875	0.643
337.0	0.6462
337.125	0.6462
337.25	0.6462
337.375	0.6477
337.5	0.6477
337.625	0.6446
337.75	0.647
337.875	0.6462
338.0	0.6462
338.125	0.6454
338.25	0.6462
338.375	0.647
338.5	0.6477
338.625	0.6493
338.75	0.6446
338.875	0.6462
339.0	0.647
339.125	0.6462
339.25	0.6462
339.375	0.6462
339.5	0.647
339.625	0.6509
339.75	0.6462
339.875	0.6501
340.0	0.6501
340.125	0.6509
340.25	0.6525
340.375	0.6533
340.5	0.6525
340.625	0.6509
340.75	0.6525
340.875	0.6525
341.0	0.6509
341.125	0.6509
341.25	0.6485
341.375	0.6509
341.5	0.6509
341.625	0.6477
341.75	0.6509
341.875	0.6501
342.0	0.6485
342.125	0.6485
342.25	0.6477
342.375	0.6509
342.5	0.6462
342.625	0.6485
342.75	0.6462
342.875	0.6477
343.0	0.647
343.125	0.6462
343.25	0.6454
343.375	0.6454
343.5	0.6454
343.625	0.6454
343.75	0.6422
343.875	0.6415
344.0	0.6415
344.125	0.6415
344.25	0.6415
344.375	0.6399
344.5	0.6383
344.625	0.6375
344.75	0.6367
344.875	0.6367
345.0	0.6375
345.125	0.6367
345.25	0.6344
345.375	0.636
345.5	0.6367
345.625	0.6344
345.75	0.6328
345.875	0.6375
346.0	0.6336
346.125	0.632
346.25	0.6344
346.375	0.6336
346.5	0.6344
346.625	0.632
346.75	0.6336
346.875	0.632
347.0	0.636
347.125	0.6344
347.25	0.6367
347.375	0.6328
347.5	0.6367
347.625	0.6352
347.75	0.6352
347.875	0.6336
348.0	0.6328
348.125	0.636
348.25	0.6344
348.375	0.6328
348.5	0.6328
348.625	0.6328
348.75	0.6336
348.875	0.636
349.0	0.6344
349.125	0.6352
349.25	0.636
349.375	0.6352
349.5	0.6352
349.625	0.636
349.75	0.6367
349.875	0.6352
350.0	0.6367
350.125	0.636
350.25	0.6391
350.375	0.6367
350.5	0.6375
350.625	0.6352
350.75	0.6367
350.875	0.636
351.0	0.636
351.125	0.6367
351.25	0.6375
351.375	0.6399
351.5	0.6375
351.625	0.6415
351.75	0.6391
351.875	0.6367
352.0	0.6391
352.125	0.6367
352.25	0.6383
352.375	0.6367
352.5	0.6367
352.625	0.6367
352.75	0.6367
352.875	0.6375
353.0	0.6367
353.125	0.6383
353.25	0.6367
353.375	0.6383
353.5	0.6375
353.625	0.6383
353.75	0.6407
353.875	0.6391
354.0	0.6407
354.125	0.6422
354.25	0.6367
354.375	0.6383
354.5	0.6399
354.625	0.6407
354.75	0.6383
354.875	0.6415
355.0	0.6399
355.125	0.6415
355.25	0.6399
355.375	0.6415
355.5	0.6383
355.625	0.6415
355.75	0.6415
355.875	0.6407
356.0	0.6415
356.125	0.6407
356.25	0.6415
356.375	0.6415
356.5	0.6415
356.625	0.6415
356.75	0.6415
356.875	0.6399
357.0	0.6407
357.125	0.6415
357.25	0.6375
357.375	0.6407
357.5	0.6391
357.625	0.6415
357.75	0.6415
357.875	0.6407
358.0	0.6415
358.125	0.6415
358.25	0.6415
358.375	0.6415
358.5	0.6407
358.625	0.6415
358.75	0.643
358.875	0.6415
359.0	0.6422
359.125	0.6415
359.25	0.643
359.375	0.6485
359.5	0.6415
359.625	0.6462
359.75	0.6415
359.875	0.6399
360.0	0.6422
360.125	0.6415
360.25	0.6454
360.375	0.6415
360.5	0.6415
360.625	0.6415
360.75	0.6415
360.875	0.6462
361.0	0.6415
361.125	0.6422
361.25	0.6454
361.375	0.6462
361.5	0.6438
361.625	0.6462
361.75	0.6422
361.875	0.6446
362.0	0.6462
362.125	0.6462
362.25	0.647
362.375	0.6462
362.5	0.647
362.625	0.6462
362.75	0.6462
362.875	0.6462
363.0	0.647
363.125	0.647
363.25	0.6485
363.375	0.6462
363.5	0.6509
363.625	0.6509
363.75	0.6485
363.875	0.6462
364.0	0.6501
364.125	0.647
364.25	0.6493
364.375	0.6501
364.5	0.6493
364.625	0.6509
364.75	0.6509
364.875	0.6533
365.0	0.6525
365.125	0.6509
365.25	0.654
365.375	0.654
365.5	0.6564
365.625	0.6533
365.75	0.6509
365.875	0.6525
366.0	0.6509
366.125	0.6556
366.25	0.6509
366.375	0.6509
366.5	0.6525
366.625	0.6509
366.75	0.6509
366.875	0.6517
367.0	0.6509
367.125	0.6533
367.25	0.6501
367.375	0.6509
367.5	0.6501
367.625	0.6517
367.75	0.6485
367.875	0.6501
368.0	0.647
368.125	0.647
368.25	0.6462
368.375	0.6462
368.5	0.6485
368.625	0.6462
368.75	0.6477
368.875	0.6422
369.0	0.6485
369.125	0.6446
369.25	0.6438
369.375	0.6415
369.5	0.6415
369.625	0.6415
369.75	0.6415
369.875	0.6391
370.0	0.6415
370.125	0.6383
370.25	0.6391
370.375	0.6367
370.5	0.6383
370.625	0.6367
370.75	0.6367
370.875	0.6375
371.0	0.6367
371.125	0.6375
371.25	0.6399
371.375	0.6375
371.5	0.636
371.625	0.6367
371.75	0.6367
371.875	0.6367
372.0	0.6367
372.125	0.6367
372.25	0.6383
372.375	0.6399
372.5	0.6407
372.625	0.6391
372.75	0.6399
372.875	0.6383
373.0	0.6375
373.125	0.6367
373.25	0.6367
373.375	0.6375
373.5	0.6383
373.625	0.6375
373.75	0.6407
373.875	0.6415
374.0	0.6375
374.125	0.6407
374.25	0.6407
374.375	0.6415
374.5	0.6415
374.625	0.6407
374.75	0.6407
374.875	0.6415
375.0	0.6422
375.125	0.6399
375.25	0.6407
375.375	0.6407
375.5	0.6415
375.625	0.6399
375.75	0.6415
375.875	0.6415
376.0	0.6383
376.125	0.6415
376.25	0.6407
376.375	0.6415
376.5	0.6375
376.625	0.6415
376.75	0.6415
376.875	0.6415
377.0	0.6407
377.125	0.6375
377.25	0.6415
377.375	0.6415
377.5	0.6399
377.625	0.6391
377.75	0.6375
377.875	0.6415
378.0	0.6375
378.125	0.6415
378.25	0.6415
378.375	0.6415
378.5	0.6415
378.625	0.6415
378.75	0.6415
378.875	0.6415
379.0	0.6415
379.125	0.6415
379.25	0.6407
379.375	0.6415
379.5	0.6415
379.625	0.6415
379.75	0.6399
379.875	0.6407
380.0	0.6407
380.125	0.6415
380.25	0.6407
380.375	0.6399
380.5	0.6415
380.625	0.6415
380.75	0.6407
380.875	0.6415
381.0	0.6415
381.125	0.6415
381.25	0.6422
381.375	0.6415
381.5	0.643
381.625	0.6415
381.75	0.6415
381.875	0.6415
382.0	0.6415
382.125	0.643
382.25	0.6422
382.375	0.6407
382.5	0.6415
382.625	0.6422
382.75	0.6415
382.875	0.6415
383.0	0.6422
383.125	0.6446
383.25	0.643
383.375	0.6415
383.5	0.6446
383.625	0.6422
383.75	0.6422
383.875	0.6462
384.0	0.643
384.125	0.643
384.25	0.6462
384.375	0.647
384.5	0.643
384.625	0.6462
384.75	0.6446
384.875	0.6415
385.0	0.6422
385.125	0.6462
385.25	0.6438
385.375	0.6415
385.5	0.6462
385.625	0.6462
385.75	0.6438
385.875	0.6477
386.0	0.6438
386.125	0.6462
386.25	0.6462
386.375	0.6462
386.5	0.6477
386.625	0.6501
386.75	0.6462
386.875	0.647
387.0	0.6509
387.125	0.6509
387.25	0.6509
387.375	0.6509
387.5	0.6509
387.625	0.6477
387.75	0.6509
387.875	0.6485
388.0	0.6517
388.125	0.6509
388.25	0.6509
388.375	0.6517
388.5	0.6509
388.625	0.6509
388.75	0.6517
388.875	0.6509
389.0	0.6517
389.125	0.6509
389.25	0.6525
389.375	0.6533
389.5	0.6533
389.625	0.6556
389.75	0.6556
389.875	0.6603
390.0	0.6588
390.125	0.6603
390.25	0.6595
390.375	0.6595
390.5	0.6603
390.625	0.6603
390.75	0.6603
390.875	0.6572
391.0	0.6556
391.125	0.6595
391.25	0.6595
391.375	0.6588
391.5	0.6603
391.625	0.6595
391.75	0.6603
391.875	0.6619
392.0	0.6595
392.125	0.6595
392.25	0.6588
392.375	0.6603
392.5	0.6595
392.625	0.6603
392.75	0.6635
392.875	0.6603
393.0	0.6635
393.125	0.6619
393.25	0.6603
393.375	0.6603
393.5	0.6588
393.625	0.6603
393.75	0.6611
393.875	0.6556
394.0	0.6603
394.125	0.6595
394.25	0.6603
394.375	0.6611
394.5	0.6588
394.625	0.6595
394.75	0.6572
394.875	0.6595
395.0	0.6603
395.125	0.6595
395.25	0.6603
395.375	0.6619
395.5	0.6603
395.625	0.6603
395.75	0.6619
395.875	0.6619
396.0	0.6619
396.125	0.665
396.25	0.6643
396.375	0.6643
396.5	0.665
396.625	0.665
396.75	0.665
396.875	0.665
397.0	0.6698
397.125	0.6658
397.25	0.6698
397.375	0.6698
397.5	0.6698
397.625	0.6745
397.75	0.6745
397.875	0.6729
398.0	0.6753
398.125	0.6745
398.25	0.6784
398.375	0.6768
398.5	0.6792
398.625	0.68
398.75	0.6816
398.875	0.6823
399.0	0.6839
399.125	0.6871
399.25	0.6855
399.375	0.6886
399.5	0.6886
399.625	0.6886
399.75	0.6926
399.875	0.6941
400.0	0.6933
400.125	0.6957
400.25	0.6981
400.375	0.6981
400.5	0.6988
400.625	0.702
400.75	0.7012
400.875	0.7028
401.0	0.7051
401.125	0.7075
401.25	0.7051
401.375	0.7091
401.5	0.7114
401.625	0.7114
401.75	0.7146
401.875	0.7169
402.0	0.7154
402.125	0.7201
402.25	0.7216
402.375	0.7264
402.5	0.7248
402.625	0.7279
402.75	0.7311
402.875	0.7319
403.0	0.7334
403.125	0.7358
403.25	0.7429
403.375	0.7405
403.5	0.7452
403.625	0.7452
403.75	0.75
403.875	0.7523
404.0	0.7555
404.125	0.757
404.25	0.7594
404.375	0.7641
404.5	0.768
404.625	0.772
404.75	0.7735
404.875	0.7783
405.0	0.7783
405.125	0.783
405.25	0.7877
405.375	0.7924
405.5	0.7963
405.625	0.7971
405.75	0.8018
405.875	0.8066
406.0	0.8113
406.125	0.8144
406.25	0.8191
406.375	0.8223
406.5	0.8286
406.625	0.8317
406.75	0.8349
406.875	0.8396
407.0	0.8443
407.125	0.849
407.25	0.8537
407.375	0.8584
407.5	0.8616
407.625	0.8718
407.75	0.875
407.875	0.8781
408.0	0.8867
408.125	0.8922
408.25	0.8985
408.375	0.9048
408.5	0.9103
408.625	0.915
408.75	0.9205
408.875	0.9292
409.0	0.9339
409.125	0.9426
409.25	0.9504
409.375	0.9575
409.5	0.9599
409.625	0.9716
409.75	0.9764
409.875	0.9819
410.0	0.9905
410.125	0.9992
410.25	1.0055
410.375	1.0141
410.5	1.0235
410.625	1.0322
410.75	1.0369
410.875	1.0479
411.0	1.0581
411.125	1.066
411.25	1.0738
411.375	1.0864
411.5	1.0943
411.625	1.1084
411.75	1.1132
411.875	1.125
412.0	1.1367
412.125	1.1454
412.25	1.1611
412.375	1.1729
412.5	1.1792
412.625	1.191
412.75	1.2059
412.875	1.2169
413.0	1.2311
413.125	1.2437
413.25	1.2578
413.375	1.2696
413.5	1.2822
413.625	1.2987
413.75	1.3128
413.875	1.3278
414.0	1.3443
414.125	1.3592
414.25	1.3734
414.375	1.3946
414.5	1.4103
414.625	1.4292
414.75	1.4465
414.875	1.4669
415.0	1.4834
415.125	1.5055
415.25	1.5259
415.375	1.5479
415.5	1.5691
415.625	1.5911
415.75	1.6116
415.875	1.6328
416.0	1.6548
416.125	1.6808
416.25	1.7059
416.375	1.7319
416.5	1.7539
416.625	1.7806
416.75	1.805
416.875	1.8325
417.0	1.86
417.125	1.8899
417.25	1.9182
417.375	1.9488
417.5	1.974
417.625	2.0047
417.75	2.0361
417.875	2.0668
418.0	2.0943
418.125	2.1289
418.25	2.1611
418.375	2.1933
418.5	2.2287
418.625	2.2578
418.75	2.2948
418.875	2.3286
419.0	2.3639
419.125	2.3985
419.25	2.4371
419.375	2.4724
419.5	2.5055
419.625	2.5432
419.75	2.577
419.875	2.6163
420.0	2.6509
420.125	2.6863
420.25	2.7201
420.375	2.7531
420.5	2.7893
420.625	2.8168
420.75	2.8537
420.875	2.8797
421.0	2.9103
421.125	2.9386
421.25	2.9654
421.375	2.996
421.5	3.0212
421.625	3.0393
421.75	3.0676
421.875	3.0896
422.0	3.1139
422.125	3.1336
422.25	3.1525
422.375	3.1705
422.5	3.1886
422.625	3.1988
422.75	3.2193
422.875	3.2311
423.0	3.2413
423.125	3.2547
423.25	3.2641
423.375	3.2743
423.5	3.3062
423.625	3.3149
423.75	3.3156
423.875	3.3227
424.0	3.3251
424.125	3.3227
424.25	3.318
424.375	3.3188
424.5	3.3172
424.625	3.3062
424.75	3.2759
424.875	3.2704
425.0	3.2586
425.125	3.246
425.25	3.2358
425.375	3.2209
425.5	3.2044
425.625	3.1878
425.75	3.1745
425.875	3.154
426.0	3.1383
426.125	3.1147
426.25	3.0959
426.375	3.0731
426.5	3.0511
426.625	3.0298
426.75	3.0031
426.875	2.9772
427.0	2.9551
427.125	2.9261
427.25	2.8993
427.375	2.8734
427.5	2.8474
427.625	2.8191
427.75	2.7908
427.875	2.7617
428.0	2.735
428.125	2.7075
428.25	2.6761
428.375	2.6462
428.5	2.6218
428.625	2.5888
428.75	2.5668
428.875	2.5361
429.0	2.5086
429.125	2.4819
429.25	2.4528
429.375	2.4276
429.5	2.4025
429.625	2.3702
429.75	2.3514
429.875	2.3254
430.0	2.2979
430.125	2.2751
430.25	2.25
430.375	2.2319
430.5	2.2083
430.625	2.1823
430.75	2.1635
430.875	2.1438
431.0	2.1234
431.125	2.1022
431.25	2.0872
431.375	2.0636
431.5	2.0495
431.625	2.033
431.75	2.0204
431.875	2.0007
432.0	1.9866
432.125	1.9701
432.25	1.9583
432.375	1.9449
432.5	1.9323
432.625	1.9158
432.75	1.9095
432.875	1.897
433.0	1.8899
433.125	1.8773
433.25	1.8679
433.375	1.8561
433.5	1.8474
433.625	1.8411
433.75	1.8309
433.875	1.8215
434.0	1.8168
434.125	1.8089
434.25	1.8066
434.375	1.7987
434.5	1.7877
434.625	1.7814
434.75	1.7743
434.875	1.7657
435.0	1.7625
435.125	1.7586
435.25	1.7515
435.375	1.7429
435.5	1.7413
435.625	1.7334
435.75	1.7272
435.875	1.7264
436.0	1.7201
436.125	1.713
436.25	1.7106
436.375	1.7051
436.5	1.6957
436.625	1.6949
436.75	1.6839
436.875	1.6792
437.0	1.6761
437.125	1.6705
437.25	1.665
437.375	1.6595
437.5	1.654
437.625	1.6454
437.75	1.6399
437.875	1.6336
438.0	1.625
438.125	1.6163
438.25	1.6132
438.375	1.6022
438.5	1.6006
438.625	1.5911
438.75	1.5833
438.875	1.5731
439.0	1.5676
439.125	1.5566
439.25	1.5471
439.375	1.5408
439.5	1.529
439.625	1.5235
439.75	1.5102
439.875	1.507
440.0	1.5
440.125	1.4889
440.25	1.4803
440.375	1.4724
440.5	1.4622
440.625	1.4496
440.75	1.4402
440.875	1.4261
441.0	1.4198
441.125	1.4127
441.25	1.4009
441.375	1.3899
441.5	1.3805
441.625	1.3679
441.75	1.3632
441.875	1.3529
442.0	1.3435
442.125	1.3333
442.25	1.3223
442.375	1.3113
442.5	1.3018
442.625	1.2924
442.75	1.2845
442.875	1.2751
443.0	1.2665
443.125	1.2547
443.25	1.2476
443.375	1.2358
443.5	1.2256
443.625	1.2169
443.75	1.2091
443.875	1.2004
444.0	1.1902
444.125	1.1816
444.25	1.1729
444.375	1.1635
444.5	1.1556
444.625	1.1462
444.75	1.1375
444.875	1.1281
445.0	1.1226
445.125	1.1132
445.25	1.1084
445.375	1.1014
445.5	1.0927
445.625	1.0833
445.75	1.0801
445.875	1.0707
446.0	1.0636
446.125	1.0573
446.25	1.0518
446.375	1.0471
446.5	1.0408
446.625	1.0377
446.75	1.0322
446.875	1.0235
447.0	1.0235
447.125	1.0141
447.25	1.011
447.375	1.0047
447.5	1.0023
447.625	1.0
447.75	0.9952
447.875	0.9905
448.0	0.9866
448.125	0.9819
448.25	0.9772
448.375	0.9716
448.5	0.9732
448.625	0.9669
448.75	0.9646
448.875	0.9583
449.0	0.9599
449.125	0.9567
449.25	0.9559
449.375	0.952
449.5	0.9481
449.625	0.9449
449.75	0.9433
449.875	0.9426
450.0	0.9394
450.125	0.9371
450.25	0.9347
450.375	0.9339
450.5	0.9339
450.625	0.9323
450.75	0.9292
450.875	0.9284
451.0	0.9292
451.125	0.9245
451.25	0.9253
451.375	0.9245
451.5	0.9198
451.625	0.9198
451.75	0.9221
451.875	0.919
452.0	0.9143
452.125	0.915
452.25	0.915
452.375	0.9127
452.5	0.9127
452.625	0.9127
452.75	0.908
452.875	0.9103
453.0	0.9103
453.125	0.9064
453.25	0.9056
453.375	0.9064
453.5	0.9056
453.625	0.9056
453.75	0.9048
453.875	0.9033
454.0	0.904
454.125	0.9009
454.25	0.9009
454.375	0.8993
454.5	0.8985
454.625	0.897
454.75	0.897
454.875	0.8962
455.0	0.8962
455.125	0.8915
455.25	0.8922
455.375	0.8915
455.5	0.8899
455.625	0.8883
455.75	0.8867
455.875	0.886
456.0	0.8828
456.125	0.882
456.25	0.882
456.375	0.8828
456.5	0.8812
456.625	0.8773
456.75	0.8773
456.875	0.8773
457.0	0.8734
457.125	0.871
457.25	0.8694
457.375	0.8694
457.5	0.8679
457.625	0.8671
457.75	0.8647
457.875	0.8639
458.0	0.8624
458.125	0.8632
458.25	0.8584
458.375	0.8577
458.5	0.8584
458.625	0.8545
458.75	0.8529
458.875	0.8522
459.0	0.849
459.125	0.8443
459.25	0.8498
459.375	0.8459
459.5	0.8427
459.625	0.8443
459.75	0.8404
459.875	0.838
460.0	0.8396
460.125	0.8349
460.25	0.8349
460.375	0.8325
460.5	0.8333
460.625	0.8301
460.75	0.8301
460.875	0.8309
461.0	0.8301
461.125	0.8301
461.25	0.8294
461.375	0.8286
461.5	0.8254
461.625	0.827
461.75	0.8231
461.875	0.8231
462.0	0.8207
462.125	0.8207
462.25	0.8238
462.375	0.8207
462.5	0.8207
462.625	0.816
462.75	0.816
462.875	0.816
463.0	0.8191
463.125	0.8128
463.25	0.816
463.375	0.816
463.5	0.8128
463.625	0.8136
463.75	0.8113
463.875	0.8105
464.0	0.8113
464.125	0.8113
464.25	0.8097
464.375	0.8089
464.5	0.8089
464.625	0.8097
464.75	0.8058
464.875	0.8113
465.0	0.8066
465.125	0.8073
465.25	0.8073
465.375	0.8073
465.5	0.8113
465.625	0.8089
465.75	0.8073
465.875	0.8066
466.0	0.8026
466.125	0.8066
466.25	0.8058
466.375	0.8026
466.5	0.8058
466.625	0.8018
466.75	0.8042
466.875	0.8034
467.0	0.8066
467.125	0.8042
467.25	0.8018
467.375	0.8042
467.5	0.8018
467.625	0.8034
467.75	0.8042
467.875	0.8018
468.0	0.8018
468.125	0.8018
468.25	0.8018
468.375	0.8018
468.5	0.8018
468.625	0.8018
468.75	0.8018
468.875	0.8011
469.0	0.8026
469.125	0.8011
469.25	0.7979
469.375	0.8018
469.5	0.8018
469.625	0.8018
469.75	0.8018
469.875	0.8018
470.0	0.8018
470.125	0.8018
470.25	0.8034
470.375	0.8018
470.5	0.8066
470.625	0.8034
470.75	0.8034
470.875	0.8066
471.0	0.805
471.125	0.8081
471.25	0.8066
471.375	0.8073
471.5	0.8105
471.625	0.8121
471.75	0.8128
471.875	0.8128
472.0	0.8144
472.125	0.8128
472.25	0.8207
472.375	0.8199
472.5	0.8168
472.625	0.816
472.75	0.8168
472.875	0.8207
473.0	0.8207
473.125	0.8254
473.25	0.8231
473.375	0.8254
473.5	0.8254
473.625	0.8286
473.75	0.8286
473.875	0.8301
474.0	0.8309
474.125	0.8349
474.25	0.8349
474.375	0.8364
474.5	0.8364
474.625	0.838
474.75	0.8396
474.875	0.8396
475.0	0.8443
475.125	0.8427
475.25	0.8443
475.375	0.8443
475.5	0.8474
475.625	0.849
475.75	0.849
475.875	0.8498
476.0	0.849
476.125	0.8514
476.25	0.8529
476.375	0.8537
476.5	0.8545
476.625	0.8553
476.75	0.8584
476.875	0.8584
477.0	0.8584
477.125	0.8584
477.25	0.8632
477.375	0.8632
477.5	0.8647
477.625	0.8632
477.75	0.8647
477.875	0.8679
478.0	0.8702
478.125	0.8718
478.25	0.8726
478.375	0.8726
478.5	0.8742
478.625	0.8773
478.75	0.8773
478.875	0.8765
479.0	0.8812
479.125	0.882
479.25	0.8812
479.375	0.8828
479.5	0.8828
479.625	0.886
479.75	0.8883
479.875	0.8915
480.0	0.893
480.125	0.8962
480.25	0.893
480.375	0.8962
480.5	0.8962
480.625	0.8977
480.75	0.9009
480.875	0.9048
481.0	0.9033
481.125	0.9056
481.25	0.9088
481.375	0.9088
481.5	0.9103
481.625	0.9127
481.75	0.915
481.875	0.9174
482.0	0.9174
482.125	0.9198
482.25	0.9198
482.375	0.9253
482.5	0.9245
482.625	0.9261
482.75	0.9292
482.875	0.9292
483.0	0.9339
483.125	0.9347
483.25	0.9363
483.375	0.9371
483.5	0.941
483.625	0.9386
483.75	0.9433
483.875	0.9449
484.0	0.9457
484.125	0.9481
484.25	0.9551
484.375	0.9528
484.5	0.9528
484.625	0.9559
484.75	0.9575
484.875	0.9551
485.0	0.9575
485.125	0.9614
485.25	0.9614
485.375	0.963
485.5	0.963
485.625	0.9669
485.75	0.963
485.875	0.9716
486.0	0.9716
486.125	0.974
486.25	0.9756
486.375	0.9764
486.5	0.9779
486.625	0.9779
486.75	0.9811
486.875	0.9811
487.0	0.9834
487.125	0.9866
487.25	0.9905
487.375	0.9905
487.5	0.9905
487.625	0.9937
487.75	0.9952
487.875	0.9952
488.0	1.0
488.125	1.0
488.25	1.0047
488.375	1.0047
488.5	1.0055
488.625	1.0062
488.75	1.0094
488.875	1.0094
489.0	1.0102
489.125	1.0094
489.25	1.0133
489.375	1.0141
489.5	1.0172
489.625	1.022
489.75	1.0188
489.875	1.0267
490.0	1.0259
490.125	1.0283
490.25	1.0298
490.375	1.0322
490.5	1.0369
490.625	1.0377
490.75	1.0393
490.875	1.0393
491.0	1.0393
491.125	1.0424
491.25	1.0424
491.375	1.0471
491.5	1.0471
491.625	1.0518
491.75	1.0518
491.875	1.055
492.0	1.0558
492.125	1.0613
492.25	1.0573
492.375	1.0597
492.5	1.0613
492.625	1.0644
492.75	1.066
492.875	1.0668
493.0	1.0683
493.125	1.0707
493.25	1.0754
493.375	1.0754
493.5	1.0801
493.625	1.0825
493.75	1.0833
493.875	1.0841
494.0	1.0849
494.125	1.0849
494.25	1.0849
494.375	1.0904
494.5	1.0943
494.625	1.0911
494.75	1.0959
494.875	1.099
495.0	1.099
495.125	1.0982
495.25	1.1037
495.375	1.1037
495.5	1.1053
495.625	1.1077
495.75	1.11
495.875	1.1116
496.0	1.1124
496.125	1.1132
496.25	1.1163
496.375	1.1171
496.5	1.1179
496.625	1.1194
496.75	1.1187
496.875	1.1226
497.0	1.1226
497.125	1.1234
497.25	1.1273
497.375	1.1289
497.5	1.1281
497.625	1.132
497.75	1.132
497.875	1.1305
498.0	1.132
498.125	1.132
498.25	1.132
498.375	1.132
498.5	1.1367
498.625	1.1375
498.75	1.1367
498.875	1.1415
499.0	1.1415
499.125	1.1438
499.25	1.143
499.375	1.143
499.5	1.1454
499.625	1.1462
499.75	1.1509
499.875	1.1509
500.0	1.1509
500.125	1.1501
500.25	1.1525
500.375	1.1556
500.5	1.1564
500.625	1.1603
500.75	1.1603
500.875	1.165
501.0	1.1619
501.125	1.1635
501.25	1.1682
501.375	1.169
501.5	1.1713
501.625	1.1705
501.75	1.1698
501.875	1.1745
502.0	1.1745
502.125	1.1745
502.25	1.1792
502.375	1.1776
502.5	1.1808
502.625	1.1823
502.75	1.1847
502.875	1.1855
503.0	1.1886
503.125	1.1886
503.25	1.1902
503.375	1.1933
503.5	1.1933
503.625	1.1933
503.75	1.1981
503.875	1.1965
504.0	1.1981
504.125	1.1988
504.25	1.1996
504.375	1.2012
504.5	1.2044
504.625	1.2028
504.75	1.2067
504.875	1.2083
505.0	1.2083
505.125	1.2122
505.25	1.2122
505.375	1.2122
505.5	1.213
505.625	1.2169
505.75	1.2161
505.875	1.2169
506.0	1.2177
506.125	1.2216
506.25	1.2209
506.375	1.2216
506.5	1.2224
506.625	1.2248
506.75	1.224
506.875	1.2264
507.0	1.2264
507.125	1.2279
507.25	1.2311
507.375	1.2303
507.5	1.2311
507.625	1.2311
507.75	1.2342
507.875	1.2319
508.0	1.2358
508.125	1.235
508.25	1.2358
508.375	1.2358
508.5	1.235
508.625	1.2382
508.75	1.2389
508.875	1.2358
509.0	1.2358
509.125	1.2366
509.25	1.2421
509.375	1.2429
509.5	1.2382
509.625	1.2382
509.75	1.2358
509.875	1.2358
510.0	1.2358
510.125	1.2358
510.25	1.2358
510.375	1.2327
510.5	1.2358
510.625	1.2358
510.75	1.2342
510.875	1.2358
511.0	1.2311
511.125	1.2327
511.25	1.2311
511.375	1.2311
511.5	1.2311
511.625	1.2334
511.75	1.2264
511.875	1.2303
512.0	1.2264
512.125	1.2264
512.25	1.2311
512.375	1.2287
512.5	1.2295
512.625	1.2264
512.75	1.2264
512.875	1.2264
513.0	1.2272
513.125	1.2256
513.25	1.2264
513.375	1.2248
513.5	1.2311
513.625	1.2264
513.75	1.2264
513.875	1.2264
514.0	1.2279
514.125	1.2264
514.25	1.2264
514.375	1.2264
514.5	1.2272
514.625	1.2303
514.75	1.2311
514.875	1.2327
515.0	1.2311
515.125	1.2334
515.25	1.2342
515.375	1.2358
515.5	1.2374
515.625	1.2342
515.75	1.2358
515.875	1.2358
516.0	1.2342
516.125	1.2358
516.25	1.2389
516.375	1.2358
516.5	1.2358
516.625	1.2366
516.75	1.2382
516.875	1.2382
517.0	1.2405
517.125	1.2374
517.25	1.2389
517.375	1.2405
517.5	1.2382
517.625	1.2405
517.75	1.2366
517.875	1.2382
518.0	1.2397
518.125	1.2358
518.25	1.2382
518.375	1.2358
518.5	1.2342
518.625	1.2358
518.75	1.2327
518.875	1.2327
519.0	1.2303
519.125	1.2303
519.25	1.2327
519.375	1.2279
519.5	1.2287
519.625	1.2264
519.75	1.2264
519.875	1.2216
520.0	1.2216
520.125	1.2209
520.25	1.2216
520.375	1.2209
520.5	1.2209
520.625	1.2201
520.75	1.2161
520.875	1.2169
521.0	1.2161
521.125	1.2122
521.25	1.2161
521.375	1.2138
521.5	1.2122
521.625	1.2091
521.75	1.2122
521.875	1.2075
522.0	1.2083
522.125	1.2075
522.25	1.2075
522.375	1.2075
522.5	1.2044
522.625	1.2067
522.75	1.2059
522.875	1.2036
523.0	1.2028
523.125	1.2028
523.25	1.2012
523.375	1.1981
523.5	1.1981
523.625	1.1981
523.75	1.1965
523.875	1.1981
524.0	1.1973
524.125	1.1981
524.25	1.1933
524.375	1.1933
524.5	1.1886
524.625	1.1894
524.75	1.1886
524.875	1.1886
525.0	1.1886
525.125	1.1839
525.25	1.1863
525.375	1.1823
525.5	1.1839
525.625	1.1839
525.75	1.1808
525.875	1.1792
526.0	1.1792
526.125	1.1792
526.25	1.1776
526.375	1.1761
526.5	1.1768
526.625	1.1745
526.75	1.1721
526.875	1.1737
527.0	1.1713
527.125	1.1721
527.25	1.1682
527.375	1.1674
527.5	1.1698
527.625	1.169
527.75	1.1682
527.875	1.165
528.0	1.165
528.125	1.1635
528.25	1.1635
528.375	1.1611
528.5	1.1619
528.625	1.1611
528.75	1.1603
528.875	1.1603
529.0	1.1595
529.125	1.1595
529.25	1.1556
529.375	1.1572
529.5	1.1548
529.625	1.1548
529.75	1.154
529.875	1.1509
530.0	1.1485
530.125	1.1509
530.25	1.1509
530.375	1.1493
530.5	1.1501
530.625	1.1462
530.75	1.147
530.875	1.1454
531.0	1.1446
531.125	1.1462
531.25	1.1415
531.375	1.1375
531.5	1.1399
531.625	1.1367
531.75	1.1367
531.875	1.1352
532.0	1.1336
532.125	1.1328
532.25	1.1281
532.375	1.132
532.5	1.1273
532.625	1.125
532.75	1.1242
532.875	1.1226
533.0	1.1218
533.125	1.1179
533.25	1.1171
533.375	1.1139
533.5	1.1132
533.625	1.11
533.75	1.1084
533.875	1.1084
534.0	1.1037
534.125	1.1037
534.25	1.1006
534.375	1.1022
534.5	1.0943
534.625	1.0943
534.75	1.0927
534.875	1.0888
535.0	1.0841
535.125	1.0841
535.25	1.0786
535.375	1.077
535.5	1.0754
535.625	1.077
535.75	1.066
535.875	1.0699
536.0	1.066
536.125	1.0644
536.25	1.0628
536.375	1.0613
536.5	1.0566
536.625	1.0542
536.75	1.0511
536.875	1.0518
537.0	1.0463
537.125	1.0471
537.25	1.0463
537.375	1.0424
537.5	1.0424
537.625	1.0377
537.75	1.0369
537.875	1.033
538.0	1.0345
538.125	1.0283
538.25	1.0322
538.375	1.0235
538.5	1.0235
538.625	1.0196
538.75	1.0204
538.875	1.0149
539.0	1.018
539.125	1.0117
539.25	1.0094
539.375	1.0078
539.5	1.007
539.625	1.0062
539.75	1.007
539.875	1.007
540.0	1.0
540.125	1.0031
540.25	1.0023
540.375	1.0
540.5	0.9992
540.625	0.996
540.75	0.9944
540.875	0.9897
541.0	0.9866
541.125	0.9858
541.25	0.9834
541.375	0.985
541.5	0.9819
541.625	0.9772
541.75	0.9764
541.875	0.9764
542.0	0.9748
542.125	0.974
542.25	0.9685
542.375	0.9709
542.5	0.9677
542.625	0.9646
542.75	0.9622
542.875	0.9622
543.0	0.9599
543.125	0.9575
543.25	0.9544
543.375	0.9544
543.5	0.9512
543.625	0.9504
543.75	0.9481
543.875	0.9426
544.0	0.9449
544.125	0.9386
544.25	0.9402
544.375	0.9347
544.5	0.9347
544.625	0.9331
544.75	0.9308
544.875	0.93
545.0	0.9253
545.125	0.9245
545.25	0.9245
545.375	0.9198
545.5	0.9182
545.625	0.9158
545.75	0.9135
545.875	0.915
546.0	0.9064
546.125	0.9103
546.25	0.908
546.375	0.9056
546.5	0.9056
546.625	0.9017
546.75	0.9009
546.875	0.9009
547.0	0.9009
547.125	0.8962
547.25	0.8962
547.375	0.8946
547.5	0.8915
547.625	0.8915
547.75	0.8915
547.875	0.8883
548.0	0.882
548.125	0.882
548.25	0.882
548.375	0.882
548.5	0.8805
548.625	0.8789
548.75	0.8773
548.875	0.8726
549.0	0.8726
549.125	0.8718
549.25	0.8687
549.375	0.8679
549.5	0.8679
549.625	0.8663
549.75	0.8632
549.875	0.86
550.0	0.8569
550.125	0.8569
550.25	0.8584
550.375	0.8529
550.5	0.8537
550.625	0.8529
550.75	0.8482
550.875	0.849
551.0	0.8482
551.125	0.8443
551.25	0.8411
551.375	0.8419
551.5	0.8396
551.625	0.838
551.75	0.8349
551.875	0.8349
552.0	0.8356
552.125	0.8317
552.25	0.8301
552.375	0.8301
552.5	0.8254
552.625	0.8286
552.75	0.8254
552.875	0.8231
553.0	0.8231
553.125	0.8207
553.25	0.8199
553.375	0.8199
553.5	0.8191
553.625	0.816
553.75	0.8144
553.875	0.8128
554.0	0.8113
554.125	0.8113
554.25	0.8113
554.375	0.8097
554.5	0.8066
554.625	0.8081
554.75	0.8066
554.875	0.8058
555.0	0.8026
555.125	0.8018
555.25	0.8018
555.375	0.8018
555.5	0.7971
555.625	0.8018
555.75	0.7987
555.875	0.7971
556.0	0.7971
556.125	0.794
556.25	0.794
556.375	0.794
556.5	0.7924
556.625	0.7924
556.75	0.7924
556.875	0.7924
557.0	0.7932
557.125	0.7893
557.25	0.7908
557.375	0.7877
557.5	0.7893
557.625	0.7853
557.75	0.7877
557.875	0.7877
558.0	0.7877
558.125	0.7885
558.25	0.7877
558.375	0.7877
558.5	0.7877
558.625	0.783
558.75	0.7877
558.875	0.7877
559.0	0.7861
559.125	0.7861
559.25	0.7877
559.375	0.7877
559.5	0.7853
559.625	0.7893
559.75	0.783
559.875	0.783
560.0	0.783
560.125	0.7869
560.25	0.783
560.375	0.783
560.5	0.7845
560.625	0.7861
560.75	0.7822
560.875	0.7877
561.0	0.7845
561.125	0.7877
561.25	0.7845
561.375	0.7838
561.5	0.7853
561.625	0.7877
561.75	0.7861
561.875	0.7861
562.0	0.7877
562.125	0.7877
562.25	0.7877
562.375	0.7885
562.5	0.7885
562.625	0.7877
562.75	0.7893
562.875	0.7869
563.0	0.7924
563.125	0.79
563.25	0.7924
563.375	0.794
563.5	0.7924
563.625	0.7924
563.75	0.7924
563.875	0.7924
564.0	0.7924
564.125	0.7924
564.25	0.7963
564.375	0.7948
564.5	0.7971
564.625	0.8003
564.75	0.7971
564.875	0.8003
565.0	0.8018
565.125	0.8034
565.25	0.8066
565.375	0.805
565.5	0.8066
565.625	0.8066
565.75	0.8089
565.875	0.8066
566.0	0.8066
566.125	0.8113
566.25	0.8105
566.375	0.8113
566.5	0.8113
566.625	0.8113
566.75	0.8128
566.875	0.8152
567.0	0.8144
567.125	0.816
567.25	0.816
567.375	0.816
567.5	0.816
567.625	0.8191
567.75	0.8199
567.875	0.8207
568.0	0.8207
568.125	0.8207
568.25	0.8238
568.375	0.8207
568.5	0.8223
568.625	0.8254
568.75	0.8223
568.875	0.8238
569.0	0.8254
569.125	0.8254
569.25	0.8286
569.375	0.8278
569.5	0.8254
569.625	0.8301
569.75	0.8301
569.875	0.8301
570.0	0.8325
570.125	0.8301
570.25	0.8349
570.375	0.8341
570.5	0.8349
570.625	0.8349
570.75	0.8372
570.875	0.8388
571.0	0.8396
571.125	0.8396
571.25	0.8411
571.375	0.8404
571.5	0.8443
571.625	0.8443
571.75	0.8474
571.875	0.849
572.0	0.8498
572.125	0.8506
572.25	0.8529
572.375	0.8498
572.5	0.8537
572.625	0.8569
572.75	0.8545
572.875	0.8569
573.0	0.8584
573.125	0.8584
573.25	0.8584
573.375	0.8632
573.5	0.8624
573.625	0.8632
573.75	0.8632
573.875	0.8632
574.0	0.8655
574.125	0.8671
574.25	0.8671
574.375	0.8679
574.5	0.8679
574.625	0.8687
574.75	0.8726
574.875	0.8726
575.0	0.8702
575.125	0.8726
575.25	0.8726
575.375	0.871
575.5	0.8726
575.625	0.8726
575.75	0.8718
575.875	0.8726
576.0	0.8742
576.125	0.8734
576.25	0.8726
576.375	0.8726
576.5	0.8726
576.625	0.8726
576.75	0.8734
576.875	0.8726
577.0	0.8773
577.125	0.8742
577.25	0.8773
577.375	0.8773
577.5	0.8773
577.625	0.8797
577.75	0.8812
577.875	0.8781
578.0	0.8781
578.125	0.882
578.25	0.8812
578.375	0.8789
578.5	0.8812
578.625	0.8828
578.75	0.8805
578.875	0.882
579.0	0.8828
579.125	0.882
579.25	0.882
579.375	0.882
579.5	0.882
579.625	0.8812
579.75	0.8828
579.875	0.882
580.0	0.882
580.125	0.8844
580.25	0.886
580.375	0.8852
580.5	0.8844
580.625	0.8867
580.75	0.8852
580.875	0.8844
581.0	0.8867
581.125	0.886
581.25	0.886
581.375	0.8875
581.5	0.8867
581.625	0.8867
581.75	0.886
581.875	0.8867
582.0	0.886
582.125	0.886
582.25	0.8867
582.375	0.886
582.5	0.8867
582.625	0.8867
582.75	0.8844
582.875	0.8867
583.0	0.886
583.125	0.8867
583.25	0.8867
583.375	0.882
583.5	0.882
583.625	0.882
583.75	0.882
583.875	0.8852
584.0	0.8828
584.125	0.882
584.25	0.8836
584.375	0.8844
584.5	0.882
584.625	0.882
584.75	0.882
584.875	0.8797
585.0	0.8789
585.125	0.882
585.25	0.8797
585.375	0.8781
585.5	0.8805
585.625	0.882
585.75	0.8773
585.875	0.882
586.0	0.8765
586.125	0.8789
586.25	0.8773
586.375	0.8789
586.5	0.8781
586.625	0.8773
586.75	0.8773
586.875	0.8789
587.0	0.8773
587.125	0.8773
587.25	0.8789
587.375	0.8781
587.5	0.8789
587.625	0.8765
587.75	0.8773
587.875	0.8773
588.0	0.8773
588.125	0.8726
588.25	0.8726
588.375	0.8726
588.5	0.8726
588.625	0.8726
588.75	0.8718
588.875	0.8679
589.0	0.8702
589.125	0.871
589.25	0.8679
589.375	0.8671
589.5	0.8679
589.625	0.8679
589.75	0.8663
589.875	0.8718
590.0	0.8639
590.125	0.8702
590.25	0.8663
590.375	0.8694
590.5	0.8679
590.625	0.8639
590.75	0.8639
590.875	0.8584
591.0	0.8608
591.125	0.8632
591.25	0.8584
591.375	0.8584
591.5	0.8584
591.625	0.8569
591.75	0.8584
591.875	0.8577
592.0	0.8537
592.125	0.8537
592.25	0.849
592.375	0.8506
592.5	0.8451
592.625	0.849
592.75	0.8451
592.875	0.8474
593.0	0.8443
593.125	0.8396
593.25	0.8396
593.375	0.8396
593.5	0.8396
593.625	0.8396
593.75	0.8356
593.875	0.8349
594.0	0.8349
594.125	0.8301
594.25	0.8301
594.375	0.8294
594.5	0.8254
594.625	0.8254
594.75	0.8254
594.875	0.8254
595.0	0.8254
595.125	0.8215
595.25	0.8231
595.375	0.8207
595.5	0.8215
595.625	0.8207
595.75	0.816
595.875	0.8183
596.0	0.816
596.125	0.8152
596.25	0.8136
596.375	0.8152
596.5	0.8152
596.625	0.8144
596.75	0.8113
596.875	0.8136
597.0	0.8113
597.125	0.8105
597.25	0.8081
597.375	0.8081
597.5	0.8073
597.625	0.8105
597.75	0.8081
597.875	0.8073
598.0	0.8066
598.125	0.8066
598.25	0.8018
598.375	0.8066
598.5	0.8066
598.625	0.8034
598.75	0.8066
598.875	0.8042
599.0	0.8026
599.125	0.805
599.25	0.8018
599.375	0.8018
599.5	0.8018
599.625	0.8018
599.75	0.8034
599.875	0.8018
600.0	0.8018
600.125	0.8018
600.25	0.8018
600.375	0.8034
600.5	0.8018
600.625	0.8018
600.75	0.8018
600.875	0.7979
601.0	0.7987
601.125	0.7971
601.25	0.8018
601.375	0.7979
601.5	0.7987
601.625	0.7971
601.75	0.7963
601.875	0.7963
602.0	0.794
602.125	0.7932
602.25	0.7948
602.375	0.7924
602.5	0.7924
602.625	0.7924
602.75	0.7924
602.875	0.7908
603.0	0.7908
603.125	0.7885
603.25	0.7893
603.375	0.7885
603.5	0.7893
603.625	0.7916
603.75	0.7877
603.875	0.7845
604.0	0.7861
604.125	0.7838
604.25	0.7853
604.375	0.783
604.5	0.7869
604.625	0.7845
604.75	0.783
604.875	0.783
605.0	0.783
605.125	0.783
605.25	0.783
605.375	0.7814
605.5	0.783
605.625	0.783
605.75	0.7806
605.875	0.7783
606.0	0.7783
606.125	0.7783
606.25	0.7798
606.375	0.7798
606.5	0.779
606.625	0.779
606.75	0.7775
606.875	0.7783
607.0	0.7751
607.125	0.7767
607.25	0.7751
607.375	0.7767
607.5	0.7743
607.625	0.7735
607.75	0.7735
607.875	0.7743
608.0	0.7759
608.125	0.7735
608.25	0.7735
608.375	0.7727
608.5	0.7735
608.625	0.7735
608.75	0.7712
608.875	0.7735
609.0	0.7712
609.125	0.772
609.25	0.7712
609.375	0.7735
609.5	0.7704
609.625	0.7704
609.75	0.7688
609.875	0.7672
610.0	0.7688
610.125	0.7688
610.25	0.7688
610.375	0.7657
610.5	0.7665
610.625	0.7657
610.75	0.7641
610.875	0.7688
611.0	0.7657
611.125	0.7641
611.25	0.7641
611.375	0.7672
611.5	0.7641
611.625	0.7649
611.75	0.7641
611.875	0.7641
612.0	0.7641
612.125	0.7641
612.25	0.7617
612.375	0.7641
612.5	0.7633
612.625	0.7602
612.75	0.7625
612.875	0.7641
613.0	0.7617
613.125	0.7617
613.25	0.7625
613.375	0.7602
613.5	0.7594
613.625	0.7602
613.75	0.757
613.875	0.7594
614.0	0.7594
614.125	0.7594
614.25	0.7594
614.375	0.7594
614.5	0.7594
614.625	0.7578
614.75	0.7586
614.875	0.7586
615.0	0.7594
615.125	0.7633
615.25	0.7602
615.375	0.7594
615.5	0.7633
615.625	0.7594
615.75	0.7594
615.875	0.757
616.0	0.7578
616.125	0.7547
616.25	0.7594
616.375	0.7555
616.5	0.757
616.625	0.7539
616.75	0.7547
616.875	0.7547
617.0	0.7547
617.125	0.7547
617.25	0.7547
617.375	0.7547
617.5	0.7515
617.625	0.7539
617.75	0.75
617.875	0.7523
618.0	0.75
618.125	0.75
618.25	0.75
618.375	0.746
618.5	0.7476
618.625	0.7452
618.75	0.7452
618.875	0.7444
619.0	0.7444
619.125	0.7421
619.25	0.7452
619.375	0.7405
619.5	0.7421
619.625	0.7389
619.75	0.7382
619.875	0.7382
620.0	0.7358
620.125	0.7358
620.25	0.735
620.375	0.7358
620.5	0.735
620.625	0.7319
620.75	0.7311
620.875	0.7311
621.0	0.7311
621.125	0.7303
621.25	0.7303
621.375	0.7295
621.5	0.7303
621.625	0.7295
621.75	0.7272
621.875	0.7264
622.0	0.7264
622.125	0.7264
622.25	0.7264
622.375	0.7256
622.5	0.7264
622.625	0.7216
622.75	0.7264
622.875	0.7256
623.0	0.7256
623.125	0.7216
623.25	0.7216
623.375	0.7216
623.5	0.7216
623.625	0.7216
623.75	0.7201
623.875	0.7216
624.0	0.7201
624.125	0.7216
624.25	0.7216
624.375	0.7169
624.5	0.7177
624.625	0.7177
624.75	0.7185
624.875	0.7169
625.0	0.7169
625.125	0.7169
625.25	0.7161
625.375	0.7169
625.5	0.7169
625.625	0.7146
625.75	0.7154
625.875	0.7169
626.0	0.7154
626.125	0.7122
626.25	0.7154
626.375	0.7138
626.5	0.713
626.625	0.7122
626.75	0.7122
626.875	0.7114
627.0	0.7099
627.125	0.7075
627.25	0.7083
627.375	0.7075
627.5	0.7106
627.625	0.7083
627.75	0.7099
627.875	0.7083
628.0	0.7075
628.125	0.7091
628.25	0.7083
628.375	0.7067
628.5	0.7075
628.625	0.7028
628.75	0.7051
628.875	0.7028
629.0	0.7028
629.125	0.7036
629.25	0.7036
629.375	0.7051
629.5	0.7028
629.625	0.702
629.75	0.7028
629.875	0.7028
630.0	0.702
630.125	0.7051
630.25	0.702
630.375	0.702
630.5	0.7028
630.625	0.7036
630.75	0.702
630.875	0.7028
631.0	0.7028
631.125	0.6996
631.25	0.6988
631.375	0.702
631.5	0.7004
631.625	0.6996
631.75	0.6981
631.875	0.6981
632.0	0.6981
632.125	0.7004
632.25	0.6988
632.375	0.6981
632.5	0.6988
632.625	0.6981
632.75	0.6957
632.875	0.6981
633.0	0.6973
633.125	0.6965
633.25	0.6949
633.375	0.6957
633.5	0.6973
633.625	0.6933
633.75	0.6981
633.875	0.6973
634.0	0.6941
634.125	0.6941
634.25	0.6981
634.375	0.6981
634.5	0.6933
634.625	0.6949
634.75	0.6933
634.875	0.6918
635.0	0.6918
635.125	0.6918
635.25	0.6933
635.375	0.691
635.5	0.6933
635.625	0.6933
635.75	0.6886
635.875	0.6949
636.0	0.6886
636.125	0.6933
636.25	0.6933
636.375	0.6933
636.5	0.6918
636.625	0.6933
636.75	0.6933
636.875	0.6941
637.0	0.6933
637.125	0.6941
637.25	0.6965
637.375	0.6957
637.5	0.6965
637.625	0.6941
637.75	0.6965
637.875	0.6933
638.0	0.6949
638.125	0.6949
638.25	0.6981
638.375	0.6957
638.5	0.6973
638.625	0.6981
638.75	0.6981
638.875	0.6981
639.0	0.6973
639.125	0.6941
639.25	0.6981
639.375	0.6981
639.5	0.7004
639.625	0.7004
639.75	0.6981
639.875	0.7028
640.0	0.6981
640.125	0.702
640.25	0.7004
640.375	0.7004
640.5	0.702
640.625	0.6981
640.75	0.6981
640.875	0.6981
641.0	0.6957
641.125	0.6973
641.25	0.6949
641.375	0.6996
641.5	0.6981
641.625	0.6973
641.75	0.6933
641.875	0.6949
642.0	0.6941
642.125	0.702
642.25	0.6933
642.375	0.6933
642.5	0.6941
642.625	0.6926
642.75	0.6933
642.875	0.6949
643.0	0.6957
643.125	0.6933
643.25	0.6933
643.375	0.6933
643.5	0.6926
643.625	0.6902
643.75	0.6894
643.875	0.6886
644.0	0.691
644.125	0.6886
644.25	0.6863
644.375	0.6839
644.5	0.6878
644.625	0.6863
644.75	0.6871
644.875	0.6847
645.0	0.6839
645.125	0.6823
645.25	0.6839
645.375	0.6839
645.5	0.6839
645.625	0.6792
645.75	0.6792
645.875	0.6792
646.0	0.6784
646.125	0.6792
646.25	0.6792
646.375	0.6823
646.5	0.6792
646.625	0.68
646.75	0.6784
646.875	0.6792
647.0	0.6808
647.125	0.6784
647.25	0.68
647.375	0.68
647.5	0.6784
647.625	0.6792
647.75	0.6792
647.875	0.6792
648.0	0.68
648.125	0.6792
648.25	0.6792
648.375	0.6792
648.5	0.6792
648.625	0.6792
648.75	0.6792
648.875	0.6792
649.0	0.6792
649.125	0.6792
649.25	0.6768
649.375	0.6792
649.5	0.6792
649.625	0.6792
649.75	0.6792
649.875	0.6792
650.0	0.6792
650.125	0.6784
650.25	0.6792
650.375	0.6784
650.5	0.6784
650.625	0.6784
650.75	0.6768
650.875	0.6784
651.0	0.6745
651.125	0.6745
651.25	0.6745
651.375	0.6745
651.5	0.6745
651.625	0.6745
651.75	0.6745
651.875	0.6713
652.0	0.6721
652.125	0.6729
652.25	0.6721
652.375	0.6745
652.5	0.6745
652.625	0.6705
652.75	0.6705
652.875	0.6721
653.0	0.6713
653.125	0.6713
653.25	0.6698
653.375	0.6698
653.5	0.669
653.625	0.6705
653.75	0.6705
653.875	0.6698
654.0	0.6698
654.125	0.6698
654.25	0.6698
654.375	0.6698
654.5	0.6705
654.625	0.6698
654.75	0.6705
654.875	0.669
655.0	0.6698
655.125	0.669
655.25	0.6698
655.375	0.6698
655.5	0.6682
655.625	0.6705
655.75	0.6682
655.875	0.6698
656.0	0.6698
656.125	0.669
656.25	0.6658
656.375	0.6674
656.5	0.6698
656.625	0.6698
656.75	0.6658
656.875	0.6698
657.0	0.6674
657.125	0.665
657.25	0.6674
657.375	0.6658
657.5	0.6674
657.625	0.665
657.75	0.665
657.875	0.665
658.0	0.6698
658.125	0.6658
658.25	0.6698
658.375	0.665
658.5	0.6666
658.625	0.6666
658.75	0.6674
658.875	0.6698
659.0	0.6698
659.125	0.669
659.25	0.6705
659.375	0.6698
659.5	0.6698
659.625	0.6698
659.75	0.6674
659.875	0.6666
660.0	0.665
660.125	0.6658
660.25	0.6674
660.375	0.665
660.5	0.6682
660.625	0.665
660.75	0.665
660.875	0.669
661.0	0.665
661.125	0.6682
661.25	0.6698
661.375	0.6698
661.5	0.6698
661.625	0.6682
661.75	0.6682
661.875	0.6682
662.0	0.6713
662.125	0.6698
662.25	0.6705
662.375	0.6698
662.5	0.6698
662.625	0.6698
662.75	0.6705
662.875	0.6698
663.0	0.6698
663.125	0.6698
663.25	0.6698
663.375	0.6705
663.5	0.6737
663.625	0.6698
663.75	0.6698
663.875	0.6698
664.0	0.6737
664.125	0.6698
664.25	0.6698
664.375	0.6698
664.5	0.6705
664.625	0.6737
664.75	0.6737
664.875	0.6737
665.0	0.6745
665.125	0.6745
665.25	0.6745
665.375	0.6745
665.5	0.6761
665.625	0.6745
665.75	0.6745
665.875	0.6705
666.0	0.6713
666.125	0.6745
666.25	0.6745
666.375	0.6705
666.5	0.6705
666.625	0.669
666.75	0.6713
666.875	0.6721
667.0	0.669
667.125	0.6698
667.25	0.6698
667.375	0.6698
667.5	0.6698
667.625	0.6698
667.75	0.6674
667.875	0.6682
668.0	0.6682
668.125	0.669
668.25	0.665
668.375	0.665
668.5	0.665
668.625	0.6635
668.75	0.6643
668.875	0.6603
669.0	0.6603
669.125	0.6572
669.25	0.6572
669.375	0.6588
669.5	0.6603
669.625	0.6556
669.75	0.6556
669.875	0.6556
670.0	0.6564
670.125	0.6548
670.25	0.6556
670.375	0.6556
670.5	0.6556
670.625	0.6517
670.75	0.6548
670.875	0.654
671.0	0.6525
671.125	0.6517
671.25	0.6533
671.375	0.6509
671.5	0.6525
671.625	0.6533
671.75	0.6517
671.875	0.6509
672.0	0.6509
672.125	0.6509
672.25	0.6509
672.375	0.6509
672.5	0.6485
672.625	0.6517
672.75	0.6493
672.875	0.6485
673.0	0.6509
673.125	0.6509
673.25	0.6462
673.375	0.6477
673.5	0.6485
673.625	0.6501
673.75	0.6493
673.875	0.647
674.0	0.6462
674.125	0.6493
674.25	0.6477
674.375	0.6477
674.5	0.647
674.625	0.647
674.75	0.6462
674.875	0.6462
675.0	0.6477
675.125	0.6462
675.25	0.647
675.375	0.6462
675.5	0.6485
675.625	0.6462
675.75	0.647
675.875	0.6446
676.0	0.6462
676.125	0.6462
676.25	0.6485
676.375	0.6462
676.5	0.6477
676.625	0.6462
676.75	0.6509
676.875	0.6462
677.0	0.6462
677.125	0.6485
677.25	0.6462
677.375	0.6446
677.5	0.6462
677.625	0.6477
677.75	0.6438
677.875	0.6462
678.0	0.6462
678.125	0.6454
678.25	0.6462
678.375	0.6462
678.5	0.6454
678.625	0.6454
678.75	0.6462
678.875	0.6446
679.0	0.6454
679.125	0.6438
679.25	0.6446
679.375	0.6438
679.5	0.6438
679.625	0.6454
679.75	0.6462
679.875	0.6415
680.0	0.6415
680.125	0.6438
680.25	0.6438
680.375	0.6415
680.5	0.6415
680.625	0.6422
680.75	0.6415
680.875	0.6422
681.0	0.6415
681.125	0.6415
681.25	0.6415
681.375	0.643
681.5	0.6391
681.625	0.6415
681.75	0.6407
681.875	0.6407
682.0	0.6383
682.125	0.6375
682.25	0.6407
682.375	0.6375
682.5	0.6383
682.625	0.6399
682.75	0.6407
682.875	0.6415
683.0	0.6407
683.125	0.6399
683.25	0.6399
683.375	0.6375
683.5	0.6407
683.625	0.6367
683.75	0.6407
683.875	0.6415
684.0	0.6407
684.125	0.6391
684.25	0.6407
684.375	0.6391
684.5	0.6383
684.625	0.6415
684.75	0.6367
684.875	0.6367
685.0	0.6367
685.125	0.6375
685.25	0.6328
685.375	0.632
685.5	0.6336
685.625	0.6367
685.75	0.6344
685.875	0.6367
686.0	0.6344
686.125	0.6344
686.25	0.6367
686.375	0.6367
686.5	0.6383
686.625	0.6367
686.75	0.6328
686.875	0.6367
687.0	0.6367
687.125	0.6367
687.25	0.6375
687.375	0.6399
687.5	0.6375
687.625	0.6367
687.75	0.6375
687.875	0.6375
688.0	0.6391
688.125	0.6391
688.25	0.6367
688.375	0.6375
688.5	0.6367
688.625	0.6415
688.75	0.6375
688.875	0.6367
689.0	0.6415
689.125	0.6367
689.25	0.6367
689.375	0.6383
689.5	0.6367
689.625	0.6399
689.75	0.6367
689.875	0.6454
690.0	0.6391
690.125	0.6446
690.25	0.6415
690.375	0.6462
690.5	0.6462
690.625	0.6438
690.75	0.6438
690.875	0.6415
691.0	0.6415
691.125	0.6415
691.25	0.6415
691.375	0.6415
691.5	0.6407
691.625	0.6415
691.75	0.6422
691.875	0.6415
692.0	0.6407
692.125	0.6415
692.25	0.6399
692.375	0.6407
692.5	0.6415
692.625	0.6415
692.75	0.6391
692.875	0.6383
693.0	0.6415
693.125	0.6407
693.25	0.6399
693.375	0.6383
693.5	0.6367
693.625	0.6367
693.75	0.6352
693.875	0.632
694.0	0.6367
694.125	0.6328
694.25	0.6352
694.375	0.632
694.5	0.632
694.625	0.632
694.75	0.632
694.875	0.632
695.0	0.632
695.125	0.6273
695.25	0.6312
695.375	0.6273
695.5	0.6305
695.625	0.6273
695.75	0.6273
695.875	0.6273
696.0	0.6242
696.125	0.625
696.25	0.6234
696.375	0.6273
696.5	0.6257
696.625	0.6265
696.75	0.6242
696.875	0.6273
697.0	0.6273
697.125	0.6242
697.25	0.6273
697.375	0.6273
697.5	0.6273
697.625	0.6265
697.75	0.6273
697.875	0.6226
698.0	0.6273
698.125	0.6257
698.25	0.6273
698.375	0.6257
698.5	0.6265
698.625	0.625
698.75	0.6273
698.875	0.6273
699.0	0.6234
699.125	0.625
699.25	0.6226
699.375	0.6242
699.5	0.6226
699.625	0.6242
699.75	0.6265
699.875	0.6273
700.0	0.6265
700.125	0.625
700.25	0.6242
700.375	0.6242
700.5	0.6226
700.625	0.6242
700.75	0.6234
700.875	0.6234
701.0	0.6234
701.125	0.6226
701.25	0.6226
701.375	0.6226
701.5	0.621
701.625	0.6218
701.75	0.6202
701.875	0.6226
702.0	0.6218
702.125	0.6218
702.25	0.6179
702.375	0.6179
702.5	0.621
702.625	0.6187
702.75	0.6179
702.875	0.6202
703.0	0.6226
703.125	0.6226
703.25	0.6179
703.375	0.6202
703.5	0.6218
703.625	0.6194
703.75	0.621
703.875	0.6187
704.0	0.6187
704.125	0.6194
704.25	0.6179
704.375	0.6202
704.5	0.6179
704.625	0.6194
704.75	0.6194
704.875	0.6194
705.0	0.6226
705.125	0.6226
705.25	0.6194
705.375	0.6226
705.5	0.6202
705.625	0.6234
705.75	0.6226
705.875	0.621
706.0	0.6218
706.125	0.6218
706.25	0.6187
706.375	0.6234
706.5	0.6226
706.625	0.6226
706.75	0.6226
706.875	0.6226
707.0	0.6218
707.125	0.6226
707.25	0.6226
707.375	0.6226
707.5	0.6226
707.625	0.6218
707.75	0.6226
707.875	0.6226
708.0	0.6226
708.125	0.6226
708.25	0.6265
708.375	0.6242
708.5	0.6226
708.625	0.6265
708.75	0.6265
708.875	0.6265
709.0	0.6289
709.125	0.6289
709.25	0.632
709.375	0.632
709.5	0.6297
709.625	0.632
709.75	0.6305
709.875	0.6289
710.0	0.6312
710.125	0.632
710.25	0.632
710.375	0.632
710.5	0.632
710.625	0.6328
710.75	0.6273
710.875	0.6344
711.0	0.632
711.125	0.632
711.25	0.632
711.375	0.632
711.5	0.6328
711.625	0.6367
711.75	0.6328
711.875	0.6367
712.0	0.6352
712.125	0.6375
712.25	0.6367
712.375	0.6367
712.5	0.6399
712.625	0.6367
712.75	0.6367
712.875	0.6375
713.0	0.6383
713.125	0.6375
713.25	0.6415
713.375	0.6407
713.5	0.6415
713.625	0.643
713.75	0.6391
713.875	0.6399
714.0	0.6438
714.125	0.6415
714.25	0.6415
714.375	0.6422
714.5	0.6415
714.625	0.6415
714.75	0.6407
714.875	0.643
715.0	0.6415
715.125	0.6462
715.25	0.6438
715.375	0.6422
715.5	0.6462
715.625	0.6446
715.75	0.6454
715.875	0.6415
716.0	0.6415
716.125	0.6438
716.25	0.6415
716.375	0.6415
716.5	0.6415
716.625	0.6383
716.75	0.6383
716.875	0.643
717.0	0.6367
717.125	0.6383
717.25	0.6336
717.375	0.632
717.5	0.632
717.625	0.6281
717.75	0.6297
717.875	0.6265
718.0	0.6257
718.125	0.6226
718.25	0.6226
718.375	0.6202
718.5	0.6171
718.625	0.6194
718.75	0.6171
718.875	0.6132
719.0	0.6132
719.125	0.6124
719.25	0.6124
719.375	0.6124
719.5	0.6084
719.625	0.6077
719.75	0.6061
719.875	0.6037
720.0	0.6037
720.125	0.5998
720.25	0.599
720.375	0.5974
720.5	0.5959
720.625	0.5943
720.75	0.5943
720.875	0.5935
721.0	0.5919
721.125	0.5927
721.25	0.5919
721.375	0.5919
721.5	0.5943
721.625	0.5927
721.75	0.5943
721.875	0.5896
722.0	0.5943
722.125	0.5935
722.25	0.5951
722.375	0.5943
722.5	0.5943
722.625	0.5974
722.75	0.599
722.875	0.5982
723.0	0.599
723.125	0.599
723.25	0.599
723.375	0.599
723.5	0.6022
723.625	0.599
723.75	0.5998
723.875	0.6014
724.0	0.6022
724.125	0.6029
724.25	0.6022
724.375	0.6037
724.5	0.6037
724.625	0.6037
724.75	0.6053
724.875	0.6061
725.0	0.6061
725.125	0.6084
725.25	0.6084
725.375	0.6116
725.5	0.6132
725.625	0.6139
725.75	0.6139
725.875	0.6139
726.0	0.6163
726.125	0.6171
726.25	0.6179
726.375	0.6179
726.5	0.6202
726.625	0.6218
726.75	0.6202
726.875	0.6187
727.0	0.6179
727.125	0.6226
727.25	0.6218
727.375	0.6226
727.5	0.6226
727.625	0.6202
727.75	0.6226
727.875	0.6226
728.0	0.6226
728.125	0.6226
728.25	0.6226
728.375	0.6226
728.5	0.6226
728.625	0.621
728.75	0.621
728.875	0.6218
729.0	0.6226
729.125	0.6226
729.25	0.6218
729.375	0.6226
729.5	0.6202
729.625	0.621
729.75	0.6194
729.875	0.6179
730.0	0.6226
730.125	0.621
730.25	0.6179
730.375	0.621
730.5	0.6226
730.625	0.6226
730.75	0.6218
730.875	0.6179
731.0	0.6194
731.125	0.6218
731.25	0.6187
731.375	0.6202
731.5	0.6202
731.625	0.6226
731.75	0.6187
731.875	0.621
732.0	0.6179
732.125	0.6187
732.25	0.6179
732.375	0.6194
732.5	0.621
732.625	0.6202
732.75	0.6226
732.875	0.6226
733.0	0.6218
733.125	0.621
733.25	0.6226
733.375	0.6218
733.5	0.6226
733.625	0.6226
733.75	0.6226
733.875	0.6226
734.0	0.6226
734.125	0.6226
734.25	0.6242
734.375	0.6242
734.5	0.6226
734.625	0.6226
734.75	0.6226
734.875	0.6187
735.0	0.6226
735.125	0.6226
735.25	0.6226
735.375	0.6226
735.5	0.6226
735.625	0.6226
735.75	0.621
735.875	0.6265
736.0	0.6226
736.125	0.6257
736.25	0.6265
736.375	0.6226
736.5	0.6226
736.625	0.6226
736.75	0.6226
736.875	0.625
737.0	0.6257
737.125	0.6265
737.25	0.6273
737.375	0.6273
737.5	0.6289
737.625	0.6273
737.75	0.6273
737.875	0.6234
738.0	0.6273
738.125	0.6273
738.25	0.6281
738.375	0.6281
738.5	0.6273
738.625	0.6281
738.75	0.6265
738.875	0.6257
739.0	0.6289
739.125	0.6265
739.25	0.6273
739.375	0.6273
739.5	0.6273
739.625	0.632
739.75	0.6273
739.875	0.632
740.0	0.6312
740.125	0.6312
740.25	0.632
740.375	0.6305
740.5	0.636
740.625	0.6336
740.75	0.6336
740.875	0.625
741.0	0.6297
741.125	0.632
741.25	0.6289
741.375	0.632
741.5	0.6281
741.625	0.6305
741.75	0.6312
741.875	0.632
742.0	0.6273
742.125	0.6305
742.25	0.6273
742.375	0.6305
742.5	0.6265
742.625	0.6289
742.75	0.6273
742.875	0.6273
743.0	0.6289
743.125	0.6281
743.25	0.6265
743.375	0.6265
743.5	0.6234
743.625	0.6226
743.75	0.6226
743.875	0.6194
744.0	0.6242
744.125	0.6226
744.25	0.6226
744.375	0.6194
744.5	0.6226
744.625	0.6194
744.75	0.6179
744.875	0.6179
745.0	0.6187
745.125	0.6171
745.25	0.6179
745.375	0.6147
745.5	0.6179
745.625	0.6132
745.75	0.6139
745.875	0.6139
746.0	0.6132
746.125	0.6139
746.25	0.6132
746.375	0.6132
746.5	0.6132
746.625	0.6132
746.75	0.6132
746.875	0.6132
747.0	0.6132
747.125	0.6132
747.25	0.6132
747.375	0.6132
747.5	0.6124
747.625	0.6116
747.75	0.6108
747.875	0.61
748.0	0.6116
748.125	0.6084
748.25	0.6108
748.375	0.6077
748.5	0.61
748.625	0.6092
748.75	0.6084
748.875	0.6084
749.0	0.6084
749.125	0.6084
749.25	0.6084
749.375	0.6084
749.5	0.6077
749.625	0.6084
749.75	0.6084
749.875	0.6084
750.0	0.6108
750.125	0.6084
750.25	0.6084
750.375	0.6092
750.5	0.6092
750.625	0.6084
750.75	0.6084
750.875	0.6084
751.0	0.6084
751.125	0.6084
751.25	0.6124
751.375	0.6132
751.5	0.6132
751.625	0.6124
751.75	0.6132
751.875	0.6139
752.0	0.6179
752.125	0.621
752.25	0.6179
752.375	0.621
752.5	0.6218
752.625	0.6226
752.75	0.6226
752.875	0.6234
753.0	0.6226
753.125	0.6226
753.25	0.6242
753.375	0.6234
753.5	0.6234
753.625	0.6226
753.75	0.6265
753.875	0.6257
754.0	0.6257
754.125	0.6242
754.25	0.6257
754.375	0.6234
754.5	0.6234
754.625	0.6273
754.75	0.6265
754.875	0.6273
755.0	0.625
755.125	0.6226
755.25	0.6234
755.375	0.6234
755.5	0.6265
755.625	0.6257
755.75	0.6265
755.875	0.6234
756.0	0.6234
756.125	0.6226
756.25	0.6226
756.375	0.6226
756.5	0.6226
756.625	0.6202
756.75	0.6179
756.875	0.6187
757.0	0.6179
757.125	0.6163
757.25	0.6163
757.375	0.6132
757.5	0.6132
757.625	0.6132
757.75	0.6132
757.875	0.6132
758.0	0.6132
758.125	0.6124
758.25	0.6124
758.375	0.6084
758.5	0.6092
758.625	0.6084
758.75	0.6084
758.875	0.6092
759.0	0.6092
759.125	0.6084
759.25	0.61
759.375	0.6116
759.5	0.6132
759.625	0.6124
759.75	0.6084
759.875	0.6069
760.0	0.6084
760.125	0.6084
760.25	0.6124
760.375	0.6116
760.5	0.6116
760.625	0.6132
760.75	0.61
760.875	0.6155
761.0	0.6163
761.125	0.6132
761.25	0.6155
761.375	0.6147
761.5	0.6155
761.625	0.6147
761.75	0.6132
761.875	0.6132
762.0	0.6163
762.125	0.6179
762.25	0.6194
762.375	0.621
762.5	0.6226
762.625	0.621
762.75	0.6202
762.875	0.6226
763.0	0.6226
763.125	0.6226
763.25	0.6226
763.375	0.6234
763.5	0.625
763.625	0.6273
763.75	0.625
763.875	0.6226
764.0	0.6265
764.125	0.6242
764.25	0.6242
764.375	0.6273
764.5	0.6234
764.625	0.6273
764.75	0.6273
764.875	0.632
765.0	0.6273
765.125	0.6281
765.25	0.6281
765.375	0.6305
765.5	0.6305
765.625	0.6273
765.75	0.6273
765.875	0.6187
766.0	0.6194
766.125	0.6202
766.25	0.6171
766.375	0.6139
766.5	0.6132
766.625	0.6084
766.75	0.6092
766.875	0.6108
767.0	0.6092
767.125	0.6132
767.25	0.6092
767.375	0.6084
767.5	0.6084
767.625	0.6084
767.75	0.6084
767.875	0.6084
768.0	0.6092
768.125	0.6092
768.25	0.61
768.375	0.6077
768.5	0.6084
768.625	0.6077
768.75	0.6084
768.875	0.6069
769.0	0.6077
769.125	0.6061
769.25	0.6053
769.375	0.6037
769.5	0.6061
769.625	0.6045
769.75	0.6061
769.875	0.6084
770.0	0.6077
770.125	0.6045
770.25	0.6077
770.375	0.6077
770.5	0.6061
770.625	0.6045
770.75	0.6061
770.875	0.6037
771.0	0.6037
771.125	0.6053
771.25	0.6069
771.375	0.6037
771.5	0.6045
771.625	0.6037
771.75	0.6037
771.875	0.6037
772.0	0.6045
772.125	0.6037
772.25	0.6084
772.375	0.6077
772.5	0.6084
772.625	0.6132
772.75	0.61
772.875	0.6108
773.0	0.6132
773.125	0.6132
773.25	0.6132
773.375	0.6155
773.5	0.6147
773.625	0.6171
773.75	0.6147
773.875	0.6147
774.0	0.6155
774.125	0.6132
774.25	0.6179
774.375	0.6171
774.5	0.6179
774.625	0.6171
774.75	0.6155
774.875	0.6139
775.0	0.6179
775.125	0.6132
775.25	0.6179
775.375	0.6163
775.5	0.6171
775.625	0.6171
775.75	0.6171
775.875	0.6147
776.0	0.6155
776.125	0.6163
776.25	0.6132
776.375	0.6124
776.5	0.6132
776.625	0.61
776.75	0.6132
776.875	0.6084
777.0	0.6092
777.125	0.6084
777.25	0.6053
777.375	0.6045
777.5	0.6037
777.625	0.6037
777.75	0.599
777.875	0.599
778.0	0.599
778.125	0.599
778.25	0.5943
778.375	0.5943
778.5	0.5935
778.625	0.5943
778.75	0.5927
778.875	0.5896
779.0	0.5896
779.125	0.5896
779.25	0.5896
779.375	0.5904
779.5	0.5896
779.625	0.5896
779.75	0.5943
779.875	0.5943
780.0	0.5982
780.125	0.599
780.25	0.6014
780.375	0.6037
780.5	0.6037
780.625	0.6037
780.75	0.6045
780.875	0.6069
781.0	0.6037
781.125	0.6037
781.25	0.6084
781.375	0.6037
781.5	0.6061
781.625	0.6037
781.75	0.6045
781.875	0.6053
782.0	0.6069
782.125	0.6045
782.25	0.6037
782.375	0.6037
782.5	0.6037
782.625	0.6022
782.75	0.6006
782.875	0.6037
783.0	0.6037
783.125	0.6037
783.25	0.6029
783.375	0.6014
783.5	0.599
783.625	0.599
783.75	0.5974
783.875	0.5959
784.0	0.5943
784.125	0.5943
784.25	0.5943
784.375	0.5943
784.5	0.5943
784.625	0.5943
784.75	0.5943
784.875	0.5943
785.0	0.5943
785.125	0.5943
785.25	0.5974
785.375	0.5943
785.5	0.5982
785.625	0.599
785.75	0.599
785.875	0.6037
786.0	0.6029
786.125	0.6037
786.25	0.6037
786.375	0.6053
786.5	0.6037
786.625	0.6037
786.75	0.6037
786.875	0.6061
787.0	0.6077
787.125	0.6077
787.25	0.6084
787.375	0.6077
787.5	0.6084
787.625	0.6084
787.75	0.6084
787.875	0.6084
788.0	0.6116
788.125	0.61
788.25	0.6124
788.375	0.6108
788.5	0.6132
788.625	0.6084
788.75	0.6092
788.875	0.6092
789.0	0.6108
789.125	0.6092
789.25	0.6132
789.375	0.6124
789.5	0.6116
789.625	0.6139
789.75	0.6132
789.875	0.6132
790.0	0.6132
790.125	0.6147
790.25	0.6179
790.375	0.6179
790.5	0.6218
790.625	0.6171
790.75	0.6179
790.875	0.6171
791.0	0.6132
791.125	0.6147
791.25	0.6147
791.375	0.6132
791.5	0.6132
791.625	0.6139
791.75	0.6139
791.875	0.6132
792.0	0.6139
792.125	0.6163
792.25	0.6139
792.375	0.6132
792.5	0.6132
792.625	0.6132
792.75	0.6132
792.875	0.6124
793.0	0.6132
793.125	0.6132
793.25	0.6132
793.375	0.6132
793.5	0.61
793.625	0.6124
793.75	0.6084
793.875	0.6092
794.0	0.6084
794.125	0.6084
794.25	0.6108
794.375	0.6084
794.5	0.6077
794.625	0.6053
794.75	0.6037
794.875	0.6037
795.0	0.6045
795.125	0.6029
795.25	0.6037
795.375	0.6053
795.5	0.6037
795.625	0.6037
795.75	0.6037
795.875	0.6037
796.0	0.6045
796.125	0.6037
796.25	0.6037
796.375	0.6037
796.5	0.6037
796.625	0.6037
796.75	0.5998
796.875	0.6029
797.0	0.6037
797.125	0.6014
797.25	0.6037
797.375	0.5998
797.5	0.6037
797.625	0.6037
797.75	0.6037
797.875	0.6037
798.0	0.6037
798.125	0.6037
798.25	0.599
798.375	0.6037
798.5	0.6037
798.625	0.6037
798.75	0.6037
798.875	0.6037
799.0	0.6022
799.125	0.5998
799.25	0.6037
799.375	0.6029
799.5	0.6037
799.625	0.6045
799.75	0.6037
799.875	0.6014
800.0	0.6029
800.125	0.6006
800.25	0.6029
800.375	0.6029
800.5	0.6014
800.625	0.6037
800.75	0.6037
800.875	0.6029
801.0	0.6029
801.125	0.6014
801.25	0.6006
801.375	0.6037
801.5	0.6022
801.625	0.6037
801.75	0.6014
801.875	0.6022
802.0	0.6022
802.125	0.599
802.25	0.6014
802.375	0.6006
802.5	0.6037
802.625	0.6037
802.75	0.6037
802.875	0.6022
803.0	0.6037
803.125	0.6037
803.25	0.6022
803.375	0.6022
803.5	0.6037
803.625	0.6037
803.75	0.6037
803.875	0.6014
804.0	0.6037
804.125	0.6029
804.25	0.6037
804.375	0.6037
804.5	0.6037
804.625	0.6037
804.75	0.6037
804.875	0.6037
805.0	0.6045
805.125	0.6037
805.25	0.6037
805.375	0.6037
805.5	0.6037
805.625	0.6037
805.75	0.6045
805.875	0.6037
806.0	0.6037
806.125	0.6037
806.25	0.6045
806.375	0.6037
806.5	0.6037
806.625	0.6045
806.75	0.6037
806.875	0.6045
807.0	0.6045
807.125	0.6037
807.25	0.6053
807.375	0.6053
807.5	0.6037
807.625	0.6037
807.75	0.6045
807.875	0.6037
808.0	0.6037
808.125	0.6077
808.25	0.6084
808.375	0.6061
808.5	0.6084
808.625	0.6084
808.75	0.6084
808.875	0.6084
809.0	0.6084
809.125	0.6084
809.25	0.6108
809.375	0.6132
809.5	0.6132
809.625	0.6124
809.75	0.6084
809.875	0.6084
810.0	0.61
810.125	0.6084
810.25	0.6084
810.375	0.6084
810.5	0.6084
810.625	0.6124
810.75	0.6084
810.875	0.6132
811.0	0.6116
811.125	0.6092
811.25	0.6132
811.375	0.6132
811.5	0.6132
811.625	0.6124
811.75	0.6132
811.875	0.61
812.0	0.6132
812.125	0.6132
812.25	0.6132
812.375	0.6155
812.5	0.6132
812.625	0.6163
812.75	0.6132
812.875	0.6155
813.0	0.6179
813.125	0.6163
813.25	0.6171
813.375	0.6155
813.5	0.6179
813.625	0.6179
813.75	0.6155
813.875	0.6163
814.0	0.6179
814.125	0.6179
814.25	0.6179
814.375	0.6179
814.5	0.6179
814.625	0.6179
814.75	0.6179
814.875	0.6187
815.0	0.6187
815.125	0.6226
815.25	0.6202
815.375	0.6194
815.5	0.6226
815.625	0.6202
815.75	0.6226
815.875	0.6179
816.0	0.6179
816.125	0.6187
816.25	0.6179
816.375	0.6187
816.5	0.6179
816.625	0.6179
816.75	0.6179
816.875	0.6179
817.0	0.6147
817.125	0.6179
817.25	0.6179
817.375	0.6139
817.5	0.6132
817.625	0.6132
817.75	0.6171
817.875	0.6147
818.0	0.6155
818.125	0.6163
818.25	0.6171
818.375	0.6132
818.5	0.6139
818.625	0.6139
818.75	0.6132
818.875	0.6116
819.0	0.6116
819.125	0.6092
819.25	0.6116
819.375	0.6084
819.5	0.6132
819.625	0.6084
819.75	0.6084
819.875	0.6084
820.0	0.6084
820.125	0.6084
820.25	0.6084
820.375	0.6084
820.5	0.6084
820.625	0.6053
820.75	0.6084
820.875	0.6084
821.0	0.6077
821.125	0.6061
821.25	0.6077
821.375	0.6077
821.5	0.6069
821.625	0.6084
821.75	0.6069
821.875	0.6077
822.0	0.6077
822.125	0.6069
822.25	0.6069
822.375	0.6061
822.5	0.6084
822.625	0.6069
822.75	0.6084
822.875	0.6084
823.0	0.6077
823.125	0.6053
823.25	0.6077
823.375	0.6037
823.5	0.6061
823.625	0.6061
823.75	0.6053
823.875	0.6077
824.0	0.6037
824.125	0.6045
824.25	0.6061
824.375	0.6045
824.5	0.6045
824.625	0.6084
824.75	0.6084
824.875	0.6084
825.0	0.6045
825.125	0.6045
825.25	0.6092
825.375	0.6069
825.5	0.6084
825.625	0.6084
825.75	0.6077
825.875	0.6084
826.0	0.6092
826.125	0.6084
826.25	0.61
826.375	0.6084
826.5	0.6132
826.625	0.61
826.75	0.6084
826.875	0.6116
827.0	0.6108
827.125	0.6092
827.25	0.61
827.375	0.6084
827.5	0.6084
827.625	0.6084
827.75	0.61
827.875	0.6124
828.0	0.6092
828.125	0.6116
828.25	0.6132
828.375	0.6132
828.5	0.6132
828.625	0.6132
828.75	0.6132
828.875	0.6116
829.0	0.6124
829.125	0.6116
829.25	0.6132
829.375	0.6132
829.5	0.6132
829.625	0.6124
829.75	0.6132
829.875	0.6124
830.0	0.6132
830.125	0.6132
830.25	0.6124
830.375	0.6132
830.5	0.6132
830.625	0.6132
830.75	0.6132
830.875	0.6147
831.0	0.6132
831.125	0.6132
831.25	0.6132
831.375	0.6132
831.5	0.6147
831.625	0.6132
831.75	0.6132
831.875	0.6132
832.0	0.6132
832.125	0.6139
832.25	0.6132
832.375	0.6147
832.5	0.6147
832.625	0.6147
832.75	0.6147
832.875	0.6132
833.0	0.6132
833.125	0.6171
833.25	0.6163
833.375	0.6179
833.5	0.6132
833.625	0.6179
833.75	0.6171
833.875	0.6179
834.0	0.6179
834.125	0.6163
834.25	0.6194
834.375	0.6218
834.5	0.6194
834.625	0.6194
834.75	0.6179
834.875	0.6187
835.0	0.6187
835.125	0.6187
835.25	0.6202
835.375	0.6155
835.5	0.6194
835.625	0.621
835.75	0.6179
835.875	0.621
836.0	0.6202
836.125	0.6218
836.25	0.6202
836.375	0.6218
836.5	0.6218
836.625	0.6218
836.75	0.6194
836.875	0.6218
837.0	0.6226
837.125	0.6226
837.25	0.6265
837.375	0.6234
837.5	0.6273
837.625	0.6257
837.75	0.6265
837.875	0.625
838.0	0.6265
838.125	0.6273
838.25	0.6273
838.375	0.6257
838.5	0.6273
838.625	0.6289
838.75	0.6273
838.875	0.6273
839.0	0.6281
839.125	0.6273
839.25	0.6281
839.375	0.6297
839.5	0.6273
839.625	0.6312
839.75	0.632
839.875	0.6328
840.0	0.632
840.125	0.6328
840.25	0.632
840.375	0.6352
840.5	0.6367
840.625	0.6344
840.75	0.6367
840.875	0.632
841.0	0.632
841.125	0.6336
841.25	0.632
841.375	0.6344
841.5	0.632
841.625	0.6328
841.75	0.6336
841.875	0.6367
842.0	0.6352
842.125	0.6367
842.25	0.6336
842.375	0.6328
842.5	0.6328
842.625	0.632
842.75	0.6367
842.875	0.6328
843.0	0.636
843.125	0.6328
843.25	0.632
843.375	0.632
843.5	0.6328
843.625	0.632
843.75	0.636
843.875	0.6273
844.0	0.6312
844.125	0.6273
844.25	0.6297
844.375	0.6289
844.5	0.6297
844.625	0.6305
844.75	0.6281
844.875	0.6281
845.0	0.6273
845.125	0.6265
845.25	0.6273
845.375	0.6273
845.5	0.6312
845.625	0.6289
845.75	0.6305
845.875	0.6312
846.0	0.6273
846.125	0.6273
846.25	0.6305
846.375	0.6312
846.5	0.6273
846.625	0.6289
846.75	0.6305
846.875	0.632
847.0	0.6305
847.125	0.6273
847.25	0.6305
847.375	0.6312
847.5	0.6281
847.625	0.6312
847.75	0.6312
847.875	0.6281
848.0	0.6281
848.125	0.6273
848.25	0.6265
848.375	0.621
848.5	0.6179
848.625	0.6179
848.75	0.6132
848.875	0.6147
849.0	0.6132
849.125	0.6147
849.25	0.6163
849.375	0.6179
849.5	0.6179
849.625	0.6179
849.75	0.6226
849.875	0.6226
850.0	0.6257
850.125	0.6281
850.25	0.6281
850.375	0.6312
850.5	0.6312
850.625	0.6312
850.75	0.632
850.875	0.632
851.0	0.6336
851.125	0.632
851.25	0.6344
851.375	0.6336
851.5	0.636
851.625	0.6367
851.75	0.6367
851.875	0.6367
852.0	0.6407
852.125	0.636
852.25	0.6383
852.375	0.6367
852.5	0.6383
852.625	0.6391
852.75	0.6391
852.875	0.6407
853.0	0.6407
853.125	0.6399
853.25	0.6375
853.375	0.6415
853.5	0.6399
853.625	0.6367
853.75	0.6375
853.875	0.6391
854.0	0.6383
854.125	0.6367
854.25	0.6367
854.375	0.6367
854.5	0.6367
854.625	0.6336
854.75	0.632
854.875	0.632
855.0	0.632
855.125	0.632
855.25	0.632
855.375	0.6305
855.5	0.6297
855.625	0.6273
855.75	0.6273
855.875	0.6273
856.0	0.6273
856.125	0.6273
856.25	0.6273
856.375	0.6273
856.5	0.6257
856.625	0.6265
856.75	0.6242
856.875	0.6265
857.0	0.6257
857.125	0.6273
857.25	0.6281
857.375	0.6281
857.5	0.6297
857.625	0.6305
857.75	0.6328
857.875	0.636
858.0	0.6383
858.125	0.6462
858.25	0.6485
858.375	0.6517
858.5	0.6525
858.625	0.6556
858.75	0.6588
858.875	0.6643
859.0	0.6619
859.125	0.665
859.25	0.6698
859.375	0.6729
859.5	0.6745
859.625	0.6768
859.75	0.6761
859.875	0.6768
860.0	0.6792
860.125	0.6792
860.25	0.6823
860.375	0.6816
860.5	0.6839
860.625	0.6847
860.75	0.6831
860.875	0.6878
861.0	0.6839
861.125	0.6855
861.25	0.6886
861.375	0.6894
861.5	0.6886
861.625	0.6933
861.75	0.691
861.875	0.6902
862.0	0.6902
862.125	0.6886
862.25	0.6855
862.375	0.6886
862.5	0.6871
862.625	0.6871
862.75	0.6886
862.875	0.6886
863.0	0.6886
863.125	0.6886
863.25	0.6933
863.375	0.6918
863.5	0.6949
863.625	0.6988
863.75	0.702
863.875	0.7028
864.0	0.7075
864.125	0.7099
864.25	0.713
864.375	0.7169
864.5	0.7177
864.625	0.7216
864.75	0.7248
864.875	0.7279
865.0	0.7303
865.125	0.7358
865.25	0.7374
865.375	0.7405
865.5	0.7452
865.625	0.7413
865.75	0.7437
865.875	0.7405
866.0	0.7437
866.125	0.7452
866.25	0.7452
866.375	0.7452
866.5	0.746
866.625	0.7452
866.75	0.7468
866.875	0.746
867.0	0.7452
867.125	0.7452
867.25	0.7452
867.375	0.7452
867.5	0.7452
867.625	0.7452
867.75	0.7452
867.875	0.7452
868.0	0.7444
868.125	0.7405
868.25	0.7437
868.375	0.7405
868.5	0.7413
868.625	0.7413
868.75	0.7405
868.875	0.7389
869.0	0.7405
869.125	0.7405
869.25	0.7405
869.375	0.7405
869.5	0.7405
869.625	0.7389
869.75	0.7397
869.875	0.7397
870.0	0.7382
870.125	0.7358
870.25	0.7374
870.375	0.7374
870.5	0.7382
870.625	0.7374
870.75	0.7397
870.875	0.7374
871.0	0.7358
871.125	0.7389
871.25	0.7358
871.375	0.7358
871.5	0.7382
871.625	0.7358
871.75	0.7358
871.875	0.7358
872.0	0.7358
872.125	0.7358
872.25	0.7358
872.375	0.7358
872.5	0.7374
872.625	0.7366
872.75	0.7358
872.875	0.7327
873.0	0.7358
873.125	0.7358
873.25	0.7358
873.375	0.7334
873.5	0.7389
873.625	0.7358
873.75	0.7374
873.875	0.7358
874.0	0.7327
874.125	0.7358
874.25	0.735
874.375	0.7358
874.5	0.7366
874.625	0.7358
874.75	0.7358
874.875	0.735
875.0	0.7358
875.125	0.7358
875.25	0.7327
875.375	0.7319
875.5	0.7342
875.625	0.7358
875.75	0.7327
875.875	0.7358
876.0	0.7311
876.125	0.7334
876.25	0.7334
876.375	0.7334
876.5	0.7311
876.625	0.7311
876.75	0.7311
876.875	0.7311
877.0	0.7311
877.125	0.7295
877.25	0.7295
877.375	0.7311
877.5	0.7311
877.625	0.7295
877.75	0.7279
877.875	0.7264
878.0	0.7272
878.125	0.7264
878.25	0.7264
878.375	0.7264
878.5	0.7248
878.625	0.7256
878.75	0.7224
878.875	0.7216
879.0	0.7224
879.125	0.7224
879.25	0.7216
879.375	0.7216
879.5	0.7201
879.625	0.7185
879.75	0.7185
879.875	0.7177
880.0	0.7201
880.125	0.7169
880.25	0.7169
880.375	0.7193
880.5	0.7161
880.625	0.7154
880.75	0.7122
880.875	0.7122
881.0	0.7114
881.125	0.7122
881.25	0.7114
881.375	0.7091
881.5	0.7099
881.625	0.7083
881.75	0.7067
881.875	0.7083
882.0	0.7075
882.125	0.7075
882.25	0.7075
882.375	0.7075
882.5	0.7075
882.625	0.7028
882.75	0.7036
882.875	0.7028
883.0	0.7028
883.125	0.7012
883.25	0.7028
883.375	0.7004
883.5	0.6973
883.625	0.6981
883.75	0.6996
883.875	0.6981
884.0	0.6973
884.125	0.6933
884.25	0.6981
884.375	0.6981
884.5	0.6933
884.625	0.6965
884.75	0.6973
884.875	0.6926
885.0	0.6918
885.125	0.6902
885.25	0.6918
885.375	0.6902
885.5	0.6894
885.625	0.6886
885.75	0.6894
885.875	0.6933
886.0	0.6918
886.125	0.6933
886.25	0.6926
886.375	0.6933
886.5	0.6918
886.625	0.6933
886.75	0.6894
886.875	0.6926
887.0	0.6926
887.125	0.6918
887.25	0.6933
887.375	0.6933
887.5	0.6933
887.625	0.6918
887.75	0.6918
887.875	0.6926
888.0	0.6933
888.125	0.6886
888.25	0.6933
888.375	0.6894
888.5	0.691
888.625	0.6902
888.75	0.6902
888.875	0.6886
889.0	0.6886
889.125	0.6886
889.25	0.6878
889.375	0.6847
889.5	0.6878
889.625	0.6855
889.75	0.6847
889.875	0.6839
890.0	0.6839
890.125	0.6831
890.25	0.6839
890.375	0.6792
890.5	0.6839
890.625	0.6776
890.75	0.6768
890.875	0.6729
891.0	0.6713
891.125	0.6745
891.25	0.6698
891.375	0.6721
891.5	0.6698
891.625	0.6698
891.75	0.6713
891.875	0.6729
892.0	0.6753
892.125	0.6753
892.25	0.6753
892.375	0.6784
892.5	0.6784
892.625	0.6784
892.75	0.68
892.875	0.6808
893.0	0.6792
893.125	0.6792
893.25	0.6839
893.375	0.6808
893.5	0.6831
893.625	0.6792
893.75	0.6792
893.875	0.6792
894.0	0.6792
894.125	0.6792
894.25	0.6792
894.375	0.6776
894.5	0.6792
894.625	0.6776
894.75	0.6761
894.875	0.6745
895.0	0.6745
895.125	0.6745
895.25	0.6745
895.375	0.6745
895.5	0.6745
895.625	0.6745
895.75	0.6745
895.875	0.6729
896.0	0.6745
896.125	0.6721
896.25	0.6745
896.375	0.6721
896.5	0.6721
896.625	0.6729
896.75	0.6705
896.875	0.6729
897.0	0.6745
897.125	0.6698
897.25	0.6721
897.375	0.6698
897.5	0.6698
897.625	0.6729
897.75	0.6721
897.875	0.6705
898.0	0.6705
898.125	0.6705
898.25	0.6698
898.375	0.6705
898.5	0.6721
898.625	0.6713
898.75	0.6698
898.875	0.6698
899.0	0.6698
899.125	0.6698
899.25	0.6698
899.375	0.6698
899.5	0.6698
899.625	0.6698
899.75	0.6698
899.875	0.669
