300.0	0.0039
300.125	0.0047
300.25	0.0031
300.375	0.0039
300.5	0.0039
300.625	0.0039
300.75	0.0023
300.875	0.0031
301.0	0.0039
301.125	0.0015
301.25	0.0047
301.375	0.0031
301.5	0.0039
301.625	0.0039
301.75	0.0015
301.875	0.0031
302.0	0.0047
302.125	0.0039
302.25	0.0039
302.375	0.0023
302.5	0.0047
302.625	0.0031
302.75	0.0031
302.875	0.0039
303.0	0.0047
303.125	0.0047
303.25	0.0039
303.375	0.0039
303.5	0.0047
303.625	0.0047
303.75	0.0039
303.875	0.0047
304.0	0.0047
304.125	0.0047
304.25	0.0047
304.375	0.0031
304.5	0.0023
304.625	0.0047
304.75	0.0047
304.875	0.0047
305.0	0.0039
305.125	0.0023
305.25	0.0047
305.375	0.0047
305.5	0.0047
305.625	0.0047
305.75	0.0047
305.875	0.0039
306.0	0.0023
306.125	0.0047
306.25	0.0015
306.375	0.0039
306.5	0.0047
306.625	0.0047
306.75	0.0047
306.875	0.0047
307.0	0.0047
307.125	0.0039
307.25	0.0039
307.375	0.0047
307.5	0.0047
307.625	0.0031
307.75	0.0047
307.875	0.0047
308.0	0.0031
308.125	0.0047
308.25	0.0047
308.375	0.0039
308.5	0.0047
308.625	0.0031
308.75	0.0047
308.875	0.0039
309.0	0.0039
309.125	0.0039
309.25	0.0039
309.375	0.0047
309.5	0.0031
309.625	0.0047
309.75	0.0047
309.875	0.0039
310.0	0.0039
310.125	0.0055
310.25	0.0031
310.375	0.0047
310.5	0.0047
310.625	0.0047
310.75	0.0047
310.875	0.0047
311.0	0.0047
311.125	0.0039
311.25	0.0047
311.375	0.0039
311.5	0.0039
311.625	0.0047
311.75	7.0E-4
311.875	0.0047
312.0	0.0047
312.125	0.0039
312.25	0.0039
312.375	0.0047
312.5	0.0031
312.625	0.0023
312.75	0.0047
312.875	0.0047
313.0	0.0039
313.125	0.0023
313.25	0.0047
313.375	0.0047
313.5	0.0023
313.625	0.0039
313.75	0.0039
313.875	0.0039
314.0	0.0047
314.125	0.0047
314.25	0.0047
314.375	0.0031
314.5	0.0023
314.625	0.0047
314.75	0.0047
314.875	0.0039
315.0	0.0015
315.125	0.0015
315.25	0.0031
315.375	0.0039
315.5	0.0031
315.625	0.0031
315.75	0.0047
315.875	0.0039
316.0	0.0039
316.125	0.0031
316.25	0.0031
316.375	0.0031
316.5	0.0023
316.625	0.0023
316.75	0.0031
316.875	0.0039
317.0	0.0023
317.125	0.0031
317.25	0.0047
317.375	0.0031
317.5	0.0023
317.625	0.0047
317.75	0.0031
317.875	0.0031
318.0	0.0039
318.125	0.0047
318.25	0.0039
318.375	0.0023
318.5	0.0039
318.625	0.0015
318.75	0.0039
318.875	0.0031
319.0	0.0047
319.125	0.0047
319.25	0.0039
319.375	0.0023
319.5	0.0031
319.625	0.0039
319.75	0.0031
319.875	0.0047
320.0	0.0039
320.125	0.0023
320.25	0.0023
320.375	0.0031
320.5	0.0031
320.625	0.0047
320.75	0.0031
320.875	0.0031
321.0	0.0015
321.125	0.0039
321.25	0.0023
321.375	0.0031
321.5	0.0023
321.625	0.0015
321.75	0.0015
321.875	0.0023
322.0	0.0015
322.125	0.0023
322.25	0.0023
322.375	0.0039
322.5	0.0031
322.625	0.0031
322.75	0.0039
322.875	0.0023
323.0	0.0047
323.125	0.0031
323.25	0.0015
323.375	0.0039
323.5	0.0031
323.625	0.0023
323.75	0.0039
323.875	7.0E-4
324.0	0.0031
324.125	0.0039
324.25	0.0023
324.375	0.0015
324.5	0.0031
324.625	0.0047
324.75	7.0E-4
324.875	0.0023
325.0	0.0039
325.125	0.0031
325.25	0.0031
325.375	7.0E-4
325.5	0.0031
325.625	0.0039
325.75	0.0015
325.875	0.0015
326.0	0.0031
326.125	0.0023
326.25	0.0031
326.375	0.0031
326.5	0.0031
326.625	0.0023
326.75	0.0023
326.875	0.0039
327.0	0.0047
327.125	0.0039
327.25	0.0031
327.375	0.0039
327.5	0.0039
327.625	0.0047
327.75	0.0031
327.875	0.0047
328.0	0.0039
328.125	0.0039
328.25	0.0015
328.375	0.0031
328.5	0.0023
328.625	0.0047
328.75	0.0031
328.875	0.0047
329.0	0.0047
329.125	0.0039
329.25	0.0031
329.375	0.0047
329.5	0.0047
329.625	0.0039
329.75	0.0047
329.875	0.0031
330.0	0.0039
330.125	0.0039
330.25	0.0039
330.375	0.0039
330.5	0.0047
330.625	0.0023
330.75	0.0039
330.875	0.0047
331.0	0.0047
331.125	0.0039
331.25	0.0047
331.375	0.0047
331.5	0.0023
331.625	0.0047
331.75	0.0047
331.875	0.0047
332.0	0.0047
332.125	0.0031
332.25	0.0047
332.375	0.0047
332.5	0.0047
332.625	0.0031
332.75	0.0047
332.875	0.0039
333.0	0.0039
333.125	0.0047
333.25	0.0047
333.375	0.0039
333.5	0.0047
333.625	0.0039
333.75	0.0039
333.875	0.0047
334.0	0.0047
334.125	0.0047
334.25	0.0047
334.375	0.0047
334.5	0.0047
334.625	0.0039
334.75	0.0023
334.875	0.0047
335.0	0.0047
335.125	0.0023
335.25	0.0031
335.375	0.0039
335.5	0.0031
335.625	0.0023
335.75	0.0047
335.875	0.0023
336.0	0.0023
336.125	0.0039
336.25	0.0031
336.375	0.0031
336.5	0.0039
336.625	0.0031
336.75	0.0031
336.875	0.0023
337.0	0.0047
337.125	0.0023
337.25	0.0039
337.375	0.0039
337.5	0.0
337.625	0.0031
337.75	0.0023
337.875	0.0023
338.0	0.0039
338.125	0.0039
338.25	0.0023
338.375	0.0047
338.5	0.0039
338.625	0.0015
338.75	0.0023
338.875	0.0031
339.0	0.0031
339.125	0.0047
339.25	0.0031
339.375	0.0023
339.5	0.0031
339.625	0.0015
339.75	0.0031
339.875	0.0047
340.0	0.0039
340.125	0.0047
340.25	0.0039
340.375	0.0023
340.5	0.0031
340.625	0.0031
340.75	0.0039
340.875	0.0031
341.0	0.0031
341.125	0.0039
341.25	0.0039
341.375	0.0039
341.5	0.0031
341.625	0.0023
341.75	0.0047
341.875	0.0039
342.0	0.0023
342.125	0.0031
342.25	0.0039
342.375	0.0047
342.5	0.0047
342.625	0.0047
342.75	0.0031
342.875	0.0047
343.0	0.0047
343.125	0.0039
343.25	0.0039
343.375	0.0039
343.5	7.0E-4
343.625	0.0031
343.75	0.0039
343.875	0.0047
344.0	0.0047
344.125	0.0047
344.25	0.0023
344.375	0.0047
344.5	0.0047
344.625	0.0031
344.75	0.0039
344.875	0.0047
345.0	0.0031
345.125	0.0023
345.25	0.0039
345.375	0.0047
345.5	0.0015
345.625	0.0047
345.75	0.0047
345.875	0.0039
346.0	0.0047
346.125	0.0047
346.25	0.0
346.375	0.0047
346.5	0.0039
346.625	0.0039
346.75	0.0023
346.875	0.0039
347.0	0.0039
347.125	0.0047
347.25	0.0047
347.375	0.0047
347.5	0.0047
347.625	0.0039
347.75	0.0047
347.875	0.0047
348.0	0.0047
348.125	0.0047
348.25	0.0047
348.375	0.0047
348.5	0.0039
348.625	0.0047
348.75	0.0039
348.875	0.0047
349.0	0.0023
349.125	0.0047
349.25	0.0039
349.375	0.0031
349.5	0.0031
349.625	0.0039
349.75	0.0047
349.875	0.0039
350.0	0.0047
350.125	0.0047
350.25	0.0031
350.375	0.0047
350.5	0.0039
350.625	0.0031
350.75	0.0047
350.875	0.0047
351.0	0.0047
351.125	0.0047
351.25	0.0047
351.375	0.0062
351.5	0.0039
351.625	0.0047
351.75	0.0047
351.875	0.0031
352.0	0.0047
352.125	0.0047
352.25	0.0047
352.375	0.0047
352.5	0.0047
352.625	0.0047
352.75	0.0047
352.875	0.0047
353.0	0.0047
353.125	0.0039
353.25	0.0047
353.375	0.0047
353.5	0.0047
353.625	0.0047
353.75	0.0047
353.875	0.0047
354.0	0.0047
354.125	0.0055
354.25	0.0047
354.375	0.0047
354.5	0.0047
354.625	0.0047
354.75	0.0047
354.875	0.0047
355.0	0.0039
355.125	0.0047
355.25	0.0047
355.375	0.0047
355.5	0.0047
355.625	0.0047
355.75	0.0047
355.875	0.0039
356.0	0.0055
356.125	0.0047
356.25	0.0055
356.375	0.0039
356.5	0.0047
356.625	0.0047
356.75	0.0047
356.875	0.0047
357.0	0.0047
357.125	0.0047
357.25	0.0047
357.375	0.0047
357.5	0.0047
357.625	0.0047
357.75	0.0039
357.875	0.0047
358.0	0.0047
358.125	0.0047
358.25	0.0047
358.375	0.0047
358.5	0.0047
358.625	0.0055
358.75	0.0047
358.875	0.0047
359.0	0.0055
359.125	0.0047
359.25	0.0047
359.375	0.0047
359.5	0.0062
359.625	0.0055
359.75	0.0047
359.875	0.0047
360.0	0.0047
360.125	0.0047
360.25	0.0055
360.375	0.0055
360.5	0.0062
360.625	0.0055
360.75	0.0047
360.875	0.0047
361.0	0.0047
361.125	0.0047
361.25	0.0047
361.375	0.007
361.5	0.0055
361.625	0.0047
361.75	0.0047
361.875	0.0047
362.0	0.0055
362.125	0.0055
362.25	0.0047
362.375	0.0047
362.5	0.0047
362.625	0.0062
362.75	0.0047
362.875	0.0062
363.0	0.0047
363.125	0.0062
363.25	0.0047
363.375	0.0062
363.5	0.0047
363.625	0.0055
363.75	0.0055
363.875	0.007
364.0	0.0062
364.125	0.0047
364.25	0.0047
364.375	0.0062
364.5	0.0055
364.625	0.0062
364.75	0.0047
364.875	0.007
365.0	0.0047
365.125	0.0055
365.25	0.0047
365.375	0.0047
365.5	0.0055
365.625	0.0055
365.75	0.0055
365.875	0.007
366.0	0.0062
366.125	0.0047
366.25	0.007
366.375	0.007
366.5	0.0047
366.625	0.007
366.75	0.0062
366.875	0.0062
367.0	0.0047
367.125	0.0055
367.25	0.0055
367.375	0.007
367.5	0.0055
367.625	0.0055
367.75	0.007
367.875	0.0047
368.0	0.0055
368.125	0.0047
368.25	0.0047
368.375	0.0086
368.5	0.0078
368.625	0.0055
368.75	0.0055
368.875	0.007
369.0	0.0078
369.125	0.007
369.25	0.0062
369.375	0.007
369.5	0.0078
369.625	0.0047
369.75	0.0078
369.875	0.0055
370.0	0.0078
370.125	0.0086
370.25	0.0078
370.375	0.0078
370.5	0.0062
370.625	0.0086
370.75	0.0055
370.875	0.0086
371.0	0.0094
371.125	0.0086
371.25	0.0086
371.375	0.0094
371.5	0.0094
371.625	0.0094
371.75	0.0078
371.875	0.0086
372.0	0.0094
372.125	0.0086
372.25	0.0086
372.375	0.0094
372.5	0.0094
372.625	0.007
372.75	0.0078
372.875	0.0094
373.0	0.0078
373.125	0.0086
373.25	0.0086
373.375	0.0086
373.5	0.0094
373.625	0.0086
373.75	0.0086
373.875	0.0086
374.0	0.0094
374.125	0.0094
374.25	0.0094
374.375	0.0094
374.5	0.0086
374.625	0.0094
374.75	0.0094
374.875	0.0086
375.0	0.0094
375.125	0.0086
375.25	0.0086
375.375	0.0094
375.5	0.0094
375.625	0.0094
375.75	0.0094
375.875	0.0094
376.0	0.0094
376.125	0.0094
376.25	0.0102
376.375	0.0094
376.5	0.0094
376.625	0.0086
376.75	0.0094
376.875	0.0094
377.0	0.0086
377.125	0.0094
377.25	0.011
377.375	0.0094
377.5	0.0094
377.625	0.0117
377.75	0.0094
377.875	0.0117
378.0	0.0117
378.125	0.0094
378.25	0.011
378.375	0.0117
378.5	0.0125
378.625	0.011
378.75	0.011
378.875	0.0117
379.0	0.0133
379.125	0.011
379.25	0.0117
379.375	0.0125
379.5	0.0141
379.625	0.0141
379.75	0.0141
379.875	0.0117
380.0	0.0133
380.125	0.0141
380.25	0.0141
380.375	0.0141
380.5	0.0141
380.625	0.0141
380.75	0.0141
380.875	0.0141
381.0	0.0141
381.125	0.0141
381.25	0.0141
381.375	0.0141
381.5	0.0165
381.625	0.0149
381.75	0.0172
381.875	0.0149
382.0	0.018
382.125	0.0172
382.25	0.0188
382.375	0.0188
382.5	0.0165
382.625	0.0172
382.75	0.0188
382.875	0.0188
383.0	0.0188
383.125	0.0196
383.25	0.0196
383.375	0.0188
383.5	0.0196
383.625	0.0188
383.75	0.022
383.875	0.0204
384.0	0.0204
384.125	0.0212
384.25	0.0235
384.375	0.0204
384.5	0.0212
384.625	0.0227
384.75	0.0235
384.875	0.0235
385.0	0.0235
385.125	0.0235
385.25	0.0259
385.375	0.0251
385.5	0.0259
385.625	0.0267
385.75	0.0259
385.875	0.0251
386.0	0.0283
386.125	0.0283
386.25	0.0283
386.375	0.0283
386.5	0.0283
386.625	0.0283
386.75	0.0314
386.875	0.0298
387.0	0.0314
387.125	0.0322
387.25	0.0322
387.375	0.033
387.5	0.033
387.625	0.033
387.75	0.033
387.875	0.0345
388.0	0.0353
388.125	0.0353
388.25	0.0361
388.375	0.0385
388.5	0.0377
388.625	0.0377
388.75	0.0377
388.875	0.0393
389.0	0.04
389.125	0.04
389.25	0.0424
389.375	0.0424
389.5	0.0424
389.625	0.0424
389.75	0.0432
389.875	0.0455
390.0	0.0455
390.125	0.0463
390.25	0.0463
390.375	0.0479
390.5	0.0487
390.625	0.0479
390.75	0.0487
390.875	0.0518
391.0	0.0518
391.125	0.0518
391.25	0.0534
391.375	0.0526
391.5	0.0566
391.625	0.0566
391.75	0.0558
391.875	0.0566
392.0	0.0581
392.125	0.0613
392.25	0.0613
392.375	0.0613
392.5	0.0628
392.625	0.0636
392.75	0.066
392.875	0.066
393.0	0.066
393.125	0.0676
393.25	0.0676
393.375	0.0707
393.5	0.0707
393.625	0.0707
393.75	0.0738
393.875	0.0754
394.0	0.0754
394.125	0.0754
394.25	0.0762
394.375	0.0786
394.5	0.0801
394.625	0.0801
394.75	0.0825
394.875	0.0849
395.0	0.0833
395.125	0.0849
395.25	0.088
395.375	0.0896
395.5	0.0896
395.625	0.0927
395.75	0.0943
395.875	0.0943
396.0	0.0943
396.125	0.0966
396.25	0.099
396.375	0.0998
396.5	0.1037
396.625	0.1037
396.75	0.1037
396.875	0.1061
397.0	0.1084
397.125	0.1084
397.25	0.1124
397.375	0.1132
397.5	0.1147
397.625	0.1155
397.75	0.1171
397.875	0.1179
398.0	0.1226
398.125	0.1226
398.25	0.1265
398.375	0.1273
398.5	0.1289
398.625	0.132
398.75	0.132
398.875	0.136
399.0	0.136
399.125	0.1391
399.25	0.1415
399.375	0.1422
399.5	0.1446
399.625	0.1462
399.75	0.1493
399.875	0.1509
400.0	0.1548
400.125	0.1556
400.25	0.1588
400.375	0.1603
400.5	0.1619
400.625	0.1635
400.75	0.169
400.875	0.1705
401.0	0.1729
401.125	0.1753
401.25	0.1792
401.375	0.18
401.5	0.1831
401.625	0.1847
401.75	0.1894
401.875	0.1918
402.0	0.1933
402.125	0.1981
402.25	0.1996
402.375	0.2028
402.5	0.2051
402.625	0.2083
402.75	0.2114
402.875	0.2161
403.0	0.2169
403.125	0.2216
403.25	0.2248
403.375	0.2279
403.5	0.2327
403.625	0.235
403.75	0.2374
403.875	0.2413
404.0	0.2452
404.125	0.246
404.25	0.2539
404.375	0.2547
404.5	0.2594
404.625	0.2625
404.75	0.2657
404.875	0.2712
405.0	0.2759
405.125	0.2783
405.25	0.283
405.375	0.2877
405.5	0.2924
405.625	0.2955
405.75	0.3003
405.875	0.3042
406.0	0.3073
406.125	0.3113
406.25	0.316
406.375	0.3215
406.5	0.3254
406.625	0.3317
406.75	0.3349
406.875	0.3404
407.0	0.3451
407.125	0.3522
407.25	0.3553
407.375	0.36
407.5	0.3655
407.625	0.3726
407.75	0.3773
407.875	0.382
408.0	0.3883
408.125	0.3922
408.25	0.4009
408.375	0.4048
408.5	0.4088
408.625	0.415
408.75	0.4237
408.875	0.4268
409.0	0.4339
409.125	0.4394
409.25	0.4441
409.375	0.4528
409.5	0.4575
409.625	0.4638
409.75	0.4693
409.875	0.4779
410.0	0.4834
410.125	0.4905
410.25	0.4976
410.375	0.5023
410.5	0.5125
410.625	0.5188
410.75	0.5259
410.875	0.5322
411.0	0.54
411.125	0.5471
411.25	0.5542
411.375	0.5621
411.5	0.5699
411.625	0.577
411.75	0.5841
411.875	0.5935
412.0	0.6014
412.125	0.6084
412.25	0.6171
412.375	0.6257
412.5	0.6328
412.625	0.6415
412.75	0.6501
412.875	0.6595
413.0	0.6674
413.125	0.6768
413.25	0.6839
413.375	0.6965
413.5	0.702
413.625	0.713
413.75	0.7224
413.875	0.7311
414.0	0.7405
414.125	0.7523
414.25	0.7617
414.375	0.7704
414.5	0.7806
414.625	0.7924
414.75	0.8026
414.875	0.8121
415.0	0.8215
415.125	0.8317
415.25	0.8435
415.375	0.8545
415.5	0.8647
415.625	0.8773
415.75	0.8891
415.875	0.8993
416.0	0.9119
416.125	0.9229
416.25	0.9355
416.375	0.9465
416.5	0.9599
416.625	0.9693
416.75	0.9827
416.875	0.9968
417.0	1.0086
417.125	1.0227
417.25	1.0369
417.375	1.0518
417.5	1.0652
417.625	1.0801
417.75	1.0935
417.875	1.1092
418.0	1.1226
418.125	1.1383
418.25	1.1517
418.375	1.169
418.5	1.1839
418.625	1.2004
418.75	1.2154
418.875	1.2342
419.0	1.2492
419.125	1.2688
419.25	1.2838
419.375	1.3042
419.5	1.3223
419.625	1.3419
419.75	1.3592
419.875	1.3781
420.0	1.4001
420.125	1.419
420.25	1.4386
420.375	1.4591
420.5	1.4779
420.625	1.5
420.75	1.5188
420.875	1.5393
421.0	1.5613
421.125	1.5801
421.25	1.5966
421.375	1.6179
421.5	1.6375
421.625	1.6564
421.75	1.6753
421.875	1.6949
422.0	1.7161
422.125	1.7358
422.25	1.757
422.375	1.7783
422.5	1.7979
422.625	1.8183
422.75	1.8404
422.875	1.8608
423.0	1.8828
423.125	1.9025
423.25	1.9237
423.375	1.9449
423.5	1.9677
423.625	1.9897
423.75	2.0102
423.875	2.0322
424.0	2.0558
424.125	2.0762
424.25	2.0998
424.375	2.1218
424.5	2.143
424.625	2.1658
424.75	2.1871
424.875	2.2106
425.0	2.2303
425.125	2.2539
425.25	2.2751
425.375	2.2979
425.5	2.3199
425.625	2.3396
425.75	2.3592
425.875	2.3836
426.0	2.4017
426.125	2.4253
426.25	2.441
426.375	2.4622
426.5	2.4811
426.625	2.4992
426.75	2.5188
426.875	2.5377
427.0	2.5558
427.125	2.5707
427.25	2.5896
427.375	2.6053
427.5	2.6218
427.625	2.6375
427.75	2.6509
427.875	2.665
428.0	2.68
428.125	2.6949
428.25	2.7075
428.375	2.7185
428.5	2.7311
428.625	2.7405
428.75	2.75
428.875	2.7594
429.0	2.768
429.125	2.7743
429.25	2.783
429.375	2.7877
429.5	2.794
429.625	2.7971
429.75	2.8026
429.875	2.8066
430.0	2.8113
430.125	2.8113
430.25	2.8121
430.375	2.8128
430.5	2.8121
430.625	2.8121
430.75	2.8113
430.875	2.8073
431.0	2.8034
431.125	2.8011
431.25	2.7955
431.375	2.79
431.5	2.7838
431.625	2.7798
431.75	2.7712
431.875	2.7617
432.0	2.7547
432.125	2.7437
432.25	2.7358
432.375	2.7248
432.5	2.713
432.625	2.702
432.75	2.6902
432.875	2.6761
433.0	2.6627
433.125	2.6493
433.25	2.6344
433.375	2.6226
433.5	2.6061
433.625	2.5927
433.75	2.5738
433.875	2.5581
434.0	2.544
434.125	2.5275
434.25	2.5117
434.375	2.4944
434.5	2.4787
434.625	2.4599
434.75	2.441
434.875	2.4237
435.0	2.4064
435.125	2.3883
435.25	2.371
435.375	2.3522
435.5	2.3333
435.625	2.3144
435.75	2.2948
435.875	2.2767
436.0	2.2602
436.125	2.2413
436.25	2.2256
436.375	2.2051
436.5	2.1902
436.625	2.1705
436.75	2.1525
436.875	2.1336
437.0	2.1171
437.125	2.0998
437.25	2.0833
437.375	2.0636
437.5	2.0487
437.625	2.0298
437.75	2.0149
437.875	1.9976
438.0	1.9834
438.125	1.9654
438.25	1.9504
438.375	1.9355
438.5	1.9198
438.625	1.9033
438.75	1.8899
438.875	1.8765
439.0	1.8608
439.125	1.8459
439.25	1.8341
439.375	1.8183
439.5	1.805
439.625	1.7932
439.75	1.7806
439.875	1.7672
440.0	1.7562
440.125	1.7429
440.25	1.7295
440.375	1.7193
440.5	1.7083
440.625	1.6957
440.75	1.6855
440.875	1.6729
441.0	1.6635
441.125	1.6517
441.25	1.6422
441.375	1.632
441.5	1.6218
441.625	1.6108
441.75	1.6014
441.875	1.5911
442.0	1.5817
442.125	1.5723
442.25	1.5636
442.375	1.5558
442.5	1.5463
442.625	1.5369
442.75	1.5267
442.875	1.5188
443.0	1.5117
443.125	1.5023
443.25	1.4929
443.375	1.4858
443.5	1.4764
443.625	1.4701
443.75	1.4622
443.875	1.4536
444.0	1.4473
444.125	1.4371
444.25	1.4292
444.375	1.4237
444.5	1.415
444.625	1.4056
444.75	1.4009
444.875	1.3922
445.0	1.3852
445.125	1.3773
445.25	1.3694
445.375	1.3632
445.5	1.3561
445.625	1.3482
445.75	1.3411
445.875	1.3356
446.0	1.3254
446.125	1.3199
446.25	1.3144
446.375	1.305
446.5	1.2995
446.625	1.2916
446.75	1.283
446.875	1.2783
447.0	1.2704
447.125	1.2649
447.25	1.257
447.375	1.25
447.5	1.2437
447.625	1.2358
447.75	1.2272
447.875	1.2216
448.0	1.2154
448.125	1.2075
448.25	1.2028
448.375	1.1965
448.5	1.1894
448.625	1.1839
448.75	1.1768
448.875	1.1674
449.0	1.1619
449.125	1.1572
449.25	1.1493
449.375	1.143
449.5	1.136
449.625	1.1312
449.75	1.125
449.875	1.1171
450.0	1.1116
450.125	1.1045
450.25	1.099
450.375	1.0911
450.5	1.0849
450.625	1.0794
450.75	1.0715
450.875	1.0683
451.0	1.0605
451.125	1.0566
451.25	1.0503
451.375	1.0463
451.5	1.0377
451.625	1.0338
451.75	1.0283
451.875	1.0235
452.0	1.018
452.125	1.0133
452.25	1.0094
452.375	1.0031
452.5	0.9984
452.625	0.9937
452.75	0.9866
452.875	0.9858
453.0	0.9795
453.125	0.9756
453.25	0.9709
453.375	0.9669
453.5	0.963
453.625	0.9583
453.75	0.9559
453.875	0.952
454.0	0.9473
454.125	0.9441
454.25	0.9386
454.375	0.9371
454.5	0.9339
454.625	0.9292
454.75	0.9253
454.875	0.9229
455.0	0.9198
455.125	0.9182
455.25	0.9135
455.375	0.9103
455.5	0.9064
455.625	0.9056
455.75	0.9033
455.875	0.9009
456.0	0.9001
456.125	0.8962
456.25	0.8962
456.375	0.8915
456.5	0.8899
456.625	0.8867
456.75	0.886
456.875	0.8844
457.0	0.882
457.125	0.8805
457.25	0.8773
457.375	0.8773
457.5	0.8773
457.625	0.8757
457.75	0.8734
457.875	0.8718
458.0	0.8718
458.125	0.8694
458.25	0.8679
458.375	0.8679
458.5	0.8679
458.625	0.8647
458.75	0.8655
458.875	0.8632
459.0	0.8632
459.125	0.8632
459.25	0.8616
459.375	0.86
459.5	0.8584
459.625	0.8584
459.75	0.8584
459.875	0.8584
460.0	0.8584
460.125	0.8584
460.25	0.8584
460.375	0.8584
460.5	0.8569
460.625	0.8569
460.75	0.8584
460.875	0.8569
461.0	0.8561
461.125	0.8553
461.25	0.8577
461.375	0.8545
461.5	0.8569
461.625	0.8537
461.75	0.8545
461.875	0.8569
462.0	0.8553
462.125	0.8584
462.25	0.8561
462.375	0.8577
462.5	0.8553
462.625	0.8577
462.75	0.8577
462.875	0.8553
463.0	0.8561
463.125	0.8584
463.25	0.8584
463.375	0.8584
463.5	0.8584
463.625	0.8592
463.75	0.8584
463.875	0.8584
464.0	0.86
464.125	0.86
464.25	0.8584
464.375	0.8592
464.5	0.8592
464.625	0.8624
464.75	0.8624
464.875	0.8632
465.0	0.8632
465.125	0.8639
465.25	0.8632
465.375	0.8663
465.5	0.8655
465.625	0.8655
465.75	0.8679
465.875	0.8679
466.0	0.8679
466.125	0.8694
466.25	0.8694
466.375	0.8702
466.5	0.8718
466.625	0.8726
466.75	0.8726
466.875	0.875
467.0	0.8734
467.125	0.8765
467.25	0.8773
467.375	0.8773
467.5	0.8773
467.625	0.8773
467.75	0.8781
467.875	0.8812
468.0	0.882
468.125	0.882
468.25	0.882
468.375	0.8828
468.5	0.8828
468.625	0.886
468.75	0.8867
468.875	0.8867
469.0	0.8883
469.125	0.8891
469.25	0.8915
469.375	0.8915
469.5	0.8915
469.625	0.893
469.75	0.8962
469.875	0.8962
470.0	0.8962
470.125	0.897
470.25	0.8993
470.375	0.9009
470.5	0.9009
470.625	0.9033
470.75	0.9033
470.875	0.9048
471.0	0.9056
471.125	0.9064
471.25	0.9072
471.375	0.9103
471.5	0.9103
471.625	0.9103
471.75	0.9111
471.875	0.9143
472.0	0.915
472.125	0.9158
472.25	0.9174
472.375	0.9174
472.5	0.9198
472.625	0.9205
472.75	0.9245
472.875	0.9237
473.0	0.9261
473.125	0.9268
473.25	0.9292
473.375	0.9292
473.5	0.93
473.625	0.9339
473.75	0.9339
473.875	0.9339
474.0	0.9363
474.125	0.9386
474.25	0.9386
474.375	0.9386
474.5	0.9433
474.625	0.9433
474.75	0.9433
474.875	0.9449
475.0	0.9473
475.125	0.9481
475.25	0.9481
475.375	0.9496
475.5	0.9528
475.625	0.9567
475.75	0.9559
475.875	0.9575
476.0	0.9599
476.125	0.9599
476.25	0.9622
476.375	0.9622
476.5	0.9622
476.625	0.9646
476.75	0.9669
476.875	0.9677
477.0	0.9709
477.125	0.9716
477.25	0.9716
477.375	0.974
477.5	0.9764
477.625	0.9764
477.75	0.9764
477.875	0.9795
478.0	0.9811
478.125	0.9811
478.25	0.9834
478.375	0.985
478.5	0.9858
478.625	0.9858
478.75	0.9882
478.875	0.9905
479.0	0.9905
479.125	0.9929
479.25	0.9937
479.375	0.9952
479.5	0.9952
479.625	0.9952
479.75	1.0
479.875	1.0
480.0	1.0
480.125	1.0
480.25	1.0039
480.375	1.0047
480.5	1.0062
480.625	1.0062
480.75	1.0086
480.875	1.0094
481.0	1.0094
481.125	1.011
481.25	1.0117
481.375	1.0141
481.5	1.0172
481.625	1.0165
481.75	1.0188
481.875	1.0188
482.0	1.0196
482.125	1.0227
482.25	1.0235
482.375	1.0235
482.5	1.0235
482.625	1.0259
482.75	1.0283
482.875	1.0283
483.0	1.0283
483.125	1.0283
483.25	1.029
483.375	1.033
483.5	1.033
483.625	1.033
483.75	1.0369
483.875	1.0377
484.0	1.0377
484.125	1.0393
484.25	1.0385
484.375	1.0408
484.5	1.0416
484.625	1.0424
484.75	1.0424
484.875	1.0448
485.0	1.0471
485.125	1.0471
485.25	1.0471
485.375	1.0471
485.5	1.0495
485.625	1.0511
485.75	1.0511
485.875	1.0518
486.0	1.0518
486.125	1.0526
486.25	1.0566
486.375	1.0566
486.5	1.0566
486.625	1.0566
486.75	1.0589
486.875	1.0589
487.0	1.0589
487.125	1.0613
487.25	1.0613
487.375	1.0613
487.5	1.0621
487.625	1.066
487.75	1.0652
487.875	1.066
488.0	1.066
488.125	1.0668
488.25	1.066
488.375	1.0668
488.5	1.0699
488.625	1.0707
488.75	1.0707
488.875	1.0707
489.0	1.0707
489.125	1.0738
489.25	1.0738
489.375	1.0754
489.5	1.0746
489.625	1.0754
489.75	1.0754
489.875	1.0754
490.0	1.0762
490.125	1.0778
490.25	1.0801
490.375	1.0786
490.5	1.0801
490.625	1.0801
490.75	1.0801
490.875	1.0809
491.0	1.0809
491.125	1.0817
491.25	1.0833
491.375	1.0841
491.5	1.0849
491.625	1.0849
491.75	1.0849
491.875	1.0849
492.0	1.0849
492.125	1.0849
492.25	1.0856
492.375	1.0856
492.5	1.0864
492.625	1.088
492.75	1.0888
492.875	1.0888
493.0	1.0896
493.125	1.0896
493.25	1.0896
493.375	1.0896
493.5	1.0896
493.625	1.0896
493.75	1.0896
493.875	1.0904
494.0	1.0919
494.125	1.0927
494.25	1.0943
494.375	1.0943
494.5	1.0943
494.625	1.0943
494.75	1.0943
494.875	1.0943
495.0	1.0943
495.125	1.0943
495.25	1.0943
495.375	1.0943
495.5	1.0943
495.625	1.0943
495.75	1.0951
495.875	1.0951
496.0	1.0966
496.125	1.0959
496.25	1.0982
496.375	1.0959
496.5	1.0982
496.625	1.0982
496.75	1.0974
496.875	1.099
497.0	1.0982
497.125	1.0966
497.25	1.0982
497.375	1.0982
497.5	1.099
497.625	1.0982
497.75	1.099
497.875	1.099
498.0	1.099
498.125	1.099
498.25	1.099
498.375	1.099
498.5	1.099
498.625	1.0982
498.75	1.099
498.875	1.099
499.0	1.099
499.125	1.099
499.25	1.099
499.375	1.099
499.5	1.099
499.625	1.0982
499.75	1.099
499.875	1.099
500.0	1.0982
500.125	1.099
500.25	1.099
500.375	1.099
500.5	1.099
500.625	1.099
500.75	1.0982
500.875	1.0982
501.0	1.099
501.125	1.099
501.25	1.099
501.375	1.0966
501.5	1.099
501.625	1.0982
501.75	1.099
501.875	1.099
502.0	1.0974
502.125	1.099
502.25	1.0982
502.375	1.0974
502.5	1.0982
502.625	1.099
502.75	1.0966
502.875	1.0966
503.0	1.0966
503.125	1.0959
503.25	1.0943
503.375	1.0951
503.5	1.0951
503.625	1.0943
503.75	1.0943
503.875	1.0943
504.0	1.0935
504.125	1.0943
504.25	1.0943
504.375	1.0935
504.5	1.0943
504.625	1.0935
504.75	1.0927
504.875	1.0919
505.0	1.0904
505.125	1.0896
505.25	1.0896
505.375	1.0896
505.5	1.0896
505.625	1.0896
505.75	1.0896
505.875	1.0896
506.0	1.0896
506.125	1.0896
506.25	1.0896
506.375	1.0896
506.5	1.0896
506.625	1.0872
506.75	1.0864
506.875	1.0856
507.0	1.0849
507.125	1.0849
507.25	1.0849
507.375	1.0849
507.5	1.0849
507.625	1.0849
507.75	1.0849
507.875	1.0833
508.0	1.0825
508.125	1.0801
508.25	1.0801
508.375	1.0801
508.5	1.0801
508.625	1.0801
508.75	1.0801
508.875	1.0801
509.0	1.0762
509.125	1.0801
509.25	1.0754
509.375	1.0754
509.5	1.0754
509.625	1.0754
509.75	1.0762
509.875	1.0754
510.0	1.0754
510.125	1.0746
510.25	1.0731
510.375	1.0723
510.5	1.0707
510.625	1.0707
510.75	1.0707
510.875	1.0707
511.0	1.0707
511.125	1.0691
511.25	1.0699
511.375	1.0683
511.5	1.0668
511.625	1.066
511.75	1.066
511.875	1.066
512.0	1.066
512.125	1.066
512.25	1.066
512.375	1.0636
512.5	1.0621
512.625	1.0613
512.75	1.0613
512.875	1.0613
513.0	1.0605
513.125	1.0605
513.25	1.0589
513.375	1.0566
513.5	1.0566
513.625	1.0566
513.75	1.0558
513.875	1.0566
514.0	1.0534
514.125	1.055
514.25	1.0518
514.375	1.0534
514.5	1.0518
514.625	1.0518
514.75	1.0503
514.875	1.0487
515.0	1.0511
515.125	1.0479
515.25	1.0487
515.375	1.0471
515.5	1.0463
515.625	1.0463
515.75	1.0432
515.875	1.0424
516.0	1.0424
516.125	1.0424
516.25	1.0424
516.375	1.0393
516.5	1.0393
516.625	1.0377
516.75	1.0377
516.875	1.0377
517.0	1.0377
517.125	1.0345
517.25	1.0345
517.375	1.0345
517.5	1.0338
517.625	1.0322
517.75	1.033
517.875	1.0306
518.0	1.0314
518.125	1.0283
518.25	1.0283
518.375	1.0283
518.5	1.0283
518.625	1.0251
518.75	1.0251
518.875	1.0235
519.0	1.0235
519.125	1.0235
519.25	1.022
519.375	1.0204
519.5	1.022
519.625	1.0188
519.75	1.0188
519.875	1.0188
520.0	1.0188
520.125	1.0188
520.25	1.0165
520.375	1.0141
520.5	1.0141
520.625	1.0141
520.75	1.0125
520.875	1.0125
521.0	1.0102
521.125	1.0102
521.25	1.0094
521.375	1.0094
521.5	1.0094
521.625	1.0047
521.75	1.0047
521.875	1.0039
522.0	1.0055
522.125	1.0031
522.25	1.0031
522.375	1.0
522.5	1.0007
522.625	1.0
522.75	1.0
522.875	0.9984
523.0	0.9984
523.125	0.9968
523.25	0.9952
523.375	0.9952
523.5	0.9952
523.625	0.9944
523.75	0.9929
523.875	0.9905
524.0	0.9905
524.125	0.9897
524.25	0.9905
524.375	0.9866
524.5	0.9858
524.625	0.9858
524.75	0.9858
524.875	0.9842
525.0	0.9858
525.125	0.9819
525.25	0.9811
525.375	0.9811
525.5	0.9811
525.625	0.9795
525.75	0.9795
525.875	0.9764
526.0	0.9764
526.125	0.9764
526.25	0.9764
526.375	0.974
526.5	0.9732
526.625	0.9716
526.75	0.9716
526.875	0.9716
527.0	0.9709
527.125	0.9685
527.25	0.9685
527.375	0.9669
527.5	0.9661
527.625	0.9654
527.75	0.9638
527.875	0.9646
528.0	0.9622
528.125	0.9622
528.25	0.9614
528.375	0.9591
528.5	0.9606
528.625	0.9575
528.75	0.9567
528.875	0.9559
529.0	0.9544
529.125	0.9528
529.25	0.9528
529.375	0.9528
529.5	0.9528
529.625	0.9504
529.75	0.9481
529.875	0.9481
530.0	0.9473
530.125	0.9473
530.25	0.9441
530.375	0.9433
530.5	0.9433
530.625	0.9433
530.75	0.941
530.875	0.9426
531.0	0.9386
531.125	0.9394
531.25	0.9386
531.375	0.9363
531.5	0.9339
531.625	0.9339
531.75	0.9339
531.875	0.9339
532.0	0.9308
532.125	0.9292
532.25	0.9292
532.375	0.9292
532.5	0.9292
532.625	0.9292
532.75	0.9276
532.875	0.9261
533.0	0.9245
533.125	0.9237
533.25	0.9245
533.375	0.9213
533.5	0.9205
533.625	0.9198
533.75	0.9198
533.875	0.9182
534.0	0.9166
534.125	0.9166
534.25	0.915
534.375	0.915
534.5	0.915
534.625	0.9143
534.75	0.9119
534.875	0.9103
535.0	0.9103
535.125	0.9103
535.25	0.908
535.375	0.9064
535.5	0.9056
535.625	0.9056
535.75	0.9033
535.875	0.9056
536.0	0.9033
536.125	0.9017
536.25	0.9009
536.375	0.9009
536.5	0.9001
536.625	0.897
536.75	0.8962
536.875	0.8962
537.0	0.8962
537.125	0.8938
537.25	0.8922
537.375	0.8915
537.5	0.8922
537.625	0.8899
537.75	0.8891
537.875	0.8867
538.0	0.8875
538.125	0.8867
538.25	0.886
538.375	0.8844
538.5	0.8844
538.625	0.882
538.75	0.882
538.875	0.882
539.0	0.8797
539.125	0.8797
539.25	0.8773
539.375	0.8773
539.5	0.8773
539.625	0.8765
539.75	0.8742
539.875	0.8726
540.0	0.8734
540.125	0.8726
540.25	0.8702
540.375	0.871
540.5	0.8679
540.625	0.8679
540.75	0.8679
540.875	0.8639
541.0	0.8655
541.125	0.8639
541.25	0.8632
541.375	0.8632
541.5	0.8632
541.625	0.8592
541.75	0.8584
541.875	0.8584
542.0	0.8584
542.125	0.8584
542.25	0.8537
542.375	0.8553
542.5	0.8537
542.625	0.8529
542.75	0.8537
542.875	0.8514
543.0	0.8514
543.125	0.849
543.25	0.849
543.375	0.849
543.5	0.8474
543.625	0.8474
543.75	0.8443
543.875	0.8451
544.0	0.8443
544.125	0.8427
544.25	0.8435
544.375	0.8427
544.5	0.8404
544.625	0.8396
544.75	0.8396
544.875	0.8388
545.0	0.838
545.125	0.8356
545.25	0.8356
545.375	0.8341
545.5	0.8349
545.625	0.8325
545.75	0.8317
545.875	0.8301
546.0	0.8301
546.125	0.8301
546.25	0.8301
546.375	0.8294
546.5	0.827
546.625	0.8262
546.75	0.8254
546.875	0.8254
547.0	0.8238
547.125	0.8231
547.25	0.8223
547.375	0.8207
547.5	0.8207
547.625	0.8207
547.75	0.8199
547.875	0.8199
548.0	0.8168
548.125	0.816
548.25	0.816
548.375	0.816
548.5	0.8128
548.625	0.8128
548.75	0.8113
548.875	0.8113
549.0	0.8113
549.125	0.8105
549.25	0.8089
549.375	0.8073
549.5	0.8066
549.625	0.8073
549.75	0.8042
549.875	0.8058
550.0	0.8026
550.125	0.8018
550.25	0.8026
550.375	0.8026
550.5	0.8003
550.625	0.8018
550.75	0.7987
550.875	0.7971
551.0	0.7979
551.125	0.7971
551.25	0.7955
551.375	0.7963
551.5	0.7924
551.625	0.7932
551.75	0.7924
551.875	0.7924
552.0	0.79
552.125	0.7877
552.25	0.7877
552.375	0.7877
552.5	0.7877
552.625	0.7853
552.75	0.7845
552.875	0.783
553.0	0.7822
553.125	0.7822
553.25	0.7822
553.375	0.7798
553.5	0.7806
553.625	0.779
553.75	0.7783
553.875	0.7783
554.0	0.7759
554.125	0.7775
554.25	0.7751
554.375	0.7743
554.5	0.7735
554.625	0.7735
554.75	0.772
554.875	0.7735
555.0	0.772
555.125	0.7696
555.25	0.7712
555.375	0.7688
555.5	0.7688
555.625	0.7672
555.75	0.7688
555.875	0.7688
556.0	0.7649
556.125	0.7649
556.25	0.7641
556.375	0.7641
556.5	0.7641
556.625	0.7641
556.75	0.7633
556.875	0.7617
557.0	0.7594
557.125	0.7594
557.25	0.7594
557.375	0.7586
557.5	0.7578
557.625	0.757
557.75	0.7555
557.875	0.7547
558.0	0.7531
558.125	0.7547
558.25	0.7547
558.375	0.7539
558.5	0.75
558.625	0.75
558.75	0.75
558.875	0.75
559.0	0.75
559.125	0.7476
559.25	0.7484
559.375	0.7468
559.5	0.7452
559.625	0.746
559.75	0.7444
559.875	0.7452
560.0	0.7421
560.125	0.7405
560.25	0.7421
560.375	0.7405
560.5	0.7405
560.625	0.7405
560.75	0.7389
560.875	0.7366
561.0	0.7366
561.125	0.7358
561.25	0.7358
561.375	0.7358
561.5	0.7327
561.625	0.7342
561.75	0.7319
561.875	0.7311
562.0	0.7311
562.125	0.7311
562.25	0.7303
562.375	0.7303
562.5	0.7272
562.625	0.7272
562.75	0.7272
562.875	0.7264
563.0	0.7264
563.125	0.7264
563.25	0.7264
563.375	0.7232
563.5	0.7216
563.625	0.7216
563.75	0.7216
563.875	0.7216
564.0	0.7193
564.125	0.7216
564.25	0.7193
564.375	0.7193
564.5	0.7169
564.625	0.7177
564.75	0.7169
564.875	0.7169
565.0	0.7169
565.125	0.7161
565.25	0.7138
565.375	0.7122
565.5	0.713
565.625	0.7122
565.75	0.7099
565.875	0.7075
566.0	0.7099
566.125	0.7075
566.25	0.7075
566.375	0.7075
566.5	0.7075
566.625	0.7075
566.75	0.7059
566.875	0.7036
567.0	0.7044
567.125	0.7028
567.25	0.7028
567.375	0.7028
567.5	0.7012
567.625	0.702
567.75	0.7012
567.875	0.6996
568.0	0.6981
568.125	0.6988
568.25	0.6981
568.375	0.6981
568.5	0.6981
568.625	0.6957
568.75	0.6941
568.875	0.6965
569.0	0.6933
569.125	0.6933
569.25	0.6933
569.375	0.6926
569.5	0.6926
569.625	0.6918
569.75	0.691
569.875	0.6886
570.0	0.6886
570.125	0.6894
570.25	0.6886
570.375	0.6878
570.5	0.6878
570.625	0.6886
570.75	0.6855
570.875	0.6839
571.0	0.6839
571.125	0.6839
571.25	0.6823
571.375	0.6831
571.5	0.6816
571.625	0.6792
571.75	0.68
571.875	0.68
572.0	0.6792
572.125	0.6784
572.25	0.6792
572.375	0.6792
572.5	0.6768
572.625	0.6753
572.75	0.6745
572.875	0.6745
573.0	0.6753
573.125	0.6745
573.25	0.6745
573.375	0.6729
573.5	0.6705
573.625	0.6705
573.75	0.6698
573.875	0.6698
574.0	0.6698
574.125	0.6698
574.25	0.6682
574.375	0.669
574.5	0.6674
574.625	0.6666
574.75	0.6658
574.875	0.665
575.0	0.665
575.125	0.6635
575.25	0.6619
575.375	0.665
575.5	0.6603
575.625	0.6603
575.75	0.6603
575.875	0.6603
576.0	0.6603
576.125	0.6603
576.25	0.6572
576.375	0.6588
576.5	0.6564
576.625	0.6564
576.75	0.6556
576.875	0.6556
577.0	0.6548
577.125	0.6533
577.25	0.6548
577.375	0.6525
577.5	0.6533
577.625	0.6509
577.75	0.6509
577.875	0.6501
578.0	0.6485
578.125	0.647
578.25	0.6501
578.375	0.6462
578.5	0.6462
578.625	0.6462
578.75	0.6462
578.875	0.6462
579.0	0.6454
579.125	0.6438
579.25	0.6438
579.375	0.6415
579.5	0.6415
579.625	0.6415
579.75	0.6415
579.875	0.6399
580.0	0.6383
580.125	0.6367
580.25	0.6367
580.375	0.6352
580.5	0.6344
580.625	0.6344
580.75	0.6336
580.875	0.632
581.0	0.632
581.125	0.632
581.25	0.632
581.375	0.6305
581.5	0.6312
581.625	0.6305
581.75	0.6273
581.875	0.6273
582.0	0.6273
582.125	0.6257
582.25	0.6265
582.375	0.6234
582.5	0.6226
582.625	0.6226
582.75	0.6226
582.875	0.6226
583.0	0.6226
583.125	0.621
583.25	0.6179
583.375	0.6202
583.5	0.6179
583.625	0.6179
583.75	0.6179
583.875	0.6163
584.0	0.6179
584.125	0.6171
584.25	0.6147
584.375	0.6132
584.5	0.6132
584.625	0.6132
584.75	0.6132
584.875	0.6132
585.0	0.61
585.125	0.6084
585.25	0.6092
585.375	0.6084
585.5	0.6077
585.625	0.6084
585.75	0.6084
585.875	0.6069
586.0	0.6037
586.125	0.6037
586.25	0.6045
586.375	0.6037
586.5	0.6037
586.625	0.6037
586.75	0.6022
586.875	0.6014
587.0	0.599
587.125	0.599
587.25	0.599
587.375	0.5982
587.5	0.599
587.625	0.5959
587.75	0.5943
587.875	0.5943
588.0	0.5935
588.125	0.5943
588.25	0.5943
588.375	0.5904
588.5	0.5896
588.625	0.5919
588.75	0.5896
588.875	0.5896
589.0	0.5896
589.125	0.5864
589.25	0.5856
589.375	0.5849
589.5	0.5849
589.625	0.5841
589.75	0.5849
589.875	0.5833
590.0	0.5801
590.125	0.5801
590.25	0.5801
590.375	0.5801
590.5	0.5778
590.625	0.5794
590.75	0.5754
590.875	0.5754
591.0	0.5746
591.125	0.5754
591.25	0.5731
591.375	0.5723
591.5	0.5715
591.625	0.5707
591.75	0.5707
591.875	0.5699
592.0	0.5683
592.125	0.5683
592.25	0.566
592.375	0.566
592.5	0.566
592.625	0.566
592.75	0.566
592.875	0.5628
593.0	0.5613
593.125	0.5613
593.25	0.5613
593.375	0.5597
593.5	0.5597
593.625	0.5589
593.75	0.5566
593.875	0.5566
594.0	0.5566
594.125	0.5558
594.25	0.555
594.375	0.5518
594.5	0.5518
594.625	0.5518
594.75	0.5503
594.875	0.5511
595.0	0.5503
595.125	0.5487
595.25	0.5471
595.375	0.5471
595.5	0.5463
595.625	0.5455
595.75	0.544
595.875	0.544
596.0	0.5424
596.125	0.5424
596.25	0.5424
596.375	0.54
596.5	0.54
596.625	0.54
596.75	0.5377
596.875	0.5377
597.0	0.5377
597.125	0.5377
597.25	0.5377
597.375	0.5345
597.5	0.533
597.625	0.533
597.75	0.533
597.875	0.533
598.0	0.5314
598.125	0.5283
598.25	0.5283
598.375	0.5283
598.5	0.5283
598.625	0.5283
598.75	0.5275
598.875	0.5259
599.0	0.5235
599.125	0.5235
599.25	0.5235
599.375	0.5212
599.5	0.5212
599.625	0.5188
599.75	0.5188
599.875	0.5188
600.0	0.5172
600.125	0.518
600.25	0.5157
600.375	0.5149
600.5	0.5141
600.625	0.5141
600.75	0.5141
600.875	0.5125
601.0	0.5094
601.125	0.5094
601.25	0.5094
601.375	0.5094
601.5	0.5062
601.625	0.5047
601.75	0.5047
601.875	0.5047
602.0	0.5039
602.125	0.5039
602.25	0.5
602.375	0.5
602.5	0.5
602.625	0.5
602.75	0.4992
602.875	0.4952
603.0	0.4952
603.125	0.4952
603.25	0.496
603.375	0.4929
603.5	0.4952
603.625	0.4913
603.75	0.4913
603.875	0.4905
604.0	0.4882
604.125	0.4858
604.25	0.4858
604.375	0.4858
604.5	0.4858
604.625	0.485
604.75	0.4827
604.875	0.4811
605.0	0.4803
605.125	0.4819
605.25	0.4803
605.375	0.4764
605.5	0.4795
605.625	0.4764
605.75	0.4764
605.875	0.4756
606.0	0.4724
606.125	0.4716
606.25	0.4716
606.375	0.4716
606.5	0.4709
606.625	0.4685
606.75	0.4669
606.875	0.4685
607.0	0.4661
607.125	0.4661
607.25	0.4669
607.375	0.4622
607.5	0.4622
607.625	0.4622
607.75	0.4614
607.875	0.4606
608.0	0.4575
608.125	0.4575
608.25	0.4575
608.375	0.4575
608.5	0.4559
608.625	0.4528
608.75	0.4528
608.875	0.452
609.0	0.4504
609.125	0.4504
609.25	0.4496
609.375	0.4488
609.5	0.4481
609.625	0.4481
609.75	0.4457
609.875	0.4449
610.0	0.4433
610.125	0.4441
610.25	0.4433
610.375	0.4433
610.5	0.4426
610.625	0.4394
610.75	0.4386
610.875	0.4371
611.0	0.4371
611.125	0.4355
611.25	0.4355
611.375	0.4339
611.5	0.4339
611.625	0.4339
611.75	0.4308
611.875	0.43
612.0	0.4316
612.125	0.4284
612.25	0.4276
612.375	0.4284
612.5	0.4261
612.625	0.4268
612.75	0.4245
612.875	0.4245
613.0	0.4205
613.125	0.4198
613.25	0.4198
613.375	0.4182
613.5	0.4166
613.625	0.415
613.75	0.4166
613.875	0.415
614.0	0.415
614.125	0.4111
614.25	0.4103
614.375	0.4103
614.5	0.4103
614.625	0.4095
614.75	0.408
614.875	0.4056
615.0	0.4056
615.125	0.4056
615.25	0.4056
615.375	0.4048
615.5	0.4009
615.625	0.4001
615.75	0.4009
615.875	0.3985
616.0	0.397
616.125	0.3985
616.25	0.3954
616.375	0.3962
616.5	0.3962
616.625	0.3915
616.75	0.3915
616.875	0.3907
617.0	0.3907
617.125	0.3883
617.25	0.3867
617.375	0.3867
617.5	0.386
617.625	0.3828
617.75	0.3836
617.875	0.382
618.0	0.382
618.125	0.382
618.25	0.3789
618.375	0.3789
618.5	0.3781
618.625	0.3773
618.75	0.3773
618.875	0.3765
619.0	0.375
619.125	0.3734
619.25	0.3726
619.375	0.3726
619.5	0.3694
619.625	0.3694
619.75	0.3694
619.875	0.3679
620.0	0.3679
620.125	0.3671
620.25	0.3663
620.375	0.3639
620.5	0.3632
620.625	0.3632
620.75	0.3624
620.875	0.3624
621.0	0.3592
621.125	0.3584
621.25	0.3584
621.375	0.3584
621.5	0.3561
621.625	0.3577
621.75	0.3553
621.875	0.3537
622.0	0.3537
622.125	0.3537
622.25	0.3514
622.375	0.3498
622.5	0.349
622.625	0.349
622.75	0.349
622.875	0.3466
623.0	0.3443
623.125	0.3443
623.25	0.3443
623.375	0.3443
623.5	0.3411
623.625	0.3411
623.75	0.3411
623.875	0.3396
624.0	0.3396
624.125	0.3388
624.25	0.3349
624.375	0.3364
624.5	0.3349
624.625	0.3341
624.75	0.3341
624.875	0.3317
625.0	0.3301
625.125	0.3301
625.25	0.3301
625.375	0.327
625.5	0.3301
625.625	0.3254
625.75	0.3254
625.875	0.3254
626.0	0.3254
626.125	0.3246
626.25	0.3215
626.375	0.3199
626.5	0.3207
626.625	0.3207
626.75	0.3176
626.875	0.3176
627.0	0.316
627.125	0.3152
627.25	0.316
627.375	0.3121
627.5	0.3128
627.625	0.3113
627.75	0.3105
627.875	0.3113
628.0	0.3097
628.125	0.3066
628.25	0.3066
628.375	0.3066
628.5	0.3042
628.625	0.3018
628.75	0.3026
628.875	0.3026
629.0	0.3018
629.125	0.3011
629.25	0.3003
629.375	0.2971
629.5	0.2987
629.625	0.2971
629.75	0.2971
629.875	0.2955
630.0	0.2963
630.125	0.2932
630.25	0.2924
630.375	0.2924
630.5	0.2924
630.625	0.2908
630.75	0.2885
630.875	0.2885
631.0	0.2877
631.125	0.2877
631.25	0.2861
631.375	0.2845
631.5	0.2845
631.625	0.283
631.75	0.283
631.875	0.283
632.0	0.2806
632.125	0.2806
632.25	0.2798
632.375	0.2783
632.5	0.2775
632.625	0.2759
632.75	0.2759
632.875	0.2735
633.0	0.2727
633.125	0.2735
633.25	0.2727
633.375	0.2735
633.5	0.2704
633.625	0.2688
633.75	0.2696
633.875	0.2688
634.0	0.2665
634.125	0.2665
634.25	0.2641
634.375	0.2649
634.5	0.2641
634.625	0.2633
634.75	0.2641
634.875	0.2617
635.0	0.261
635.125	0.2594
635.25	0.2594
635.375	0.2594
635.5	0.257
635.625	0.2555
635.75	0.2586
635.875	0.257
636.0	0.2547
636.125	0.2547
636.25	0.2547
636.375	0.2507
636.5	0.25
636.625	0.25
636.75	0.25
636.875	0.25
637.0	0.2468
637.125	0.2484
637.25	0.2452
637.375	0.2444
637.5	0.2452
637.625	0.2452
637.75	0.2429
637.875	0.2437
638.0	0.2405
638.125	0.2405
638.25	0.2405
638.375	0.2382
638.5	0.2366
638.625	0.2358
638.75	0.2366
638.875	0.2358
639.0	0.2358
639.125	0.2311
639.25	0.2327
639.375	0.2319
639.5	0.2311
639.625	0.2311
639.75	0.2311
639.875	0.2311
640.0	0.2303
640.125	0.2272
640.25	0.2264
640.375	0.2264
640.5	0.2256
640.625	0.2264
640.75	0.2216
640.875	0.2232
641.0	0.2216
641.125	0.2216
641.25	0.2216
641.375	0.2216
641.5	0.2169
641.625	0.2169
641.75	0.2185
641.875	0.2169
642.0	0.2177
642.125	0.2169
642.25	0.2154
642.375	0.213
642.5	0.2122
642.625	0.2138
642.75	0.2122
642.875	0.2099
643.0	0.2099
643.125	0.2099
643.25	0.2083
643.375	0.2075
643.5	0.2075
643.625	0.2067
643.75	0.2067
643.875	0.2059
644.0	0.2036
644.125	0.2028
644.25	0.2028
644.375	0.2028
644.5	0.2028
644.625	0.2004
644.75	0.2012
644.875	0.1981
645.0	0.1981
645.125	0.1981
645.25	0.1981
645.375	0.1981
645.5	0.1973
645.625	0.1981
645.75	0.1941
645.875	0.1933
646.0	0.1933
646.125	0.1933
646.25	0.1918
646.375	0.1926
646.5	0.191
646.625	0.1902
646.75	0.1894
646.875	0.1886
647.0	0.1886
647.125	0.1886
647.25	0.1878
647.375	0.1878
647.5	0.1839
647.625	0.1839
647.75	0.1839
647.875	0.1839
648.0	0.1823
648.125	0.1839
648.25	0.1823
648.375	0.1808
648.5	0.1792
648.625	0.1792
648.75	0.1792
648.875	0.1792
649.0	0.1792
649.125	0.1792
649.25	0.1784
649.375	0.1761
649.5	0.1768
649.625	0.1745
649.75	0.1745
649.875	0.1761
650.0	0.1745
650.125	0.1729
650.25	0.1705
650.375	0.1705
650.5	0.1721
650.625	0.1698
650.75	0.1698
650.875	0.1698
651.0	0.1698
651.125	0.1698
651.25	0.169
651.375	0.1666
651.5	0.1658
651.625	0.165
651.75	0.165
651.875	0.165
652.0	0.1643
652.125	0.1627
652.25	0.1635
652.375	0.1603
652.5	0.1603
652.625	0.1603
652.75	0.1603
652.875	0.1603
653.0	0.1595
653.125	0.1595
653.25	0.1564
653.375	0.1564
653.5	0.1564
653.625	0.1556
653.75	0.1556
653.875	0.1556
654.0	0.1556
654.125	0.1556
654.25	0.1556
654.375	0.1525
654.5	0.1517
654.625	0.1517
654.75	0.1509
654.875	0.1509
655.0	0.1509
655.125	0.1501
655.25	0.1485
655.375	0.1501
655.5	0.1493
655.625	0.1477
655.75	0.1462
655.875	0.1462
656.0	0.1462
656.125	0.1462
656.25	0.147
656.375	0.1454
656.5	0.1446
656.625	0.143
656.75	0.1422
656.875	0.1438
657.0	0.1422
657.125	0.143
657.25	0.1407
657.375	0.1415
657.5	0.1407
657.625	0.1407
657.75	0.1407
657.875	0.1367
658.0	0.1367
658.125	0.1375
658.25	0.1367
658.375	0.1367
658.5	0.1367
658.625	0.1352
658.75	0.1367
658.875	0.1344
659.0	0.1336
659.125	0.1328
659.25	0.132
659.375	0.132
659.5	0.1312
659.625	0.132
659.75	0.1305
659.875	0.1289
660.0	0.1281
660.125	0.1281
660.25	0.1273
660.375	0.1281
660.5	0.1273
660.625	0.1265
660.75	0.1273
660.875	0.1265
661.0	0.1257
661.125	0.1234
661.25	0.1257
661.375	0.1226
661.5	0.1234
661.625	0.1226
661.75	0.1226
661.875	0.1226
662.0	0.1226
662.125	0.1218
662.25	0.1202
662.375	0.1194
662.5	0.1194
662.625	0.1179
662.75	0.1179
662.875	0.1179
663.0	0.1179
663.125	0.1171
663.25	0.1163
663.375	0.1139
663.5	0.1155
663.625	0.1147
663.75	0.1155
663.875	0.1139
664.0	0.1139
664.125	0.1132
664.25	0.1124
664.375	0.1132
664.5	0.1132
664.625	0.1092
664.75	0.1084
664.875	0.11
665.0	0.1092
665.125	0.1084
665.25	0.1084
665.375	0.1084
665.5	0.1069
665.625	0.1084
665.75	0.1053
665.875	0.1061
666.0	0.1045
666.125	0.1045
666.25	0.1037
666.375	0.1037
666.5	0.1037
666.625	0.1037
666.75	0.1037
666.875	0.1014
667.0	0.1022
667.125	0.0998
667.25	0.099
667.375	0.099
667.5	0.099
667.625	0.0974
667.75	0.099
667.875	0.099
668.0	0.099
668.125	0.0982
668.25	0.0951
668.375	0.0959
668.5	0.0943
668.625	0.0951
668.75	0.0943
668.875	0.0951
669.0	0.0943
669.125	0.0943
669.25	0.0943
669.375	0.0935
669.5	0.0927
669.625	0.0919
669.75	0.0935
669.875	0.0935
670.0	0.0911
670.125	0.0904
670.25	0.0896
670.375	0.0896
670.5	0.0896
670.625	0.0896
670.75	0.0904
670.875	0.0896
671.0	0.0896
671.125	0.0872
671.25	0.0896
671.375	0.0872
671.5	0.088
671.625	0.0856
671.75	0.0856
671.875	0.0849
672.0	0.0849
672.125	0.0856
672.25	0.0849
672.375	0.0849
672.5	0.0849
672.625	0.0849
672.75	0.0849
672.875	0.0841
673.0	0.0817
673.125	0.0833
673.25	0.0809
673.375	0.0809
673.5	0.0809
673.625	0.0801
673.75	0.0801
673.875	0.0801
674.0	0.0794
674.125	0.0794
674.25	0.0794
674.375	0.0786
674.5	0.0801
674.625	0.0754
674.75	0.077
674.875	0.0762
675.0	0.0794
675.125	0.0762
675.25	0.077
675.375	0.0754
675.5	0.0762
675.625	0.0754
675.75	0.0746
675.875	0.0762
676.0	0.0754
676.125	0.0754
676.25	0.0754
676.375	0.0746
676.5	0.0754
676.625	0.0731
676.75	0.0738
676.875	0.0731
677.0	0.0715
677.125	0.0707
677.25	0.0715
677.375	0.0707
677.5	0.0707
677.625	0.0707
677.75	0.0707
677.875	0.0707
678.0	0.0707
678.125	0.0707
678.25	0.0683
678.375	0.0691
678.5	0.0683
678.625	0.066
678.75	0.0668
678.875	0.0668
679.0	0.066
679.125	0.066
679.25	0.066
679.375	0.0652
679.5	0.066
679.625	0.0636
679.75	0.0644
679.875	0.066
680.0	0.0644
680.125	0.0628
680.25	0.0621
680.375	0.0621
680.5	0.0613
680.625	0.0613
680.75	0.0613
680.875	0.0613
681.0	0.0589
681.125	0.0613
681.25	0.0597
681.375	0.0589
681.5	0.0581
681.625	0.0581
681.75	0.0566
681.875	0.0566
682.0	0.0566
682.125	0.0573
682.25	0.0558
682.375	0.0566
682.5	0.0534
682.625	0.0558
682.75	0.0542
682.875	0.0542
683.0	0.0534
683.125	0.0534
683.25	0.0534
683.375	0.0534
683.5	0.0518
683.625	0.0518
683.75	0.0518
683.875	0.0518
684.0	0.0503
684.125	0.0518
684.25	0.0518
684.375	0.0518
684.5	0.0511
684.625	0.0495
684.75	0.0518
684.875	0.0503
685.0	0.0487
685.125	0.0487
685.25	0.0487
685.375	0.0495
685.5	0.0479
685.625	0.0471
685.75	0.0487
685.875	0.0471
686.0	0.0471
686.125	0.0487
686.25	0.0471
686.375	0.0471
686.5	0.0463
686.625	0.0471
686.75	0.0471
686.875	0.0471
687.0	0.0471
687.125	0.0455
687.25	0.0471
687.375	0.0424
687.5	0.0455
687.625	0.0424
687.75	0.0424
687.875	0.0448
688.0	0.0424
688.125	0.0424
688.25	0.0424
688.375	0.0424
688.5	0.0424
688.625	0.0424
688.75	0.0424
688.875	0.0424
689.0	0.0416
689.125	0.0416
689.25	0.0424
689.375	0.0416
689.5	0.0424
689.625	0.0416
689.75	0.0416
689.875	0.0393
690.0	0.0424
690.125	0.0424
690.25	0.04
690.375	0.0393
690.5	0.04
690.625	0.0393
690.75	0.04
690.875	0.0385
691.0	0.0385
691.125	0.0393
691.25	0.0377
691.375	0.0377
691.5	0.0393
691.625	0.0377
691.75	0.0377
691.875	0.0385
692.0	0.0377
692.125	0.0377
692.25	0.0377
692.375	0.0377
692.5	0.0385
692.625	0.0377
692.75	0.0377
692.875	0.0369
693.0	0.0377
693.125	0.0369
693.25	0.0377
693.375	0.0377
693.5	0.0369
693.625	0.0361
693.75	0.0361
693.875	0.0353
694.0	0.0345
694.125	0.0361
694.25	0.0338
694.375	0.0353
694.5	0.0361
694.625	0.033
694.75	0.033
694.875	0.033
695.0	0.0345
695.125	0.033
695.25	0.033
695.375	0.033
695.5	0.0322
695.625	0.033
695.75	0.033
695.875	0.0345
696.0	0.033
696.125	0.0322
696.25	0.033
696.375	0.033
696.5	0.0314
696.625	0.033
696.75	0.033
696.875	0.0306
697.0	0.033
697.125	0.0322
697.25	0.0314
697.375	0.0306
697.5	0.0306
697.625	0.0306
697.75	0.0314
697.875	0.0283
698.0	0.0283
698.125	0.029
698.25	0.0283
698.375	0.0306
698.5	0.0298
698.625	0.029
698.75	0.0283
698.875	0.0283
699.0	0.0283
699.125	0.0283
699.25	0.029
699.375	0.0283
699.5	0.0283
699.625	0.029
699.75	0.0283
699.875	0.0283
700.0	0.0275
700.125	0.0283
700.25	0.0283
700.375	0.0283
700.5	0.0283
700.625	0.0275
700.75	0.0275
700.875	0.0259
701.0	0.0283
701.125	0.0283
701.25	0.0267
701.375	0.0243
701.5	0.0259
701.625	0.0275
701.75	0.0275
701.875	0.0259
702.0	0.0275
702.125	0.0243
702.25	0.0259
702.375	0.0259
702.5	0.0235
702.625	0.0235
702.75	0.0243
702.875	0.0235
703.0	0.0243
703.125	0.0235
703.25	0.0235
703.375	0.0235
703.5	0.0235
703.625	0.0227
703.75	0.0235
703.875	0.0212
704.0	0.0235
704.125	0.0235
704.25	0.0235
704.375	0.0235
704.5	0.0235
704.625	0.0227
704.75	0.0235
704.875	0.022
705.0	0.0227
705.125	0.0227
705.25	0.0212
705.375	0.0235
705.5	0.0212
705.625	0.0196
705.75	0.0188
705.875	0.022
706.0	0.0212
706.125	0.0188
706.25	0.022
706.375	0.0204
706.5	0.0188
706.625	0.0204
706.75	0.0196
706.875	0.0188
707.0	0.0188
707.125	0.0188
707.25	0.0196
707.375	0.0188
707.5	0.0196
707.625	0.0196
707.75	0.0188
707.875	0.0188
708.0	0.0188
708.125	0.0188
708.25	0.0196
708.375	0.0196
708.5	0.0188
708.625	0.0196
708.75	0.018
708.875	0.0188
709.0	0.0188
709.125	0.018
709.25	0.018
709.375	0.0188
709.5	0.0172
709.625	0.018
709.75	0.0188
709.875	0.0188
710.0	0.0188
710.125	0.0188
710.25	0.0172
710.375	0.0172
710.5	0.018
710.625	0.0172
710.75	0.0172
710.875	0.0165
711.0	0.0165
711.125	0.018
711.25	0.0172
711.375	0.0165
711.5	0.0157
711.625	0.0165
711.75	0.0165
711.875	0.0165
712.0	0.0149
712.125	0.0157
712.25	0.0157
712.375	0.0157
712.5	0.0141
712.625	0.0149
712.75	0.0157
712.875	0.0141
713.0	0.0141
713.125	0.0141
713.25	0.0141
713.375	0.0141
713.5	0.0141
713.625	0.0141
713.75	0.0141
713.875	0.0141
714.0	0.0141
714.125	0.0133
714.25	0.0133
714.375	0.0133
714.5	0.0141
714.625	0.0133
714.75	0.0133
714.875	0.011
715.0	0.0125
715.125	0.0125
715.25	0.0117
715.375	0.0133
715.5	0.0102
715.625	0.0125
715.75	0.0102
715.875	0.0094
716.0	0.0094
716.125	0.0094
716.25	0.011
716.375	0.0102
716.5	0.011
716.625	0.0102
716.75	0.0094
716.875	0.0094
717.0	0.0094
717.125	0.0094
717.25	0.0102
717.375	0.0102
717.5	0.0094
717.625	0.0094
717.75	0.0094
717.875	0.0094
718.0	0.0094
718.125	0.0094
718.25	0.0094
718.375	0.0078
718.5	0.0086
718.625	0.0086
718.75	0.0094
718.875	0.0094
719.0	0.0094
719.125	0.0094
719.25	0.0094
719.375	0.0086
719.5	0.0078
719.625	0.0094
719.75	0.0078
719.875	0.0078
720.0	0.0094
720.125	0.0094
720.25	0.0086
720.375	0.0094
720.5	0.007
720.625	0.0078
720.75	0.0078
720.875	0.0086
721.0	0.0094
721.125	0.0094
721.25	0.0086
721.375	0.0086
721.5	0.0086
721.625	0.0094
721.75	0.0086
721.875	0.0086
722.0	0.0094
722.125	0.0094
722.25	0.0094
722.375	0.007
722.5	0.0094
722.625	0.007
722.75	0.0094
722.875	0.0094
723.0	0.0078
723.125	0.0078
723.25	0.0086
723.375	0.0094
723.5	0.0094
723.625	0.0094
723.75	0.0094
723.875	0.0094
724.0	0.0086
724.125	0.0094
724.25	0.0094
724.375	0.0094
724.5	0.0094
724.625	0.0094
724.75	0.0094
724.875	0.0086
725.0	0.0086
725.125	0.0094
725.25	0.0094
725.375	0.0094
725.5	0.0094
725.625	0.0078
725.75	0.0094
725.875	0.0094
726.0	0.0094
726.125	0.0094
726.25	0.0094
726.375	0.0094
726.5	0.0094
726.625	0.0094
726.75	0.0086
726.875	0.0094
727.0	0.0094
727.125	0.0094
727.25	0.0094
727.375	0.0094
727.5	0.0102
727.625	0.0094
727.75	0.0094
727.875	0.0094
728.0	0.0094
728.125	0.0094
728.25	0.0094
728.375	0.0094
728.5	0.0094
728.625	0.0094
728.75	0.0094
728.875	0.0094
729.0	0.0086
729.125	0.0094
729.25	0.0094
729.375	0.0078
729.5	0.0094
729.625	0.0062
729.75	0.0086
729.875	0.0094
730.0	0.0094
730.125	0.0078
730.25	0.0094
730.375	0.0094
730.5	0.0094
730.625	0.0078
730.75	0.0094
730.875	0.007
731.0	0.0094
731.125	0.007
731.25	0.0086
731.375	0.007
731.5	0.0078
731.625	0.0094
731.75	0.0078
731.875	0.0094
732.0	0.0094
732.125	0.0094
732.25	0.0078
732.375	0.0094
732.5	0.0086
732.625	0.007
732.75	0.0078
732.875	0.0078
733.0	0.0078
733.125	0.007
733.25	0.0086
733.375	0.0062
733.5	0.007
733.625	0.007
733.75	0.0047
733.875	0.0078
734.0	0.0062
734.125	0.007
734.25	0.0062
734.375	0.0062
734.5	0.0047
734.625	0.0047
734.75	0.0062
734.875	0.0047
735.0	0.0062
735.125	0.0062
735.25	0.0062
735.375	0.0055
735.5	0.0055
735.625	0.0047
735.75	0.0047
735.875	0.0047
736.0	0.0039
736.125	0.0062
736.25	0.0055
736.375	0.0047
736.5	0.0055
736.625	0.0047
736.75	0.0055
736.875	0.0047
737.0	0.0047
737.125	0.0047
737.25	0.0047
737.375	0.0047
737.5	0.0047
737.625	0.0047
737.75	0.0047
737.875	0.0047
738.0	0.0047
738.125	0.0047
738.25	0.0039
738.375	0.0047
738.5	0.0039
738.625	0.0039
738.75	0.0047
738.875	0.0047
739.0	0.0047
739.125	0.0047
739.25	0.0047
739.375	0.0047
739.5	0.0039
739.625	0.0047
739.75	0.0047
739.875	0.0047
740.0	0.0047
740.125	0.0039
740.25	0.0047
740.375	0.0047
740.5	0.0047
740.625	0.0047
740.75	0.0047
740.875	0.0047
741.0	0.0047
741.125	0.0047
741.25	0.0039
741.375	0.0031
741.5	0.0047
741.625	0.0047
741.75	0.0039
741.875	0.0047
742.0	0.0047
742.125	0.0047
742.25	0.0039
742.375	0.0047
742.5	0.0047
742.625	0.0047
742.75	0.0047
742.875	0.0047
743.0	0.0047
743.125	0.0047
743.25	0.0047
743.375	0.0055
743.5	0.0047
743.625	0.0047
743.75	0.0039
743.875	0.0047
744.0	0.0047
744.125	0.0047
744.25	0.0031
744.375	0.0047
744.5	0.0047
744.625	0.0047
744.75	0.0047
744.875	0.0047
745.0	0.0047
745.125	0.0055
745.25	0.0047
745.375	0.0047
745.5	0.0039
745.625	0.0047
745.75	0.0039
745.875	0.0031
746.0	0.0047
746.125	0.0047
746.25	0.0023
746.375	0.0047
746.5	0.0047
746.625	0.0047
746.75	0.0039
746.875	0.0031
747.0	0.0031
747.125	0.0039
747.25	0.0023
747.375	0.0031
747.5	0.0031
747.625	0.0031
747.75	0.0031
747.875	0.0047
748.0	0.0039
748.125	0.0023
748.25	0.0031
748.375	0.0047
748.5	0.0031
748.625	0.0031
748.75	0.0031
748.875	0.0039
749.0	0.0023
749.125	0.0015
749.25	0.0039
749.375	0.0039
749.5	0.0031
749.625	0.0031
749.75	0.0047
749.875	0.0039
750.0	0.0039
750.125	0.0031
750.25	0.0015
750.375	0.0039
750.5	0.0047
750.625	0.0047
750.75	0.0031
750.875	0.0039
751.0	0.0031
751.125	0.0031
751.25	0.0023
751.375	0.0047
751.5	0.0047
751.625	0.0015
751.75	0.0047
751.875	0.0039
752.0	0.0023
752.125	0.0047
752.25	0.0039
752.375	0.0047
752.5	0.0047
752.625	0.0047
752.75	0.0039
752.875	0.0039
753.0	0.0047
753.125	0.0047
753.25	0.0047
753.375	0.0039
753.5	0.0039
753.625	0.0047
753.75	0.0031
753.875	0.0055
754.0	0.0047
754.125	0.0039
754.25	0.0039
754.375	0.0039
754.5	0.0047
754.625	0.0047
754.75	0.0047
754.875	0.0047
755.0	0.0031
755.125	0.0039
755.25	0.0023
755.375	0.0047
755.5	0.0047
755.625	0.0047
755.75	0.0039
755.875	0.0039
756.0	0.0047
756.125	0.0039
756.25	0.0031
756.375	0.0047
756.5	0.0023
756.625	0.0047
756.75	0.0039
756.875	0.0023
757.0	0.0047
757.125	0.0031
757.25	0.0047
757.375	0.0047
757.5	0.0039
757.625	0.0023
757.75	0.0031
757.875	0.0031
758.0	0.0039
758.125	0.0039
758.25	0.0047
758.375	0.0023
758.5	0.0047
758.625	0.0047
758.75	0.0039
758.875	0.0039
759.0	0.0015
759.125	0.0039
759.25	0.0039
759.375	0.0015
759.5	0.0047
759.625	7.0E-4
759.75	0.0023
759.875	0.0047
760.0	0.0023
760.125	0.0039
760.25	0.0047
760.375	0.0031
760.5	0.0015
760.625	0.0031
760.75	0.0015
760.875	0.0023
761.0	0.0023
761.125	0.0031
761.25	0.0023
761.375	0.0015
761.5	0.0015
761.625	0.0
761.75	0.0023
761.875	0.0047
762.0	0.0023
762.125	0.0039
762.25	0.0039
762.375	0.0031
762.5	0.0031
762.625	0.0031
762.75	0.0015
762.875	0.0031
763.0	0.0023
763.125	0.0015
763.25	0.0047
763.375	0.0023
763.5	0.0039
763.625	0.0039
763.75	0.0015
763.875	0.0039
764.0	0.0039
764.125	7.0E-4
764.25	0.0047
764.375	0.0031
764.5	0.0039
764.625	0.0039
764.75	0.0015
764.875	0.0047
765.0	0.0015
765.125	0.0023
765.25	0.0015
765.375	0.0015
765.5	0.0015
765.625	0.0031
765.75	0.0023
765.875	0.0023
766.0	0.0023
766.125	0.0023
766.25	0.0023
766.375	0.0023
766.5	0.0023
766.625	0.0015
766.75	0.0
766.875	0.0023
767.0	0.0039
767.125	0.0031
767.25	7.0E-4
767.375	0.0023
767.5	0.0039
767.625	7.0E-4
767.75	0.0031
767.875	0.0023
768.0	7.0E-4
768.125	7.0E-4
768.25	7.0E-4
768.375	7.0E-4
768.5	0.0039
768.625	7.0E-4
768.75	0.0015
768.875	0.0047
769.0	0.0015
769.125	0.0023
769.25	0.0039
769.375	0.0023
769.5	0.0015
769.625	7.0E-4
769.75	0.0047
769.875	0.0015
770.0	0.0031
770.125	0.0039
770.25	0.0031
770.375	0.0039
770.5	0.0031
770.625	0.0031
770.75	0.0039
770.875	7.0E-4
771.0	0.0015
771.125	0.0023
771.25	0.0023
771.375	7.0E-4
771.5	7.0E-4
771.625	0.0031
771.75	0.0023
771.875	0.0039
772.0	0.0015
772.125	0.0023
772.25	7.0E-4
772.375	0.0039
772.5	0.0015
772.625	7.0E-4
772.75	0.0031
772.875	0.0
773.0	0.0023
773.125	0.0023
773.25	0.0015
773.375	0.0039
773.5	0.0031
773.625	0.0
773.75	0.0023
773.875	0.0039
774.0	0.0023
774.125	0.0015
774.25	0.0031
774.375	7.0E-4
774.5	0.0015
774.625	0.0015
774.75	0.0031
774.875	0.0023
775.0	0.0039
775.125	0.0015
775.25	0.0047
775.375	0.0039
775.5	0.0023
775.625	0.0031
775.75	0.0031
775.875	0.0031
776.0	0.0039
776.125	7.0E-4
776.25	0.0015
776.375	0.0023
776.5	7.0E-4
776.625	0.0023
776.75	0.0
776.875	0.0023
777.0	0.0031
777.125	0.0039
777.25	0.0031
777.375	0.0015
777.5	0.0023
777.625	0.0
777.75	7.0E-4
777.875	7.0E-4
778.0	0.0031
778.125	0.0015
778.25	0.0
778.375	0.0031
778.5	0.0031
778.625	0.0
778.75	0.0039
778.875	0.0
779.0	0.0031
779.125	0.0015
779.25	0.0039
779.375	0.0023
779.5	0.0015
779.625	0.0031
779.75	7.0E-4
779.875	0.0015
780.0	0.0039
780.125	0.0023
780.25	7.0E-4
780.375	0.0015
780.5	0.0031
780.625	0.0031
780.75	0.0039
780.875	0.0023
781.0	0.0
781.125	7.0E-4
781.25	0.0015
781.375	0.0023
781.5	7.0E-4
781.625	0.0023
781.75	0.0015
781.875	0.0031
782.0	0.0039
782.125	0.0031
782.25	0.0015
782.375	0.0031
782.5	7.0E-4
782.625	0.0023
782.75	0.0023
782.875	7.0E-4
783.0	0.0047
783.125	0.0039
783.25	0.0023
783.375	0.0015
783.5	0.0
783.625	0.0
783.75	0.0023
783.875	0.0023
784.0	0.0031
784.125	0.0023
784.25	0.0031
784.375	7.0E-4
784.5	0.0031
784.625	0.0015
784.75	7.0E-4
784.875	7.0E-4
785.0	0.0039
785.125	0.0015
785.25	0.0015
785.375	0.0023
785.5	0.0039
785.625	0.0023
785.75	0.0031
785.875	0.0023
786.0	7.0E-4
786.125	0.0031
786.25	0.0031
786.375	0.0015
786.5	0.0039
786.625	0.0047
786.75	0.0031
786.875	0.0039
787.0	0.0039
787.125	0.0031
787.25	7.0E-4
787.375	0.0015
787.5	0.0031
787.625	0.0023
787.75	0.0015
787.875	0.0039
788.0	7.0E-4
788.125	0.0023
788.25	7.0E-4
788.375	0.0015
788.5	0.0015
788.625	0.0031
788.75	0.0023
788.875	0.0031
789.0	0.0031
789.125	0.0031
789.25	0.0039
789.375	7.0E-4
789.5	0.0031
789.625	0.0031
789.75	0.0047
789.875	0.0031
790.0	7.0E-4
790.125	0.0015
790.25	0.0023
790.375	0.0031
790.5	0.0039
790.625	0.0015
790.75	0.0039
790.875	0.0023
791.0	0.0023
791.125	0.0015
791.25	0.0015
791.375	0.0039
791.5	0.0031
791.625	0.0023
791.75	0.0039
791.875	0.0023
792.0	0.0047
792.125	0.0047
792.25	0.0031
792.375	0.0039
792.5	0.0031
792.625	0.0039
792.75	0.0023
792.875	0.0023
793.0	0.0039
793.125	0.0023
793.25	0.0015
793.375	0.0031
793.5	0.0023
793.625	0.0039
793.75	0.0039
793.875	0.0047
794.0	0.0039
794.125	0.0023
794.25	0.0039
794.375	0.0031
794.5	0.0015
794.625	0.0047
794.75	0.0023
794.875	0.0047
795.0	0.0031
795.125	0.0023
795.25	0.0039
795.375	0.0031
795.5	0.0031
795.625	0.0039
795.75	0.0023
795.875	0.0039
796.0	0.0047
796.125	0.0023
796.25	0.0039
796.375	0.0047
796.5	0.0047
796.625	0.0047
796.75	0.0047
796.875	0.0047
797.0	0.0047
797.125	0.0047
797.25	0.0031
797.375	0.0047
797.5	0.0031
797.625	0.0047
797.75	0.0039
797.875	0.0047
798.0	0.0039
798.125	0.0047
798.25	0.0047
798.375	0.0047
798.5	0.0039
798.625	0.0047
798.75	0.0047
798.875	0.0047
799.0	0.0047
799.125	0.0047
799.25	0.0047
799.375	0.0039
799.5	0.0039
799.625	0.0047
799.75	0.0031
799.875	0.0047
800.0	0.0047
800.125	0.0039
800.25	0.0047
800.375	0.0047
800.5	0.0047
800.625	0.0047
800.75	0.0047
800.875	0.0031
801.0	0.0047
801.125	0.0047
801.25	0.0039
801.375	0.0047
801.5	0.0047
801.625	0.0047
801.75	0.0047
801.875	0.0047
802.0	0.0047
802.125	0.0047
802.25	0.0047
802.375	0.0055
802.5	0.0039
802.625	0.0039
802.75	0.0047
802.875	0.0047
803.0	0.0047
803.125	0.0039
803.25	0.0047
803.375	0.0047
803.5	0.0031
803.625	0.0047
803.75	0.0047
803.875	0.0055
804.0	0.0047
804.125	0.0039
804.25	0.0039
804.375	0.0047
804.5	0.0047
804.625	0.0047
804.75	0.0047
804.875	0.0055
805.0	0.0047
805.125	0.0047
805.25	0.0047
805.375	0.0047
805.5	0.0047
805.625	0.0047
805.75	0.0055
805.875	0.0062
806.0	0.0047
806.125	0.0047
806.25	0.0047
806.375	0.0047
806.5	0.0047
806.625	0.0047
806.75	0.0047
806.875	0.0055
807.0	0.0047
807.125	0.0047
807.25	0.0047
807.375	0.0039
807.5	0.0047
807.625	0.0047
807.75	0.0047
807.875	0.0047
808.0	0.0047
808.125	0.0055
808.25	0.0047
808.375	0.0047
808.5	0.0047
808.625	0.0047
808.75	0.0055
808.875	0.0047
809.0	0.0047
809.125	0.0047
809.25	0.0047
809.375	0.0047
809.5	0.0047
809.625	0.0047
809.75	0.0047
809.875	0.0047
810.0	0.0047
810.125	0.007
810.25	0.0047
810.375	0.0047
810.5	0.0047
810.625	0.0047
810.75	0.007
810.875	0.0062
811.0	0.0062
811.125	0.0055
811.25	0.0055
811.375	0.0062
811.5	0.0047
811.625	0.0062
811.75	0.0055
811.875	0.007
812.0	0.0055
812.125	0.0047
812.25	0.0047
812.375	0.0062
812.5	0.0062
812.625	0.007
812.75	0.007
812.875	0.0047
813.0	0.007
813.125	0.0078
813.25	0.007
813.375	0.0062
813.5	0.0062
813.625	0.007
813.75	0.0062
813.875	0.0078
814.0	0.0078
814.125	0.0055
814.25	0.0094
814.375	0.0094
814.5	0.007
814.625	0.0078
814.75	0.007
814.875	0.0086
815.0	0.0078
815.125	0.0094
815.25	0.0078
815.375	0.0094
815.5	0.0086
815.625	0.007
815.75	0.0094
815.875	0.0078
816.0	0.0094
816.125	0.0086
816.25	0.0094
816.375	0.0094
816.5	0.0094
816.625	0.0094
816.75	0.0094
816.875	0.0094
817.0	0.0086
817.125	0.0086
817.25	0.0094
817.375	0.0094
817.5	0.0094
817.625	0.0094
817.75	0.0094
817.875	0.0086
818.0	0.0094
818.125	0.0086
818.25	0.0094
818.375	0.0094
818.5	0.0094
818.625	0.0094
818.75	0.0094
818.875	0.0094
819.0	0.0094
819.125	0.0094
819.25	0.0094
819.375	0.0102
819.5	0.0094
819.625	0.0102
819.75	0.0094
819.875	0.0094
820.0	0.0094
820.125	0.0094
820.25	0.0094
820.375	0.0102
820.5	0.0094
820.625	0.011
820.75	0.0102
820.875	0.0102
821.0	0.0094
821.125	0.0094
821.25	0.0102
821.375	0.011
821.5	0.011
821.625	0.0094
821.75	0.0094
821.875	0.0125
822.0	0.0102
822.125	0.0094
822.25	0.011
822.375	0.0094
822.5	0.0102
822.625	0.0117
822.75	0.0094
822.875	0.0117
823.0	0.0094
823.125	0.0102
823.25	0.0125
823.375	0.011
823.5	0.0094
823.625	0.0117
823.75	0.0102
823.875	0.0117
824.0	0.0094
824.125	0.0125
824.25	0.0133
824.375	0.0117
824.5	0.0133
824.625	0.0102
824.75	0.0125
824.875	0.0133
825.0	0.0125
825.125	0.0133
825.25	0.0133
825.375	0.0133
825.5	0.0141
825.625	0.0133
825.75	0.0141
825.875	0.0133
826.0	0.0125
826.125	0.0141
826.25	0.0133
826.375	0.0133
826.5	0.0141
826.625	0.0141
826.75	0.0141
826.875	0.0141
827.0	0.0141
827.125	0.0141
827.25	0.0141
827.375	0.0141
827.5	0.0157
827.625	0.0141
827.75	0.0141
827.875	0.0141
828.0	0.0141
828.125	0.0149
828.25	0.0149
828.375	0.0141
828.5	0.0149
828.625	0.0165
828.75	0.0157
828.875	0.0165
829.0	0.0165
829.125	0.0165
829.25	0.0141
829.375	0.0157
829.5	0.0172
829.625	0.0165
829.75	0.0172
829.875	0.0172
830.0	0.0172
830.125	0.0172
830.25	0.0165
830.375	0.0165
830.5	0.0141
830.625	0.0188
830.75	0.0165
830.875	0.0157
831.0	0.018
831.125	0.0172
831.25	0.0172
831.375	0.0165
831.5	0.0188
831.625	0.018
831.75	0.0172
831.875	0.0188
832.0	0.0188
832.125	0.0188
832.25	0.0188
832.375	0.018
832.5	0.0188
832.625	0.0188
832.75	0.0188
832.875	0.0188
833.0	0.0188
833.125	0.0188
833.25	0.0188
833.375	0.0188
833.5	0.0196
833.625	0.0188
833.75	0.0188
833.875	0.0204
834.0	0.0188
834.125	0.0188
834.25	0.0188
834.375	0.0196
834.5	0.0204
834.625	0.0188
834.75	0.0212
834.875	0.0188
835.0	0.0188
835.125	0.022
835.25	0.0188
835.375	0.0196
835.5	0.0212
835.625	0.0212
835.75	0.0204
835.875	0.0196
836.0	0.0235
836.125	0.0204
836.25	0.0204
836.375	0.0235
836.5	0.022
836.625	0.0227
836.75	0.0227
836.875	0.022
837.0	0.0235
837.125	0.0212
837.25	0.0227
837.375	0.0235
837.5	0.022
837.625	0.0235
837.75	0.0235
837.875	0.0227
838.0	0.0235
838.125	0.0235
838.25	0.0235
838.375	0.0243
838.5	0.0235
838.625	0.0235
838.75	0.0243
838.875	0.0243
839.0	0.0235
839.125	0.0235
839.25	0.0251
839.375	0.0259
839.5	0.0251
839.625	0.0251
839.75	0.0267
839.875	0.0251
840.0	0.0283
840.125	0.0267
840.25	0.0267
840.375	0.0275
840.5	0.0275
840.625	0.0267
840.75	0.0283
840.875	0.0267
841.0	0.0283
841.125	0.0283
841.25	0.0283
841.375	0.0283
841.5	0.0275
841.625	0.0283
841.75	0.0275
841.875	0.0283
842.0	0.0283
842.125	0.0283
842.25	0.0283
842.375	0.0283
842.5	0.0283
842.625	0.029
842.75	0.0298
842.875	0.0283
843.0	0.0298
843.125	0.029
843.25	0.0306
843.375	0.0314
843.5	0.0322
843.625	0.0314
843.75	0.0314
843.875	0.0298
844.0	0.033
844.125	0.033
844.25	0.033
844.375	0.033
844.5	0.033
844.625	0.033
844.75	0.033
844.875	0.033
845.0	0.0345
845.125	0.0338
845.25	0.0338
845.375	0.0338
845.5	0.0345
845.625	0.033
845.75	0.0353
845.875	0.0369
846.0	0.033
846.125	0.0345
846.25	0.0369
846.375	0.0353
846.5	0.0338
846.625	0.0353
846.75	0.0361
846.875	0.0377
847.0	0.0377
847.125	0.0361
847.25	0.0377
847.375	0.0377
847.5	0.0377
847.625	0.0377
847.75	0.0377
847.875	0.0377
848.0	0.0377
848.125	0.0377
848.25	0.0377
848.375	0.0377
848.5	0.0393
848.625	0.0385
848.75	0.0377
848.875	0.0393
849.0	0.0385
849.125	0.0393
849.25	0.0408
849.375	0.04
849.5	0.04
849.625	0.0408
849.75	0.0408
849.875	0.0408
850.0	0.0408
850.125	0.0424
850.25	0.0416
850.375	0.0424
850.5	0.0416
850.625	0.0424
850.75	0.0432
850.875	0.0424
851.0	0.0424
851.125	0.0424
851.25	0.0424
851.375	0.0424
851.5	0.0463
851.625	0.0424
851.75	0.0455
851.875	0.0471
852.0	0.0471
852.125	0.0471
852.25	0.0463
852.375	0.0471
852.5	0.0471
852.625	0.0455
852.75	0.0471
852.875	0.0471
853.0	0.0471
853.125	0.0471
853.25	0.0471
853.375	0.0471
853.5	0.0495
853.625	0.0471
853.75	0.0471
853.875	0.0479
854.0	0.0471
854.125	0.0471
854.25	0.0511
854.375	0.0487
854.5	0.0495
854.625	0.0518
854.75	0.0503
854.875	0.0511
855.0	0.0518
855.125	0.0518
855.25	0.0518
855.375	0.0518
855.5	0.0518
855.625	0.0518
855.75	0.0526
855.875	0.0518
856.0	0.0534
856.125	0.0526
856.25	0.0534
856.375	0.055
856.5	0.0558
856.625	0.0526
856.75	0.055
856.875	0.055
857.0	0.0558
857.125	0.0558
857.25	0.0558
857.375	0.0558
857.5	0.0566
857.625	0.0566
857.75	0.0566
857.875	0.0566
858.0	0.0589
858.125	0.0573
858.25	0.0573
858.375	0.0566
858.5	0.0573
858.625	0.0589
858.75	0.0597
858.875	0.0581
859.0	0.0613
859.125	0.0605
859.25	0.0597
859.375	0.0613
859.5	0.0613
859.625	0.0613
859.75	0.0613
859.875	0.0613
860.0	0.0613
860.125	0.0613
860.25	0.0613
860.375	0.0613
860.5	0.0628
860.625	0.0628
860.75	0.0628
860.875	0.0621
861.0	0.0644
861.125	0.0644
861.25	0.066
861.375	0.0652
861.5	0.0652
861.625	0.066
861.75	0.066
861.875	0.066
862.0	0.066
862.125	0.066
862.25	0.066
862.375	0.0668
862.5	0.066
862.625	0.0676
862.75	0.066
862.875	0.0699
863.0	0.0676
863.125	0.0699
863.25	0.0707
863.375	0.0707
863.5	0.0707
863.625	0.0707
863.75	0.0707
863.875	0.0707
864.0	0.0707
864.125	0.0723
864.25	0.0738
864.375	0.0754
864.5	0.0754
864.625	0.0754
864.75	0.0754
864.875	0.0754
865.0	0.0746
865.125	0.0762
865.25	0.0754
865.375	0.0754
865.5	0.0762
865.625	0.0778
865.75	0.0762
865.875	0.0794
866.0	0.0801
866.125	0.0786
866.25	0.0794
866.375	0.0794
866.5	0.0801
866.625	0.0794
866.75	0.0801
866.875	0.0801
867.0	0.0801
867.125	0.0825
867.25	0.0817
867.375	0.0825
867.5	0.0849
867.625	0.0849
867.75	0.0849
867.875	0.0849
868.0	0.0841
868.125	0.0849
868.25	0.0864
868.375	0.0872
868.5	0.0864
868.625	0.0856
868.75	0.0888
868.875	0.0888
869.0	0.088
869.125	0.0896
869.25	0.0896
869.375	0.0904
869.5	0.0896
869.625	0.0904
869.75	0.0911
869.875	0.0935
870.0	0.0943
870.125	0.0943
870.25	0.0927
870.375	0.0943
870.5	0.0943
870.625	0.0943
870.75	0.0951
870.875	0.0951
871.0	0.0951
871.125	0.0943
871.25	0.0974
871.375	0.0959
871.5	0.099
871.625	0.0982
871.75	0.099
871.875	0.099
872.0	0.099
872.125	0.099
872.25	0.099
872.375	0.0998
872.5	0.0998
872.625	0.1029
872.75	0.1014
872.875	0.1014
873.0	0.1037
873.125	0.1037
873.25	0.1037
873.375	0.1037
873.5	0.1053
873.625	0.1037
873.75	0.1045
873.875	0.1037
874.0	0.1053
874.125	0.1061
874.25	0.1069
874.375	0.1084
874.5	0.1084
874.625	0.1084
874.75	0.1084
874.875	0.1092
875.0	0.1084
875.125	0.1108
875.25	0.1108
875.375	0.1108
875.5	0.1108
875.625	0.1124
875.75	0.1116
875.875	0.1116
876.0	0.1132
876.125	0.1132
876.25	0.1124
876.375	0.1147
876.5	0.1132
876.625	0.1132
876.75	0.1147
876.875	0.1132
877.0	0.1139
877.125	0.1132
877.25	0.1155
877.375	0.1155
877.5	0.1179
877.625	0.1179
877.75	0.1179
877.875	0.1179
878.0	0.1179
878.125	0.1187
878.25	0.1179
878.375	0.1187
878.5	0.1179
878.625	0.1187
878.75	0.1194
878.875	0.1202
879.0	0.1226
879.125	0.121
879.25	0.1226
879.375	0.1226
879.5	0.1226
879.625	0.121
879.75	0.1226
879.875	0.1226
880.0	0.1226
880.125	0.1226
880.25	0.1234
880.375	0.1226
880.5	0.1226
880.625	0.1226
880.75	0.1226
880.875	0.125
881.0	0.1234
881.125	0.1234
881.25	0.1265
881.375	0.1234
881.5	0.1242
881.625	0.1234
881.75	0.1242
881.875	0.1273
882.0	0.1242
882.125	0.1257
882.25	0.1257
882.375	0.1242
882.5	0.1257
882.625	0.1257
882.75	0.1265
882.875	0.1257
883.0	0.1265
883.125	0.1273
883.25	0.1257
883.375	0.1265
883.5	0.1257
883.625	0.1257
883.75	0.1265
883.875	0.1257
884.0	0.1257
884.125	0.1257
884.25	0.1257
884.375	0.1257
884.5	0.1265
884.625	0.1257
884.75	0.1265
884.875	0.1273
885.0	0.125
885.125	0.1273
885.25	0.1257
885.375	0.1273
885.5	0.125
885.625	0.1273
885.75	0.1242
885.875	0.1242
886.0	0.125
886.125	0.125
886.25	0.1234
886.375	0.1273
886.5	0.1273
886.625	0.1226
886.75	0.1242
886.875	0.1234
887.0	0.1242
887.125	0.1242
887.25	0.1242
887.375	0.1234
887.5	0.1234
887.625	0.1226
887.75	0.1226
887.875	0.1234
888.0	0.1226
888.125	0.1226
888.25	0.1226
888.375	0.1218
888.5	0.1226
888.625	0.1226
888.75	0.121
888.875	0.1218
889.0	0.1202
889.125	0.1218
889.25	0.121
889.375	0.1187
889.5	0.1194
889.625	0.1179
889.75	0.1179
889.875	0.1179
890.0	0.1179
890.125	0.1179
890.25	0.1179
890.375	0.1171
890.5	0.1171
890.625	0.1163
890.75	0.1155
890.875	0.1147
891.0	0.1139
891.125	0.1132
891.25	0.1132
891.375	0.1155
891.5	0.1139
891.625	0.1132
891.75	0.1132
891.875	0.1132
892.0	0.1132
892.125	0.1108
892.25	0.1108
892.375	0.1108
892.5	0.1092
892.625	0.1084
892.75	0.1084
892.875	0.1084
893.0	0.1084
893.125	0.1084
893.25	0.1084
893.375	0.1077
893.5	0.1077
893.625	0.1069
893.75	0.1061
893.875	0.1045
894.0	0.1061
894.125	0.1037
894.25	0.1045
894.375	0.1037
894.5	0.1037
894.625	0.1037
894.75	0.1037
894.875	0.1037
895.0	0.1022
895.125	0.1006
895.25	0.1014
895.375	0.099
895.5	0.099
895.625	0.099
895.75	0.099
895.875	0.099
896.0	0.0982
896.125	0.099
896.25	0.099
896.375	0.099
896.5	0.0966
896.625	0.0943
896.75	0.0959
896.875	0.0959
897.0	0.0959
897.125	0.0943
897.25	0.0943
897.375	0.0943
897.5	0.0943
897.625	0.0927
897.75	0.0943
897.875	0.0927
898.0	0.0911
898.125	0.0927
898.25	0.0904
898.375	0.0911
898.5	0.0896
898.625	0.0896
898.75	0.0896
898.875	0.0896
899.0	0.0896
899.125	0.0888
899.25	0.088
899.375	0.0888
899.5	0.0872
899.625	0.0864
899.75	0.0872
899.875	0.0856
