450.0	0.6517
450.125	0.6509
450.25	0.6485
450.375	0.6462
450.5	0.6462
450.625	0.643
450.75	0.6415
450.875	0.6375
451.0	0.6367
451.125	0.6367
451.25	0.6336
451.375	0.6312
451.5	0.6312
451.625	0.6273
451.75	0.6257
451.875	0.6226
452.0	0.6226
452.125	0.6218
452.25	0.6179
452.375	0.6179
452.5	0.6163
452.625	0.6132
452.75	0.6116
452.875	0.6084
453.0	0.6069
453.125	0.6061
453.25	0.6037
453.375	0.6029
453.5	0.599
453.625	0.599
453.75	0.5982
453.875	0.5959
454.0	0.5943
454.125	0.5935
454.25	0.5896
454.375	0.5896
454.5	0.5849
454.625	0.5849
454.75	0.5849
454.875	0.5833
455.0	0.5801
455.125	0.5778
455.25	0.5754
455.375	0.5754
455.5	0.5746
455.625	0.5731
455.75	0.5699
455.875	0.5707
456.0	0.566
456.125	0.566
456.25	0.566
456.375	0.5644
456.5	0.5613
456.625	0.5605
456.75	0.5613
456.875	0.5581
457.0	0.5566
457.125	0.5566
457.25	0.5558
457.375	0.5526
457.5	0.5518
457.625	0.5511
457.75	0.5503
457.875	0.5487
458.0	0.5455
458.125	0.5471
458.25	0.5463
458.375	0.544
458.5	0.5455
458.625	0.5455
458.75	0.5424
458.875	0.5424
459.0	0.5416
459.125	0.5416
459.25	0.5424
459.375	0.5393
459.5	0.54
459.625	0.54
459.75	0.5393
459.875	0.5408
460.0	0.54
460.125	0.5393
460.25	0.54
460.375	0.5408
460.5	0.5408
460.625	0.5424
460.75	0.5416
460.875	0.5424
461.0	0.5408
461.125	0.5416
461.25	0.5424
461.375	0.5416
461.5	0.5408
461.625	0.5416
461.75	0.5424
461.875	0.5424
462.0	0.5416
462.125	0.5424
462.25	0.5424
462.375	0.5424
462.5	0.5424
462.625	0.5424
462.75	0.5424
462.875	0.5448
463.0	0.5432
463.125	0.5424
463.25	0.5424
463.375	0.5432
463.5	0.5471
463.625	0.5463
463.75	0.5471
463.875	0.5487
464.0	0.5479
464.125	0.5518
464.25	0.5526
464.375	0.5566
464.5	0.5566
464.625	0.5581
464.75	0.5597
464.875	0.5605
465.0	0.5621
465.125	0.566
465.25	0.5644
465.375	0.566
465.5	0.5668
465.625	0.5699
465.75	0.5676
465.875	0.5707
466.0	0.5723
466.125	0.5731
466.25	0.5746
466.375	0.5778
466.5	0.577
466.625	0.5801
466.75	0.5801
466.875	0.5849
467.0	0.5856
467.125	0.5864
467.25	0.5896
467.375	0.5927
467.5	0.5927
467.625	0.5935
467.75	0.5966
467.875	0.5982
468.0	0.599
468.125	0.6029
468.25	0.6045
468.375	0.6037
468.5	0.6084
468.625	0.6084
468.75	0.6108
468.875	0.6124
469.0	0.6147
469.125	0.6171
469.25	0.6179
469.375	0.6202
469.5	0.6226
469.625	0.6234
469.75	0.6257
469.875	0.6273
470.0	0.632
470.125	0.632
470.25	0.6336
470.375	0.6367
470.5	0.6383
470.625	0.6415
470.75	0.643
470.875	0.6462
471.0	0.6462
471.125	0.6509
471.25	0.6525
471.375	0.6556
471.5	0.658
471.625	0.6603
471.75	0.6635
471.875	0.665
472.0	0.6682
472.125	0.6698
472.25	0.6729
472.375	0.6745
472.5	0.6776
472.625	0.6792
472.75	0.6816
472.875	0.6839
473.0	0.6878
473.125	0.6886
473.25	0.6918
473.375	0.6933
473.5	0.6957
473.625	0.6981
473.75	0.7004
473.875	0.7028
474.0	0.7067
474.125	0.7075
474.25	0.7122
474.375	0.7161
474.5	0.7169
474.625	0.7201
474.75	0.7216
474.875	0.7256
475.0	0.7279
475.125	0.7287
475.25	0.7311
475.375	0.735
475.5	0.7374
475.625	0.7405
475.75	0.7429
475.875	0.7452
476.0	0.75
476.125	0.75
476.25	0.7523
476.375	0.7539
476.5	0.7562
476.625	0.7602
476.75	0.7617
476.875	0.7641
477.0	0.768
477.125	0.7712
477.25	0.7735
477.375	0.7767
477.5	0.7783
477.625	0.7814
477.75	0.7838
477.875	0.7877
478.0	0.7916
478.125	0.794
478.25	0.7979
478.375	0.8018
478.5	0.8018
478.625	0.8073
478.75	0.8097
478.875	0.8113
479.0	0.8168
479.125	0.8207
479.25	0.8254
479.375	0.8262
479.5	0.8309
479.625	0.8341
479.75	0.8364
479.875	0.8396
480.0	0.8443
480.125	0.8443
480.25	0.8498
480.375	0.8537
480.5	0.8584
480.625	0.8592
480.75	0.8632
480.875	0.8679
481.0	0.8742
481.125	0.8765
481.25	0.8789
481.375	0.8852
481.5	0.8867
481.625	0.8915
481.75	0.897
481.875	0.9001
482.0	0.9048
482.125	0.9088
482.25	0.9103
482.375	0.915
482.5	0.9198
482.625	0.9221
482.75	0.9245
482.875	0.9292
483.0	0.9339
483.125	0.9371
483.25	0.941
483.375	0.9433
483.5	0.9481
483.625	0.9528
483.75	0.9544
483.875	0.9575
484.0	0.9622
484.125	0.9661
484.25	0.9677
484.375	0.9732
484.5	0.9756
484.625	0.9811
484.75	0.9819
484.875	0.9858
485.0	0.9905
485.125	0.9952
485.25	0.9992
485.375	1.0007
485.5	1.0047
485.625	1.0094
485.75	1.0141
485.875	1.018
486.0	1.0188
486.125	1.0235
486.25	1.0283
486.375	1.0298
486.5	1.0353
486.625	1.0369
486.75	1.0393
486.875	1.044
487.0	1.0471
487.125	1.0503
487.25	1.0526
487.375	1.0573
487.5	1.0613
487.625	1.0652
487.75	1.0683
487.875	1.0707
488.0	1.0754
488.125	1.0801
488.25	1.0825
488.375	1.0864
488.5	1.088
488.625	1.0919
488.75	1.0951
488.875	1.0998
489.0	1.1037
489.125	1.1084
489.25	1.1108
489.375	1.1132
489.5	1.1179
489.625	1.1218
489.75	1.1226
489.875	1.1273
490.0	1.1281
490.125	1.132
490.25	1.136
490.375	1.1415
490.5	1.1422
490.625	1.1462
490.75	1.1485
490.875	1.1556
491.0	1.1556
491.125	1.1603
491.25	1.1643
491.375	1.1674
491.5	1.1698
491.625	1.1745
491.75	1.1792
491.875	1.1808
492.0	1.1839
492.125	1.1886
492.25	1.1918
492.375	1.1933
492.5	1.1981
492.625	1.2028
492.75	1.2051
492.875	1.2091
493.0	1.2122
493.125	1.2169
493.25	1.2201
493.375	1.2216
493.5	1.2264
493.625	1.2311
493.75	1.235
493.875	1.2358
494.0	1.2405
494.125	1.2452
494.25	1.25
494.375	1.2547
494.5	1.257
494.625	1.2641
494.75	1.2641
494.875	1.2688
495.0	1.2712
495.125	1.2759
495.25	1.2783
495.375	1.283
495.5	1.2845
495.625	1.2877
495.75	1.2924
495.875	1.2971
496.0	1.2979
496.125	1.3018
496.25	1.3066
496.375	1.3089
496.5	1.3113
496.625	1.316
496.75	1.3183
496.875	1.3207
497.0	1.3254
497.125	1.3286
497.25	1.3301
497.375	1.3333
497.5	1.3364
497.625	1.3396
497.75	1.3435
497.875	1.3451
498.0	1.349
498.125	1.3522
498.25	1.3537
498.375	1.3584
498.5	1.3632
498.625	1.3639
498.75	1.3687
498.875	1.3726
499.0	1.3726
499.125	1.3773
499.25	1.382
499.375	1.382
499.5	1.3867
499.625	1.3915
499.75	1.3922
499.875	1.3962
500.0	1.4009
500.125	1.4048
500.25	1.4056
500.375	1.4103
500.5	1.4119
500.625	1.415
500.75	1.4198
500.875	1.4237
501.0	1.4253
501.125	1.4292
501.25	1.43
501.375	1.4339
501.5	1.4386
501.625	1.4402
501.75	1.4433
501.875	1.4481
502.0	1.4512
502.125	1.4528
502.25	1.4575
502.375	1.4583
502.5	1.463
502.625	1.4669
502.75	1.4716
502.875	1.4716
503.0	1.4764
503.125	1.4787
503.25	1.4811
503.375	1.4858
503.5	1.4866
503.625	1.4905
503.75	1.4952
503.875	1.4968
504.0	1.5
504.125	1.5047
504.25	1.5023
504.375	1.4984
504.5	1.4905
504.625	1.4952
504.75	1.4952
504.875	1.5047
505.0	1.5047
505.125	1.5094
505.25	1.511
505.375	1.5141
505.5	1.5149
505.625	1.5188
505.75	1.5204
505.875	1.5235
506.0	1.5243
506.125	1.529
506.25	1.5322
506.375	1.5338
506.5	1.5377
506.625	1.5393
506.75	1.5424
506.875	1.5448
507.0	1.5471
507.125	1.5518
507.25	1.5566
507.375	1.5566
507.5	1.5613
507.625	1.5613
507.75	1.566
507.875	1.5691
508.0	1.5723
508.125	1.5754
508.25	1.5786
508.375	1.5801
508.5	1.5833
508.625	1.5849
508.75	1.588
508.875	1.5904
509.0	1.5943
509.125	1.599
509.25	1.599
509.375	1.6037
509.5	1.6069
509.625	1.6116
509.75	1.6132
509.875	1.6171
510.0	1.6179
510.125	1.6218
510.25	1.625
510.375	1.6273
510.5	1.6312
510.625	1.6344
510.75	1.6367
510.875	1.6399
511.0	1.6415
511.125	1.6422
511.25	1.6462
511.375	1.6509
511.5	1.6509
511.625	1.6556
511.75	1.6572
511.875	1.6603
512.0	1.6643
512.125	1.6635
512.25	1.6666
512.375	1.6698
512.5	1.6745
512.625	1.6753
512.75	1.6792
512.875	1.6792
513.0	1.68
513.125	1.6847
513.25	1.6886
513.375	1.6933
513.5	1.6957
513.625	1.6957
513.75	1.6981
513.875	1.7028
514.0	1.7028
514.125	1.7075
514.25	1.7075
514.375	1.7114
514.5	1.7122
514.625	1.7169
514.75	1.7169
514.875	1.7216
515.0	1.7248
515.125	1.7264
515.25	1.7264
515.375	1.7311
515.5	1.7334
515.625	1.7358
515.75	1.7374
515.875	1.7413
516.0	1.7421
516.125	1.7452
516.25	1.746
516.375	1.75
516.5	1.7507
516.625	1.7547
516.75	1.7586
516.875	1.7602
517.0	1.761
517.125	1.7641
517.25	1.7641
517.375	1.7688
517.5	1.7696
517.625	1.7735
517.75	1.7735
517.875	1.7743
518.0	1.7783
518.125	1.7783
518.25	1.783
518.375	1.783
518.5	1.7877
518.625	1.7877
518.75	1.7877
518.875	1.7924
519.0	1.7924
519.125	1.7963
519.25	1.7971
519.375	1.8011
519.5	1.8018
519.625	1.8018
519.75	1.8026
519.875	1.8066
520.0	1.8097
520.125	1.8105
520.25	1.8113
520.375	1.8128
520.5	1.8136
520.625	1.816
520.75	1.8168
520.875	1.8183
521.0	1.8207
521.125	1.8246
521.25	1.8254
521.375	1.8262
521.5	1.8254
521.625	1.827
521.75	1.8309
521.875	1.8317
522.0	1.8349
522.125	1.8349
522.25	1.8364
522.375	1.8396
522.5	1.8396
522.625	1.8443
522.75	1.8443
522.875	1.849
523.0	1.8466
523.125	1.849
523.25	1.8537
523.375	1.8537
523.5	1.8584
523.625	1.8584
523.75	1.8592
523.875	1.8632
524.0	1.8632
524.125	1.8632
524.25	1.8632
524.375	1.8679
524.5	1.871
524.625	1.8726
524.75	1.8726
524.875	1.8742
525.0	1.8773
525.125	1.8773
525.25	1.8805
525.375	1.882
525.5	1.8844
525.625	1.8844
525.75	1.8867
525.875	1.8867
526.0	1.8899
526.125	1.8915
526.25	1.8922
526.375	1.8922
526.5	1.8962
526.625	1.8962
526.75	1.8977
526.875	1.9009
527.0	1.9025
527.125	1.9056
527.25	1.9056
527.375	1.908
527.5	1.9103
527.625	1.9103
527.75	1.9127
527.875	1.915
528.0	1.9174
528.125	1.9198
528.25	1.9198
528.375	1.9198
528.5	1.9245
528.625	1.9245
528.75	1.9292
528.875	1.9292
529.0	1.9292
529.125	1.9308
529.25	1.9339
529.375	1.9347
529.5	1.9386
529.625	1.9386
529.75	1.9433
529.875	1.9433
530.0	1.9465
530.125	1.9457
530.25	1.9488
530.375	1.9512
530.5	1.9528
530.625	1.9536
530.75	1.9551
530.875	1.9575
531.0	1.9591
531.125	1.9622
531.25	1.963
531.375	1.9661
531.5	1.9669
531.625	1.9669
531.75	1.9701
531.875	1.9716
532.0	1.9732
532.125	1.9748
532.25	1.9764
532.375	1.9764
532.5	1.9803
532.625	1.9803
532.75	1.9811
532.875	1.9858
533.0	1.9866
533.125	1.9882
533.25	1.9905
533.375	1.9905
533.5	1.9913
533.625	1.9952
533.75	1.9952
533.875	1.9952
534.0	2.0
534.125	2.0007
534.25	2.0015
534.375	2.0031
534.5	2.0047
534.625	2.0047
534.75	2.0055
534.875	2.0117
535.0	2.0094
535.125	2.0141
535.25	2.0141
535.375	2.0165
535.5	2.0157
535.625	2.0188
535.75	2.0235
535.875	2.0235
536.0	2.0212
536.125	2.0235
536.25	2.0235
536.375	2.0283
536.5	2.0283
536.625	2.0283
536.75	2.0306
536.875	2.033
537.0	2.033
537.125	2.0338
537.25	2.0377
537.375	2.0377
537.5	2.0416
537.625	2.0424
537.75	2.0424
537.875	2.0432
538.0	2.0455
538.125	2.0495
538.25	2.0479
538.375	2.0511
538.5	2.0495
538.625	2.0518
538.75	2.0526
538.875	2.055
539.0	2.0566
539.125	2.0566
539.25	2.0589
539.375	2.0597
539.5	2.0581
539.625	2.0589
539.75	2.0613
539.875	2.066
540.0	2.0644
540.125	2.066
540.25	2.0683
540.375	2.0715
540.5	2.0723
540.625	2.0707
540.75	2.0738
540.875	2.0754
541.0	2.0801
541.125	2.0801
541.25	2.0801
541.375	2.0809
541.5	2.0817
541.625	2.0849
541.75	2.0849
541.875	2.088
542.0	2.0888
542.125	2.0896
542.25	2.0896
542.375	2.0896
542.5	2.0943
542.625	2.0943
542.75	2.0951
542.875	2.0943
543.0	2.0974
543.125	2.099
543.25	2.099
543.375	2.0998
543.5	2.1022
543.625	2.1037
543.75	2.1037
543.875	2.1069
544.0	2.1084
544.125	2.1092
544.25	2.1084
544.375	2.1116
544.5	2.1132
544.625	2.11
544.75	2.1132
544.875	2.1132
545.0	2.1139
545.125	2.1139
545.25	2.1171
545.375	2.1179
545.5	2.1187
545.625	2.1226
545.75	2.121
545.875	2.1226
546.0	2.1234
546.125	2.125
546.25	2.1273
546.375	2.1257
546.5	2.1273
546.625	2.1273
546.75	2.1273
546.875	2.1273
547.0	2.1289
547.125	2.132
547.25	2.132
547.375	2.1344
547.5	2.1336
547.625	2.1336
547.75	2.1367
547.875	2.1375
548.0	2.1391
548.125	2.1391
548.25	2.1415
548.375	2.1415
548.5	2.1422
548.625	2.1415
548.75	2.1438
548.875	2.147
549.0	2.147
549.125	2.1462
549.25	2.1485
549.375	2.1509
549.5	2.1517
549.625	2.1548
549.75	2.154
549.875	2.1533
550.0	2.1556
550.125	2.1564
550.25	2.1595
550.375	2.1603
550.5	2.1603
550.625	2.1603
550.75	2.1643
550.875	2.1627
551.0	2.1627
551.125	2.165
551.25	2.165
551.375	2.1658
551.5	2.1682
551.625	2.1698
551.75	2.1698
551.875	2.1698
552.0	2.1713
552.125	2.1729
552.25	2.1745
552.375	2.1745
552.5	2.1745
552.625	2.1745
552.75	2.1776
552.875	2.1792
553.0	2.1792
553.125	2.18
553.25	2.1792
553.375	2.1831
553.5	2.1831
553.625	2.1839
553.75	2.1847
553.875	2.1886
554.0	2.1878
554.125	2.1886
554.25	2.1902
554.375	2.191
554.5	2.1886
554.625	2.1926
554.75	2.1933
554.875	2.1933
555.0	2.1933
555.125	2.1941
555.25	2.1949
555.375	2.1949
555.5	2.1949
555.625	2.1981
555.75	2.1981
555.875	2.1996
556.0	2.2012
556.125	2.2028
556.25	2.2028
556.375	2.2051
556.5	2.2067
556.625	2.2067
556.75	2.2075
556.875	2.2075
557.0	2.2099
557.125	2.2075
557.25	2.2106
557.375	2.2122
557.5	2.2122
557.625	2.2122
557.75	2.2169
557.875	2.2154
558.0	2.2169
558.125	2.2169
558.25	2.2169
558.375	2.2169
558.5	2.2169
558.625	2.2185
558.75	2.2193
558.875	2.2216
559.0	2.2216
559.125	2.2216
559.25	2.2216
559.375	2.2224
559.5	2.2248
559.625	2.2232
559.75	2.2232
559.875	2.2224
560.0	2.2264
560.125	2.2264
560.25	2.2272
560.375	2.2279
560.5	2.2311
560.625	2.2311
560.75	2.2311
560.875	2.2311
561.0	2.2319
561.125	2.2327
561.25	2.2358
561.375	2.2358
561.5	2.2358
561.625	2.2358
561.75	2.2374
561.875	2.2366
562.0	2.2358
562.125	2.2397
562.25	2.2405
562.375	2.2405
562.5	2.2405
562.625	2.2444
562.75	2.2452
562.875	2.2452
563.0	2.2476
563.125	2.2468
563.25	2.2452
563.375	2.2492
563.5	2.2484
563.625	2.25
563.75	2.25
563.875	2.2523
564.0	2.2531
564.125	2.2547
564.25	2.2539
564.375	2.2547
564.5	2.2547
564.625	2.257
564.75	2.2562
564.875	2.257
565.0	2.2578
565.125	2.257
565.25	2.2594
565.375	2.2594
565.5	2.2594
565.625	2.2602
565.75	2.2594
565.875	2.2594
566.0	2.2602
566.125	2.261
566.25	2.2641
566.375	2.2641
566.5	2.2641
566.625	2.2649
566.75	2.2649
566.875	2.2657
567.0	2.2641
567.125	2.2688
567.25	2.268
567.375	2.2672
567.5	2.2688
567.625	2.2704
567.75	2.272
567.875	2.272
568.0	2.2727
568.125	2.2712
568.25	2.2735
568.375	2.2735
568.5	2.2735
568.625	2.2735
568.75	2.2743
568.875	2.2759
569.0	2.2735
569.125	2.2751
569.25	2.2735
569.375	2.2759
569.5	2.2775
569.625	2.2775
569.75	2.2767
569.875	2.2775
570.0	2.2783
570.125	2.2798
570.25	2.2783
570.375	2.279
570.5	2.2822
570.625	2.279
570.75	2.283
570.875	2.2822
571.0	2.283
571.125	2.283
571.25	2.283
571.375	2.283
571.5	2.283
571.625	2.2853
571.75	2.2853
571.875	2.2877
572.0	2.2877
572.125	2.2877
572.25	2.2908
572.375	2.2877
572.5	2.2885
572.625	2.29
572.75	2.2885
572.875	2.2877
573.0	2.2885
573.125	2.2908
573.25	2.2893
573.375	2.2924
573.5	2.2908
573.625	2.2885
573.75	2.29
573.875	2.2924
574.0	2.2924
574.125	2.2924
574.25	2.2916
574.375	2.2916
574.5	2.2932
574.625	2.2924
574.75	2.2924
574.875	2.2924
575.0	2.2924
575.125	2.294
575.25	2.2924
575.375	2.2955
575.5	2.2955
575.625	2.294
575.75	2.2932
575.875	2.2932
576.0	2.2948
576.125	2.2932
576.25	2.2924
576.375	2.2971
576.5	2.2963
576.625	2.2948
576.75	2.2924
576.875	2.2948
577.0	2.2948
577.125	2.2963
577.25	2.2932
577.375	2.294
577.5	2.2924
577.625	2.2932
577.75	2.294
577.875	2.2971
578.0	2.2932
578.125	2.294
578.25	2.294
578.375	2.2948
578.5	2.2932
578.625	2.2948
578.75	2.2948
578.875	2.2971
579.0	2.2924
579.125	2.2924
579.25	2.2924
579.375	2.2924
579.5	2.2924
579.625	2.2924
579.75	2.2924
579.875	2.2908
580.0	2.2924
580.125	2.2908
580.25	2.2924
580.375	2.2924
580.5	2.2924
580.625	2.2916
580.75	2.2924
580.875	2.2916
581.0	2.2885
581.125	2.29
581.25	2.2877
581.375	2.2885
581.5	2.2877
581.625	2.2869
581.75	2.2869
581.875	2.2853
582.0	2.2877
582.125	2.2877
582.25	2.283
582.375	2.2869
582.5	2.2853
582.625	2.283
582.75	2.2861
582.875	2.283
583.0	2.2853
583.125	2.283
583.25	2.283
583.375	2.2806
583.5	2.2783
583.625	2.2798
583.75	2.279
583.875	2.2783
584.0	2.2751
584.125	2.2759
584.25	2.2775
584.375	2.2751
584.5	2.2783
584.625	2.2735
584.75	2.2743
584.875	2.2735
585.0	2.2735
585.125	2.2735
585.25	2.2735
585.375	2.272
585.5	2.2712
585.625	2.2704
585.75	2.2688
585.875	2.2735
586.0	2.2696
586.125	2.2665
586.25	2.2657
586.375	2.2649
586.5	2.2688
586.625	2.2641
586.75	2.2641
586.875	2.2641
587.0	2.2641
587.125	2.2641
587.25	2.2633
587.375	2.2602
587.5	2.261
587.625	2.2594
587.75	2.257
587.875	2.2594
588.0	2.2562
588.125	2.2547
588.25	2.2547
588.375	2.2539
588.5	2.2547
588.625	2.25
588.75	2.25
588.875	2.2452
589.0	2.246
589.125	2.2492
589.25	2.2452
589.375	2.2452
589.5	2.2437
589.625	2.2421
589.75	2.2421
589.875	2.2405
590.0	2.2405
590.125	2.2358
590.25	2.2358
590.375	2.2358
590.5	2.235
590.625	2.2327
590.75	2.2327
590.875	2.2319
591.0	2.2311
591.125	2.2303
591.25	2.2303
591.375	2.2272
591.5	2.2264
591.625	2.2264
591.75	2.224
591.875	2.2216
592.0	2.2201
592.125	2.2185
592.25	2.2185
592.375	2.2169
592.5	2.2138
592.625	2.2138
592.75	2.2122
592.875	2.2122
593.0	2.2091
593.125	2.2099
593.25	2.2083
593.375	2.2036
593.5	2.2036
593.625	2.202
593.75	2.202
593.875	2.1988
594.0	2.1973
594.125	2.1933
594.25	2.1933
594.375	2.1886
594.5	2.1886
594.625	2.1886
594.75	2.1863
594.875	2.1855
595.0	2.1839
595.125	2.1816
595.25	2.18
595.375	2.1776
595.5	2.1776
595.625	2.1745
595.75	2.1745
595.875	2.1698
596.0	2.1682
596.125	2.1666
596.25	2.165
596.375	2.1635
596.5	2.1603
596.625	2.1603
596.75	2.1556
596.875	2.1556
597.0	2.1548
597.125	2.1525
597.25	2.1509
597.375	2.1509
597.5	2.1485
597.625	2.1454
597.75	2.143
597.875	2.1415
598.0	2.1415
598.125	2.1367
598.25	2.1367
598.375	2.1328
598.5	2.132
598.625	2.1273
598.75	2.1265
598.875	2.1257
599.0	2.1226
599.125	2.1202
599.25	2.1187
599.375	2.1171
599.5	2.1132
599.625	2.1132
599.75	2.1092
599.875	2.1092
600.0	2.1084
600.125	2.1037
600.25	2.099
600.375	2.0966
600.5	2.0966
600.625	2.0943
600.75	2.0919
600.875	2.0888
601.0	2.0864
601.125	2.0833
601.25	2.0801
601.375	2.0809
601.5	2.077
601.625	2.077
601.75	2.0738
601.875	2.0707
602.0	2.0676
602.125	2.0668
602.25	2.0644
602.375	2.0621
602.5	2.0613
602.625	2.0566
602.75	2.0518
602.875	2.0518
603.0	2.0495
603.125	2.0479
603.25	2.0448
603.375	2.0424
603.5	2.04
603.625	2.0377
603.75	2.0377
603.875	2.033
604.0	2.0298
604.125	2.0283
604.25	2.0275
604.375	2.0227
604.5	2.022
604.625	2.0188
604.75	2.0165
604.875	2.0141
605.0	2.0102
605.125	2.0094
605.25	2.007
605.375	2.0015
605.5	2.0015
605.625	1.9976
605.75	1.9976
605.875	1.9944
606.0	1.9905
606.125	1.9874
606.25	1.9827
606.375	1.9834
606.5	1.9803
606.625	1.9764
606.75	1.9748
606.875	1.9709
607.0	1.9677
607.125	1.9661
607.25	1.9646
607.375	1.9622
607.5	1.9599
607.625	1.9544
607.75	1.9504
607.875	1.9481
608.0	1.9481
608.125	1.9433
608.25	1.9394
608.375	1.9386
608.5	1.9355
608.625	1.9339
608.75	1.93
608.875	1.9268
609.0	1.9245
609.125	1.9205
609.25	1.9198
609.375	1.9174
609.5	1.9143
609.625	1.908
609.75	1.908
609.875	1.9025
610.0	1.9009
610.125	1.8954
610.25	1.8954
610.375	1.8915
610.5	1.8899
610.625	1.8844
610.75	1.882
610.875	1.8797
611.0	1.8773
611.125	1.8726
611.25	1.8702
611.375	1.8679
611.5	1.8632
611.625	1.8616
611.75	1.8584
611.875	1.8545
612.0	1.8506
612.125	1.849
612.25	1.8443
612.375	1.8411
612.5	1.838
612.625	1.8364
612.75	1.8325
612.875	1.8301
613.0	1.8301
613.125	1.8254
613.25	1.8207
613.375	1.8207
613.5	1.8144
613.625	1.8113
613.75	1.8113
613.875	1.8105
614.0	1.8018
614.125	1.7995
614.25	1.7963
614.375	1.7932
614.5	1.7908
614.625	1.7885
614.75	1.7861
614.875	1.783
615.0	1.779
615.125	1.7759
615.25	1.7727
615.375	1.7704
615.5	1.7657
615.625	1.7633
615.75	1.7602
615.875	1.7555
616.0	1.7539
616.125	1.7507
616.25	1.7476
616.375	1.7413
616.5	1.7405
616.625	1.7366
616.75	1.7327
616.875	1.7272
617.0	1.7264
617.125	1.7224
617.25	1.7177
617.375	1.7161
617.5	1.7114
617.625	1.7122
617.75	1.7177
617.875	1.7209
618.0	1.7169
618.125	1.7122
618.25	1.7051
618.375	1.6981
618.5	1.6981
618.625	1.6933
618.75	1.6894
618.875	1.6886
619.0	1.6847
619.125	1.6784
619.25	1.6761
619.375	1.6745
619.5	1.6698
619.625	1.6666
619.75	1.6619
619.875	1.6603
620.0	1.6556
620.125	1.6517
620.25	1.6501
620.375	1.6462
620.5	1.6415
620.625	1.6375
620.75	1.6344
620.875	1.6344
621.0	1.6289
621.125	1.6273
621.25	1.621
621.375	1.6179
621.5	1.6132
621.625	1.61
621.75	1.6037
621.875	1.6037
622.0	1.6006
622.125	1.5966
622.25	1.5935
622.375	1.5896
622.5	1.5856
622.625	1.5849
622.75	1.5801
622.875	1.5778
623.0	1.5731
623.125	1.5707
623.25	1.5668
623.375	1.5652
623.5	1.5597
623.625	1.5566
623.75	1.5526
623.875	1.5503
624.0	1.5471
624.125	1.5408
624.25	1.5377
624.375	1.5361
624.5	1.5322
624.625	1.5275
624.75	1.5243
624.875	1.5188
625.0	1.5157
625.125	1.511
625.25	1.5094
625.375	1.5062
625.5	1.5047
625.625	1.5007
625.75	1.4968
625.875	1.4937
626.0	1.4905
626.125	1.4889
626.25	1.485
626.375	1.4779
626.5	1.4764
626.625	1.4732
626.75	1.4693
626.875	1.4669
627.0	1.463
627.125	1.4591
627.25	1.4551
627.375	1.4512
627.5	1.4496
627.625	1.4473
627.75	1.4418
627.875	1.4386
628.0	1.4339
628.125	1.4323
628.25	1.4292
628.375	1.4253
628.5	1.4229
628.625	1.4174
628.75	1.415
628.875	1.4103
629.0	1.4064
629.125	1.4033
629.25	1.3977
629.375	1.3946
629.5	1.3915
629.625	1.3867
629.75	1.3852
629.875	1.3805
630.0	1.3765
630.125	1.3734
630.25	1.3687
630.375	1.3679
630.5	1.3639
630.625	1.3592
630.75	1.3537
630.875	1.3529
631.0	1.349
631.125	1.3459
631.25	1.3419
631.375	1.338
631.5	1.3349
631.625	1.3317
631.75	1.3262
631.875	1.3223
632.0	1.3207
632.125	1.3183
632.25	1.3152
632.375	1.3113
632.5	1.3058
632.625	1.3018
632.75	1.2995
632.875	1.294
633.0	1.2924
633.125	1.2877
633.25	1.2838
633.375	1.2822
633.5	1.2743
633.625	1.2727
633.75	1.2712
633.875	1.2665
634.0	1.2641
634.125	1.2594
634.25	1.2578
634.375	1.2539
634.5	1.2468
634.625	1.246
634.75	1.2413
634.875	1.2397
635.0	1.2334
635.125	1.2295
635.25	1.2264
635.375	1.2216
635.5	1.2185
635.625	1.2154
635.75	1.2122
635.875	1.2075
636.0	1.2036
636.125	1.1981
636.25	1.1981
636.375	1.1933
636.5	1.1894
636.625	1.1863
636.75	1.1823
636.875	1.1776
637.0	1.1745
637.125	1.1705
637.25	1.1698
637.375	1.165
637.5	1.1603
637.625	1.158
637.75	1.1517
637.875	1.1509
638.0	1.1462
638.125	1.1415
638.25	1.1415
638.375	1.1352
638.5	1.132
638.625	1.1273
638.75	1.1257
638.875	1.1226
639.0	1.1179
639.125	1.1132
639.25	1.1124
639.375	1.1061
639.5	1.1029
639.625	1.1006
639.75	1.0951
639.875	1.0927
640.0	1.0896
640.125	1.0849
640.25	1.0801
640.375	1.0801
640.5	1.0754
640.625	1.0707
640.75	1.0668
640.875	1.0628
641.0	1.0613
641.125	1.0566
641.25	1.0534
641.375	1.0487
641.5	1.0471
641.625	1.044
641.75	1.0416
641.875	1.0361
642.0	1.033
642.125	1.0298
642.25	1.0267
642.375	1.0235
642.5	1.0196
642.625	1.0172
642.75	1.0133
642.875	1.0102
643.0	1.0078
643.125	1.0047
643.25	1.0
643.375	0.9952
643.5	0.9921
643.625	0.9897
643.75	0.9858
643.875	0.9811
644.0	0.9795
644.125	0.974
644.25	0.9701
644.375	0.9669
644.5	0.9654
644.625	0.9614
644.75	0.9551
644.875	0.9551
645.0	0.952
645.125	0.9481
645.25	0.9457
645.375	0.9433
645.5	0.9371
645.625	0.9347
645.75	0.9339
645.875	0.9284
646.0	0.9245
646.125	0.9245
646.25	0.9198
646.375	0.915
646.5	0.9135
646.625	0.9103
646.75	0.9056
646.875	0.9017
647.0	0.9001
647.125	0.8977
647.25	0.8954
647.375	0.8915
647.5	0.8891
647.625	0.886
647.75	0.882
647.875	0.8789
648.0	0.8757
648.125	0.8726
648.25	0.8679
648.375	0.8639
648.5	0.8632
648.625	0.8577
648.75	0.8577
648.875	0.8514
649.0	0.849
649.125	0.8474
649.25	0.8435
649.375	0.8404
649.5	0.838
649.625	0.8349
649.75	0.8325
649.875	0.8301
650.0	0.8254
650.125	0.8254
650.25	0.8207
650.375	0.8191
650.5	0.8183
650.625	0.8113
650.75	0.8113
650.875	0.8066
651.0	0.8058
651.125	0.8018
651.25	0.7971
651.375	0.7971
651.5	0.7924
651.625	0.7893
651.75	0.7861
651.875	0.783
652.0	0.7806
652.125	0.7783
652.25	0.7735
652.375	0.7704
652.5	0.7688
652.625	0.7657
652.75	0.7633
652.875	0.7586
653.0	0.7547
653.125	0.7507
653.25	0.75
653.375	0.7452
653.5	0.7452
653.625	0.7405
653.75	0.7366
653.875	0.7358
654.0	0.7311
654.125	0.7264
654.25	0.7264
654.375	0.7232
654.5	0.7216
654.625	0.7169
654.75	0.7161
654.875	0.7122
655.0	0.7099
655.125	0.7075
655.25	0.7028
655.375	0.7028
655.5	0.6988
655.625	0.6973
655.75	0.6941
655.875	0.6933
656.0	0.6886
656.125	0.6878
656.25	0.6839
656.375	0.6831
656.5	0.6816
656.625	0.6792
656.75	0.6768
656.875	0.6737
657.0	0.669
657.125	0.6698
657.25	0.6674
657.375	0.6635
657.5	0.6603
657.625	0.6588
657.75	0.6572
657.875	0.654
658.0	0.6533
658.125	0.6509
658.25	0.647
658.375	0.6462
658.5	0.6415
658.625	0.6391
658.75	0.6375
658.875	0.6352
659.0	0.632
659.125	0.6297
659.25	0.6273
659.375	0.6234
659.5	0.6226
659.625	0.6194
659.75	0.6179
659.875	0.6132
660.0	0.6132
660.125	0.6092
660.25	0.6061
660.375	0.6053
660.5	0.6037
660.625	0.599
660.75	0.5974
660.875	0.5959
661.0	0.5943
661.125	0.5896
661.25	0.5896
661.375	0.5856
661.5	0.5849
661.625	0.5825
661.75	0.5801
661.875	0.5762
662.0	0.5738
662.125	0.5707
662.25	0.5699
662.375	0.5683
662.5	0.5652
662.625	0.5628
662.75	0.5613
662.875	0.5597
663.0	0.5566
663.125	0.5542
663.25	0.5518
663.375	0.5479
663.5	0.5471
663.625	0.5448
663.75	0.5424
663.875	0.5385
664.0	0.5377
664.125	0.5353
664.25	0.533
664.375	0.5283
664.5	0.5267
664.625	0.5243
664.75	0.5235
664.875	0.5188
665.0	0.5188
665.125	0.5141
665.25	0.5125
665.375	0.5102
665.5	0.5094
665.625	0.507
665.75	0.5031
665.875	0.5
666.0	0.4976
666.125	0.4952
666.25	0.4921
666.375	0.4921
666.5	0.4897
666.625	0.4882
666.75	0.4858
666.875	0.4827
667.0	0.4787
667.125	0.4764
667.25	0.474
667.375	0.4716
667.5	0.4701
667.625	0.4669
667.75	0.4669
667.875	0.4622
668.0	0.4614
668.125	0.4591
668.25	0.4559
668.375	0.4559
668.5	0.4512
668.625	0.4512
668.75	0.4481
668.875	0.4457
669.0	0.4433
669.125	0.4418
669.25	0.4394
669.375	0.4378
669.5	0.4339
669.625	0.4316
669.75	0.4292
669.875	0.4292
670.0	0.4245
670.125	0.4221
670.25	0.4198
670.375	0.4198
670.5	0.415
670.625	0.415
670.75	0.4111
670.875	0.4103
671.0	0.4064
671.125	0.4056
671.25	0.404
671.375	0.4009
671.5	0.4009
671.625	0.3962
671.75	0.3962
671.875	0.393
672.0	0.3922
672.125	0.3915
672.25	0.3875
672.375	0.3867
672.5	0.386
672.625	0.3828
672.75	0.3797
672.875	0.3773
673.0	0.3773
673.125	0.375
673.25	0.3726
673.375	0.3694
673.5	0.3694
673.625	0.3679
673.75	0.3647
673.875	0.3632
674.0	0.3616
674.125	0.3584
674.25	0.3584
674.375	0.3561
674.5	0.3537
674.625	0.3529
674.75	0.349
674.875	0.3482
675.0	0.3451
675.125	0.3443
675.25	0.3396
675.375	0.3396
675.5	0.3349
675.625	0.3341
675.75	0.3301
675.875	0.3301
676.0	0.3286
676.125	0.3254
676.25	0.3238
676.375	0.3207
676.5	0.3183
676.625	0.316
676.75	0.316
676.875	0.3128
677.0	0.3128
677.125	0.3105
677.25	0.3073
677.375	0.3058
677.5	0.3042
677.625	0.3018
677.75	0.3011
677.875	0.3011
678.0	0.2971
678.125	0.2963
678.25	0.2924
678.375	0.2924
678.5	0.29
678.625	0.2877
678.75	0.2877
678.875	0.2869
679.0	0.283
679.125	0.2806
679.25	0.2798
679.375	0.2783
679.5	0.2775
679.625	0.2735
679.75	0.2735
679.875	0.2712
680.0	0.2688
680.125	0.2672
680.25	0.2672
680.375	0.2641
680.5	0.2633
680.625	0.2602
680.75	0.2594
680.875	0.2578
681.0	0.2555
681.125	0.2539
681.25	0.2531
681.375	0.25
681.5	0.25
681.625	0.2492
681.75	0.2452
681.875	0.2421
682.0	0.2437
682.125	0.2397
682.25	0.2405
682.375	0.2382
682.5	0.2358
682.625	0.2358
682.75	0.2342
682.875	0.2319
683.0	0.2311
683.125	0.2279
683.25	0.2264
683.375	0.2272
683.5	0.2232
683.625	0.2232
683.75	0.2216
683.875	0.2209
684.0	0.2177
684.125	0.2169
684.25	0.2146
684.375	0.2154
684.5	0.2122
684.625	0.2122
684.75	0.2075
684.875	0.2067
685.0	0.2075
685.125	0.2044
685.25	0.202
685.375	0.202
685.5	0.1981
685.625	0.1973
685.75	0.1949
685.875	0.1902
686.0	0.1886
686.125	0.1886
686.25	0.1839
686.375	0.1831
686.5	0.18
686.625	0.1792
686.75	0.1761
686.875	0.1745
687.0	0.1745
687.125	0.1729
687.25	0.1721
687.375	0.1682
687.5	0.1658
687.625	0.1643
687.75	0.1643
687.875	0.1603
688.0	0.1603
688.125	0.1588
688.25	0.1556
688.375	0.1548
688.5	0.1517
688.625	0.1517
688.75	0.1509
688.875	0.1509
689.0	0.1485
689.125	0.1477
689.25	0.1462
689.375	0.1438
689.5	0.1415
689.625	0.1415
689.75	0.1407
689.875	0.1415
690.0	0.1391
690.125	0.1407
690.25	0.1391
690.375	0.1391
690.5	0.136
690.625	0.1367
690.75	0.1367
690.875	0.136
691.0	0.1367
691.125	0.1367
691.25	0.1352
691.375	0.1344
691.5	0.1367
691.625	0.132
691.75	0.1328
691.875	0.132
692.0	0.1305
692.125	0.1289
692.25	0.1273
692.375	0.1265
692.5	0.125
692.625	0.1226
692.75	0.1226
692.875	0.1218
693.0	0.1226
693.125	0.1194
693.25	0.1194
693.375	0.1179
693.5	0.1171
693.625	0.1147
693.75	0.1147
693.875	0.1132
694.0	0.1132
694.125	0.1132
694.25	0.1108
694.375	0.1108
694.5	0.1077
694.625	0.1077
694.75	0.1077
694.875	0.1084
695.0	0.1037
695.125	0.1037
695.25	0.1037
695.375	0.1037
695.5	0.1037
695.625	0.1037
695.75	0.1006
695.875	0.1014
696.0	0.0998
696.125	0.099
696.25	0.0982
696.375	0.099
696.5	0.0982
696.625	0.0943
696.75	0.0943
696.875	0.0935
697.0	0.0888
697.125	0.0872
697.25	0.0849
697.375	0.0833
697.5	0.0817
697.625	0.0801
697.75	0.0801
697.875	0.0754
698.0	0.0754
698.125	0.0738
698.25	0.0731
698.375	0.0738
698.5	0.0707
698.625	0.0723
698.75	0.0723
698.875	0.0731
699.0	0.0707
699.125	0.0707
699.25	0.0707
699.375	0.0707
699.5	0.0691
699.625	0.0707
699.75	0.0676
699.875	0.066
700.0	0.066
700.125	0.066
700.25	0.0668
700.375	0.0644
700.5	0.0644
700.625	0.0613
700.75	0.0613
700.875	0.0621
701.0	0.0613
701.125	0.0605
701.25	0.0581
701.375	0.0566
701.5	0.0566
701.625	0.0566
701.75	0.0566
701.875	0.0566
702.0	0.055
702.125	0.0518
702.25	0.0518
702.375	0.0511
702.5	0.0518
702.625	0.0503
702.75	0.0518
702.875	0.0471
703.0	0.0487
703.125	0.0479
703.25	0.0471
703.375	0.0471
703.5	0.0471
703.625	0.0471
703.75	0.0479
703.875	0.0471
704.0	0.0471
704.125	0.0455
704.25	0.0471
704.375	0.0455
704.5	0.0432
704.625	0.0416
704.75	0.0424
704.875	0.0424
705.0	0.0424
705.125	0.04
705.25	0.04
705.375	0.04
705.5	0.0377
705.625	0.0377
705.75	0.0345
705.875	0.0369
706.0	0.0345
706.125	0.0338
706.25	0.033
706.375	0.033
706.5	0.033
706.625	0.033
706.75	0.0306
706.875	0.029
707.0	0.029
707.125	0.0306
707.25	0.0283
707.375	0.0283
707.5	0.0283
707.625	0.0283
707.75	0.0251
707.875	0.0235
708.0	0.0251
708.125	0.0235
708.25	0.0235
708.375	0.0235
708.5	0.0227
708.625	0.022
708.75	0.0212
708.875	0.0204
709.0	0.0196
709.125	0.0196
709.25	0.0188
709.375	0.0172
709.5	0.0165
709.625	0.0172
709.75	0.0165
709.875	0.0172
710.0	0.0141
710.125	0.0149
710.25	0.0141
710.375	0.0141
710.5	0.0141
710.625	0.0125
710.75	0.0125
710.875	0.0117
711.0	0.0094
711.125	0.0094
711.25	0.0086
711.375	0.011
711.5	0.0094
711.625	0.0094
711.75	0.0062
711.875	0.0047
712.0	0.0047
712.125	0.0047
712.25	0.0039
712.375	0.0047
712.5	0.0047
712.625	0.0023
712.75	0.0023
712.875	0.0039
713.0	0.0023
713.125	0.0
713.25	0.0
713.375	0.0
713.5	0.0
713.625	0.0
713.75	0.0
713.875	0.0
714.0	0.0
714.125	0.0
714.25	0.0
714.375	0.0
714.5	0.0
714.625	0.0
714.75	0.0
714.875	0.0
715.0	0.0
715.125	0.0
715.25	0.0
715.375	0.0
715.5	0.0
715.625	0.0
715.75	0.0
715.875	0.0
716.0	0.0
716.125	0.0
716.25	0.0
716.375	0.0
716.5	0.0
716.625	0.0
716.75	0.0
716.875	0.0
717.0	0.0
717.125	0.0
717.25	0.0
717.375	0.0
717.5	0.0
717.625	0.0
717.75	0.0
717.875	0.0
718.0	0.0
718.125	0.0
718.25	0.0
718.375	0.0
718.5	0.0
718.625	0.0
718.75	0.0
718.875	0.0
719.0	0.0
719.125	0.0
719.25	0.0
719.375	0.0
719.5	0.0
719.625	0.0
719.75	0.0
719.875	0.0
720.0	0.0
720.125	0.0
720.25	0.0
720.375	0.0
720.5	0.0
720.625	0.0
720.75	0.0
720.875	0.0
721.0	0.0
721.125	0.0
721.25	0.0
721.375	0.0
721.5	0.0
721.625	0.0
721.75	0.0
721.875	0.0
722.0	0.0
722.125	0.0
722.25	0.0
722.375	0.0
722.5	0.0
722.625	0.0
722.75	0.0
722.875	0.0
723.0	0.0
723.125	0.0
723.25	0.0
723.375	0.0
723.5	0.0
723.625	0.0
723.75	0.0
723.875	0.0
724.0	0.0
724.125	0.0
724.25	0.0
724.375	0.0
724.5	0.0
724.625	0.0
724.75	0.0
724.875	0.0
725.0	0.0
725.125	0.0
725.25	0.0
725.375	0.0
725.5	0.0
725.625	0.0
725.75	0.0
725.875	0.0
726.0	0.0
726.125	0.0
726.25	0.0
726.375	0.0
726.5	0.0
726.625	0.0
726.75	0.0
726.875	0.0
727.0	0.0
727.125	0.0
727.25	0.0
727.375	0.0
727.5	0.0
727.625	0.0
727.75	0.0
727.875	0.0
728.0	0.0
728.125	0.0
728.25	0.0
728.375	0.0
728.5	0.0
728.625	0.0
728.75	0.0
728.875	0.0
729.0	0.0
729.125	0.0
729.25	0.0
729.375	0.0
729.5	0.0
729.625	0.0
729.75	0.0
729.875	0.0
730.0	0.0
730.125	0.0
730.25	0.0
730.375	0.0
730.5	0.0
730.625	0.0
730.75	0.0
730.875	0.0
731.0	0.0
731.125	0.0
731.25	0.0
731.375	0.0
731.5	0.0
731.625	0.0
731.75	0.0
731.875	0.0
732.0	0.0
732.125	0.0
732.25	0.0
732.375	0.0
732.5	0.0
732.625	0.0
732.75	0.0
732.875	0.0
733.0	0.0
733.125	0.0
733.25	0.0
733.375	0.0
733.5	0.0
733.625	0.0
733.75	0.0
733.875	0.0
734.0	0.0
734.125	0.0
734.25	0.0
734.375	0.0
734.5	0.0
734.625	0.0
734.75	0.0
734.875	0.0
735.0	0.0
735.125	0.0
735.25	0.0
735.375	0.0
735.5	0.0
735.625	0.0
735.75	0.0
735.875	0.0
736.0	0.0
736.125	0.0
736.25	0.0
736.375	0.0
736.5	0.0
736.625	0.0
736.75	0.0
736.875	0.0
737.0	0.0
737.125	0.0
737.25	0.0
737.375	0.0
737.5	0.0
737.625	0.0
737.75	0.0
737.875	0.0
738.0	0.0
738.125	0.0
738.25	0.0
738.375	0.0
738.5	0.0
738.625	0.0
738.75	0.0
738.875	0.0
739.0	0.0
739.125	0.0
739.25	0.0
739.375	0.0
739.5	0.0
739.625	0.0
739.75	0.0
739.875	0.0
740.0	0.0
740.125	0.0
740.25	0.0
740.375	0.0
740.5	0.0
740.625	0.0
740.75	0.0
740.875	0.0
741.0	0.0
741.125	0.0
741.25	0.0
741.375	0.0
741.5	0.0
741.625	0.0
741.75	0.0
741.875	0.0
742.0	0.0
742.125	0.0
742.25	0.0
742.375	0.0
742.5	0.0
742.625	0.0
742.75	0.0
742.875	0.0
743.0	0.0
743.125	0.0
743.25	0.0
743.375	0.0
743.5	0.0
743.625	0.0
743.75	0.0
743.875	0.0
744.0	0.0
744.125	0.0
744.25	0.0
744.375	0.0
744.5	0.0
744.625	0.0
744.75	0.0
744.875	0.0
745.0	0.0
745.125	0.0
745.25	0.0
745.375	0.0
745.5	0.0
745.625	0.0
745.75	0.0
745.875	0.0
746.0	0.0
746.125	0.0
746.25	0.0
746.375	0.0
746.5	0.0
746.625	0.0
746.75	0.0
746.875	0.0
747.0	0.0
747.125	0.0
747.25	0.0
747.375	0.0
747.5	0.0
747.625	0.0
747.75	0.0
747.875	0.0
748.0	0.0
748.125	0.0
748.25	0.0
748.375	0.0
748.5	0.0
748.625	0.0
748.75	0.0
748.875	0.0
749.0	0.0
749.125	0.0
749.25	0.0
749.375	0.0
749.5	0.0
749.625	0.0
749.75	0.0
749.875	0.0
