300.0	0.0
300.125	0.0
300.25	0.0
300.375	0.0
300.5	0.0
300.625	0.0
300.75	0.0
300.875	0.0
301.0	0.0
301.125	0.0
301.25	0.0
301.375	0.0
301.5	0.0
301.625	0.0
301.75	0.0
301.875	0.0
302.0	0.0
302.125	0.0
302.25	0.0
302.375	0.0
302.5	0.0
302.625	0.0
302.75	0.0
302.875	0.0
303.0	0.0
303.125	0.0
303.25	0.0
303.375	0.0
303.5	0.0
303.625	0.0
303.75	0.0
303.875	0.0
304.0	0.0
304.125	0.0
304.25	0.0
304.375	0.0
304.5	0.0
304.625	0.0
304.75	0.0
304.875	0.0
305.0	0.0
305.125	0.0
305.25	0.0
305.375	0.0
305.5	0.0
305.625	0.0
305.75	0.0
305.875	0.0
306.0	0.0
306.125	0.0
306.25	0.0
306.375	0.0
306.5	0.0
306.625	0.0
306.75	0.0
306.875	0.0
307.0	0.0
307.125	0.0
307.25	0.0
307.375	0.0
307.5	0.0
307.625	0.0
307.75	0.0
307.875	0.0
308.0	0.0
308.125	0.0
308.25	0.0
308.375	0.0
308.5	0.0
308.625	0.0
308.75	0.0
308.875	0.0
309.0	0.0
309.125	0.0
309.25	0.0
309.375	0.0
309.5	0.0
309.625	0.0
309.75	0.0
309.875	0.0
310.0	0.0
310.125	0.0
310.25	0.0
310.375	0.0
310.5	0.0
310.625	0.0
310.75	0.0
310.875	0.0
311.0	0.0
311.125	0.0
311.25	0.0
311.375	0.0
311.5	0.0
311.625	0.0
311.75	0.0
311.875	0.0
312.0	0.0
312.125	0.0
312.25	0.0
312.375	0.0
312.5	0.0
312.625	0.0
312.75	0.0
312.875	0.0
313.0	0.0
313.125	0.0
313.25	0.0
313.375	0.0
313.5	0.0
313.625	0.0
313.75	0.0
313.875	0.0
314.0	0.0
314.125	0.0
314.25	0.0
314.375	0.0
314.5	0.0
314.625	0.0
314.75	0.0
314.875	0.0
315.0	0.0
315.125	0.0
315.25	0.0
315.375	0.0
315.5	0.0
315.625	0.0
315.75	0.0
315.875	0.0
316.0	0.0
316.125	0.0
316.25	0.0
316.375	0.0
316.5	0.0
316.625	0.0
316.75	0.0
316.875	0.0
317.0	0.0
317.125	0.0
317.25	0.0
317.375	0.0
317.5	0.0
317.625	0.0
317.75	0.0
317.875	0.0
318.0	0.0
318.125	0.0
318.25	0.0
318.375	0.0
318.5	0.0
318.625	0.0
318.75	0.0
318.875	0.0
319.0	0.0
319.125	0.0
319.25	0.0
319.375	0.0
319.5	0.0
319.625	0.0
319.75	0.0
319.875	0.0
320.0	0.0
320.125	0.0
320.25	0.0
320.375	0.0
320.5	0.0
320.625	0.0
320.75	0.0
320.875	0.0
321.0	0.0
321.125	0.0
321.25	0.0
321.375	0.0
321.5	0.0
321.625	0.0
321.75	0.0
321.875	0.0
322.0	0.0
322.125	0.0
322.25	0.0
322.375	0.0
322.5	0.0
322.625	0.0
322.75	0.0
322.875	0.0
323.0	0.0
323.125	0.0
323.25	0.0
323.375	0.0
323.5	0.0
323.625	0.0
323.75	0.0
323.875	0.0
324.0	0.0
324.125	0.0
324.25	0.0
324.375	0.0
324.5	0.0
324.625	0.0
324.75	0.0
324.875	0.0
325.0	0.0
325.125	0.0
325.25	0.0
325.375	0.0
325.5	0.0
325.625	0.0
325.75	0.0
325.875	0.0
326.0	0.0
326.125	0.0
326.25	0.0
326.375	0.0
326.5	0.0
326.625	0.0
326.75	0.0
326.875	0.0
327.0	0.0
327.125	0.0
327.25	0.0
327.375	0.0
327.5	0.0
327.625	0.0
327.75	0.0
327.875	0.0
328.0	0.0
328.125	0.0
328.25	0.0
328.375	0.0
328.5	0.0
328.625	0.0
328.75	0.0
328.875	0.0
329.0	0.0
329.125	0.0
329.25	0.0
329.375	0.0
329.5	0.0
329.625	0.0
329.75	0.0
329.875	0.0
330.0	0.0
330.125	0.0
330.25	0.0
330.375	0.0
330.5	0.0
330.625	0.0
330.75	0.0
330.875	0.0
331.0	0.0
331.125	0.0
331.25	0.0
331.375	0.0
331.5	0.0
331.625	0.0
331.75	0.0
331.875	0.0
332.0	0.0
332.125	0.0
332.25	0.0
332.375	0.0
332.5	0.0
332.625	0.0
332.75	0.0
332.875	0.0
333.0	0.0
333.125	0.0
333.25	0.0
333.375	0.0
333.5	0.0
333.625	0.0
333.75	0.0
333.875	0.0
334.0	0.0
334.125	0.0
334.25	0.0
334.375	0.0
334.5	0.0
334.625	0.0
334.75	0.0
334.875	0.0
335.0	0.0
335.125	0.0
335.25	0.0
335.375	0.0
335.5	0.0
335.625	0.0
335.75	0.0
335.875	0.0
336.0	0.0
336.125	0.0
336.25	0.0
336.375	0.0
336.5	0.0
336.625	0.0
336.75	0.0
336.875	0.0
337.0	0.0
337.125	0.0
337.25	0.0
337.375	0.0
337.5	0.0
337.625	0.0
337.75	0.0
337.875	0.0
338.0	0.0
338.125	0.0
338.25	0.0
338.375	0.0
338.5	0.0
338.625	0.0
338.75	0.0
338.875	0.0
339.0	0.0
339.125	0.0
339.25	0.0
339.375	0.0
339.5	0.0
339.625	0.0
339.75	0.0
339.875	0.0
340.0	0.0
340.125	0.0
340.25	0.0
340.375	0.0
340.5	0.0
340.625	0.0
340.75	0.0
340.875	0.0
341.0	0.0
341.125	0.0
341.25	0.0
341.375	0.0
341.5	0.0
341.625	0.0
341.75	0.0
341.875	0.0
342.0	0.0
342.125	0.0
342.25	0.0
342.375	0.0
342.5	0.0
342.625	0.0
342.75	0.0
342.875	0.0
343.0	0.0
343.125	0.0
343.25	0.0
343.375	0.0
343.5	0.0
343.625	0.0
343.75	0.0
343.875	0.0
344.0	0.0
344.125	0.0
344.25	0.0
344.375	0.0
344.5	0.0
344.625	0.0
344.75	0.0
344.875	0.0
345.0	0.0
345.125	0.0
345.25	0.0
345.375	0.0
345.5	0.0
345.625	0.0
345.75	0.0
345.875	0.0
346.0	0.0
346.125	0.0
346.25	0.0
346.375	0.0
346.5	0.0
346.625	0.0
346.75	0.0
346.875	0.0
347.0	0.0
347.125	0.0
347.25	0.0
347.375	0.0
347.5	0.0
347.625	0.0
347.75	0.0
347.875	0.0
348.0	0.0
348.125	0.0
348.25	0.0
348.375	0.0
348.5	0.0
348.625	0.0
348.75	0.0
348.875	0.0
349.0	0.0
349.125	0.0
349.25	0.0
349.375	0.0
349.5	0.0
349.625	0.0
349.75	0.0
349.875	0.0
350.0	0.0
350.125	0.0
350.25	0.0
350.375	0.0
350.5	0.0
350.625	0.0
350.75	0.0
350.875	0.0
351.0	0.0
351.125	0.0
351.25	0.0
351.375	0.0
351.5	0.0
351.625	0.0
351.75	0.0
351.875	0.0
352.0	0.0
352.125	0.0
352.25	0.0
352.375	0.0
352.5	0.0
352.625	0.0
352.75	0.0
352.875	0.0
353.0	0.0
353.125	0.0
353.25	0.0
353.375	0.0
353.5	0.0
353.625	0.0
353.75	0.0
353.875	0.0
354.0	0.0
354.125	0.0
354.25	0.0
354.375	0.0
354.5	0.0
354.625	0.0
354.75	0.0
354.875	0.0
355.0	0.0
355.125	0.0
355.25	0.0
355.375	0.0
355.5	0.0
355.625	0.0
355.75	0.0
355.875	0.0
356.0	0.0
356.125	0.0
356.25	0.0
356.375	0.0
356.5	0.0
356.625	0.0
356.75	0.0
356.875	0.0
357.0	0.0
357.125	0.0
357.25	0.0
357.375	0.0
357.5	0.0
357.625	0.0
357.75	0.0
357.875	0.0
358.0	0.0
358.125	0.0
358.25	0.0
358.375	0.0
358.5	0.0
358.625	0.0
358.75	0.0
358.875	0.0
359.0	0.0
359.125	0.0
359.25	0.0
359.375	0.0
359.5	0.0
359.625	0.0
359.75	0.0
359.875	0.0
360.0	0.0
360.125	0.0
360.25	0.0
360.375	0.0
360.5	0.0
360.625	0.0
360.75	0.0
360.875	0.0
361.0	0.0
361.125	0.0
361.25	0.0
361.375	0.0
361.5	0.0
361.625	0.0
361.75	0.0
361.875	0.0
362.0	0.0
362.125	0.0
362.25	0.0
362.375	0.0
362.5	0.0
362.625	0.0
362.75	0.0
362.875	0.0
363.0	0.0
363.125	0.0
363.25	0.0
363.375	0.0
363.5	0.0
363.625	0.0
363.75	0.0
363.875	0.0
364.0	0.0
364.125	0.0
364.25	0.0
364.375	0.0
364.5	0.0
364.625	0.0
364.75	0.0
364.875	0.0
365.0	0.0
365.125	0.0
365.25	0.0
365.375	0.0
365.5	0.0
365.625	0.0
365.75	0.0
365.875	0.0
366.0	0.0
366.125	0.0
366.25	0.0
366.375	0.0
366.5	0.0
366.625	0.0
366.75	0.0
366.875	0.0
367.0	0.0
367.125	0.0
367.25	0.0
367.375	0.0
367.5	0.0
367.625	0.0
367.75	0.0
367.875	0.0
368.0	0.0
368.125	0.0
368.25	0.0
368.375	0.0
368.5	0.0
368.625	0.0
368.75	0.0
368.875	0.0
369.0	0.0
369.125	0.0
369.25	0.0
369.375	0.0
369.5	0.0
369.625	0.0
369.75	0.0
369.875	0.0
370.0	0.0
370.125	0.0
370.25	0.0
370.375	0.0
370.5	0.0
370.625	0.0
370.75	0.0
370.875	0.0
371.0	0.0
371.125	0.0
371.25	0.0
371.375	0.0
371.5	0.0
371.625	0.0
371.75	0.0
371.875	0.0
372.0	0.0
372.125	0.0
372.25	0.0
372.375	0.0
372.5	0.0
372.625	0.0
372.75	0.0
372.875	0.0
373.0	0.0
373.125	0.0
373.25	0.0
373.375	0.0
373.5	0.0
373.625	0.0
373.75	0.0
373.875	0.0
374.0	0.0
374.125	0.0
374.25	0.0
374.375	0.0
374.5	0.0
374.625	0.0
374.75	0.0
374.875	0.0
375.0	0.0
375.125	0.0
375.25	0.0
375.375	0.0
375.5	0.0
375.625	0.0
375.75	0.0
375.875	0.0
376.0	0.0
376.125	0.0
376.25	0.0
376.375	0.0
376.5	0.0
376.625	0.0
376.75	0.0
376.875	0.0
377.0	0.0
377.125	0.0
377.25	0.0
377.375	0.0
377.5	0.0
377.625	0.0
377.75	0.0
377.875	0.0
378.0	0.0
378.125	0.0
378.25	0.0
378.375	0.0
378.5	0.0
378.625	0.0
378.75	0.0
378.875	0.0
379.0	0.0
379.125	0.0
379.25	0.0
379.375	0.0
379.5	0.0
379.625	0.0
379.75	0.0
379.875	0.0
380.0	0.0
380.125	0.0
380.25	0.0
380.375	0.0
380.5	0.0
380.625	0.0
380.75	0.0
380.875	0.0
381.0	0.0
381.125	0.0
381.25	0.0
381.375	0.0
381.5	0.0
381.625	0.0
381.75	0.0
381.875	0.0
382.0	0.0
382.125	0.0
382.25	0.0
382.375	0.0
382.5	0.0
382.625	0.0
382.75	0.0
382.875	0.0
383.0	0.0
383.125	0.0
383.25	0.0
383.375	0.0
383.5	0.0
383.625	0.0
383.75	0.0
383.875	0.0
384.0	0.0
384.125	0.0
384.25	0.0
384.375	0.0
384.5	0.0
384.625	0.0
384.75	0.0
384.875	0.0
385.0	0.0
385.125	0.0
385.25	0.0
385.375	0.0
385.5	0.0
385.625	0.0
385.75	0.0
385.875	0.0
386.0	0.0
386.125	0.0
386.25	0.0
386.375	0.0
386.5	0.0
386.625	0.0
386.75	0.0
386.875	0.0
387.0	0.0
387.125	0.0
387.25	0.0
387.375	0.0
387.5	0.0
387.625	0.0
387.75	0.0
387.875	0.0
388.0	0.0
388.125	0.0
388.25	0.0
388.375	0.0
388.5	0.0
388.625	0.0
388.75	0.0
388.875	0.0
389.0	0.0
389.125	0.0
389.25	0.0
389.375	0.0
389.5	0.0
389.625	0.0
389.75	0.0
389.875	0.0
390.0	0.0
390.125	0.0
390.25	0.0
390.375	0.0
390.5	0.0
390.625	0.0
390.75	0.0
390.875	0.0
391.0	0.0
391.125	0.0
391.25	0.0
391.375	0.0
391.5	0.0
391.625	0.0
391.75	0.0
391.875	0.0
392.0	0.0
392.125	0.0
392.25	0.0
392.375	0.0
392.5	0.0
392.625	0.0
392.75	0.0
392.875	0.0
393.0	0.0
393.125	0.0
393.25	0.0
393.375	0.0
393.5	0.0
393.625	0.0
393.75	0.0
393.875	0.0
394.0	0.0
394.125	0.0
394.25	0.0
394.375	0.0
394.5	0.0
394.625	0.0
394.75	0.0
394.875	0.0
395.0	0.0
395.125	0.0
395.25	0.0
395.375	0.0
395.5	0.0
395.625	0.0
395.75	0.0
395.875	0.0
396.0	0.0
396.125	0.0
396.25	0.0
396.375	0.0
396.5	0.0
396.625	0.0
396.75	0.0
396.875	0.0
397.0	0.0
397.125	0.0
397.25	0.0
397.375	0.0
397.5	0.0
397.625	0.0
397.75	0.0
397.875	0.0
398.0	0.0
398.125	0.0
398.25	0.0
398.375	0.0
398.5	0.0
398.625	0.0
398.75	0.0
398.875	0.0
399.0	0.0
399.125	0.0
399.25	0.0
399.375	0.0
399.5	0.0
399.625	0.0
399.75	0.0
399.875	0.0
400.0	0.0
400.125	0.0
400.25	0.0
400.375	0.0
400.5	0.0
400.625	0.0
400.75	0.0
400.875	0.0
401.0	0.0
401.125	0.0
401.25	0.0
401.375	0.0
401.5	0.0
401.625	0.0
401.75	0.0
401.875	0.0
402.0	0.0
402.125	0.0
402.25	0.0
402.375	0.0
402.5	0.0
402.625	0.0
402.75	0.0
402.875	0.0
403.0	0.0
403.125	0.0
403.25	0.0
403.375	0.0
403.5	0.0
403.625	0.0
403.75	0.0
403.875	0.0
404.0	0.0
404.125	0.0
404.25	0.0
404.375	0.0
404.5	0.0
404.625	0.0
404.75	0.0
404.875	0.0
405.0	0.0
405.125	0.0
405.25	0.0
405.375	0.0
405.5	0.0
405.625	0.0
405.75	0.0
405.875	0.0
406.0	0.0
406.125	0.0
406.25	0.0
406.375	0.0
406.5	0.0
406.625	0.0
406.75	0.0
406.875	0.0
407.0	0.0
407.125	0.0
407.25	0.0
407.375	0.0
407.5	0.0
407.625	0.0
407.75	0.0
407.875	0.0
408.0	0.0
408.125	0.0
408.25	0.0
408.375	0.0
408.5	0.0
408.625	0.0
408.75	0.0
408.875	0.0
409.0	0.0
409.125	0.0
409.25	0.0
409.375	0.0
409.5	0.0
409.625	0.0
409.75	0.0
409.875	0.0
410.0	0.0
410.125	0.0
410.25	0.0
410.375	0.0
410.5	0.0
410.625	0.0
410.75	0.0
410.875	0.0
411.0	0.0
411.125	0.0
411.25	0.0
411.375	0.0
411.5	0.0
411.625	0.0
411.75	0.0
411.875	0.0
412.0	7.0E-4
412.125	0.0023
412.25	0.0039
412.375	0.0047
412.5	0.0062
412.625	0.0094
412.75	0.0094
412.875	0.0125
413.0	0.0141
413.125	0.0157
413.25	0.018
413.375	0.0188
413.5	0.0227
413.625	0.0227
413.75	0.0243
413.875	0.0283
414.0	0.0283
414.125	0.0298
414.25	0.0338
414.375	0.0338
414.5	0.0377
414.625	0.04
414.75	0.0416
414.875	0.044
415.0	0.0471
415.125	0.0471
415.25	0.0487
415.375	0.0518
415.5	0.0542
415.625	0.0566
415.75	0.0613
415.875	0.0613
416.0	0.066
416.125	0.066
416.25	0.0707
416.375	0.0738
416.5	0.0754
416.625	0.0786
416.75	0.0801
416.875	0.0849
417.0	0.0856
417.125	0.0896
417.25	0.0943
417.375	0.0951
417.5	0.0998
417.625	0.1037
417.75	0.1045
417.875	0.1084
418.0	0.1116
418.125	0.1132
418.25	0.1179
418.375	0.1202
418.5	0.1242
418.625	0.1281
418.75	0.132
418.875	0.136
419.0	0.1383
419.125	0.1415
419.25	0.1454
419.375	0.1501
419.5	0.1533
419.625	0.1572
419.75	0.1603
419.875	0.165
420.0	0.1698
420.125	0.1737
420.25	0.1792
420.375	0.1816
420.5	0.1878
420.625	0.1933
420.75	0.1965
420.875	0.1996
421.0	0.2044
421.125	0.2083
421.25	0.2146
421.375	0.2185
421.5	0.2224
421.625	0.2303
421.75	0.2334
421.875	0.2382
422.0	0.2452
422.125	0.25
422.25	0.2547
422.375	0.2602
422.5	0.2672
422.625	0.272
422.75	0.2759
422.875	0.283
423.0	0.2885
423.125	0.2932
423.25	0.3003
423.375	0.3066
423.5	0.3113
423.625	0.3176
423.75	0.3215
423.875	0.3301
424.0	0.3372
424.125	0.3411
424.25	0.3498
424.375	0.3537
424.5	0.3616
424.625	0.3679
424.75	0.3742
424.875	0.382
425.0	0.3883
425.125	0.3938
425.25	0.4009
425.375	0.408
425.5	0.4135
425.625	0.4213
425.75	0.4284
425.875	0.4378
426.0	0.4433
426.125	0.4496
426.25	0.4575
426.375	0.4646
426.5	0.4716
426.625	0.4803
426.75	0.4882
426.875	0.4937
427.0	0.5
427.125	0.5086
427.25	0.5157
427.375	0.5235
427.5	0.5298
427.625	0.5377
427.75	0.5424
427.875	0.5503
428.0	0.5573
428.125	0.5621
428.25	0.5723
428.375	0.5778
428.5	0.5849
428.625	0.5896
428.75	0.5982
428.875	0.6037
429.0	0.6132
429.125	0.6163
429.25	0.625
429.375	0.6305
429.5	0.6367
429.625	0.6454
429.75	0.6509
429.875	0.6556
430.0	0.6603
430.125	0.6658
430.25	0.6713
430.375	0.6776
430.5	0.6839
430.625	0.6886
430.75	0.6933
430.875	0.6981
431.0	0.702
431.125	0.7099
431.25	0.7122
431.375	0.7169
431.5	0.7209
431.625	0.7264
431.75	0.7287
431.875	0.7311
432.0	0.7358
432.125	0.7397
432.25	0.7421
432.375	0.7444
432.5	0.75
432.625	0.75
432.75	0.7539
432.875	0.7547
433.0	0.757
433.125	0.7594
433.25	0.7617
433.375	0.7633
433.5	0.7641
433.625	0.7649
433.75	0.7649
433.875	0.7657
434.0	0.7688
434.125	0.7696
434.25	0.7704
434.375	0.7696
434.5	0.7688
434.625	0.7688
434.75	0.7688
434.875	0.7688
435.0	0.7688
435.125	0.7688
435.25	0.7672
435.375	0.7649
435.5	0.7641
435.625	0.7641
435.75	0.7641
435.875	0.7617
436.0	0.7594
436.125	0.7586
436.25	0.7547
436.375	0.7547
436.5	0.7515
436.625	0.7484
436.75	0.7452
436.875	0.7413
437.0	0.7405
437.125	0.7397
437.25	0.7358
437.375	0.7319
437.5	0.7295
437.625	0.7264
437.75	0.7256
437.875	0.7201
438.0	0.7177
438.125	0.7146
438.25	0.7122
438.375	0.7075
438.5	0.7044
438.625	0.7012
438.75	0.6981
438.875	0.6933
439.0	0.6886
439.125	0.6871
439.25	0.6839
439.375	0.68
439.5	0.6776
439.625	0.6721
439.75	0.6698
439.875	0.665
440.0	0.6603
440.125	0.6603
440.25	0.6556
440.375	0.6525
440.5	0.6501
440.625	0.6462
440.75	0.6415
440.875	0.6399
441.0	0.636
441.125	0.6344
441.25	0.6273
441.375	0.6265
441.5	0.6226
441.625	0.6187
441.75	0.6163
441.875	0.6124
442.0	0.6084
442.125	0.6077
442.25	0.6037
442.375	0.6022
442.5	0.599
442.625	0.5966
442.75	0.5943
442.875	0.5896
443.0	0.5888
443.125	0.5856
443.25	0.5809
443.375	0.5801
443.5	0.5762
443.625	0.5754
443.75	0.5731
443.875	0.5707
444.0	0.566
444.125	0.566
444.25	0.5636
444.375	0.5605
444.5	0.5589
444.625	0.5566
444.75	0.5542
444.875	0.5518
445.0	0.5526
445.125	0.5471
445.25	0.5455
445.375	0.5448
445.5	0.5424
445.625	0.5393
445.75	0.5369
445.875	0.5361
446.0	0.533
446.125	0.5314
446.25	0.5314
446.375	0.5283
446.5	0.5243
446.625	0.5251
446.75	0.5235
446.875	0.5188
447.0	0.5188
447.125	0.5188
447.25	0.5149
447.375	0.5141
447.5	0.5133
447.625	0.5117
447.75	0.5094
447.875	0.5094
448.0	0.507
448.125	0.5047
448.25	0.5031
448.375	0.5007
448.5	0.5
448.625	0.5
448.75	0.4952
448.875	0.4952
449.0	0.4929
449.125	0.4913
449.25	0.4905
449.375	0.4882
449.5	0.4858
449.625	0.485
449.75	0.4827
449.875	0.4819
450.0	0.4795
450.125	0.4811
450.25	0.4772
450.375	0.4764
450.5	0.4756
450.625	0.4716
450.75	0.4685
450.875	0.4685
451.0	0.4669
451.125	0.4669
451.25	0.4638
451.375	0.4622
451.5	0.4614
451.625	0.4575
451.75	0.4575
451.875	0.4567
452.0	0.4544
452.125	0.4544
452.25	0.4528
452.375	0.452
452.5	0.4481
452.625	0.4481
452.75	0.4449
452.875	0.4433
453.0	0.4433
453.125	0.441
453.25	0.4386
453.375	0.4386
453.5	0.4371
453.625	0.4363
453.75	0.4339
453.875	0.4331
454.0	0.4292
454.125	0.43
454.25	0.4292
454.375	0.4261
454.5	0.4292
454.625	0.4284
454.75	0.4261
454.875	0.4237
455.0	0.4229
455.125	0.4229
455.25	0.4221
455.375	0.4198
455.5	0.419
455.625	0.4166
455.75	0.415
455.875	0.415
456.0	0.4127
456.125	0.4127
456.25	0.4103
456.375	0.4111
456.5	0.4103
456.625	0.4103
456.75	0.4095
456.875	0.4095
457.0	0.4056
457.125	0.4056
457.25	0.4056
457.375	0.4072
457.5	0.4056
457.625	0.4056
457.75	0.4048
457.875	0.4056
458.0	0.4048
458.125	0.4056
458.25	0.4056
458.375	0.4025
458.5	0.4056
458.625	0.4048
458.75	0.4033
458.875	0.4025
459.0	0.4048
459.125	0.4048
459.25	0.4056
459.375	0.4056
459.5	0.4056
459.625	0.4056
459.75	0.4056
459.875	0.4048
460.0	0.4056
460.125	0.4056
460.25	0.4056
460.375	0.4056
460.5	0.408
460.625	0.4088
460.75	0.4064
460.875	0.4095
461.0	0.4088
461.125	0.4103
461.25	0.4103
461.375	0.4103
461.5	0.4111
461.625	0.4119
461.75	0.4143
461.875	0.4143
462.0	0.4166
462.125	0.4174
462.25	0.4198
462.375	0.4198
462.5	0.4205
462.625	0.4198
462.75	0.4245
462.875	0.4198
463.0	0.4229
463.125	0.4253
463.25	0.4253
463.375	0.4268
463.5	0.4284
463.625	0.4292
463.75	0.4316
463.875	0.4339
464.0	0.4331
464.125	0.4339
464.25	0.4339
464.375	0.4378
464.5	0.4386
464.625	0.4386
464.75	0.4418
464.875	0.4426
465.0	0.4433
465.125	0.4473
465.25	0.4473
465.375	0.4481
465.5	0.4504
465.625	0.4528
465.75	0.4528
465.875	0.4544
466.0	0.4567
466.125	0.4575
466.25	0.4606
466.375	0.4622
466.5	0.4646
466.625	0.4661
466.75	0.4669
466.875	0.4701
467.0	0.4716
467.125	0.4716
467.25	0.474
467.375	0.4764
467.5	0.4764
467.625	0.4803
467.75	0.4819
467.875	0.4811
468.0	0.4858
468.125	0.4858
468.25	0.4889
468.375	0.4905
468.5	0.4937
468.625	0.4952
468.75	0.4968
468.875	0.5
469.0	0.5
469.125	0.5023
469.25	0.5047
469.375	0.5078
469.5	0.5094
469.625	0.5117
469.75	0.5141
469.875	0.5149
470.0	0.5188
470.125	0.522
470.25	0.522
470.375	0.5251
470.5	0.5275
470.625	0.5314
470.75	0.533
470.875	0.5322
471.0	0.5377
471.125	0.5377
471.25	0.5393
471.375	0.5424
471.5	0.5471
471.625	0.5471
471.75	0.5487
471.875	0.5526
472.0	0.5518
472.125	0.5558
472.25	0.5573
472.375	0.5613
472.5	0.5628
472.625	0.566
472.75	0.5668
472.875	0.5707
473.0	0.5723
473.125	0.5762
473.25	0.5801
473.375	0.5801
473.5	0.5801
473.625	0.5849
473.75	0.588
473.875	0.5896
474.0	0.5943
474.125	0.5974
474.25	0.5982
474.375	0.6006
474.5	0.6037
474.625	0.6037
474.75	0.6084
474.875	0.6132
475.0	0.6132
475.125	0.6179
475.25	0.6202
475.375	0.6226
475.5	0.6273
475.625	0.6273
475.75	0.6312
475.875	0.632
476.0	0.6375
476.125	0.6407
476.25	0.6415
476.375	0.6462
476.5	0.6509
476.625	0.6509
476.75	0.6548
476.875	0.6556
477.0	0.6603
477.125	0.6643
477.25	0.665
477.375	0.6698
477.5	0.6729
477.625	0.6745
477.75	0.6792
477.875	0.68
478.0	0.6839
478.125	0.6878
478.25	0.6886
478.375	0.6933
478.5	0.6965
478.625	0.6981
478.75	0.7028
478.875	0.7044
479.0	0.7075
479.125	0.7122
479.25	0.7154
479.375	0.7177
479.5	0.7216
479.625	0.7256
479.75	0.7295
479.875	0.7319
480.0	0.735
480.125	0.7382
480.25	0.7405
480.375	0.7452
480.5	0.7468
480.625	0.75
480.75	0.7547
480.875	0.7547
481.0	0.7594
481.125	0.7641
481.25	0.7672
481.375	0.7696
481.5	0.7735
481.625	0.7751
481.75	0.779
481.875	0.783
482.0	0.7853
482.125	0.7877
482.25	0.7924
482.375	0.7963
482.5	0.7979
482.625	0.8011
482.75	0.8066
482.875	0.8089
483.0	0.8113
483.125	0.816
483.25	0.8183
483.375	0.8207
483.5	0.8254
483.625	0.8286
483.75	0.8309
483.875	0.8341
484.0	0.8388
484.125	0.8396
484.25	0.8419
484.375	0.8474
484.5	0.849
484.625	0.8522
484.75	0.8569
484.875	0.8584
485.0	0.8632
485.125	0.8671
485.25	0.871
485.375	0.8726
485.5	0.8773
485.625	0.882
485.75	0.882
485.875	0.8875
486.0	0.8915
486.125	0.8946
486.25	0.8962
486.375	0.9009
486.5	0.904
486.625	0.9064
486.75	0.9103
486.875	0.915
487.0	0.9166
487.125	0.9205
487.25	0.9237
487.375	0.9253
487.5	0.9308
487.625	0.9339
487.75	0.9355
487.875	0.9426
488.0	0.9449
488.125	0.9457
488.25	0.9496
488.375	0.9528
488.5	0.9559
488.625	0.9575
488.75	0.9638
488.875	0.9669
489.0	0.9709
489.125	0.9748
489.25	0.9764
489.375	0.9811
489.5	0.9827
489.625	0.9858
489.75	0.9905
489.875	0.9937
490.0	0.9952
490.125	1.0
490.25	1.0007
490.375	1.0055
490.5	1.0094
490.625	1.0133
490.75	1.0141
490.875	1.0188
491.0	1.022
491.125	1.0267
491.25	1.0283
491.375	1.0314
491.5	1.0353
491.625	1.0377
491.75	1.0424
491.875	1.044
492.0	1.0471
492.125	1.0518
492.25	1.0526
492.375	1.0566
492.5	1.0605
492.625	1.0644
492.75	1.066
492.875	1.0707
493.0	1.0715
493.125	1.0754
493.25	1.0801
493.375	1.0825
493.5	1.0856
493.625	1.0896
493.75	1.0927
493.875	1.0943
494.0	1.099
494.125	1.1022
494.25	1.1037
494.375	1.1084
494.5	1.1108
494.625	1.1132
494.75	1.1171
494.875	1.1226
495.0	1.1226
495.125	1.1226
495.25	1.1281
495.375	1.1328
495.5	1.1344
495.625	1.1415
495.75	1.1415
495.875	1.1462
496.0	1.147
496.125	1.1509
496.25	1.1525
496.375	1.1556
496.5	1.1595
496.625	1.1619
496.75	1.165
496.875	1.1698
497.0	1.1729
497.125	1.1745
497.25	1.1784
497.375	1.18
497.5	1.1839
497.625	1.1863
497.75	1.1886
497.875	1.1933
498.0	1.1949
498.125	1.1981
498.25	1.1996
498.375	1.2044
498.5	1.2051
498.625	1.2075
498.75	1.2099
498.875	1.2122
499.0	1.2161
499.125	1.2201
499.25	1.2216
499.375	1.2264
499.5	1.2272
499.625	1.2311
499.75	1.2327
499.875	1.2358
500.0	1.2405
500.125	1.2405
500.25	1.2444
500.375	1.2452
500.5	1.2492
500.625	1.2531
500.75	1.2547
500.875	1.2594
501.0	1.2594
501.125	1.2641
501.25	1.2688
501.375	1.2688
501.5	1.2735
501.625	1.2743
501.75	1.2783
501.875	1.283
502.0	1.283
502.125	1.2877
502.25	1.2877
502.375	1.2893
502.5	1.2948
502.625	1.3003
502.75	1.3018
502.875	1.3026
503.0	1.3066
503.125	1.3105
503.25	1.3113
503.375	1.3136
503.5	1.3176
503.625	1.3223
503.75	1.3238
503.875	1.3254
504.0	1.3301
504.125	1.3349
504.25	1.3349
504.375	1.338
504.5	1.3396
504.625	1.3404
504.75	1.3459
504.875	1.349
505.0	1.349
505.125	1.3529
505.25	1.3553
505.375	1.3584
505.5	1.3584
505.625	1.3647
505.75	1.3679
505.875	1.3687
506.0	1.3726
506.125	1.3726
506.25	1.3773
506.375	1.3812
506.5	1.382
506.625	1.3828
506.75	1.3867
506.875	1.3899
507.0	1.3915
507.125	1.3915
507.25	1.3962
507.375	1.4009
507.5	1.4033
507.625	1.4056
507.75	1.4056
507.875	1.4103
508.0	1.4127
508.125	1.415
508.25	1.4198
508.375	1.4198
508.5	1.4221
508.625	1.4213
508.75	1.4261
508.875	1.4292
509.0	1.4308
509.125	1.4339
509.25	1.4339
509.375	1.4378
509.5	1.4426
509.625	1.4433
509.75	1.4465
509.875	1.4481
510.0	1.4528
510.125	1.4544
510.25	1.4575
510.375	1.4575
510.5	1.4622
510.625	1.4654
510.75	1.4646
510.875	1.4685
511.0	1.4701
511.125	1.4716
511.25	1.4748
511.375	1.4764
511.5	1.4795
511.625	1.4811
511.75	1.485
511.875	1.4858
512.0	1.4882
512.125	1.4905
512.25	1.4937
512.375	1.4952
512.5	1.4976
512.625	1.5
512.75	1.5007
512.875	1.5039
513.0	1.5055
513.125	1.5062
513.25	1.5094
513.375	1.511
513.5	1.5141
513.625	1.5165
513.75	1.518
513.875	1.5188
514.0	1.5235
514.125	1.5243
514.25	1.5275
514.375	1.5283
514.5	1.529
514.625	1.533
514.75	1.5369
514.875	1.5377
515.0	1.5385
515.125	1.5416
515.25	1.5424
515.375	1.5424
515.5	1.5448
515.625	1.5471
515.75	1.5518
515.875	1.5534
516.0	1.5542
516.125	1.5566
516.25	1.5613
516.375	1.5628
516.5	1.566
516.625	1.566
516.75	1.5699
516.875	1.5731
517.0	1.5731
517.125	1.5754
517.25	1.5786
517.375	1.5801
517.5	1.5833
517.625	1.5849
517.75	1.5849
517.875	1.5864
518.0	1.5896
518.125	1.5911
518.25	1.5966
518.375	1.5982
518.5	1.5998
518.625	1.6014
518.75	1.6037
518.875	1.6045
519.0	1.6084
519.125	1.6132
519.25	1.6124
519.375	1.6132
519.5	1.6179
519.625	1.6179
519.75	1.6194
519.875	1.6226
520.0	1.6226
520.125	1.6226
520.25	1.6273
520.375	1.6273
520.5	1.632
520.625	1.632
520.75	1.632
520.875	1.6367
521.0	1.6367
521.125	1.6383
521.25	1.6415
521.375	1.6415
521.5	1.6446
521.625	1.6462
521.75	1.6493
521.875	1.6501
522.0	1.6517
522.125	1.6548
522.25	1.6556
522.375	1.6556
522.5	1.6556
522.625	1.6603
522.75	1.6611
522.875	1.6643
523.0	1.665
523.125	1.6682
523.25	1.665
523.375	1.6698
523.5	1.6698
523.625	1.6705
523.75	1.6737
523.875	1.6745
524.0	1.6761
524.125	1.6792
524.25	1.68
524.375	1.6808
524.5	1.6839
524.625	1.6855
524.75	1.6886
524.875	1.6886
525.0	1.6886
525.125	1.6902
525.25	1.6933
525.375	1.6941
525.5	1.6981
525.625	1.6981
525.75	1.7028
525.875	1.702
526.0	1.7036
526.125	1.7059
526.25	1.7075
526.375	1.7075
526.5	1.7106
526.625	1.7122
526.75	1.7138
526.875	1.7169
527.0	1.7169
527.125	1.7169
527.25	1.7169
527.375	1.7216
527.5	1.7216
527.625	1.724
527.75	1.7256
527.875	1.7264
528.0	1.7272
528.125	1.7311
528.25	1.7311
528.375	1.735
528.5	1.7327
528.625	1.7366
528.75	1.7358
528.875	1.7389
529.0	1.7405
529.125	1.7444
529.25	1.7413
529.375	1.7444
529.5	1.7452
529.625	1.7452
529.75	1.7452
529.875	1.75
530.0	1.75
530.125	1.7547
530.25	1.7547
530.375	1.7555
530.5	1.7594
530.625	1.7594
530.75	1.7594
530.875	1.7617
531.0	1.7633
531.125	1.7641
531.25	1.7641
531.375	1.768
531.5	1.7688
531.625	1.772
531.75	1.7735
531.875	1.7735
532.0	1.7743
532.125	1.7783
532.25	1.7783
532.375	1.7783
532.5	1.7798
532.625	1.7838
532.75	1.783
532.875	1.7838
533.0	1.7838
533.125	1.7877
533.25	1.7877
533.375	1.7916
533.5	1.7893
533.625	1.7932
533.75	1.7932
533.875	1.7932
534.0	1.7948
534.125	1.7971
534.25	1.7979
534.375	1.8018
534.5	1.8018
534.625	1.8018
534.75	1.8026
534.875	1.8066
535.0	1.8066
535.125	1.8066
535.25	1.8097
535.375	1.8113
535.5	1.8113
535.625	1.8136
535.75	1.8152
535.875	1.816
536.0	1.816
536.125	1.8183
536.25	1.8191
536.375	1.8207
536.5	1.8207
536.625	1.8238
536.75	1.8238
536.875	1.8254
537.0	1.8262
537.125	1.8254
537.25	1.8286
537.375	1.8301
537.5	1.8301
537.625	1.8341
537.75	1.8325
537.875	1.8349
538.0	1.8349
538.125	1.8372
538.25	1.8388
538.375	1.8396
538.5	1.8435
538.625	1.8411
538.75	1.8435
538.875	1.8443
539.0	1.8443
539.125	1.8451
539.25	1.849
539.375	1.849
539.5	1.8529
539.625	1.8529
539.75	1.8537
539.875	1.8537
540.0	1.8529
540.125	1.8584
540.25	1.8569
540.375	1.8584
540.5	1.8584
540.625	1.8624
540.75	1.8584
540.875	1.8632
541.0	1.8632
541.125	1.8632
541.25	1.8655
541.375	1.8671
541.5	1.8679
541.625	1.8687
541.75	1.871
541.875	1.8726
542.0	1.8726
542.125	1.8726
542.25	1.8726
542.375	1.8757
542.5	1.8765
542.625	1.8773
542.75	1.8781
542.875	1.882
543.0	1.8789
543.125	1.882
543.25	1.882
543.375	1.8828
543.5	1.8867
543.625	1.8867
543.75	1.8867
543.875	1.8867
544.0	1.8867
544.125	1.8915
544.25	1.8899
544.375	1.8915
544.5	1.8954
544.625	1.893
544.75	1.8962
544.875	1.8962
545.0	1.8962
545.125	1.8954
545.25	1.897
545.375	1.8977
545.5	1.8977
545.625	1.9009
545.75	1.9009
545.875	1.9033
546.0	1.9025
546.125	1.9033
546.25	1.9056
546.375	1.9072
546.5	1.908
546.625	1.908
546.75	1.9103
546.875	1.9103
547.0	1.9103
547.125	1.9103
547.25	1.9135
547.375	1.915
547.5	1.915
547.625	1.915
547.75	1.915
547.875	1.9158
548.0	1.9198
548.125	1.9198
548.25	1.9213
548.375	1.9205
548.5	1.9198
548.625	1.9198
548.75	1.9237
548.875	1.9245
549.0	1.9245
549.125	1.9268
549.25	1.9268
549.375	1.9284
549.5	1.9292
549.625	1.9292
549.75	1.9292
549.875	1.9292
550.0	1.9308
550.125	1.9339
550.25	1.9331
550.375	1.9371
550.5	1.9339
550.625	1.9386
550.75	1.9347
550.875	1.9378
551.0	1.9386
551.125	1.9386
551.25	1.9386
551.375	1.9386
551.5	1.9386
551.625	1.9433
551.75	1.9418
551.875	1.9433
552.0	1.9433
552.125	1.9465
552.25	1.9449
552.375	1.9481
552.5	1.9465
552.625	1.9481
552.75	1.9528
552.875	1.9496
553.0	1.952
553.125	1.9536
553.25	1.9528
553.375	1.9559
553.5	1.9559
553.625	1.9559
553.75	1.9559
553.875	1.9567
554.0	1.9575
554.125	1.9591
554.25	1.9599
554.375	1.9622
554.5	1.9622
554.625	1.9622
554.75	1.9638
554.875	1.9622
555.0	1.9622
555.125	1.9661
555.25	1.9661
555.375	1.9654
555.5	1.9669
555.625	1.9669
555.75	1.9685
555.875	1.9677
556.0	1.9709
556.125	1.9716
556.25	1.9709
556.375	1.9724
556.5	1.9716
556.625	1.9716
556.75	1.9716
556.875	1.9724
557.0	1.974
557.125	1.9724
557.25	1.9764
557.375	1.9732
557.5	1.9764
557.625	1.9779
557.75	1.9764
557.875	1.9787
558.0	1.9779
558.125	1.9811
558.25	1.9811
558.375	1.9803
558.5	1.9819
558.625	1.9811
558.75	1.9819
558.875	1.9819
559.0	1.985
559.125	1.9858
559.25	1.9858
559.375	1.9858
559.5	1.9858
559.625	1.9858
559.75	1.9905
559.875	1.9897
560.0	1.9905
560.125	1.9889
560.25	1.9929
560.375	1.9913
560.5	1.9913
560.625	1.9952
560.75	1.9952
560.875	1.9952
561.0	1.9952
561.125	1.9952
561.25	1.9968
561.375	2.0
561.5	1.9952
561.625	2.0
561.75	2.0
561.875	2.0
562.0	2.0
562.125	2.0007
562.25	2.0007
562.375	2.0007
562.5	2.0047
562.625	2.0039
562.75	2.0039
562.875	2.007
563.0	2.0062
563.125	2.0094
563.25	2.007
563.375	2.0094
563.5	2.0094
563.625	2.0094
563.75	2.0094
563.875	2.011
564.0	2.0094
564.125	2.0117
564.25	2.011
564.375	2.0117
564.5	2.0102
564.625	2.011
564.75	2.0141
564.875	2.0149
565.0	2.0157
565.125	2.0165
565.25	2.0141
565.375	2.0141
565.5	2.018
565.625	2.0165
565.75	2.0188
565.875	2.0188
566.0	2.0188
566.125	2.0188
566.25	2.0188
566.375	2.0188
566.5	2.0188
566.625	2.0188
566.75	2.0235
566.875	2.0235
567.0	2.0235
567.125	2.0235
567.25	2.0235
567.375	2.0235
567.5	2.0267
567.625	2.0283
567.75	2.0251
567.875	2.0267
568.0	2.0259
568.125	2.0267
568.25	2.0259
568.375	2.0283
568.5	2.0283
568.625	2.029
568.75	2.0283
568.875	2.0283
569.0	2.0298
569.125	2.0283
569.25	2.0283
569.375	2.0298
569.5	2.0298
569.625	2.0306
569.75	2.0306
569.875	2.033
570.0	2.0306
570.125	2.0314
570.25	2.0314
570.375	2.033
570.5	2.033
570.625	2.033
570.75	2.033
570.875	2.0361
571.0	2.033
571.125	2.0377
571.25	2.0377
571.375	2.0377
571.5	2.0345
571.625	2.0377
571.75	2.0377
571.875	2.0377
572.0	2.0377
572.125	2.0377
572.25	2.0377
572.375	2.0377
572.5	2.0377
572.625	2.0377
572.75	2.0377
572.875	2.0377
573.0	2.0393
573.125	2.0377
573.25	2.0377
573.375	2.0385
573.5	2.0408
573.625	2.0385
573.75	2.0416
573.875	2.0377
574.0	2.0424
574.125	2.0416
574.25	2.0393
574.375	2.0393
574.5	2.0416
574.625	2.0393
574.75	2.0424
574.875	2.0424
575.0	2.0424
575.125	2.0424
575.25	2.0393
575.375	2.0424
575.5	2.0416
575.625	2.044
575.75	2.0424
575.875	2.04
576.0	2.0424
576.125	2.0424
576.25	2.0424
576.375	2.0424
576.5	2.0416
576.625	2.0424
576.75	2.0424
576.875	2.0424
577.0	2.0424
577.125	2.0432
577.25	2.044
577.375	2.0424
577.5	2.0424
577.625	2.0424
577.75	2.0432
577.875	2.0432
578.0	2.0416
578.125	2.0385
578.25	2.0424
578.375	2.0424
578.5	2.0408
578.625	2.04
578.75	2.0424
578.875	2.04
579.0	2.0424
579.125	2.0424
579.25	2.0408
579.375	2.0424
579.5	2.0416
579.625	2.0424
579.75	2.0385
579.875	2.0385
580.0	2.0408
580.125	2.0424
580.25	2.0393
580.375	2.0377
580.5	2.0385
580.625	2.0377
580.75	2.0377
580.875	2.0377
581.0	2.0377
581.125	2.0377
581.25	2.0377
581.375	2.0361
581.5	2.0377
581.625	2.0377
581.75	2.0377
581.875	2.0353
582.0	2.0361
582.125	2.0377
582.25	2.0361
582.375	2.0338
582.5	2.033
582.625	2.033
582.75	2.0322
582.875	2.033
583.0	2.0314
583.125	2.033
583.25	2.033
583.375	2.033
583.5	2.033
583.625	2.0306
583.75	2.029
583.875	2.0298
584.0	2.0298
584.125	2.029
584.25	2.0298
584.375	2.0275
584.5	2.0283
584.625	2.0267
584.75	2.0283
584.875	2.0235
585.0	2.0283
585.125	2.0259
585.25	2.0243
585.375	2.0235
585.5	2.0235
585.625	2.022
585.75	2.022
585.875	2.0204
586.0	2.0204
586.125	2.0188
586.25	2.0188
586.375	2.018
586.5	2.0172
586.625	2.0172
586.75	2.0149
586.875	2.0165
587.0	2.0149
587.125	2.0125
587.25	2.0141
587.375	2.0141
587.5	2.0133
587.625	2.0094
587.75	2.0094
587.875	2.0117
588.0	2.0094
588.125	2.0062
588.25	2.0047
588.375	2.0047
588.5	2.0062
588.625	2.0047
588.75	2.0039
588.875	2.0031
589.0	2.0007
589.125	2.0015
589.25	1.9984
589.375	2.0
589.5	1.9968
589.625	1.9968
589.75	1.9944
589.875	1.9952
590.0	1.9937
590.125	1.9913
590.25	1.9905
590.375	1.9905
590.5	1.9905
590.625	1.9905
590.75	1.9874
590.875	1.9866
591.0	1.9858
591.125	1.9858
591.25	1.9819
591.375	1.9842
591.5	1.9811
591.625	1.9811
591.75	1.9811
591.875	1.9764
592.0	1.9764
592.125	1.9756
592.25	1.9716
592.375	1.974
592.5	1.9709
592.625	1.9709
592.75	1.9685
592.875	1.9677
593.0	1.9646
593.125	1.9646
593.25	1.9622
593.375	1.9606
593.5	1.9614
593.625	1.9591
593.75	1.9575
593.875	1.9567
594.0	1.9559
594.125	1.9528
594.25	1.9536
594.375	1.9528
594.5	1.9496
594.625	1.9481
594.75	1.9441
594.875	1.9473
595.0	1.9433
595.125	1.9418
595.25	1.9418
595.375	1.9394
595.5	1.9371
595.625	1.9363
595.75	1.9339
595.875	1.9339
596.0	1.9308
596.125	1.9292
596.25	1.9292
596.375	1.9261
596.5	1.9245
596.625	1.9245
596.75	1.9198
596.875	1.9198
597.0	1.919
597.125	1.9166
597.25	1.915
597.375	1.915
597.5	1.9103
597.625	1.9103
597.75	1.9088
597.875	1.908
598.0	1.9056
598.125	1.9025
598.25	1.9009
598.375	1.9009
598.5	1.897
598.625	1.8962
598.75	1.8946
598.875	1.8938
599.0	1.8899
599.125	1.8915
599.25	1.8867
599.375	1.8852
599.5	1.882
599.625	1.8828
599.75	1.8805
599.875	1.8789
600.0	1.8773
600.125	1.8757
600.25	1.8734
600.375	1.8734
600.5	1.8702
600.625	1.8679
600.75	1.8679
600.875	1.8679
601.0	1.8632
601.125	1.8592
601.25	1.8577
601.375	1.8561
601.5	1.8545
601.625	1.8537
601.75	1.8537
601.875	1.849
602.0	1.8451
602.125	1.8435
602.25	1.8427
602.375	1.8396
602.5	1.8372
602.625	1.8349
602.75	1.8349
602.875	1.8309
603.0	1.8278
603.125	1.8278
603.25	1.8254
603.375	1.8215
603.5	1.8215
603.625	1.8176
603.75	1.8183
603.875	1.8128
604.0	1.8121
604.125	1.8113
604.25	1.8089
604.375	1.8066
604.5	1.8034
604.625	1.8018
604.75	1.7979
604.875	1.7971
605.0	1.7948
605.125	1.7916
605.25	1.7885
605.375	1.7885
605.5	1.783
605.625	1.7783
605.75	1.7783
605.875	1.7743
606.0	1.7735
606.125	1.7727
606.25	1.7712
606.375	1.7672
606.5	1.7641
606.625	1.7633
606.75	1.7594
606.875	1.757
607.0	1.7547
607.125	1.7531
607.25	1.7492
607.375	1.746
607.5	1.7452
607.625	1.7405
607.75	1.7389
607.875	1.7358
608.0	1.7358
608.125	1.7311
608.25	1.7303
608.375	1.7264
608.5	1.7232
608.625	1.7216
608.75	1.7201
608.875	1.7169
609.0	1.7161
609.125	1.7122
609.25	1.7083
609.375	1.7067
609.5	1.7028
609.625	1.7028
609.75	1.6988
609.875	1.6957
610.0	1.6933
610.125	1.6886
610.25	1.6878
610.375	1.6839
610.5	1.6823
610.625	1.6792
610.75	1.6792
610.875	1.6745
611.0	1.6737
611.125	1.6674
611.25	1.665
611.375	1.6643
611.5	1.6603
611.625	1.658
611.75	1.6533
611.875	1.6517
612.0	1.6501
612.125	1.6462
612.25	1.6438
612.375	1.6407
612.5	1.6375
612.625	1.6344
612.75	1.632
612.875	1.6265
613.0	1.6265
613.125	1.6202
613.25	1.6194
613.375	1.6179
613.5	1.6132
613.625	1.6084
613.75	1.6069
613.875	1.6037
614.0	1.6006
614.125	1.599
614.25	1.5943
614.375	1.5919
614.5	1.5911
614.625	1.588
614.75	1.5849
614.875	1.5809
615.0	1.5786
615.125	1.5754
615.25	1.5731
615.375	1.5707
615.5	1.5668
615.625	1.5644
615.75	1.5605
615.875	1.5597
616.0	1.5566
616.125	1.5566
616.25	1.5511
616.375	1.5471
616.5	1.544
616.625	1.5424
616.75	1.5385
616.875	1.5345
617.0	1.529
617.125	1.5283
617.25	1.5243
617.375	1.5196
617.5	1.5188
617.625	1.5141
617.75	1.5125
617.875	1.5094
618.0	1.5062
618.125	1.5007
618.25	1.5
618.375	1.5
618.5	1.4944
618.625	1.4905
618.75	1.4882
618.875	1.4858
619.0	1.4827
619.125	1.4772
619.25	1.4764
619.375	1.4716
619.5	1.4685
619.625	1.4669
619.75	1.4622
619.875	1.4599
620.0	1.4583
620.125	1.4528
620.25	1.4504
620.375	1.4481
620.5	1.4441
620.625	1.4418
620.75	1.4386
620.875	1.4386
621.0	1.4339
621.125	1.43
621.25	1.4253
621.375	1.4245
621.5	1.4198
621.625	1.415
621.75	1.4135
621.875	1.4103
622.0	1.408
622.125	1.4056
622.25	1.4025
622.375	1.4001
622.5	1.393
622.625	1.3907
622.75	1.3891
622.875	1.3875
623.0	1.382
623.125	1.382
623.25	1.3773
623.375	1.375
623.5	1.371
623.625	1.3694
623.75	1.3663
623.875	1.3632
624.0	1.3584
624.125	1.3584
624.25	1.3537
624.375	1.3529
624.5	1.349
624.625	1.3443
624.75	1.3411
624.875	1.3388
625.0	1.3372
625.125	1.3301
625.25	1.3278
625.375	1.3254
625.5	1.3207
625.625	1.3199
625.75	1.3152
625.875	1.3113
626.0	1.3113
626.125	1.3058
626.25	1.3042
626.375	1.2995
626.5	1.2963
626.625	1.2924
626.75	1.2877
626.875	1.283
627.0	1.2845
627.125	1.2814
627.25	1.2759
627.375	1.2735
627.5	1.272
627.625	1.2665
627.75	1.2633
627.875	1.2617
628.0	1.2586
628.125	1.2547
628.25	1.25
628.375	1.2484
628.5	1.2429
628.625	1.2413
628.75	1.2374
628.875	1.235
629.0	1.2334
629.125	1.2295
629.25	1.2256
629.375	1.2216
629.5	1.2169
629.625	1.2146
629.75	1.2122
629.875	1.2083
630.0	1.2044
630.125	1.202
630.25	1.1981
630.375	1.1949
630.5	1.1941
630.625	1.1894
630.75	1.1855
630.875	1.1816
631.0	1.1792
631.125	1.1745
631.25	1.1713
631.375	1.169
631.5	1.165
631.625	1.1627
631.75	1.1603
631.875	1.1556
632.0	1.1509
632.125	1.1493
632.25	1.1462
632.375	1.1422
632.5	1.1407
632.625	1.1367
632.75	1.1328
632.875	1.132
633.0	1.1273
633.125	1.1257
633.25	1.1218
633.375	1.1179
633.5	1.1132
633.625	1.1124
633.75	1.1084
633.875	1.1037
634.0	1.1022
634.125	1.0974
634.25	1.0935
634.375	1.0896
634.5	1.0856
634.625	1.0849
634.75	1.0801
634.875	1.0754
635.0	1.0731
635.125	1.0699
635.25	1.066
635.375	1.0628
635.5	1.0597
635.625	1.0566
635.75	1.0526
635.875	1.0495
636.0	1.0471
636.125	1.0448
636.25	1.0416
636.375	1.0393
636.5	1.0377
636.625	1.0314
636.75	1.0283
636.875	1.0251
637.0	1.0227
637.125	1.0188
637.25	1.0188
637.375	1.0141
637.5	1.011
637.625	1.0062
637.75	1.0039
637.875	1.0
638.0	0.9976
638.125	0.9937
638.25	0.9897
638.375	0.9874
638.5	0.9842
638.625	0.9811
638.75	0.9795
638.875	0.9764
639.0	0.9732
639.125	0.9716
639.25	0.9669
639.375	0.9622
639.5	0.9599
639.625	0.9575
639.75	0.9528
639.875	0.9481
640.0	0.9473
640.125	0.9433
640.25	0.9402
640.375	0.9386
640.5	0.9339
640.625	0.9323
640.75	0.9284
640.875	0.9245
641.0	0.9205
641.125	0.9166
641.25	0.915
641.375	0.9119
641.5	0.9103
641.625	0.9056
641.75	0.9017
641.875	0.9009
642.0	0.897
642.125	0.893
642.25	0.8915
642.375	0.8867
642.5	0.8828
642.625	0.882
642.75	0.8773
642.875	0.8742
643.0	0.871
643.125	0.8694
643.25	0.8671
643.375	0.8632
643.5	0.8608
643.625	0.8577
643.75	0.8545
643.875	0.8522
644.0	0.8482
644.125	0.8443
644.25	0.8411
644.375	0.8396
644.5	0.8349
644.625	0.8309
644.75	0.8325
644.875	0.8278
645.0	0.8254
645.125	0.8223
645.25	0.8176
645.375	0.816
645.5	0.8128
645.625	0.8113
645.75	0.8081
645.875	0.8042
646.0	0.8011
646.125	0.7971
646.25	0.794
646.375	0.7924
646.5	0.7877
646.625	0.7869
646.75	0.783
646.875	0.783
647.0	0.7783
647.125	0.7759
647.25	0.7727
647.375	0.7696
647.5	0.768
647.625	0.7657
647.75	0.7641
647.875	0.7617
648.0	0.7578
648.125	0.7555
648.25	0.7539
648.375	0.75
648.5	0.7476
648.625	0.7452
648.75	0.7437
648.875	0.7405
649.0	0.7374
649.125	0.735
649.25	0.7311
649.375	0.7311
649.5	0.7264
649.625	0.7256
649.75	0.7216
649.875	0.7209
650.0	0.7169
650.125	0.713
650.25	0.7099
650.375	0.7091
650.5	0.7059
650.625	0.7028
650.75	0.7012
650.875	0.6981
651.0	0.6949
651.125	0.6933
651.25	0.6886
651.375	0.6878
651.5	0.6839
651.625	0.68
651.75	0.68
651.875	0.6784
652.0	0.6737
652.125	0.6705
652.25	0.6674
652.375	0.6658
652.5	0.6619
652.625	0.6611
652.75	0.6595
652.875	0.6556
653.0	0.6533
653.125	0.6509
653.25	0.6485
653.375	0.6462
653.5	0.6415
653.625	0.6407
653.75	0.6383
653.875	0.6352
654.0	0.6328
654.125	0.632
654.25	0.6273
654.375	0.6234
654.5	0.6226
654.625	0.621
654.75	0.6187
654.875	0.6171
655.0	0.6132
655.125	0.6116
655.25	0.6084
655.375	0.6037
655.5	0.6045
655.625	0.6037
655.75	0.599
655.875	0.5974
656.0	0.5943
656.125	0.5943
656.25	0.5896
656.375	0.588
656.5	0.5849
656.625	0.5817
656.75	0.5801
656.875	0.5801
657.0	0.5754
657.125	0.5746
657.25	0.5723
657.375	0.5676
657.5	0.5676
657.625	0.5636
657.75	0.5613
657.875	0.5597
658.0	0.5589
658.125	0.5566
658.25	0.5566
658.375	0.5518
658.5	0.5487
658.625	0.5471
658.75	0.5424
658.875	0.5424
659.0	0.5408
659.125	0.5361
659.25	0.5338
659.375	0.533
659.5	0.5283
659.625	0.5283
659.75	0.5243
659.875	0.522
660.0	0.5204
660.125	0.5188
660.25	0.5141
660.375	0.5141
660.5	0.5094
660.625	0.5086
660.75	0.5047
660.875	0.5031
661.0	0.5
661.125	0.5
661.25	0.4952
661.375	0.4929
661.5	0.4905
661.625	0.4905
661.75	0.4858
661.875	0.4834
662.0	0.4811
662.125	0.4803
662.25	0.4764
662.375	0.474
662.5	0.4716
662.625	0.4716
662.75	0.4685
662.875	0.4669
663.0	0.4654
663.125	0.4622
663.25	0.4606
663.375	0.4575
663.5	0.4559
663.625	0.4528
663.75	0.452
663.875	0.4496
664.0	0.4465
664.125	0.4457
664.25	0.4433
664.375	0.4402
664.5	0.4386
664.625	0.4363
664.75	0.4339
664.875	0.4323
665.0	0.4292
665.125	0.4292
665.25	0.4261
665.375	0.4237
665.5	0.4221
665.625	0.4198
665.75	0.4182
665.875	0.415
666.0	0.4119
666.125	0.4103
666.25	0.4103
666.375	0.4072
666.5	0.4056
666.625	0.4017
666.75	0.4009
666.875	0.3985
667.0	0.3954
667.125	0.3954
667.25	0.3915
667.375	0.3907
667.5	0.3867
667.625	0.3867
667.75	0.3867
667.875	0.3828
668.0	0.3805
668.125	0.3773
668.25	0.3765
668.375	0.3734
668.5	0.3718
668.625	0.371
668.75	0.3679
668.875	0.3679
669.0	0.3632
669.125	0.3616
669.25	0.3608
669.375	0.3584
669.5	0.3561
669.625	0.3569
669.75	0.3506
669.875	0.349
670.0	0.349
670.125	0.3482
670.25	0.3443
670.375	0.3435
670.5	0.3419
670.625	0.338
670.75	0.3388
670.875	0.3372
671.0	0.3333
671.125	0.3301
671.25	0.3301
671.375	0.3278
671.5	0.3254
671.625	0.3254
671.75	0.3238
671.875	0.3207
672.0	0.3183
672.125	0.3176
672.25	0.316
672.375	0.3144
672.5	0.3113
672.625	0.3113
672.75	0.3097
672.875	0.3066
673.0	0.3081
673.125	0.3058
673.25	0.3026
673.375	0.3018
673.5	0.2987
673.625	0.2987
673.75	0.2971
673.875	0.294
674.0	0.2924
674.125	0.2924
674.25	0.2916
674.375	0.2885
674.5	0.2877
674.625	0.2845
674.75	0.283
674.875	0.2814
675.0	0.2798
675.125	0.2783
675.25	0.2767
675.375	0.2751
675.5	0.2735
675.625	0.2727
675.75	0.2688
675.875	0.2688
676.0	0.2641
676.125	0.2641
676.25	0.2594
676.375	0.2594
676.5	0.2594
676.625	0.2578
676.75	0.2555
676.875	0.2547
677.0	0.2539
677.125	0.25
677.25	0.25
677.375	0.246
677.5	0.2452
677.625	0.2421
677.75	0.2421
677.875	0.2405
678.0	0.2405
678.125	0.2374
678.25	0.2358
678.375	0.2358
678.5	0.2311
678.625	0.2311
678.75	0.2311
678.875	0.2264
679.0	0.2264
679.125	0.2264
679.25	0.224
679.375	0.2224
679.5	0.2209
679.625	0.2169
679.75	0.2169
679.875	0.2169
680.0	0.2122
680.125	0.213
680.25	0.213
680.375	0.2083
680.5	0.2075
680.625	0.2075
680.75	0.2067
680.875	0.2059
681.0	0.2028
681.125	0.2012
681.25	0.1981
681.375	0.1981
681.5	0.1981
681.625	0.1949
681.75	0.1949
681.875	0.1933
682.0	0.1918
682.125	0.1886
682.25	0.1886
682.375	0.1871
682.5	0.1863
682.625	0.1839
682.75	0.1839
682.875	0.1816
683.0	0.18
683.125	0.1792
683.25	0.1792
683.375	0.1753
683.5	0.1745
683.625	0.1721
683.75	0.1705
683.875	0.1698
684.0	0.1698
684.125	0.1682
684.25	0.1666
684.375	0.165
684.5	0.165
684.625	0.1611
684.75	0.1603
684.875	0.1603
685.0	0.1556
685.125	0.1564
685.25	0.1556
685.375	0.1548
685.5	0.1533
685.625	0.1509
685.75	0.1509
685.875	0.1509
686.0	0.1501
686.125	0.1462
686.25	0.1454
686.375	0.1462
686.5	0.1415
686.625	0.1415
686.75	0.1415
686.875	0.1383
687.0	0.1367
687.125	0.1367
687.25	0.1367
687.375	0.132
687.5	0.132
687.625	0.1328
687.75	0.1312
687.875	0.1297
688.0	0.1297
688.125	0.1281
688.25	0.1273
688.375	0.125
688.5	0.1226
688.625	0.1226
688.75	0.1226
688.875	0.1218
689.0	0.1179
689.125	0.1179
689.25	0.1179
689.375	0.1163
689.5	0.1155
689.625	0.1132
689.75	0.1132
689.875	0.1124
690.0	0.1092
690.125	0.1092
690.25	0.1077
690.375	0.1069
690.5	0.1053
690.625	0.1045
690.75	0.1045
690.875	0.1037
691.0	0.1037
691.125	0.1029
691.25	0.099
691.375	0.0998
691.5	0.099
691.625	0.0974
691.75	0.0959
691.875	0.0943
692.0	0.0943
692.125	0.0943
692.25	0.0927
692.375	0.0896
692.5	0.0888
692.625	0.0896
692.75	0.088
692.875	0.0872
693.0	0.0849
693.125	0.0856
693.25	0.0849
693.375	0.0849
693.5	0.0849
693.625	0.0801
693.75	0.0801
693.875	0.0786
694.0	0.077
694.125	0.0754
694.25	0.077
694.375	0.0762
694.5	0.0746
694.625	0.0746
694.75	0.0723
694.875	0.0707
695.0	0.0707
695.125	0.0699
695.25	0.0707
695.375	0.0691
695.5	0.0668
695.625	0.066
695.75	0.066
695.875	0.0652
696.0	0.0652
696.125	0.0621
696.25	0.0621
696.375	0.0613
696.5	0.0613
696.625	0.0597
696.75	0.0573
696.875	0.0581
697.0	0.0581
697.125	0.0573
697.25	0.055
697.375	0.0542
697.5	0.0534
697.625	0.0518
697.75	0.0518
697.875	0.0518
698.0	0.0518
698.125	0.0518
698.25	0.0503
698.375	0.0479
698.5	0.0487
698.625	0.0471
698.75	0.0471
698.875	0.0471
699.0	0.0463
699.125	0.0463
699.25	0.0448
699.375	0.0424
699.5	0.0424
699.625	0.0416
699.75	0.0408
699.875	0.0385
700.0	0.0377
700.125	0.0377
700.25	0.0377
700.375	0.0377
700.5	0.0377
700.625	0.0345
700.75	0.0338
700.875	0.033
701.0	0.033
701.125	0.0306
701.25	0.0322
701.375	0.0298
701.5	0.029
701.625	0.029
701.75	0.0283
701.875	0.0283
702.0	0.0283
702.125	0.0283
702.25	0.0259
702.375	0.0267
702.5	0.0235
702.625	0.0243
702.75	0.0235
702.875	0.0235
703.0	0.022
703.125	0.022
703.25	0.0204
703.375	0.0196
703.5	0.0188
703.625	0.0172
703.75	0.0172
703.875	0.0188
704.0	0.0149
704.125	0.0141
704.25	0.0141
704.375	0.0141
704.5	0.0141
704.625	0.0125
704.75	0.0141
704.875	0.011
705.0	0.0094
705.125	0.0102
705.25	0.011
705.375	0.0102
705.5	0.0086
705.625	0.0094
705.75	0.0078
705.875	0.0047
706.0	0.0062
706.125	0.0094
706.25	0.0047
706.375	0.0047
706.5	0.0047
706.625	0.0047
706.75	0.0047
706.875	0.0039
707.0	0.0023
707.125	0.0023
707.25	7.0E-4
707.375	0.0015
707.5	0.0015
707.625	0.0
707.75	0.0
707.875	0.0
708.0	0.0
708.125	0.0
708.25	0.0
708.375	0.0
708.5	0.0
708.625	0.0
708.75	0.0
708.875	0.0
709.0	0.0
709.125	0.0
709.25	0.0
709.375	0.0
709.5	0.0
709.625	0.0
709.75	0.0
709.875	0.0
710.0	0.0
710.125	0.0
710.25	0.0
710.375	0.0
710.5	0.0
710.625	0.0
710.75	0.0
710.875	0.0
711.0	0.0
711.125	0.0
711.25	0.0
711.375	0.0
711.5	0.0
711.625	0.0
711.75	0.0
711.875	0.0
712.0	0.0
712.125	0.0
712.25	0.0
712.375	0.0
712.5	0.0
712.625	0.0
712.75	0.0
712.875	0.0
713.0	0.0
713.125	0.0
713.25	0.0
713.375	0.0
713.5	0.0
713.625	0.0
713.75	0.0
713.875	0.0
714.0	0.0
714.125	0.0
714.25	0.0
714.375	0.0
714.5	0.0
714.625	0.0
714.75	0.0
714.875	0.0
715.0	0.0
715.125	0.0
715.25	0.0
715.375	0.0
715.5	0.0
715.625	0.0
715.75	0.0
715.875	0.0
716.0	0.0
716.125	0.0
716.25	0.0
716.375	0.0
716.5	0.0
716.625	0.0
716.75	0.0
716.875	0.0
717.0	0.0
717.125	0.0
717.25	0.0
717.375	0.0
717.5	0.0
717.625	0.0
717.75	0.0
717.875	0.0
718.0	0.0
718.125	0.0
718.25	0.0
718.375	0.0
718.5	0.0
718.625	0.0
718.75	0.0
718.875	0.0
719.0	0.0
719.125	0.0
719.25	0.0
719.375	0.0
719.5	0.0
719.625	0.0
719.75	0.0
719.875	0.0
720.0	0.0
720.125	0.0
720.25	0.0
720.375	0.0
720.5	0.0
720.625	0.0
720.75	0.0
720.875	0.0
721.0	0.0
721.125	0.0
721.25	0.0
721.375	0.0
721.5	0.0
721.625	0.0
721.75	0.0
721.875	0.0
722.0	0.0
722.125	0.0
722.25	0.0
722.375	0.0
722.5	0.0
722.625	0.0
722.75	0.0
722.875	0.0
723.0	0.0
723.125	0.0
723.25	0.0
723.375	0.0
723.5	0.0
723.625	0.0
723.75	0.0
723.875	0.0
724.0	0.0
724.125	0.0
724.25	0.0
724.375	0.0
724.5	0.0
724.625	0.0
724.75	0.0
724.875	0.0
725.0	0.0
725.125	0.0
725.25	0.0
725.375	0.0
725.5	0.0
725.625	0.0
725.75	0.0
725.875	0.0
726.0	0.0
726.125	0.0
726.25	0.0
726.375	0.0
726.5	0.0
726.625	0.0
726.75	0.0
726.875	0.0
727.0	0.0
727.125	0.0
727.25	0.0
727.375	0.0
727.5	0.0
727.625	0.0
727.75	0.0
727.875	0.0
728.0	0.0
728.125	0.0
728.25	0.0
728.375	0.0
728.5	0.0
728.625	0.0
728.75	0.0
728.875	0.0
729.0	0.0
729.125	0.0
729.25	0.0
729.375	0.0
729.5	0.0
729.625	0.0
729.75	0.0
729.875	0.0
730.0	0.0
730.125	0.0
730.25	0.0
730.375	0.0
730.5	0.0
730.625	0.0
730.75	0.0
730.875	0.0
731.0	0.0
731.125	0.0
731.25	0.0
731.375	0.0
731.5	0.0
731.625	0.0
731.75	0.0
731.875	0.0
732.0	0.0
732.125	0.0
732.25	0.0
732.375	0.0
732.5	0.0
732.625	0.0
732.75	0.0
732.875	0.0
733.0	0.0
733.125	0.0
733.25	0.0
733.375	0.0
733.5	0.0
733.625	0.0
733.75	0.0
733.875	0.0
734.0	0.0
734.125	0.0
734.25	0.0
734.375	0.0
734.5	0.0
734.625	0.0
734.75	0.0
734.875	0.0
735.0	0.0
735.125	0.0
735.25	0.0
735.375	0.0
735.5	0.0
735.625	0.0
735.75	0.0
735.875	0.0
736.0	0.0
736.125	0.0
736.25	0.0
736.375	0.0
736.5	0.0
736.625	0.0
736.75	0.0
736.875	0.0
737.0	0.0
737.125	0.0
737.25	0.0
737.375	0.0
737.5	0.0
737.625	0.0
737.75	0.0
737.875	0.0
738.0	0.0
738.125	0.0
738.25	0.0
738.375	0.0
738.5	0.0
738.625	0.0
738.75	0.0
738.875	0.0
739.0	0.0
739.125	0.0
739.25	0.0
739.375	0.0
739.5	0.0
739.625	0.0
739.75	0.0
739.875	0.0
740.0	0.0
740.125	0.0
740.25	0.0
740.375	0.0
740.5	0.0
740.625	0.0
740.75	0.0
740.875	0.0
741.0	0.0
741.125	0.0
741.25	0.0
741.375	0.0
741.5	0.0
741.625	0.0
741.75	0.0
741.875	0.0
742.0	0.0
742.125	0.0
742.25	0.0
742.375	0.0
742.5	0.0
742.625	0.0
742.75	0.0
742.875	0.0
743.0	0.0
743.125	0.0
743.25	0.0
743.375	0.0
743.5	0.0
743.625	0.0
743.75	0.0
743.875	0.0
744.0	0.0
744.125	0.0
744.25	0.0
744.375	0.0
744.5	0.0
744.625	0.0
744.75	0.0
744.875	0.0
745.0	0.0
745.125	0.0
745.25	0.0
745.375	0.0
745.5	0.0
745.625	0.0
745.75	0.0
745.875	0.0
746.0	0.0
746.125	0.0
746.25	0.0
746.375	0.0
746.5	0.0
746.625	0.0
746.75	0.0
746.875	0.0
747.0	0.0
747.125	0.0
747.25	0.0
747.375	0.0
747.5	0.0
747.625	0.0
747.75	0.0
747.875	0.0
748.0	0.0
748.125	0.0
748.25	0.0
748.375	0.0
748.5	0.0
748.625	0.0
748.75	0.0
748.875	0.0
749.0	0.0
749.125	0.0
749.25	0.0
749.375	0.0
749.5	0.0
749.625	0.0
749.75	0.0
749.875	0.0
750.0	0.0
750.125	0.0
750.25	0.0
750.375	0.0
750.5	0.0
750.625	0.0
750.75	0.0
750.875	0.0
751.0	0.0
751.125	0.0
751.25	0.0
751.375	0.0
751.5	0.0
751.625	0.0
751.75	0.0
751.875	0.0
752.0	0.0
752.125	0.0
752.25	0.0
752.375	0.0
752.5	0.0
752.625	0.0
752.75	0.0
752.875	0.0
753.0	0.0
753.125	0.0
753.25	0.0
753.375	0.0
753.5	0.0
753.625	0.0
753.75	0.0
753.875	0.0
754.0	0.0
754.125	0.0
754.25	0.0
754.375	0.0
754.5	0.0
754.625	0.0
754.75	0.0
754.875	0.0
755.0	0.0
755.125	0.0
755.25	0.0
755.375	0.0
755.5	0.0
755.625	0.0
755.75	0.0
755.875	0.0
756.0	0.0
756.125	0.0
756.25	0.0
756.375	0.0
756.5	0.0
756.625	0.0
756.75	0.0
756.875	0.0
757.0	0.0
757.125	0.0
757.25	0.0
757.375	0.0
757.5	0.0
757.625	0.0
757.75	0.0
757.875	0.0
758.0	0.0
758.125	0.0
758.25	0.0
758.375	0.0
758.5	0.0
758.625	0.0
758.75	0.0
758.875	0.0
759.0	0.0
759.125	0.0
759.25	0.0
759.375	0.0
759.5	0.0
759.625	0.0
759.75	0.0
759.875	0.0
760.0	0.0
760.125	0.0
760.25	0.0
760.375	0.0
760.5	0.0
760.625	0.0
760.75	0.0
760.875	0.0
761.0	0.0
761.125	0.0
761.25	0.0
761.375	0.0
761.5	0.0
761.625	0.0
761.75	0.0
761.875	0.0
762.0	0.0
762.125	0.0
762.25	0.0
762.375	0.0
762.5	0.0
762.625	0.0
762.75	0.0
762.875	0.0
763.0	0.0
763.125	0.0
763.25	0.0
763.375	0.0
763.5	0.0
763.625	0.0
763.75	0.0
763.875	0.0
764.0	0.0
764.125	0.0
764.25	0.0
764.375	0.0
764.5	0.0
764.625	0.0
764.75	0.0
764.875	0.0
765.0	0.0
765.125	0.0
765.25	0.0
765.375	0.0
765.5	0.0
765.625	0.0
765.75	0.0
765.875	0.0
766.0	0.0
766.125	0.0
766.25	0.0
766.375	0.0
766.5	0.0
766.625	0.0
766.75	0.0
766.875	0.0
767.0	0.0
767.125	0.0
767.25	0.0
767.375	0.0
767.5	0.0
767.625	0.0
767.75	0.0
767.875	0.0
768.0	0.0
768.125	0.0
768.25	0.0
768.375	0.0
768.5	0.0
768.625	0.0
768.75	0.0
768.875	0.0
769.0	0.0
769.125	0.0
769.25	0.0
769.375	0.0
769.5	0.0
769.625	0.0
769.75	0.0
769.875	0.0
770.0	0.0
770.125	0.0
770.25	0.0
770.375	0.0
770.5	0.0
770.625	0.0
770.75	0.0
770.875	0.0
771.0	0.0
771.125	0.0
771.25	0.0
771.375	0.0
771.5	0.0
771.625	0.0
771.75	0.0
771.875	0.0
772.0	0.0
772.125	0.0
772.25	0.0
772.375	0.0
772.5	0.0
772.625	0.0
772.75	0.0
772.875	0.0
773.0	0.0
773.125	0.0
773.25	0.0
773.375	0.0
773.5	0.0
773.625	0.0
773.75	0.0
773.875	0.0
774.0	0.0
774.125	0.0
774.25	0.0
774.375	0.0
774.5	0.0
774.625	0.0
774.75	0.0
774.875	0.0
775.0	0.0
775.125	0.0
775.25	0.0
775.375	0.0
775.5	0.0
775.625	0.0
775.75	0.0
775.875	0.0
776.0	0.0
776.125	0.0
776.25	0.0
776.375	0.0
776.5	0.0
776.625	0.0
776.75	0.0
776.875	0.0
777.0	0.0
777.125	0.0
777.25	0.0
777.375	0.0
777.5	0.0
777.625	0.0
777.75	0.0
777.875	0.0
778.0	0.0
778.125	0.0
778.25	0.0
778.375	0.0
778.5	0.0
778.625	0.0
778.75	0.0
778.875	0.0
779.0	0.0
779.125	0.0
779.25	0.0
779.375	0.0
779.5	0.0
779.625	0.0
779.75	0.0
779.875	0.0
780.0	0.0
780.125	0.0
780.25	0.0
780.375	0.0
780.5	0.0
780.625	0.0
780.75	0.0
780.875	0.0
781.0	0.0
781.125	0.0
781.25	0.0
781.375	0.0
781.5	0.0
781.625	0.0
781.75	0.0
781.875	0.0
782.0	0.0
782.125	0.0
782.25	0.0
782.375	0.0
782.5	0.0
782.625	0.0
782.75	0.0
782.875	0.0
783.0	0.0
783.125	0.0
783.25	0.0
783.375	0.0
783.5	0.0
783.625	0.0
783.75	0.0
783.875	0.0
784.0	0.0
784.125	0.0
784.25	0.0
784.375	0.0
784.5	0.0
784.625	0.0
784.75	0.0
784.875	0.0
785.0	0.0
785.125	0.0
785.25	0.0
785.375	0.0
785.5	0.0
785.625	0.0
785.75	0.0
785.875	0.0
786.0	0.0
786.125	0.0
786.25	0.0
786.375	0.0
786.5	0.0
786.625	0.0
786.75	0.0
786.875	0.0
787.0	0.0
787.125	0.0
787.25	0.0
787.375	0.0
787.5	0.0
787.625	0.0
787.75	0.0
787.875	0.0
788.0	0.0
788.125	0.0
788.25	0.0
788.375	0.0
788.5	0.0
788.625	0.0
788.75	0.0
788.875	0.0
789.0	0.0
789.125	0.0
789.25	0.0
789.375	0.0
789.5	0.0
789.625	0.0
789.75	0.0
789.875	0.0
790.0	0.0
790.125	0.0
790.25	0.0
790.375	0.0
790.5	0.0
790.625	0.0
790.75	0.0
790.875	0.0
791.0	0.0
791.125	0.0
791.25	0.0
791.375	0.0
791.5	0.0
791.625	0.0
791.75	0.0
791.875	0.0
792.0	0.0
792.125	0.0
792.25	0.0
792.375	0.0
792.5	0.0
792.625	0.0
792.75	0.0
792.875	0.0
793.0	0.0
793.125	0.0
793.25	0.0
793.375	0.0
793.5	0.0
793.625	0.0
793.75	0.0
793.875	0.0
794.0	0.0
794.125	0.0
794.25	0.0
794.375	0.0
794.5	0.0
794.625	0.0
794.75	0.0
794.875	0.0
795.0	0.0
795.125	0.0
795.25	0.0
795.375	0.0
795.5	0.0
795.625	0.0
795.75	0.0
795.875	0.0
796.0	0.0
796.125	0.0
796.25	0.0
796.375	0.0
796.5	0.0
796.625	0.0
796.75	0.0
796.875	0.0
797.0	0.0
797.125	0.0
797.25	0.0
797.375	0.0
797.5	0.0
797.625	0.0
797.75	0.0
797.875	0.0
798.0	0.0
798.125	0.0
798.25	0.0
798.375	0.0
798.5	0.0
798.625	0.0
798.75	0.0
798.875	0.0
799.0	0.0
799.125	0.0
799.25	0.0
799.375	0.0
799.5	0.0
799.625	0.0
799.75	0.0
799.875	0.0
800.0	0.0
800.125	0.0
800.25	0.0
800.375	0.0
800.5	0.0
800.625	0.0
800.75	0.0
800.875	0.0
801.0	0.0
801.125	0.0
801.25	0.0
801.375	0.0
801.5	0.0
801.625	0.0
801.75	0.0
801.875	0.0
802.0	0.0
802.125	0.0
802.25	0.0
802.375	0.0
802.5	0.0
802.625	0.0
802.75	0.0
802.875	0.0
803.0	0.0
803.125	0.0
803.25	0.0
803.375	0.0
803.5	0.0
803.625	0.0
803.75	0.0
803.875	0.0
804.0	0.0
804.125	0.0
804.25	0.0
804.375	0.0
804.5	0.0
804.625	0.0
804.75	0.0
804.875	0.0
805.0	0.0
805.125	0.0
805.25	0.0
805.375	0.0
805.5	0.0
805.625	0.0
805.75	0.0
805.875	0.0
806.0	0.0
806.125	0.0
806.25	0.0
806.375	0.0
806.5	0.0
806.625	0.0
806.75	0.0
806.875	0.0
807.0	0.0
807.125	0.0
807.25	0.0
807.375	0.0
807.5	0.0
807.625	0.0
807.75	0.0
807.875	0.0
808.0	0.0
808.125	0.0
808.25	0.0
808.375	0.0
808.5	0.0
808.625	0.0
808.75	0.0
808.875	0.0
809.0	0.0
809.125	0.0
809.25	0.0
809.375	0.0
809.5	0.0
809.625	0.0
809.75	0.0
809.875	0.0
810.0	0.0
810.125	0.0
810.25	0.0
810.375	0.0
810.5	0.0
810.625	0.0
810.75	0.0
810.875	0.0
811.0	0.0
811.125	0.0
811.25	0.0
811.375	0.0
811.5	0.0
811.625	0.0
811.75	0.0
811.875	0.0
812.0	0.0
812.125	0.0
812.25	0.0
812.375	0.0
812.5	0.0
812.625	0.0
812.75	0.0
812.875	0.0
813.0	0.0
813.125	0.0
813.25	0.0
813.375	0.0
813.5	0.0
813.625	0.0
813.75	0.0
813.875	0.0
814.0	0.0
814.125	0.0
814.25	0.0
814.375	0.0
814.5	0.0
814.625	0.0
814.75	0.0
814.875	0.0
815.0	0.0
815.125	0.0
815.25	0.0
815.375	0.0
815.5	0.0
815.625	0.0
815.75	0.0
815.875	0.0
816.0	0.0
816.125	0.0
816.25	0.0
816.375	0.0
816.5	0.0
816.625	0.0
816.75	0.0
816.875	0.0
817.0	0.0
817.125	0.0
817.25	0.0
817.375	0.0
817.5	0.0
817.625	0.0
817.75	0.0
817.875	0.0
818.0	0.0
818.125	0.0
818.25	0.0
818.375	0.0
818.5	0.0
818.625	0.0
818.75	0.0
818.875	0.0
819.0	0.0
819.125	0.0
819.25	0.0
819.375	0.0
819.5	0.0
819.625	0.0
819.75	0.0
819.875	0.0
820.0	0.0
820.125	0.0
820.25	0.0
820.375	0.0
820.5	0.0
820.625	0.0
820.75	0.0
820.875	0.0
821.0	0.0
821.125	0.0
821.25	0.0
821.375	0.0
821.5	0.0
821.625	0.0
821.75	0.0
821.875	0.0
822.0	0.0
822.125	0.0
822.25	0.0
822.375	0.0
822.5	0.0
822.625	0.0
822.75	0.0
822.875	0.0
823.0	0.0
823.125	0.0
823.25	0.0
823.375	0.0
823.5	0.0
823.625	0.0
823.75	0.0
823.875	0.0
824.0	0.0
824.125	0.0
824.25	0.0
824.375	0.0
824.5	0.0
824.625	0.0
824.75	0.0
824.875	0.0
825.0	0.0
825.125	0.0
825.25	0.0
825.375	0.0
825.5	0.0
825.625	0.0
825.75	0.0
825.875	0.0
826.0	0.0
826.125	0.0
826.25	0.0
826.375	0.0
826.5	0.0
826.625	0.0
826.75	0.0
826.875	0.0
827.0	0.0
827.125	0.0
827.25	0.0
827.375	0.0
827.5	0.0
827.625	0.0
827.75	0.0
827.875	0.0
828.0	0.0
828.125	0.0
828.25	0.0
828.375	0.0
828.5	0.0
828.625	0.0
828.75	0.0
828.875	0.0
829.0	0.0
829.125	0.0
829.25	0.0
829.375	0.0
829.5	0.0
829.625	0.0
829.75	0.0
829.875	0.0
830.0	0.0
830.125	0.0
830.25	0.0
830.375	0.0
830.5	0.0
830.625	0.0
830.75	0.0
830.875	0.0
831.0	0.0
831.125	0.0
831.25	0.0
831.375	0.0
831.5	0.0
831.625	0.0
831.75	0.0
831.875	0.0
832.0	0.0
832.125	0.0
832.25	0.0
832.375	0.0
832.5	0.0
832.625	0.0
832.75	0.0
832.875	0.0
833.0	0.0
833.125	0.0
833.25	0.0
833.375	0.0
833.5	0.0
833.625	0.0
833.75	0.0
833.875	0.0
834.0	0.0
834.125	0.0
834.25	0.0
834.375	0.0
834.5	0.0
834.625	0.0
834.75	0.0
834.875	0.0
835.0	0.0
835.125	0.0
835.25	0.0
835.375	0.0
835.5	0.0
835.625	0.0
835.75	0.0
835.875	0.0
836.0	0.0
836.125	0.0
836.25	0.0
836.375	0.0
836.5	0.0
836.625	0.0
836.75	0.0
836.875	0.0
837.0	0.0
837.125	0.0
837.25	0.0
837.375	0.0
837.5	0.0
837.625	0.0
837.75	0.0
837.875	0.0
838.0	0.0
838.125	0.0
838.25	0.0
838.375	0.0
838.5	0.0
838.625	0.0
838.75	0.0
838.875	0.0
839.0	0.0
839.125	0.0
839.25	0.0
839.375	0.0
839.5	0.0
839.625	0.0
839.75	0.0
839.875	0.0
840.0	0.0
840.125	0.0
840.25	0.0
840.375	0.0
840.5	0.0
840.625	0.0
840.75	0.0
840.875	0.0
841.0	0.0
841.125	0.0
841.25	0.0
841.375	0.0
841.5	0.0
841.625	0.0
841.75	0.0
841.875	0.0
842.0	0.0
842.125	0.0
842.25	0.0
842.375	0.0
842.5	0.0
842.625	0.0
842.75	0.0
842.875	0.0
843.0	0.0
843.125	0.0
843.25	0.0
843.375	0.0
843.5	0.0
843.625	0.0
843.75	0.0
843.875	0.0
844.0	0.0
844.125	0.0
844.25	0.0
844.375	0.0
844.5	0.0
844.625	0.0
844.75	0.0
844.875	0.0
845.0	0.0
845.125	0.0
845.25	0.0
845.375	0.0
845.5	0.0
845.625	0.0
845.75	0.0
845.875	0.0
846.0	0.0
846.125	0.0
846.25	0.0
846.375	0.0
846.5	0.0
846.625	0.0
846.75	0.0
846.875	0.0
847.0	0.0
847.125	0.0
847.25	0.0
847.375	0.0
847.5	0.0
847.625	0.0
847.75	0.0
847.875	0.0
848.0	0.0
848.125	0.0
848.25	0.0
848.375	0.0
848.5	0.0
848.625	0.0
848.75	0.0
848.875	0.0
849.0	0.0
849.125	0.0
849.25	0.0
849.375	0.0
849.5	0.0
849.625	0.0
849.75	0.0
849.875	0.0
850.0	0.0
850.125	0.0
850.25	0.0
850.375	0.0
850.5	0.0
850.625	0.0
850.75	0.0
850.875	0.0
851.0	0.0
851.125	0.0
851.25	0.0
851.375	0.0
851.5	0.0
851.625	0.0
851.75	0.0
851.875	0.0
852.0	0.0
852.125	0.0
852.25	0.0
852.375	0.0
852.5	0.0
852.625	0.0
852.75	0.0
852.875	0.0
853.0	0.0
853.125	0.0
853.25	0.0
853.375	0.0
853.5	0.0
853.625	0.0
853.75	0.0
853.875	0.0
854.0	0.0
854.125	0.0
854.25	0.0
854.375	0.0
854.5	0.0
854.625	0.0
854.75	0.0
854.875	0.0
855.0	0.0
855.125	0.0
855.25	0.0
855.375	0.0
855.5	0.0
855.625	0.0
855.75	0.0
855.875	0.0
856.0	0.0
856.125	0.0
856.25	0.0
856.375	0.0
856.5	0.0
856.625	0.0
856.75	0.0
856.875	0.0
857.0	0.0
857.125	0.0
857.25	0.0
857.375	0.0
857.5	0.0
857.625	0.0
857.75	0.0
857.875	0.0
858.0	0.0
858.125	0.0
858.25	0.0
858.375	0.0
858.5	0.0
858.625	0.0
858.75	0.0
858.875	0.0
859.0	0.0
859.125	0.0
859.25	0.0
859.375	0.0
859.5	0.0
859.625	0.0
859.75	0.0
859.875	0.0
860.0	0.0
860.125	0.0
860.25	0.0
860.375	0.0
860.5	0.0
860.625	0.0
860.75	0.0
860.875	0.0
861.0	0.0
861.125	0.0
861.25	0.0
861.375	0.0
861.5	0.0
861.625	0.0
861.75	0.0
861.875	0.0
862.0	0.0
862.125	0.0
862.25	0.0
862.375	0.0
862.5	0.0
862.625	0.0
862.75	0.0
862.875	0.0
863.0	0.0
863.125	0.0
863.25	0.0
863.375	0.0
863.5	0.0
863.625	0.0
863.75	0.0
863.875	0.0
864.0	0.0
864.125	0.0
864.25	0.0
864.375	0.0
864.5	0.0
864.625	0.0
864.75	0.0
864.875	0.0
865.0	0.0
865.125	0.0
865.25	0.0
865.375	0.0
865.5	0.0
865.625	0.0
865.75	0.0
865.875	0.0
866.0	0.0
866.125	0.0
866.25	0.0
866.375	0.0
866.5	0.0
866.625	0.0
866.75	0.0
866.875	0.0
867.0	0.0
867.125	0.0
867.25	0.0
867.375	0.0
867.5	0.0
867.625	0.0
867.75	0.0
867.875	0.0
868.0	0.0
868.125	0.0
868.25	0.0
868.375	0.0
868.5	0.0
868.625	0.0
868.75	0.0
868.875	0.0
869.0	0.0
869.125	0.0
869.25	0.0
869.375	0.0
869.5	0.0
869.625	0.0
869.75	0.0
869.875	0.0
870.0	0.0
870.125	0.0
870.25	0.0
870.375	0.0
870.5	0.0
870.625	0.0
870.75	0.0
870.875	0.0
871.0	0.0
871.125	0.0
871.25	0.0
871.375	0.0
871.5	0.0
871.625	0.0
871.75	0.0
871.875	0.0
872.0	0.0
872.125	0.0
872.25	0.0
872.375	0.0
872.5	0.0
872.625	0.0
872.75	0.0
872.875	0.0
873.0	0.0
873.125	0.0
873.25	0.0
873.375	0.0
873.5	0.0
873.625	0.0
873.75	0.0
873.875	0.0
874.0	0.0
874.125	0.0
874.25	0.0
874.375	0.0
874.5	0.0
874.625	0.0
874.75	0.0
874.875	0.0
875.0	0.0
875.125	0.0
875.25	0.0
875.375	0.0
875.5	0.0
875.625	0.0
875.75	0.0
875.875	0.0
876.0	0.0
876.125	0.0
876.25	0.0
876.375	0.0
876.5	0.0
876.625	0.0
876.75	0.0
876.875	0.0
877.0	0.0
877.125	0.0
877.25	0.0
877.375	0.0
877.5	0.0
877.625	0.0
877.75	0.0
877.875	0.0
878.0	0.0
878.125	0.0
878.25	0.0
878.375	0.0
878.5	0.0
878.625	0.0
878.75	0.0
878.875	0.0
879.0	0.0
879.125	0.0
879.25	0.0
879.375	0.0
879.5	0.0
879.625	0.0
879.75	0.0
879.875	0.0
880.0	0.0
880.125	0.0
880.25	0.0
880.375	0.0
880.5	0.0
880.625	0.0
880.75	0.0
880.875	0.0
881.0	0.0
881.125	0.0
881.25	0.0
881.375	0.0
881.5	0.0
881.625	0.0
881.75	0.0
881.875	0.0
882.0	0.0
882.125	0.0
882.25	0.0
882.375	0.0
882.5	0.0
882.625	0.0
882.75	0.0
882.875	0.0
883.0	0.0
883.125	0.0
883.25	0.0
883.375	0.0
883.5	0.0
883.625	0.0
883.75	0.0
883.875	0.0
884.0	0.0
884.125	0.0
884.25	0.0
884.375	0.0
884.5	0.0
884.625	0.0
884.75	0.0
884.875	0.0
885.0	0.0
885.125	0.0
885.25	0.0
885.375	0.0
885.5	0.0
885.625	0.0
885.75	0.0
885.875	0.0
886.0	0.0
886.125	0.0
886.25	0.0
886.375	0.0
886.5	0.0
886.625	0.0
886.75	0.0
886.875	0.0
887.0	0.0
887.125	0.0
887.25	0.0
887.375	0.0
887.5	0.0
887.625	0.0
887.75	0.0
887.875	0.0
888.0	0.0
888.125	0.0
888.25	0.0
888.375	0.0
888.5	0.0
888.625	0.0
888.75	0.0
888.875	0.0
889.0	0.0
889.125	0.0
889.25	0.0
889.375	0.0
889.5	0.0
889.625	0.0
889.75	0.0
889.875	0.0
890.0	0.0
890.125	0.0
890.25	0.0
890.375	0.0
890.5	0.0
890.625	0.0
890.75	0.0
890.875	0.0
891.0	0.0
891.125	0.0
891.25	0.0
891.375	0.0
891.5	0.0
891.625	0.0
891.75	0.0
891.875	0.0
892.0	0.0
892.125	0.0
892.25	0.0
892.375	0.0
892.5	0.0
892.625	0.0
892.75	0.0
892.875	0.0
893.0	0.0
893.125	0.0
893.25	0.0
893.375	0.0
893.5	0.0
893.625	0.0
893.75	0.0
893.875	0.0
894.0	0.0
894.125	0.0
894.25	0.0
894.375	0.0
894.5	0.0
894.625	0.0
894.75	0.0
894.875	0.0
895.0	0.0
895.125	0.0
895.25	0.0
895.375	0.0
895.5	0.0
895.625	0.0
895.75	0.0
895.875	0.0
896.0	0.0
896.125	0.0
896.25	0.0
896.375	0.0
896.5	0.0
896.625	0.0
896.75	0.0
896.875	0.0
897.0	0.0
897.125	0.0
897.25	0.0
897.375	0.0
897.5	0.0
897.625	0.0
897.75	0.0
897.875	0.0
898.0	0.0
898.125	0.0
898.25	0.0
898.375	0.0
898.5	0.0
898.625	0.0
898.75	0.0
898.875	0.0
899.0	0.0
899.125	0.0
899.25	0.0
899.375	0.0
899.5	0.0
899.625	0.0
899.75	0.0
899.875	0.0
