300.0	0.0479
300.125	0.0471
300.25	0.0479
300.375	0.0511
300.5	0.0487
300.625	0.0487
300.75	0.0495
300.875	0.0511
301.0	0.0518
301.125	0.0511
301.25	0.0503
301.375	0.0487
301.5	0.0503
301.625	0.0503
301.75	0.0495
301.875	0.0518
302.0	0.0503
302.125	0.0503
302.25	0.0503
302.375	0.0511
302.5	0.0495
302.625	0.0487
302.75	0.0487
302.875	0.0503
303.0	0.0495
303.125	0.0511
303.25	0.0487
303.375	0.0495
303.5	0.0518
303.625	0.0503
303.75	0.0503
303.875	0.0511
304.0	0.0503
304.125	0.0495
304.25	0.0487
304.375	0.0503
304.5	0.0511
304.625	0.0511
304.75	0.0479
304.875	0.0495
305.0	0.0511
305.125	0.0503
305.25	0.0487
305.375	0.0511
305.5	0.0495
305.625	0.0503
305.75	0.0518
305.875	0.0503
306.0	0.0518
306.125	0.0511
306.25	0.0503
306.375	0.0518
306.5	0.0518
306.625	0.0503
306.75	0.0511
306.875	0.0503
307.0	0.0503
307.125	0.0518
307.25	0.0487
307.375	0.0518
307.5	0.0511
307.625	0.0518
307.75	0.0503
307.875	0.0518
308.0	0.0511
308.125	0.0495
308.25	0.0495
308.375	0.0503
308.5	0.0495
308.625	0.0495
308.75	0.0511
308.875	0.0495
309.0	0.0503
309.125	0.0495
309.25	0.0479
309.375	0.0503
309.5	0.0487
309.625	0.0495
309.75	0.0495
309.875	0.0503
310.0	0.0503
310.125	0.0511
310.25	0.0511
310.375	0.0487
310.5	0.0495
310.625	0.0518
310.75	0.0511
310.875	0.0518
311.0	0.0518
311.125	0.0511
311.25	0.0511
311.375	0.0511
311.5	0.0495
311.625	0.0518
311.75	0.0503
311.875	0.0518
312.0	0.0511
312.125	0.0495
312.25	0.0518
312.375	0.0511
312.5	0.0511
312.625	0.0511
312.75	0.0487
312.875	0.0503
313.0	0.0495
313.125	0.0503
313.25	0.0495
313.375	0.0495
313.5	0.0518
313.625	0.0518
313.75	0.0518
313.875	0.0495
314.0	0.0518
314.125	0.0518
314.25	0.0511
314.375	0.0511
314.5	0.0511
314.625	0.0495
314.75	0.0503
314.875	0.0503
315.0	0.0511
315.125	0.0495
315.25	0.0503
315.375	0.0479
315.5	0.0503
315.625	0.0487
315.75	0.0487
315.875	0.0495
316.0	0.0495
316.125	0.0511
316.25	0.0503
316.375	0.0495
316.5	0.0487
316.625	0.0487
316.75	0.0511
316.875	0.0495
317.0	0.0471
317.125	0.0503
317.25	0.0495
317.375	0.0503
317.5	0.0495
317.625	0.0479
317.75	0.0503
317.875	0.0503
318.0	0.0518
318.125	0.0479
318.25	0.0471
318.375	0.0487
318.5	0.0479
318.625	0.0495
318.75	0.0479
318.875	0.0487
319.0	0.0495
319.125	0.0503
319.25	0.0511
319.375	0.0487
319.5	0.0495
319.625	0.0479
319.75	0.0487
319.875	0.0503
320.0	0.0487
320.125	0.0518
320.25	0.0487
320.375	0.0495
320.5	0.0487
320.625	0.0495
320.75	0.0503
320.875	0.0479
321.0	0.0511
321.125	0.0487
321.25	0.0495
321.375	0.0495
321.5	0.0518
321.625	0.0503
321.75	0.0518
321.875	0.0518
322.0	0.0503
322.125	0.0518
322.25	0.0495
322.375	0.0495
322.5	0.0511
322.625	0.0511
322.75	0.0503
322.875	0.0503
323.0	0.0511
323.125	0.0518
323.25	0.0511
323.375	0.0503
323.5	0.0503
323.625	0.0503
323.75	0.0495
323.875	0.0503
324.0	0.0511
324.125	0.0511
324.25	0.0487
324.375	0.0487
324.5	0.0495
324.625	0.0495
324.75	0.0503
324.875	0.0479
325.0	0.0518
325.125	0.0495
325.25	0.0503
325.375	0.0511
325.5	0.0495
325.625	0.0495
325.75	0.0495
325.875	0.0503
326.0	0.0511
326.125	0.0511
326.25	0.0518
326.375	0.0495
326.5	0.0495
326.625	0.0503
326.75	0.0487
326.875	0.0503
327.0	0.0503
327.125	0.0479
327.25	0.0495
327.375	0.0511
327.5	0.0487
327.625	0.0495
327.75	0.0511
327.875	0.0511
328.0	0.0511
328.125	0.0511
328.25	0.0518
328.375	0.0487
328.5	0.0518
328.625	0.0518
328.75	0.0503
328.875	0.0479
329.0	0.0487
329.125	0.0511
329.25	0.0503
329.375	0.0495
329.5	0.0511
329.625	0.0511
329.75	0.0495
329.875	0.0503
330.0	0.0511
330.125	0.0487
330.25	0.0487
330.375	0.0487
330.5	0.0487
330.625	0.0479
330.75	0.0518
330.875	0.0487
331.0	0.0495
331.125	0.0511
331.25	0.0495
331.375	0.0495
331.5	0.0511
331.625	0.0487
331.75	0.0487
331.875	0.0487
332.0	0.0487
332.125	0.0487
332.25	0.0495
332.375	0.0487
332.5	0.0495
332.625	0.0511
332.75	0.0487
332.875	0.0503
333.0	0.0471
333.125	0.0487
333.25	0.0495
333.375	0.0511
333.5	0.0487
333.625	0.0487
333.75	0.0487
333.875	0.0479
334.0	0.0503
334.125	0.0471
334.25	0.0479
334.375	0.0471
334.5	0.0487
334.625	0.0479
334.75	0.0503
334.875	0.0471
335.0	0.0471
335.125	0.0479
335.25	0.0471
335.375	0.0479
335.5	0.0471
335.625	0.0471
335.75	0.0479
335.875	0.0471
336.0	0.0471
336.125	0.0463
336.25	0.0471
336.375	0.0471
336.5	0.0471
336.625	0.0471
336.75	0.0471
336.875	0.0471
337.0	0.0471
337.125	0.0471
337.25	0.0471
337.375	0.0471
337.5	0.0471
337.625	0.0471
337.75	0.0471
337.875	0.0471
338.0	0.0471
338.125	0.0463
338.25	0.0463
338.375	0.0471
338.5	0.0471
338.625	0.0471
338.75	0.0471
338.875	0.0471
339.0	0.0471
339.125	0.0463
339.25	0.0471
339.375	0.0463
339.5	0.0471
339.625	0.0471
339.75	0.0471
339.875	0.0471
340.0	0.0471
340.125	0.0471
340.25	0.0471
340.375	0.0471
340.5	0.0471
340.625	0.0479
340.75	0.0471
340.875	0.0471
341.0	0.0471
341.125	0.0471
341.25	0.0463
341.375	0.0471
341.5	0.0471
341.625	0.0471
341.75	0.0479
341.875	0.0463
342.0	0.0471
342.125	0.0471
342.25	0.0471
342.375	0.0471
342.5	0.0471
342.625	0.0471
342.75	0.0479
342.875	0.0471
343.0	0.0471
343.125	0.0487
343.25	0.0471
343.375	0.0471
343.5	0.0471
343.625	0.0479
343.75	0.0471
343.875	0.0471
344.0	0.0487
344.125	0.0471
344.25	0.0471
344.375	0.0471
344.5	0.0471
344.625	0.0471
344.75	0.0471
344.875	0.0471
345.0	0.0479
345.125	0.0471
345.25	0.0471
345.375	0.0471
345.5	0.0471
345.625	0.0471
345.75	0.0471
345.875	0.0503
346.0	0.0471
346.125	0.0495
346.25	0.0471
346.375	0.0463
346.5	0.0471
346.625	0.0471
346.75	0.0487
346.875	0.0471
347.0	0.0471
347.125	0.0471
347.25	0.0479
347.375	0.0471
347.5	0.0471
347.625	0.0471
347.75	0.0479
347.875	0.0479
348.0	0.0479
348.125	0.0487
348.25	0.0471
348.375	0.0463
348.5	0.0471
348.625	0.0479
348.75	0.0479
348.875	0.0455
349.0	0.0479
349.125	0.0471
349.25	0.0471
349.375	0.0479
349.5	0.0471
349.625	0.0479
349.75	0.0479
349.875	0.0487
350.0	0.0479
350.125	0.0471
350.25	0.0479
350.375	0.0471
350.5	0.0471
350.625	0.0479
350.75	0.0471
350.875	0.0471
351.0	0.0471
351.125	0.0471
351.25	0.0471
351.375	0.0471
351.5	0.0471
351.625	0.0479
351.75	0.0471
351.875	0.0479
352.0	0.0471
352.125	0.0487
352.25	0.0487
352.375	0.0479
352.5	0.0495
352.625	0.0487
352.75	0.0479
352.875	0.0495
353.0	0.0479
353.125	0.0487
353.25	0.0487
353.375	0.0511
353.5	0.0471
353.625	0.0487
353.75	0.0495
353.875	0.0487
354.0	0.0479
354.125	0.0503
354.25	0.0471
354.375	0.0471
354.5	0.0471
354.625	0.0471
354.75	0.0471
354.875	0.0479
355.0	0.0471
355.125	0.0471
355.25	0.0471
355.375	0.0471
355.5	0.0471
355.625	0.0471
355.75	0.0471
355.875	0.0471
356.0	0.0471
356.125	0.0463
356.25	0.0471
356.375	0.0471
356.5	0.0487
356.625	0.0471
356.75	0.0471
356.875	0.0471
357.0	0.0487
357.125	0.0471
357.25	0.0471
357.375	0.0471
357.5	0.0479
357.625	0.0479
357.75	0.0479
357.875	0.0471
358.0	0.0471
358.125	0.0471
358.25	0.0471
358.375	0.0479
358.5	0.0471
358.625	0.0471
358.75	0.0487
358.875	0.0471
359.0	0.0471
359.125	0.0471
359.25	0.0479
359.375	0.0479
359.5	0.0471
359.625	0.0471
359.75	0.0471
359.875	0.0479
360.0	0.0471
360.125	0.0471
360.25	0.0471
360.375	0.0479
360.5	0.0471
360.625	0.0471
360.75	0.0471
360.875	0.0471
361.0	0.0471
361.125	0.0471
361.25	0.0471
361.375	0.0471
361.5	0.0471
361.625	0.0471
361.75	0.0471
361.875	0.0471
362.0	0.0471
362.125	0.0479
362.25	0.0471
362.375	0.0479
362.5	0.0487
362.625	0.0471
362.75	0.0471
362.875	0.0471
363.0	0.0471
363.125	0.0463
363.25	0.0471
363.375	0.0471
363.5	0.0471
363.625	0.0479
363.75	0.0471
363.875	0.0471
364.0	0.0471
364.125	0.0479
364.25	0.0487
364.375	0.0471
364.5	0.0471
364.625	0.0479
364.75	0.0471
364.875	0.0471
365.0	0.0471
365.125	0.0471
365.25	0.0471
365.375	0.0471
365.5	0.0479
365.625	0.0471
365.75	0.0471
365.875	0.0487
366.0	0.0471
366.125	0.0471
366.25	0.0471
366.375	0.0471
366.5	0.0471
366.625	0.0471
366.75	0.0479
366.875	0.0471
367.0	0.0471
367.125	0.0479
367.25	0.0471
367.375	0.0487
367.5	0.0471
367.625	0.0471
367.75	0.0479
367.875	0.0471
368.0	0.0471
368.125	0.0471
368.25	0.0479
368.375	0.0479
368.5	0.0471
368.625	0.0471
368.75	0.0471
368.875	0.0471
369.0	0.0471
369.125	0.0471
369.25	0.0471
369.375	0.0471
369.5	0.0471
369.625	0.0471
369.75	0.0479
369.875	0.0463
370.0	0.0479
370.125	0.0471
370.25	0.0471
370.375	0.0471
370.5	0.0471
370.625	0.0479
370.75	0.0471
370.875	0.0471
371.0	0.0471
371.125	0.0471
371.25	0.0471
371.375	0.0471
371.5	0.0495
371.625	0.0495
371.75	0.0471
371.875	0.0471
372.0	0.0479
372.125	0.0479
372.25	0.0487
372.375	0.0487
372.5	0.0503
372.625	0.0487
372.75	0.0487
372.875	0.0503
373.0	0.0518
373.125	0.0511
373.25	0.0511
373.375	0.0518
373.5	0.0518
373.625	0.0542
373.75	0.0542
373.875	0.0542
374.0	0.0542
374.125	0.0526
374.25	0.0526
374.375	0.0542
374.5	0.0526
374.625	0.0526
374.75	0.0518
374.875	0.0518
375.0	0.0511
375.125	0.0511
375.25	0.0503
375.375	0.0503
375.5	0.0503
375.625	0.0495
375.75	0.0511
375.875	0.0511
376.0	0.0511
376.125	0.0518
376.25	0.0511
376.375	0.0511
376.5	0.0503
376.625	0.0503
376.75	0.0503
376.875	0.0503
377.0	0.0503
377.125	0.0495
377.25	0.0503
377.375	0.0503
377.5	0.0503
377.625	0.0518
377.75	0.0518
377.875	0.0511
378.0	0.0511
378.125	0.0487
378.25	0.0503
378.375	0.0495
378.5	0.0518
378.625	0.0495
378.75	0.0511
378.875	0.0503
379.0	0.0511
379.125	0.0511
379.25	0.0518
379.375	0.0471
379.5	0.0503
379.625	0.0503
379.75	0.0518
379.875	0.0479
380.0	0.0487
380.125	0.0487
380.25	0.0479
380.375	0.0471
380.5	0.0471
380.625	0.0471
380.75	0.0471
380.875	0.0471
381.0	0.0455
381.125	0.0463
381.25	0.0463
381.375	0.0455
381.5	0.0471
381.625	0.0471
381.75	0.0424
381.875	0.0471
382.0	0.0432
382.125	0.0463
382.25	0.0471
382.375	0.0471
382.5	0.0471
382.625	0.0503
382.75	0.0518
382.875	0.0526
383.0	0.0566
383.125	0.0573
383.25	0.0573
383.375	0.0581
383.5	0.0573
383.625	0.0581
383.75	0.0589
383.875	0.0589
384.0	0.0597
384.125	0.0573
384.25	0.0573
384.375	0.0566
384.5	0.0534
384.625	0.0518
384.75	0.0487
384.875	0.0479
385.0	0.0471
385.125	0.0471
385.25	0.0463
385.375	0.0463
385.5	0.0471
385.625	0.0471
385.75	0.0471
385.875	0.0471
386.0	0.0463
386.125	0.0471
386.25	0.0471
386.375	0.0463
386.5	0.0471
386.625	0.0471
386.75	0.0471
386.875	0.0471
387.0	0.0463
387.125	0.0471
387.25	0.0471
387.375	0.0471
387.5	0.0471
387.625	0.0463
387.75	0.0471
387.875	0.0463
388.0	0.0471
388.125	0.0463
388.25	0.0471
388.375	0.0471
388.5	0.0471
388.625	0.0471
388.75	0.0471
388.875	0.0479
389.0	0.0471
389.125	0.0471
389.25	0.0471
389.375	0.0487
389.5	0.0471
389.625	0.0471
389.75	0.0471
389.875	0.0471
390.0	0.0487
390.125	0.0479
390.25	0.0471
390.375	0.0471
390.5	0.0487
390.625	0.0471
390.75	0.0487
390.875	0.0487
391.0	0.0479
391.125	0.0495
391.25	0.0503
391.375	0.0503
391.5	0.0495
391.625	0.0495
391.75	0.0518
391.875	0.0511
392.0	0.0518
392.125	0.0518
392.25	0.0518
392.375	0.0511
392.5	0.0518
392.625	0.0518
392.75	0.0518
392.875	0.0518
393.0	0.0518
393.125	0.0518
393.25	0.0518
393.375	0.0518
393.5	0.0558
393.625	0.0589
393.75	0.0644
393.875	0.0715
394.0	0.0778
394.125	0.088
394.25	0.0943
394.375	0.099
394.5	0.1029
394.625	0.1037
394.75	0.1084
394.875	0.1084
395.0	0.1092
395.125	0.1084
395.25	0.1092
395.375	0.1061
395.5	0.1037
395.625	0.0966
395.75	0.0896
395.875	0.0817
396.0	0.0731
396.125	0.0683
396.25	0.066
396.375	0.0644
396.5	0.0621
396.625	0.066
396.75	0.066
396.875	0.066
397.0	0.0691
397.125	0.0723
397.25	0.0754
397.375	0.0801
397.5	0.0841
397.625	0.0872
397.75	0.0927
397.875	0.099
398.0	0.1084
398.125	0.1171
398.25	0.1273
398.375	0.1328
398.5	0.1367
398.625	0.1407
398.75	0.1415
398.875	0.1367
399.0	0.1367
399.125	0.1344
399.25	0.1305
399.375	0.1273
399.5	0.1226
399.625	0.1147
399.75	0.1061
399.875	0.0974
400.0	0.0825
400.125	0.0699
400.25	0.0597
400.375	0.0526
400.5	0.0471
400.625	0.0463
400.75	0.0424
400.875	0.0424
401.0	0.0424
401.125	0.0424
401.25	0.0424
401.375	0.0424
401.5	0.0424
401.625	0.0424
401.75	0.0416
401.875	0.0416
402.0	0.0416
402.125	0.0424
402.25	0.0393
402.375	0.0416
402.5	0.0408
402.625	0.0424
402.75	0.0416
402.875	0.0424
403.0	0.0424
403.125	0.0416
403.25	0.0424
403.375	0.0432
403.5	0.044
403.625	0.0471
403.75	0.0479
403.875	0.0518
404.0	0.0566
404.125	0.0605
404.25	0.066
404.375	0.0683
404.5	0.0707
404.625	0.0746
404.75	0.0754
404.875	0.0794
405.0	0.0801
405.125	0.0849
405.25	0.0864
405.375	0.0888
405.5	0.0911
405.625	0.0904
405.75	0.0904
405.875	0.0888
406.0	0.0841
406.125	0.0786
406.25	0.0754
406.375	0.0731
406.5	0.0707
406.625	0.0683
406.75	0.0668
406.875	0.0613
407.0	0.0589
407.125	0.0573
407.25	0.0526
407.375	0.0487
407.5	0.0471
407.625	0.0448
407.75	0.0455
407.875	0.0471
408.0	0.0471
408.125	0.0518
408.25	0.0526
408.375	0.0558
408.5	0.0573
408.625	0.0573
408.75	0.0589
408.875	0.0597
409.0	0.0605
409.125	0.0613
409.25	0.0613
409.375	0.0613
409.5	0.0628
409.625	0.0613
409.75	0.0613
409.875	0.0597
410.0	0.0558
410.125	0.0542
410.25	0.0503
410.375	0.0487
410.5	0.0471
410.625	0.0471
410.75	0.0455
410.875	0.0471
411.0	0.0471
411.125	0.0479
411.25	0.0471
411.375	0.0518
411.5	0.0566
411.625	0.0613
411.75	0.066
411.875	0.0676
412.0	0.0683
412.125	0.0676
412.25	0.0707
412.375	0.0707
412.5	0.0715
412.625	0.0723
412.75	0.0746
412.875	0.0746
413.0	0.0707
413.125	0.0683
413.25	0.066
413.375	0.0628
413.5	0.0558
413.625	0.0518
413.75	0.0518
413.875	0.0471
414.0	0.0463
414.125	0.0455
414.25	0.0432
414.375	0.0432
414.5	0.0416
414.625	0.0393
414.75	0.0377
414.875	0.0361
415.0	0.0377
415.125	0.0369
415.25	0.0369
415.375	0.0377
415.5	0.0377
415.625	0.0377
415.75	0.0369
415.875	0.0377
416.0	0.0377
416.125	0.0377
416.25	0.0377
416.375	0.0385
416.5	0.0393
416.625	0.0377
416.75	0.0377
416.875	0.0393
417.0	0.0377
417.125	0.04
417.25	0.0385
417.375	0.0393
417.5	0.04
417.625	0.04
417.75	0.0416
417.875	0.0408
418.0	0.04
418.125	0.04
418.25	0.0408
418.375	0.0424
418.5	0.0393
418.625	0.04
418.75	0.0393
418.875	0.0408
419.0	0.04
419.125	0.0385
419.25	0.0393
419.375	0.0377
419.5	0.0385
419.625	0.0369
419.75	0.0377
419.875	0.0361
420.0	0.0377
420.125	0.0369
420.25	0.0361
420.375	0.0377
420.5	0.0377
420.625	0.0377
420.75	0.0361
420.875	0.0377
421.0	0.0361
421.125	0.0377
421.25	0.0377
421.375	0.0385
421.5	0.0377
421.625	0.0377
421.75	0.0377
421.875	0.0385
422.0	0.0408
422.125	0.0377
422.25	0.04
422.375	0.0377
422.5	0.0393
422.625	0.0377
422.75	0.0393
422.875	0.04
423.0	0.0408
423.125	0.04
423.25	0.0408
423.375	0.0424
423.5	0.0416
423.625	0.0424
423.75	0.0424
423.875	0.0424
424.0	0.0408
424.125	0.0424
424.25	0.0424
424.375	0.0424
424.5	0.0424
424.625	0.0424
424.75	0.044
424.875	0.0424
425.0	0.0424
425.125	0.0424
425.25	0.0424
425.375	0.044
425.5	0.0424
425.625	0.0432
425.75	0.044
425.875	0.044
426.0	0.0432
426.125	0.0455
426.25	0.0424
426.375	0.0448
426.5	0.0432
426.625	0.044
426.75	0.0432
426.875	0.0424
427.0	0.0432
427.125	0.0432
427.25	0.044
427.375	0.0448
427.5	0.0448
427.625	0.044
427.75	0.0455
427.875	0.0463
428.0	0.0471
428.125	0.0479
428.25	0.0471
428.375	0.0463
428.5	0.0471
428.625	0.0471
428.75	0.0471
428.875	0.0471
429.0	0.0471
429.125	0.0487
429.25	0.0511
429.375	0.0518
429.5	0.0518
429.625	0.0518
429.75	0.0518
429.875	0.0503
430.0	0.0518
430.125	0.0511
430.25	0.0518
430.375	0.0518
430.5	0.0518
430.625	0.0511
430.75	0.0495
430.875	0.0479
431.0	0.0471
431.125	0.0471
431.25	0.0424
431.375	0.0424
431.5	0.0424
431.625	0.0432
431.75	0.0408
431.875	0.0424
432.0	0.0408
432.125	0.0424
432.25	0.0408
432.375	0.0416
432.5	0.0393
432.625	0.0416
432.75	0.0408
432.875	0.0408
433.0	0.0408
433.125	0.0408
433.25	0.0416
433.375	0.0424
433.5	0.0424
433.625	0.0424
433.75	0.0424
433.875	0.0424
434.0	0.0424
434.125	0.0424
434.25	0.0424
434.375	0.0424
434.5	0.0424
434.625	0.0424
434.75	0.044
434.875	0.0424
435.0	0.0424
435.125	0.0424
435.25	0.0448
435.375	0.0424
435.5	0.0424
435.625	0.0455
435.75	0.044
435.875	0.0432
436.0	0.0432
436.125	0.0432
436.25	0.0448
436.375	0.0455
436.5	0.0463
436.625	0.0455
436.75	0.0448
436.875	0.0463
437.0	0.0463
437.125	0.0448
437.25	0.0455
437.375	0.0455
437.5	0.0463
437.625	0.0455
437.75	0.0463
437.875	0.0471
438.0	0.0463
438.125	0.0471
438.25	0.0448
438.375	0.0471
438.5	0.0471
438.625	0.044
438.75	0.0432
438.875	0.0448
439.0	0.0448
439.125	0.0424
439.25	0.0424
439.375	0.04
439.5	0.04
439.625	0.04
439.75	0.0377
439.875	0.0385
440.0	0.0377
440.125	0.0377
440.25	0.0377
440.375	0.0361
440.5	0.0377
440.625	0.0361
440.75	0.0369
440.875	0.0369
441.0	0.0369
441.125	0.0377
441.25	0.0377
441.375	0.0385
441.5	0.0377
441.625	0.04
441.75	0.0385
441.875	0.0377
442.0	0.0377
442.125	0.0416
442.25	0.0424
442.375	0.0424
442.5	0.0416
442.625	0.0424
442.75	0.0424
442.875	0.0424
443.0	0.0432
443.125	0.0424
443.25	0.0424
443.375	0.0424
443.5	0.044
443.625	0.0432
443.75	0.0432
443.875	0.0448
444.0	0.0455
444.125	0.0463
444.25	0.0471
444.375	0.0463
444.5	0.0471
444.625	0.0495
444.75	0.0518
444.875	0.0518
445.0	0.0542
445.125	0.0558
445.25	0.0558
445.375	0.0558
445.5	0.0566
445.625	0.0566
445.75	0.0566
445.875	0.0566
446.0	0.0566
446.125	0.0566
446.25	0.055
446.375	0.0526
446.5	0.0511
446.625	0.0495
446.75	0.0471
446.875	0.0463
447.0	0.0471
447.125	0.0448
447.25	0.0448
447.375	0.0455
447.5	0.0448
447.625	0.0424
447.75	0.0424
447.875	0.044
448.0	0.0448
448.125	0.044
448.25	0.0471
448.375	0.0455
448.5	0.0471
448.625	0.0463
448.75	0.0471
448.875	0.0463
449.0	0.0471
449.125	0.0471
449.25	0.0463
449.375	0.0455
449.5	0.044
449.625	0.0424
449.75	0.0432
449.875	0.0424
450.0	0.0424
450.125	0.0385
450.25	0.0385
450.375	0.0393
450.5	0.0393
450.625	0.0377
450.75	0.0377
450.875	0.0377
451.0	0.0377
451.125	0.04
451.25	0.0377
451.375	0.0377
451.5	0.0377
451.625	0.0385
451.75	0.0408
451.875	0.0424
452.0	0.04
452.125	0.0408
452.25	0.0416
452.375	0.0408
452.5	0.0416
452.625	0.0408
452.75	0.0424
452.875	0.0424
453.0	0.0424
453.125	0.0424
453.25	0.0424
453.375	0.0424
453.5	0.0424
453.625	0.0424
453.75	0.044
453.875	0.0424
454.0	0.0448
454.125	0.044
454.25	0.0448
454.375	0.0463
454.5	0.0448
454.625	0.0448
454.75	0.0448
454.875	0.0471
455.0	0.044
455.125	0.0463
455.25	0.0455
455.375	0.0448
455.5	0.0471
455.625	0.0455
455.75	0.0471
455.875	0.0448
456.0	0.0471
456.125	0.0463
456.25	0.0471
456.375	0.0471
456.5	0.0471
456.625	0.0471
456.75	0.0471
456.875	0.0479
457.0	0.0471
457.125	0.0471
457.25	0.0479
457.375	0.0463
457.5	0.0471
457.625	0.0471
457.75	0.0479
457.875	0.0471
458.0	0.0471
458.125	0.0487
458.25	0.0471
458.375	0.0479
458.5	0.0471
458.625	0.0471
458.75	0.0479
458.875	0.0487
459.0	0.0471
459.125	0.0479
459.25	0.0471
459.375	0.0479
459.5	0.0479
459.625	0.0479
459.75	0.0471
459.875	0.0471
460.0	0.0479
460.125	0.0487
460.25	0.0479
460.375	0.0479
460.5	0.0471
460.625	0.0471
460.75	0.0471
460.875	0.0479
461.0	0.0455
461.125	0.0471
461.25	0.0463
461.375	0.0479
461.5	0.0479
461.625	0.0487
461.75	0.0471
461.875	0.0479
462.0	0.0487
462.125	0.0471
462.25	0.0518
462.375	0.0518
462.5	0.0495
462.625	0.0503
462.75	0.0511
462.875	0.0511
463.0	0.0518
463.125	0.0518
463.25	0.0518
463.375	0.0518
463.5	0.0518
463.625	0.0518
463.75	0.0518
463.875	0.0518
464.0	0.0518
464.125	0.0518
464.25	0.0518
464.375	0.0518
464.5	0.0518
464.625	0.0534
464.75	0.0534
464.875	0.0526
465.0	0.0518
465.125	0.0518
465.25	0.0518
465.375	0.0526
465.5	0.0526
465.625	0.0526
465.75	0.0526
465.875	0.0542
466.0	0.0518
466.125	0.0526
466.25	0.0526
466.375	0.0526
466.5	0.0534
466.625	0.0526
466.75	0.0534
466.875	0.0534
467.0	0.0518
467.125	0.0526
467.25	0.0518
467.375	0.0526
467.5	0.0518
467.625	0.0542
467.75	0.0518
467.875	0.0518
468.0	0.0518
468.125	0.0526
468.25	0.0518
468.375	0.0518
468.5	0.055
468.625	0.0518
468.75	0.0518
468.875	0.0518
469.0	0.0518
469.125	0.0518
469.25	0.0534
469.375	0.0526
469.5	0.0526
469.625	0.0518
469.75	0.0526
469.875	0.0518
470.0	0.0526
470.125	0.0526
470.25	0.0526
470.375	0.0518
470.5	0.0534
470.625	0.0518
470.75	0.0518
470.875	0.0518
471.0	0.0534
471.125	0.0534
471.25	0.0526
471.375	0.0518
471.5	0.0518
471.625	0.0534
471.75	0.0518
471.875	0.0518
472.0	0.0518
472.125	0.0518
472.25	0.0518
472.375	0.0518
472.5	0.0518
472.625	0.0518
472.75	0.0534
472.875	0.0518
473.0	0.0534
473.125	0.0518
473.25	0.0518
473.375	0.0511
473.5	0.0518
473.625	0.0518
473.75	0.0526
473.875	0.0518
474.0	0.0526
474.125	0.0526
474.25	0.0518
474.375	0.0518
474.5	0.0518
474.625	0.0526
474.75	0.0534
474.875	0.0518
475.0	0.0518
475.125	0.0526
475.25	0.0542
475.375	0.0534
475.5	0.0566
475.625	0.0589
475.75	0.0652
475.875	0.0691
476.0	0.0754
476.125	0.0825
476.25	0.0904
476.375	0.099
476.5	0.1037
476.625	0.1069
476.75	0.1084
476.875	0.1092
477.0	0.1116
477.125	0.1132
477.25	0.1124
477.375	0.1084
477.5	0.1053
477.625	0.1029
477.75	0.0959
477.875	0.0896
478.0	0.0786
478.125	0.0731
478.25	0.066
478.375	0.0613
478.5	0.0566
478.625	0.0558
478.75	0.0566
478.875	0.0534
479.0	0.0534
479.125	0.0534
479.25	0.0526
479.375	0.0518
479.5	0.0534
479.625	0.0526
479.75	0.0534
479.875	0.0518
480.0	0.0518
480.125	0.0518
480.25	0.0526
480.375	0.0518
480.5	0.0526
480.625	0.0518
480.75	0.0526
480.875	0.0542
481.0	0.0518
481.125	0.0526
481.25	0.0518
481.375	0.0526
481.5	0.0518
481.625	0.0526
481.75	0.0526
481.875	0.0518
482.0	0.0526
482.125	0.0534
482.25	0.055
482.375	0.0526
482.5	0.0534
482.625	0.0542
482.75	0.0534
482.875	0.0534
483.0	0.0534
483.125	0.0518
483.25	0.0518
483.375	0.0518
483.5	0.0518
483.625	0.0518
483.75	0.0518
483.875	0.0518
484.0	0.0518
484.125	0.0518
484.25	0.0518
484.375	0.0503
484.5	0.0511
484.625	0.0511
484.75	0.0518
484.875	0.0518
485.0	0.0518
485.125	0.0518
485.25	0.0518
485.375	0.0518
485.5	0.0518
485.625	0.0518
485.75	0.0518
485.875	0.0518
486.0	0.0518
486.125	0.0518
486.25	0.0511
486.375	0.0518
486.5	0.0518
486.625	0.0511
486.75	0.0487
486.875	0.0511
487.0	0.0487
487.125	0.0503
487.25	0.0471
487.375	0.0471
487.5	0.0479
487.625	0.0471
487.75	0.0471
487.875	0.0471
488.0	0.0471
488.125	0.0471
488.25	0.0471
488.375	0.0463
488.5	0.0471
488.625	0.0455
488.75	0.0448
488.875	0.0471
489.0	0.0471
489.125	0.0471
489.25	0.0471
489.375	0.0463
489.5	0.0471
489.625	0.0471
489.75	0.0471
489.875	0.0479
490.0	0.0471
490.125	0.0471
490.25	0.0495
490.375	0.0511
490.5	0.0511
490.625	0.0518
490.75	0.0534
490.875	0.0558
491.0	0.0534
491.125	0.0534
491.25	0.055
491.375	0.0534
491.5	0.0534
491.625	0.0534
491.75	0.0518
491.875	0.0526
492.0	0.0526
492.125	0.0526
492.25	0.0534
492.375	0.0542
492.5	0.055
492.625	0.0558
492.75	0.0566
492.875	0.0597
493.0	0.0613
493.125	0.0621
493.25	0.066
493.375	0.066
493.5	0.0683
493.625	0.0676
493.75	0.0683
493.875	0.0691
494.0	0.0707
494.125	0.0707
494.25	0.0683
494.375	0.0668
494.5	0.0691
494.625	0.066
494.75	0.0636
494.875	0.0613
495.0	0.0613
495.125	0.0597
495.25	0.0566
495.375	0.0573
495.5	0.0566
495.625	0.0558
495.75	0.0542
495.875	0.0542
496.0	0.0526
496.125	0.0526
496.25	0.0534
496.375	0.0534
496.5	0.0542
496.625	0.0566
496.75	0.0566
496.875	0.0558
497.0	0.0534
497.125	0.0566
497.25	0.0558
497.375	0.0558
497.5	0.0566
497.625	0.0566
497.75	0.0558
497.875	0.0566
498.0	0.0566
498.125	0.0566
498.25	0.0573
498.375	0.0558
498.5	0.0534
498.625	0.0558
498.75	0.0534
498.875	0.0526
499.0	0.0542
499.125	0.0518
499.25	0.0526
499.375	0.0542
499.5	0.055
499.625	0.055
499.75	0.0534
499.875	0.0526
500.0	0.0542
500.125	0.0518
500.25	0.0526
500.375	0.055
500.5	0.0542
500.625	0.0526
500.75	0.0542
500.875	0.055
501.0	0.0534
501.125	0.0542
501.25	0.0542
501.375	0.0566
501.5	0.0534
501.625	0.0518
501.75	0.0534
501.875	0.0534
502.0	0.0534
502.125	0.0534
502.25	0.0534
502.375	0.0518
502.5	0.0518
502.625	0.0518
502.75	0.0511
502.875	0.0534
503.0	0.0534
503.125	0.0534
503.25	0.0526
503.375	0.0558
503.5	0.055
503.625	0.0534
503.75	0.0518
503.875	0.0518
504.0	0.0534
504.125	0.0518
504.25	0.0534
504.375	0.0534
504.5	0.0518
504.625	0.0534
504.75	0.0518
504.875	0.0534
505.0	0.0526
505.125	0.0526
505.25	0.0526
505.375	0.0542
505.5	0.0534
505.625	0.0534
505.75	0.0518
505.875	0.0542
506.0	0.0534
506.125	0.0518
506.25	0.0534
506.375	0.0526
506.5	0.0526
506.625	0.0534
506.75	0.0526
506.875	0.0526
507.0	0.0518
507.125	0.0518
507.25	0.0534
507.375	0.0534
507.5	0.055
507.625	0.0534
507.75	0.0518
507.875	0.0542
508.0	0.0526
508.125	0.0526
508.25	0.0526
508.375	0.0518
508.5	0.0534
508.625	0.0542
508.75	0.0526
508.875	0.0534
509.0	0.0526
509.125	0.0526
509.25	0.0542
509.375	0.0534
509.5	0.055
509.625	0.055
509.75	0.055
509.875	0.0566
510.0	0.0566
510.125	0.0581
510.25	0.0566
510.375	0.0581
510.5	0.0573
510.625	0.0589
510.75	0.0589
510.875	0.0605
511.0	0.0605
511.125	0.0597
511.25	0.0613
511.375	0.0589
511.5	0.0613
511.625	0.0566
511.75	0.0581
511.875	0.0589
512.0	0.0581
512.125	0.0589
512.25	0.0581
512.375	0.0573
512.5	0.0573
512.625	0.0566
512.75	0.0566
512.875	0.0566
513.0	0.0558
513.125	0.0558
513.25	0.055
513.375	0.055
513.5	0.055
513.625	0.0534
513.75	0.0558
513.875	0.0526
514.0	0.055
514.125	0.0518
514.25	0.0526
514.375	0.0534
514.5	0.0534
514.625	0.0534
514.75	0.0534
514.875	0.0526
515.0	0.0534
515.125	0.0534
515.25	0.0534
515.375	0.0534
515.5	0.0526
515.625	0.0542
515.75	0.0526
515.875	0.0534
516.0	0.0518
516.125	0.0526
516.25	0.0534
516.375	0.0526
516.5	0.055
516.625	0.0534
516.75	0.0526
516.875	0.0518
517.0	0.0534
517.125	0.0526
517.25	0.0518
517.375	0.0542
517.5	0.0518
517.625	0.0526
517.75	0.0542
517.875	0.0558
518.0	0.0566
518.125	0.0566
518.25	0.0566
518.375	0.0581
518.5	0.0566
518.625	0.0566
518.75	0.0566
518.875	0.0566
519.0	0.0589
519.125	0.0573
519.25	0.0566
519.375	0.0566
519.5	0.0566
519.625	0.0566
519.75	0.055
519.875	0.055
520.0	0.0542
520.125	0.0558
520.25	0.0534
520.375	0.0518
520.5	0.0542
520.625	0.055
520.75	0.055
520.875	0.0526
521.0	0.0526
521.125	0.0518
521.25	0.0526
521.375	0.0526
521.5	0.0518
521.625	0.0526
521.75	0.0526
521.875	0.0526
522.0	0.0526
522.125	0.0518
522.25	0.0518
522.375	0.0526
522.5	0.0518
522.625	0.0534
522.75	0.0518
522.875	0.0526
523.0	0.0534
523.125	0.0534
523.25	0.0542
523.375	0.055
523.5	0.0526
523.625	0.0542
523.75	0.0534
523.875	0.055
524.0	0.0558
524.125	0.0542
524.25	0.0566
524.375	0.0558
524.5	0.0542
524.625	0.0542
524.75	0.0526
524.875	0.0526
525.0	0.0542
525.125	0.0542
525.25	0.055
525.375	0.0526
525.5	0.0534
525.625	0.0526
525.75	0.0534
525.875	0.0526
526.0	0.055
526.125	0.0526
526.25	0.0534
526.375	0.0542
526.5	0.0542
526.625	0.0542
526.75	0.0542
526.875	0.0542
527.0	0.0534
527.125	0.055
527.25	0.0534
527.375	0.055
527.5	0.0566
527.625	0.0558
527.75	0.0566
527.875	0.0566
528.0	0.0566
528.125	0.0566
528.25	0.0566
528.375	0.0566
528.5	0.0566
528.625	0.0566
528.75	0.0566
528.875	0.0566
529.0	0.0566
529.125	0.0566
529.25	0.0566
529.375	0.0566
529.5	0.0566
529.625	0.0558
529.75	0.055
529.875	0.0526
530.0	0.0558
530.125	0.0542
530.25	0.055
530.375	0.0542
530.5	0.055
530.625	0.055
530.75	0.0558
530.875	0.0558
531.0	0.0558
531.125	0.0558
531.25	0.0526
531.375	0.0542
531.5	0.055
531.625	0.055
531.75	0.0534
531.875	0.055
532.0	0.0534
532.125	0.0558
532.25	0.0518
532.375	0.0534
532.5	0.0526
532.625	0.055
532.75	0.0534
532.875	0.055
533.0	0.0558
533.125	0.0542
533.25	0.0542
533.375	0.0542
533.5	0.0558
533.625	0.0566
533.75	0.0566
533.875	0.0566
534.0	0.0566
534.125	0.0581
534.25	0.0566
534.375	0.0566
534.5	0.0573
534.625	0.0566
534.75	0.0573
534.875	0.0566
535.0	0.0573
535.125	0.0566
535.25	0.0605
535.375	0.0573
535.5	0.0566
535.625	0.0566
535.75	0.0566
535.875	0.0558
536.0	0.0566
536.125	0.0566
536.25	0.0566
536.375	0.0566
536.5	0.0566
536.625	0.0566
536.75	0.0573
536.875	0.0566
537.0	0.0566
537.125	0.055
537.25	0.0566
537.375	0.055
537.5	0.0558
537.625	0.0566
537.75	0.0558
537.875	0.0566
538.0	0.0558
538.125	0.055
538.25	0.0566
538.375	0.0566
538.5	0.0581
538.625	0.0573
538.75	0.0597
538.875	0.0605
539.0	0.0613
539.125	0.0597
539.25	0.0613
539.375	0.0597
539.5	0.0613
539.625	0.0613
539.75	0.0613
539.875	0.0613
540.0	0.0613
540.125	0.0566
540.25	0.0581
540.375	0.0566
540.5	0.0589
540.625	0.0566
540.75	0.0573
540.875	0.0573
541.0	0.0566
541.125	0.0573
541.25	0.0581
541.375	0.0566
541.5	0.0566
541.625	0.0573
541.75	0.0566
541.875	0.0566
542.0	0.0573
542.125	0.0566
542.25	0.0566
542.375	0.0573
542.5	0.0566
542.625	0.0589
542.75	0.0573
542.875	0.0597
543.0	0.0589
543.125	0.0589
543.25	0.0597
543.375	0.0597
543.5	0.0605
543.625	0.0613
543.75	0.0605
543.875	0.0605
544.0	0.0613
544.125	0.0613
544.25	0.0605
544.375	0.0613
544.5	0.0613
544.625	0.0613
544.75	0.0613
544.875	0.0613
545.0	0.0613
545.125	0.0621
545.25	0.0613
545.375	0.0644
545.5	0.0683
545.625	0.077
545.75	0.0904
545.875	0.1108
546.0	0.1352
546.125	0.1643
546.25	0.1965
546.375	0.2342
546.5	0.2775
546.625	0.3176
546.75	0.349
546.875	0.3694
547.0	0.3805
547.125	0.3891
547.25	0.3954
547.375	0.393
547.5	0.3875
547.625	0.3773
547.75	0.3608
547.875	0.338
548.0	0.3066
548.125	0.2759
548.25	0.2397
548.375	0.2044
548.5	0.1635
548.625	0.1336
548.75	0.1069
548.875	0.0911
549.0	0.0817
549.125	0.0754
549.25	0.0707
549.375	0.0691
549.5	0.0691
549.625	0.066
549.75	0.0668
549.875	0.0683
550.0	0.0668
550.125	0.066
550.25	0.066
550.375	0.066
550.5	0.066
550.625	0.066
550.75	0.066
550.875	0.066
551.0	0.066
551.125	0.066
551.25	0.0652
551.375	0.0644
551.5	0.0628
551.625	0.0628
551.75	0.0613
551.875	0.0613
552.0	0.0613
552.125	0.0621
552.25	0.0621
552.375	0.0613
552.5	0.0621
552.625	0.0621
552.75	0.0636
552.875	0.0621
553.0	0.0613
553.125	0.0636
553.25	0.0628
553.375	0.0628
553.5	0.0613
553.625	0.0628
553.75	0.0613
553.875	0.0613
554.0	0.0621
554.125	0.0628
554.25	0.066
554.375	0.066
554.5	0.066
554.625	0.0644
554.75	0.066
554.875	0.0668
555.0	0.0676
555.125	0.0691
555.25	0.0668
555.375	0.0683
555.5	0.0676
555.625	0.0668
555.75	0.0683
555.875	0.0668
556.0	0.0683
556.125	0.066
556.25	0.066
556.375	0.066
556.5	0.0644
556.625	0.066
556.75	0.066
556.875	0.0644
557.0	0.066
557.125	0.066
557.25	0.066
557.375	0.0668
557.5	0.066
557.625	0.066
557.75	0.066
557.875	0.0676
558.0	0.0676
558.125	0.0683
558.25	0.0691
558.375	0.0707
558.5	0.0707
558.625	0.0707
558.75	0.0707
558.875	0.0707
559.0	0.0723
559.125	0.0738
559.25	0.0738
559.375	0.0738
559.5	0.0738
559.625	0.0762
559.75	0.0754
559.875	0.077
560.0	0.0778
560.125	0.0786
560.25	0.0809
560.375	0.0841
560.5	0.0825
560.625	0.0817
560.75	0.0849
560.875	0.0849
561.0	0.0856
561.125	0.0864
561.25	0.0888
561.375	0.0896
561.5	0.0896
561.625	0.0904
561.75	0.0943
561.875	0.0919
562.0	0.0943
562.125	0.0951
562.25	0.0974
562.375	0.1006
562.5	0.1108
562.625	0.121
562.75	0.1383
562.875	0.165
563.0	0.1996
563.125	0.2421
563.25	0.2979
563.375	0.3459
563.5	0.3757
563.625	0.3985
563.75	0.4111
563.875	0.419
564.0	0.4213
564.125	0.4237
564.25	0.4253
564.375	0.4253
564.5	0.4182
564.625	0.4033
564.75	0.3765
564.875	0.327
565.0	0.2759
565.125	0.235
565.25	0.2044
565.375	0.1941
565.5	0.2067
565.625	0.2248
565.75	0.2649
565.875	0.3435
566.0	0.5322
566.125	0.941
566.25	2.033
566.375	3.8039
566.5	4.8298
566.625	4.763
566.75	4.7598
566.875	4.7543
567.0	4.7496
567.125	4.7417
567.25	4.7362
567.375	4.7347
567.5	4.7331
567.625	4.7315
567.75	4.7331
567.875	4.7331
568.0	4.7307
568.125	4.7323
568.25	4.7339
568.375	4.7347
568.5	4.7362
568.625	4.741
568.75	4.7472
568.875	4.752
569.0	4.7567
569.125	4.7638
569.25	4.77
569.375	4.6057
569.5	2.9088
569.625	1.8624
569.75	1.154
569.875	0.7334
570.0	0.4347
570.125	0.268
570.25	0.2028
570.375	0.1761
570.5	0.1666
570.625	0.1611
570.75	0.1572
570.875	0.1509
571.0	0.1477
571.125	0.1462
571.25	0.1415
571.375	0.1383
571.5	0.1367
571.625	0.1391
571.75	0.1446
571.875	0.1556
572.0	0.1721
572.125	0.2012
572.25	0.2492
572.375	0.2979
572.5	0.349
572.625	0.3977
572.75	0.4261
572.875	0.4465
573.0	0.4583
573.125	0.4622
573.25	0.4622
573.375	0.4559
573.5	0.4551
573.625	0.4512
573.75	0.4426
573.875	0.4261
574.0	0.3985
574.125	0.3498
574.25	0.29
574.375	0.2114
574.5	0.158
574.625	0.1234
574.75	0.1037
574.875	0.0966
575.0	0.0959
575.125	0.0943
575.25	0.099
575.375	0.1037
575.5	0.1155
575.625	0.1265
575.75	0.1367
575.875	0.143
576.0	0.147
576.125	0.1485
576.25	0.1493
576.375	0.1485
576.5	0.1485
576.625	0.147
576.75	0.1446
576.875	0.1422
577.0	0.1391
577.125	0.1328
577.25	0.1226
577.375	0.11
577.5	0.0959
577.625	0.0849
577.75	0.0762
577.875	0.0731
578.0	0.0707
578.125	0.0707
578.25	0.0707
578.375	0.0707
578.5	0.0699
578.625	0.0699
578.75	0.0691
578.875	0.0676
579.0	0.066
579.125	0.0668
579.25	0.066
579.375	0.0652
579.5	0.066
579.625	0.066
579.75	0.066
579.875	0.066
580.0	0.0652
580.125	0.066
580.25	0.066
580.375	0.0676
580.5	0.0699
580.625	0.0746
580.75	0.0841
580.875	0.0982
581.0	0.1139
581.125	0.1367
581.25	0.1501
581.375	0.1595
581.5	0.1674
581.625	0.1705
581.75	0.1737
581.875	0.1737
582.0	0.1737
582.125	0.1737
582.25	0.1729
582.375	0.169
582.5	0.1611
582.625	0.1493
582.75	0.1305
582.875	0.1069
583.0	0.0911
583.125	0.0778
583.25	0.0707
583.375	0.0668
583.5	0.066
583.625	0.066
583.75	0.066
583.875	0.066
584.0	0.066
584.125	0.0652
584.25	0.066
584.375	0.0668
584.5	0.0683
584.625	0.0691
584.75	0.0746
584.875	0.0841
585.0	0.1014
585.125	0.1328
585.25	0.18
585.375	0.2374
585.5	0.3089
585.625	0.3671
585.75	0.4064
585.875	0.4292
586.0	0.4402
586.125	0.441
586.25	0.4402
586.375	0.4426
586.5	0.4433
586.625	0.4402
586.75	0.4316
586.875	0.4119
587.0	0.3812
587.125	0.3356
587.25	0.2995
587.375	0.3042
587.5	0.3553
587.625	0.4449
587.75	0.5471
587.875	0.6092
588.0	0.6548
588.125	0.6753
588.25	0.6839
588.375	0.6839
588.5	0.6871
588.625	0.6886
588.75	0.6855
588.875	0.669
589.0	0.6336
589.125	0.5738
589.25	0.4661
589.375	0.3411
589.5	0.2256
589.625	0.1477
589.75	0.1014
589.875	0.0825
590.0	0.0754
590.125	0.0707
590.25	0.0707
590.375	0.0707
590.5	0.0707
590.625	0.0707
590.75	0.0754
590.875	0.0778
591.0	0.0801
591.125	0.0825
591.25	0.0849
591.375	0.0896
591.5	0.1037
591.625	0.1257
591.75	0.1643
591.875	0.2311
592.0	0.3529
592.125	0.5298
592.25	0.7334
592.375	0.9127
592.5	1.0416
592.625	1.132
592.75	1.1643
592.875	1.1886
593.0	1.2138
593.125	1.2193
593.25	1.2138
593.375	1.1949
593.5	1.1776
593.625	1.1383
593.75	1.0369
593.875	0.9111
594.0	0.7154
594.125	0.5479
594.25	0.4418
594.375	0.404
594.5	0.4056
594.625	0.4127
594.75	0.4158
594.875	0.4111
595.0	0.4072
595.125	0.4056
595.25	0.3985
595.375	0.386
595.5	0.3687
595.625	0.3529
595.75	0.3238
595.875	0.2783
596.0	0.2311
596.125	0.1776
596.25	0.125
596.375	0.0966
596.5	0.0778
596.625	0.0715
596.75	0.0707
596.875	0.0668
597.0	0.066
597.125	0.066
597.25	0.066
597.375	0.066
597.5	0.066
597.625	0.0652
597.75	0.0644
597.875	0.0636
598.0	0.0652
598.125	0.0628
598.25	0.0628
598.375	0.0621
598.5	0.0621
598.625	0.0613
598.75	0.0613
598.875	0.0628
599.0	0.0644
599.125	0.066
599.25	0.0707
599.375	0.077
599.5	0.088
599.625	0.1006
599.75	0.1218
599.875	0.1391
600.0	0.1517
600.125	0.1627
600.25	0.1674
600.375	0.1674
600.5	0.1666
600.625	0.1658
600.75	0.1674
600.875	0.1643
601.0	0.1595
601.125	0.1533
601.25	0.147
601.375	0.1328
601.5	0.1124
601.625	0.0966
601.75	0.0794
601.875	0.0668
602.0	0.0613
602.125	0.0597
602.25	0.0581
602.375	0.0581
602.5	0.0573
602.625	0.0566
602.75	0.0581
602.875	0.0581
603.0	0.0566
603.125	0.0573
603.25	0.0566
603.375	0.0566
603.5	0.0566
603.625	0.0589
603.75	0.0573
603.875	0.0613
604.0	0.066
604.125	0.0778
604.25	0.0935
604.375	0.1194
604.5	0.1493
604.625	0.1886
604.75	0.235
604.875	0.2751
605.0	0.2971
605.125	0.3152
605.25	0.3215
605.375	0.3215
605.5	0.3246
605.625	0.3223
605.75	0.3207
605.875	0.3128
606.0	0.2979
606.125	0.2775
606.25	0.2444
606.375	0.2059
606.5	0.1509
606.625	0.1116
606.75	0.0801
606.875	0.0668
607.0	0.0621
607.125	0.0566
607.25	0.0566
607.375	0.0566
607.5	0.0558
607.625	0.0558
607.75	0.0566
607.875	0.0621
608.0	0.066
608.125	0.0754
608.25	0.0825
608.375	0.0974
608.5	0.1139
608.625	0.1242
608.75	0.1336
608.875	0.1383
609.0	0.1422
609.125	0.1415
609.25	0.143
609.375	0.1422
609.5	0.1422
609.625	0.1415
609.75	0.136
609.875	0.1273
610.0	0.1163
610.125	0.1014
610.25	0.0872
610.375	0.0746
610.5	0.066
610.625	0.0691
610.75	0.0825
610.875	0.1037
611.0	0.1312
611.125	0.1698
611.25	0.2216
611.375	0.294
611.5	0.3482
611.625	0.3899
611.75	0.4158
611.875	0.4292
612.0	0.4355
612.125	0.4378
612.25	0.4394
612.375	0.4426
612.5	0.4331
612.625	0.4143
612.75	0.3883
612.875	0.349
613.0	0.2861
613.125	0.2169
613.25	0.1635
613.375	0.1092
613.5	0.0754
613.625	0.066
613.75	0.0613
613.875	0.0589
614.0	0.0573
614.125	0.0573
614.25	0.0566
614.375	0.0558
614.5	0.0558
614.625	0.0566
614.75	0.0566
614.875	0.0558
615.0	0.0573
615.125	0.0573
615.25	0.0605
615.375	0.066
615.5	0.0786
615.625	0.0966
615.75	0.132
615.875	0.1713
616.0	0.2342
616.125	0.2893
616.25	0.3702
616.375	0.4261
616.5	0.4622
616.625	0.4842
616.75	0.4984
616.875	0.5015
617.0	0.5023
617.125	0.507
617.25	0.5212
617.375	0.5448
617.5	0.5817
617.625	0.6344
617.75	0.724
617.875	0.8325
618.0	1.0
618.125	1.1705
618.25	1.3105
618.375	1.4261
618.5	1.4693
618.625	1.4968
618.75	1.5212
618.875	1.5345
619.0	1.5283
619.125	1.5086
619.25	1.4756
619.375	1.4221
619.5	1.3168
619.625	1.1808
619.75	0.9614
619.875	0.6713
620.0	0.4284
620.125	0.2389
620.25	0.1462
620.375	0.1053
620.5	0.0825
620.625	0.0731
620.75	0.0699
620.875	0.0628
621.0	0.0613
621.125	0.0613
621.25	0.0573
621.375	0.0573
621.5	0.0566
621.625	0.0566
621.75	0.0566
621.875	0.0566
622.0	0.0566
622.125	0.055
622.25	0.055
622.375	0.0566
622.5	0.0566
622.625	0.0566
622.75	0.0566
622.875	0.0542
623.0	0.0566
623.125	0.0534
623.25	0.0558
623.375	0.0542
623.5	0.0566
623.625	0.0542
623.75	0.0558
623.875	0.0566
624.0	0.0566
624.125	0.0566
624.25	0.0581
624.375	0.0573
624.5	0.0573
624.625	0.0566
624.75	0.0597
624.875	0.0597
625.0	0.0613
625.125	0.0613
625.25	0.0613
625.375	0.0613
625.5	0.0613
625.625	0.0605
625.75	0.0573
625.875	0.0581
626.0	0.0566
626.125	0.0566
626.25	0.0558
626.375	0.0566
626.5	0.0566
626.625	0.055
626.75	0.0542
626.875	0.055
627.0	0.055
627.125	0.055
627.25	0.055
627.375	0.0558
627.5	0.0542
627.625	0.0566
627.75	0.0566
627.875	0.0652
628.0	0.0786
628.125	0.1077
628.25	0.1438
628.375	0.1988
628.5	0.2775
628.625	0.3679
628.75	0.4866
628.875	0.5691
629.0	0.625
629.125	0.6635
629.25	0.6761
629.375	0.6855
629.5	0.6965
629.625	0.7004
629.75	0.6926
629.875	0.6698
630.0	0.6415
630.125	0.5919
630.25	0.5141
630.375	0.4221
630.5	0.3128
630.625	0.2059
630.75	0.1344
630.875	0.1053
631.0	0.1037
631.125	0.1116
631.25	0.1312
631.375	0.1509
631.5	0.1666
631.625	0.1839
631.75	0.1902
631.875	0.1941
632.0	0.1941
632.125	0.1949
632.25	0.1941
632.375	0.1949
632.5	0.1918
632.625	0.1831
632.75	0.1713
632.875	0.1564
633.0	0.1297
633.125	0.1069
633.25	0.0809
633.375	0.066
633.5	0.0605
633.625	0.0558
633.75	0.0558
633.875	0.0542
634.0	0.0534
634.125	0.0526
634.25	0.0542
634.375	0.0526
634.5	0.0526
634.625	0.0534
634.75	0.0518
634.875	0.0518
635.0	0.0534
635.125	0.055
635.25	0.0526
635.375	0.0526
635.5	0.0526
635.625	0.0526
635.75	0.0518
635.875	0.0518
636.0	0.0518
636.125	0.0518
636.25	0.0526
636.375	0.0534
636.5	0.0518
636.625	0.0518
636.75	0.0526
636.875	0.055
637.0	0.0566
637.125	0.0636
637.25	0.0699
637.375	0.0864
637.5	0.1069
637.625	0.1281
637.75	0.1595
637.875	0.2004
638.0	0.224
638.125	0.2389
638.25	0.2507
638.375	0.2523
638.5	0.2523
638.625	0.2523
638.75	0.2547
638.875	0.2523
639.0	0.2444
639.125	0.2327
639.25	0.2169
639.375	0.1918
639.5	0.1548
639.625	0.1202
639.75	0.0959
639.875	0.0707
640.0	0.0605
640.125	0.0573
640.25	0.055
640.375	0.0526
640.5	0.0526
640.625	0.0511
640.75	0.0518
640.875	0.0518
641.0	0.0518
641.125	0.0526
641.25	0.0511
641.375	0.0518
641.5	0.0534
641.625	0.0518
641.75	0.0518
641.875	0.0526
642.0	0.0542
642.125	0.0518
642.25	0.0518
642.375	0.0518
642.5	0.0526
642.625	0.0526
642.75	0.0526
642.875	0.0534
643.0	0.0526
643.125	0.0534
643.25	0.0542
643.375	0.0526
643.5	0.0534
643.625	0.0526
643.75	0.055
643.875	0.0542
644.0	0.055
644.125	0.0534
644.25	0.0534
644.375	0.055
644.5	0.0566
644.625	0.0566
644.75	0.0566
644.875	0.0589
645.0	0.0644
645.125	0.0746
645.25	0.0943
645.375	0.1171
645.5	0.1501
645.625	0.1941
645.75	0.2468
645.875	0.2908
646.0	0.3333
646.125	0.3592
646.25	0.371
646.375	0.3757
646.5	0.3765
646.625	0.3797
646.75	0.382
646.875	0.3773
647.0	0.3647
647.125	0.349
647.25	0.327
647.375	0.2845
647.5	0.2382
647.625	0.1886
647.75	0.1312
647.875	0.0911
648.0	0.0754
648.125	0.0652
648.25	0.0613
648.375	0.0613
648.5	0.0581
648.625	0.0581
648.75	0.0581
648.875	0.0597
649.0	0.0636
649.125	0.0676
649.25	0.077
649.375	0.0896
649.5	0.11
649.625	0.1312
649.75	0.1548
649.875	0.1847
650.0	0.2091
650.125	0.2193
650.25	0.2295
650.375	0.2342
650.5	0.2342
650.625	0.2342
650.75	0.2319
650.875	0.2295
651.0	0.2232
651.125	0.2161
651.25	0.2036
651.375	0.1808
651.5	0.1525
651.625	0.1226
651.75	0.0911
651.875	0.0723
652.0	0.0628
652.125	0.0566
652.25	0.0566
652.375	0.0566
652.5	0.0566
652.625	0.0534
652.75	0.0566
652.875	0.0566
653.0	0.0566
653.125	0.0573
653.25	0.0589
653.375	0.0613
653.5	0.0613
653.625	0.0621
653.75	0.0644
653.875	0.066
654.0	0.066
654.125	0.066
654.25	0.0652
654.375	0.0644
654.5	0.0652
654.625	0.0652
654.75	0.0613
654.875	0.0613
655.0	0.0605
655.125	0.0566
655.25	0.0566
655.375	0.055
655.5	0.0558
655.625	0.0534
655.75	0.0526
655.875	0.0534
656.0	0.0542
656.125	0.0518
656.25	0.0526
656.375	0.0526
656.5	0.0526
656.625	0.0526
656.75	0.0526
656.875	0.0518
657.0	0.0518
657.125	0.0518
657.25	0.0518
657.375	0.0518
657.5	0.0518
657.625	0.0518
657.75	0.0526
657.875	0.0518
658.0	0.0518
658.125	0.0518
658.25	0.0518
658.375	0.0534
658.5	0.0518
658.625	0.0526
658.75	0.0518
658.875	0.0518
659.0	0.0518
659.125	0.0518
659.25	0.0518
659.375	0.0511
659.5	0.0518
659.625	0.0511
659.75	0.0511
659.875	0.0511
660.0	0.0511
660.125	0.0511
660.25	0.0518
660.375	0.0518
660.5	0.0518
660.625	0.0511
660.75	0.0518
660.875	0.0518
661.0	0.0518
661.125	0.0518
661.25	0.0511
661.375	0.0518
661.5	0.0518
661.625	0.0518
661.75	0.0518
661.875	0.0518
662.0	0.0518
662.125	0.0511
662.25	0.0526
662.375	0.0511
662.5	0.0518
662.625	0.0518
662.75	0.0518
662.875	0.0518
663.0	0.0518
663.125	0.0526
663.25	0.0526
663.375	0.0518
663.5	0.0518
663.625	0.0518
663.75	0.0511
663.875	0.0518
664.0	0.0526
664.125	0.0526
664.25	0.0526
664.375	0.0518
664.5	0.055
664.625	0.0534
664.75	0.055
664.875	0.0566
665.0	0.0566
665.125	0.0581
665.25	0.0589
665.375	0.0605
665.5	0.0613
665.625	0.0605
665.75	0.0613
665.875	0.0605
666.0	0.0613
666.125	0.0613
666.25	0.0589
666.375	0.0613
666.5	0.0597
666.625	0.0566
666.75	0.0558
666.875	0.0566
667.0	0.055
667.125	0.0534
667.25	0.0534
667.375	0.055
667.5	0.0526
667.625	0.0518
667.75	0.0518
667.875	0.0534
668.0	0.0542
668.125	0.0526
668.25	0.0518
668.375	0.0526
668.5	0.0518
668.625	0.0526
668.75	0.0518
668.875	0.0518
669.0	0.0534
669.125	0.0518
669.25	0.0518
669.375	0.0511
669.5	0.0526
669.625	0.0534
669.75	0.0534
669.875	0.0526
670.0	0.0558
670.125	0.0566
670.25	0.0621
670.375	0.0731
670.5	0.0864
670.625	0.1037
670.75	0.1305
670.875	0.1588
671.0	0.1981
671.125	0.2248
671.25	0.2452
671.375	0.2555
671.5	0.2602
671.625	0.2649
671.75	0.268
671.875	0.2704
672.0	0.2696
672.125	0.2633
672.25	0.2515
672.375	0.2421
672.5	0.2177
672.625	0.1926
672.75	0.1611
672.875	0.121
673.0	0.0888
673.125	0.0731
673.25	0.066
673.375	0.0589
673.5	0.0573
673.625	0.0566
673.75	0.0566
673.875	0.0589
674.0	0.0668
674.125	0.077
674.25	0.0959
674.375	0.1242
674.5	0.1525
674.625	0.1792
674.75	0.2028
674.875	0.2177
675.0	0.2264
675.125	0.2311
675.25	0.2358
675.375	0.2366
675.5	0.2374
675.625	0.2358
675.75	0.2327
675.875	0.2256
676.0	0.2114
676.125	0.1878
676.25	0.1603
676.375	0.1305
676.5	0.0982
676.625	0.0762
676.75	0.0621
676.875	0.0573
677.0	0.0534
677.125	0.0518
677.25	0.0511
677.375	0.0511
677.5	0.0503
677.625	0.0487
677.75	0.0471
677.875	0.0495
678.0	0.0495
678.125	0.0503
678.25	0.0487
678.375	0.0495
678.5	0.0487
678.625	0.0518
678.75	0.0487
678.875	0.0495
679.0	0.0479
679.125	0.0503
679.25	0.0511
679.375	0.0503
679.5	0.0503
679.625	0.0503
679.75	0.0511
679.875	0.0511
680.0	0.0518
680.125	0.0526
680.25	0.0542
680.375	0.0573
680.5	0.0621
680.625	0.0683
680.75	0.0833
680.875	0.1061
681.0	0.1375
681.125	0.1839
681.25	0.2366
681.375	0.2948
681.5	0.3624
681.625	0.4048
681.75	0.4355
681.875	0.4496
682.0	0.4536
682.125	0.4551
682.25	0.4528
682.375	0.4481
682.5	0.4378
682.625	0.4213
682.75	0.3946
682.875	0.3506
683.0	0.2955
683.125	0.2193
683.25	0.1493
683.375	0.0943
683.5	0.0746
683.625	0.0644
683.75	0.0613
683.875	0.0581
684.0	0.0613
684.125	0.066
684.25	0.0778
684.375	0.0982
684.5	0.1218
684.625	0.1438
684.75	0.1729
684.875	0.1902
685.0	0.1996
685.125	0.2059
685.25	0.2075
685.375	0.2122
685.5	0.2122
685.625	0.2122
685.75	0.2091
685.875	0.2028
686.0	0.1941
686.125	0.1768
686.25	0.1556
686.375	0.1281
686.5	0.099
686.625	0.0778
686.75	0.0668
686.875	0.0605
687.0	0.0566
687.125	0.0558
687.25	0.0566
687.375	0.0518
687.5	0.0534
687.625	0.0526
687.75	0.0518
687.875	0.0518
688.0	0.0518
688.125	0.055
688.25	0.0526
688.375	0.0526
688.5	0.0526
688.625	0.0526
688.75	0.0518
688.875	0.0526
689.0	0.0534
689.125	0.0534
689.25	0.0518
689.375	0.0526
689.5	0.0534
689.625	0.0526
689.75	0.0518
689.875	0.0518
690.0	0.0558
690.125	0.0542
690.25	0.0534
690.375	0.0534
690.5	0.0526
690.625	0.0534
690.75	0.0534
690.875	0.0518
691.0	0.0534
691.125	0.0542
691.25	0.0534
691.375	0.0526
691.5	0.0518
691.625	0.0542
691.75	0.055
691.875	0.0542
692.0	0.0534
692.125	0.0566
692.25	0.0558
692.375	0.0589
692.5	0.0613
692.625	0.0628
692.75	0.066
692.875	0.066
693.0	0.0676
693.125	0.0699
693.25	0.0676
693.375	0.0691
693.5	0.0691
693.625	0.0691
693.75	0.0691
693.875	0.0683
694.0	0.066
694.125	0.0683
694.25	0.0636
694.375	0.0605
694.5	0.0566
694.625	0.0566
694.75	0.0566
694.875	0.0566
695.0	0.0573
695.125	0.0605
695.25	0.0644
695.375	0.0676
695.5	0.0731
695.625	0.0778
695.75	0.0786
695.875	0.0817
696.0	0.0825
696.125	0.0833
696.25	0.0841
696.375	0.0809
696.5	0.0833
696.625	0.0817
696.75	0.0809
696.875	0.0794
697.0	0.0754
697.125	0.0723
697.25	0.066
697.375	0.0605
697.5	0.0581
697.625	0.055
697.75	0.0534
697.875	0.0518
698.0	0.0518
698.125	0.0518
698.25	0.0526
698.375	0.0518
698.5	0.0518
698.625	0.0518
698.75	0.0534
698.875	0.0534
699.0	0.0534
699.125	0.0542
699.25	0.0558
699.375	0.0526
699.5	0.0534
699.625	0.0518
699.75	0.0542
699.875	0.0526
700.0	0.0526
700.125	0.0566
700.25	0.0534
700.375	0.0542
700.5	0.0526
700.625	0.0526
700.75	0.0518
700.875	0.0534
701.0	0.0518
701.125	0.0518
701.25	0.0526
701.375	0.0526
701.5	0.0518
701.625	0.0534
701.75	0.0534
701.875	0.055
702.0	0.0566
702.125	0.0581
702.25	0.066
702.375	0.0754
702.5	0.0841
702.625	0.1014
702.75	0.1187
702.875	0.1344
703.0	0.1501
703.125	0.158
703.25	0.1611
703.375	0.1627
703.5	0.1643
703.625	0.165
703.75	0.1635
703.875	0.1627
704.0	0.1564
704.125	0.1493
704.25	0.1399
704.375	0.1242
704.5	0.1022
704.625	0.0849
704.75	0.0691
704.875	0.0613
705.0	0.0613
705.125	0.0621
705.25	0.066
705.375	0.0699
705.5	0.0754
705.625	0.0778
705.75	0.0801
705.875	0.0817
706.0	0.0841
706.125	0.0833
706.25	0.0849
706.375	0.0849
706.5	0.0849
706.625	0.0841
706.75	0.0801
706.875	0.0786
707.0	0.0731
707.125	0.0676
707.25	0.0636
707.375	0.0581
707.5	0.0558
707.625	0.0534
707.75	0.0526
707.875	0.055
708.0	0.0542
708.125	0.0534
708.25	0.0526
708.375	0.0518
708.5	0.0518
708.625	0.0526
708.75	0.0518
708.875	0.0526
709.0	0.0526
709.125	0.055
709.25	0.0534
709.375	0.0534
709.5	0.0526
709.625	0.055
709.75	0.0542
709.875	0.055
710.0	0.055
710.125	0.0558
710.25	0.0542
710.375	0.0534
710.5	0.0558
710.625	0.0534
710.75	0.0518
710.875	0.0534
711.0	0.0558
711.125	0.0534
711.25	0.0518
711.375	0.0526
711.5	0.0518
711.625	0.0518
711.75	0.0518
711.875	0.0518
712.0	0.0518
712.125	0.0518
712.25	0.0518
712.375	0.0518
712.5	0.0518
712.625	0.0526
712.75	0.0526
712.875	0.0518
713.0	0.0534
713.125	0.0542
713.25	0.0566
713.375	0.0542
713.5	0.055
713.625	0.055
713.75	0.0558
713.875	0.0534
714.0	0.0566
714.125	0.0542
714.25	0.0542
714.375	0.0542
714.5	0.0566
714.625	0.0558
714.75	0.0566
714.875	0.0558
715.0	0.0558
715.125	0.0558
715.25	0.0573
715.375	0.0566
715.5	0.0581
715.625	0.0621
715.75	0.0683
715.875	0.0738
716.0	0.0935
716.125	0.1194
716.25	0.1477
716.375	0.1737
716.5	0.2051
716.625	0.2216
716.75	0.2311
716.875	0.2374
717.0	0.2405
717.125	0.2429
717.25	0.2452
717.375	0.2429
717.5	0.2405
717.625	0.235
717.75	0.2216
717.875	0.2028
718.0	0.1737
718.125	0.1399
718.25	0.1092
718.375	0.0833
718.5	0.0683
718.625	0.0613
718.75	0.0581
718.875	0.0566
719.0	0.0558
719.125	0.0558
719.25	0.0534
719.375	0.0518
719.5	0.0518
719.625	0.0518
719.75	0.0526
719.875	0.0526
720.0	0.0534
720.125	0.0542
720.25	0.0518
720.375	0.0526
720.5	0.0534
720.625	0.0534
720.75	0.0526
720.875	0.0518
721.0	0.0526
721.125	0.055
721.25	0.0542
721.375	0.055
721.5	0.0558
721.625	0.0581
721.75	0.0566
721.875	0.0597
722.0	0.0644
722.125	0.0668
722.25	0.0691
722.375	0.0731
722.5	0.0715
722.625	0.0723
722.75	0.0723
722.875	0.0723
723.0	0.0754
723.125	0.0731
723.25	0.0715
723.375	0.0707
723.5	0.0707
723.625	0.0676
723.75	0.066
723.875	0.0621
724.0	0.0597
724.125	0.0566
724.25	0.0566
724.375	0.0534
724.5	0.0534
724.625	0.0526
724.75	0.0534
724.875	0.0518
725.0	0.0518
725.125	0.0534
725.25	0.0542
725.375	0.0566
725.5	0.0566
725.625	0.0581
725.75	0.0589
725.875	0.0613
726.0	0.0613
726.125	0.0621
726.25	0.0636
726.375	0.0652
726.5	0.0636
726.625	0.066
726.75	0.066
726.875	0.066
727.0	0.066
727.125	0.066
727.25	0.0652
727.375	0.066
727.5	0.066
727.625	0.066
727.75	0.066
727.875	0.0668
728.0	0.0707
728.125	0.077
728.25	0.0896
728.375	0.1132
728.5	0.1446
728.625	0.1682
728.75	0.1965
728.875	0.2169
729.0	0.2279
729.125	0.2405
729.25	0.2539
729.375	0.2712
729.5	0.2955
729.625	0.3254
729.75	0.3506
729.875	0.3616
730.0	0.3639
730.125	0.3522
730.25	0.3294
730.375	0.2995
730.5	0.2688
730.625	0.2476
730.75	0.2319
730.875	0.2209
731.0	0.2099
731.125	0.191
731.25	0.1682
731.375	0.1383
731.5	0.1132
731.625	0.0872
731.75	0.0676
731.875	0.0644
732.0	0.0613
732.125	0.0573
732.25	0.0597
732.375	0.0589
732.5	0.0573
732.625	0.0597
732.75	0.0581
732.875	0.0581
733.0	0.0589
733.125	0.0597
733.25	0.0566
733.375	0.0566
733.5	0.0566
733.625	0.0566
733.75	0.0566
733.875	0.0558
734.0	0.0542
734.125	0.055
734.25	0.0534
734.375	0.0542
734.5	0.0534
734.625	0.0534
734.75	0.0534
734.875	0.0518
735.0	0.0526
735.125	0.0534
735.25	0.0518
735.375	0.0534
735.5	0.0518
735.625	0.0518
735.75	0.0518
735.875	0.0518
736.0	0.0526
736.125	0.0518
736.25	0.0518
736.375	0.0518
736.5	0.0526
736.625	0.0518
736.75	0.0526
736.875	0.0518
737.0	0.0518
737.125	0.0518
737.25	0.0526
737.375	0.0526
737.5	0.0518
737.625	0.0518
737.75	0.0518
737.875	0.0518
738.0	0.0518
738.125	0.0526
738.25	0.0534
738.375	0.0518
738.5	0.0518
738.625	0.0534
738.75	0.0518
738.875	0.0526
739.0	0.0526
739.125	0.0518
739.25	0.0542
739.375	0.0518
739.5	0.0534
739.625	0.0526
739.75	0.0518
739.875	0.0534
740.0	0.0518
740.125	0.0542
740.25	0.0518
740.375	0.055
740.5	0.0558
740.625	0.055
740.75	0.0581
740.875	0.0613
741.0	0.0746
741.125	0.0998
741.25	0.1422
741.375	0.191
741.5	0.2633
741.625	0.3356
741.75	0.382
741.875	0.4198
742.0	0.4449
742.125	0.4559
742.25	0.4622
742.375	0.4669
742.5	0.4685
742.625	0.4677
742.75	0.4599
742.875	0.4418
743.0	0.4119
743.125	0.3632
743.25	0.2916
743.375	0.224
743.5	0.1564
743.625	0.1061
743.75	0.0801
743.875	0.0699
744.0	0.0621
744.125	0.0613
744.25	0.066
744.375	0.0691
744.5	0.077
744.625	0.0849
744.75	0.0919
744.875	0.0943
745.0	0.099
745.125	0.099
745.25	0.0998
745.375	0.1006
745.5	0.1014
745.625	0.1037
745.75	0.1006
745.875	0.099
746.0	0.0943
746.125	0.0911
746.25	0.0841
746.375	0.0754
746.5	0.0676
746.625	0.0613
746.75	0.0573
746.875	0.0558
747.0	0.0566
747.125	0.0542
747.25	0.0526
747.375	0.0534
747.5	0.0566
747.625	0.0542
747.75	0.0566
747.875	0.0605
748.0	0.066
748.125	0.0691
748.25	0.0707
748.375	0.0754
748.5	0.0754
748.625	0.0762
748.75	0.0762
748.875	0.0778
749.0	0.0801
749.125	0.0794
749.25	0.0786
749.375	0.0778
749.5	0.077
749.625	0.0754
749.75	0.0707
749.875	0.0676
750.0	0.066
750.125	0.066
750.25	0.0683
750.375	0.0794
750.5	0.0935
750.625	0.1139
750.75	0.132
750.875	0.1462
751.0	0.158
751.125	0.1635
751.25	0.1682
751.375	0.1713
751.5	0.1705
751.625	0.1713
751.75	0.1745
751.875	0.1698
752.0	0.1674
752.125	0.1572
752.25	0.143
752.375	0.1257
752.5	0.1037
752.625	0.0825
752.75	0.0683
752.875	0.0613
753.0	0.0573
753.125	0.055
753.25	0.0518
753.375	0.0542
753.5	0.0518
753.625	0.0526
753.75	0.0518
753.875	0.0526
754.0	0.0518
754.125	0.0518
754.25	0.0526
754.375	0.0518
754.5	0.0534
754.625	0.0511
754.75	0.0518
754.875	0.0518
755.0	0.0518
755.125	0.0518
755.25	0.0534
755.375	0.0534
755.5	0.0518
755.625	0.0518
755.75	0.055
755.875	0.0518
756.0	0.0526
756.125	0.0534
756.25	0.0518
756.375	0.0518
756.5	0.0526
756.625	0.0518
756.75	0.0518
756.875	0.0526
757.0	0.0518
757.125	0.0518
757.25	0.0518
757.375	0.0534
757.5	0.0518
757.625	0.0534
757.75	0.0518
757.875	0.0518
758.0	0.0518
758.125	0.0518
758.25	0.0534
758.375	0.0534
758.5	0.0518
758.625	0.0526
758.75	0.0518
758.875	0.0526
759.0	0.0518
759.125	0.0518
759.25	0.0518
759.375	0.0518
759.5	0.0518
759.625	0.0518
759.75	0.0518
759.875	0.0518
760.0	0.0518
760.125	0.0518
760.25	0.0518
760.375	0.0518
760.5	0.0518
760.625	0.0518
760.75	0.0518
760.875	0.0518
761.0	0.0518
761.125	0.0526
761.25	0.0518
761.375	0.0518
761.5	0.0518
761.625	0.0534
761.75	0.0518
761.875	0.0518
762.0	0.0518
762.125	0.0518
762.25	0.0518
762.375	0.0518
762.5	0.0518
762.625	0.0518
762.75	0.0518
762.875	0.0518
763.0	0.0518
763.125	0.0518
763.25	0.0518
763.375	0.0518
763.5	0.0518
763.625	0.0518
763.75	0.0518
763.875	0.0518
764.0	0.0518
764.125	0.0518
764.25	0.0518
764.375	0.0518
764.5	0.0511
764.625	0.0518
764.75	0.0518
764.875	0.0534
765.0	0.0518
765.125	0.0518
765.25	0.0518
765.375	0.0518
765.5	0.0518
765.625	0.0518
765.75	0.0518
765.875	0.0518
766.0	0.0518
766.125	0.0518
766.25	0.0518
766.375	0.0518
766.5	0.0518
766.625	0.0518
766.75	0.0518
766.875	0.0526
767.0	0.0518
767.125	0.0511
767.25	0.0518
767.375	0.0518
767.5	0.0518
767.625	0.0526
767.75	0.0526
767.875	0.0526
768.0	0.0526
768.125	0.0518
768.25	0.0526
768.375	0.0534
768.5	0.0526
768.625	0.0526
768.75	0.0518
768.875	0.0534
769.0	0.0518
769.125	0.0518
769.25	0.0518
769.375	0.0518
769.5	0.0518
769.625	0.0518
769.75	0.0534
769.875	0.0518
770.0	0.0518
770.125	0.0518
770.25	0.0518
770.375	0.0518
770.5	0.0518
770.625	0.0518
770.75	0.0518
770.875	0.0518
771.0	0.0518
771.125	0.0526
771.25	0.0518
771.375	0.0511
771.5	0.0518
771.625	0.0518
771.75	0.0518
771.875	0.0511
772.0	0.0511
772.125	0.0518
772.25	0.0518
772.375	0.0526
772.5	0.0542
772.625	0.0566
772.75	0.0613
772.875	0.066
773.0	0.077
773.125	0.088
773.25	0.0974
773.375	0.1037
773.5	0.11
773.625	0.1132
773.75	0.1147
773.875	0.1179
774.0	0.1179
774.125	0.1179
774.25	0.1179
774.375	0.1171
774.5	0.1147
774.625	0.1084
774.75	0.1022
774.875	0.0919
775.0	0.0809
775.125	0.0715
775.25	0.0613
775.375	0.0566
775.5	0.0542
775.625	0.0518
775.75	0.0526
775.875	0.0534
776.0	0.0518
776.125	0.0518
776.25	0.0518
776.375	0.0518
776.5	0.0511
776.625	0.0495
776.75	0.0518
776.875	0.0518
777.0	0.0518
777.125	0.0518
777.25	0.0518
777.375	0.0518
777.5	0.0518
777.625	0.0518
777.75	0.0518
777.875	0.0518
778.0	0.0518
778.125	0.0518
778.25	0.0518
778.375	0.0518
778.5	0.0542
778.625	0.0526
778.75	0.0573
778.875	0.0613
779.0	0.0652
779.125	0.0668
779.25	0.0754
779.375	0.0778
779.5	0.0825
779.625	0.0896
779.75	0.0974
779.875	0.1084
780.0	0.1163
780.125	0.1273
780.25	0.1328
780.375	0.1367
780.5	0.1367
780.625	0.1328
780.75	0.1297
780.875	0.1242
781.0	0.1218
781.125	0.1179
781.25	0.1116
781.375	0.1061
781.5	0.099
781.625	0.0864
781.75	0.0754
781.875	0.0676
782.0	0.0597
782.125	0.0566
782.25	0.0542
782.375	0.0534
782.5	0.0542
782.625	0.0534
782.75	0.0534
782.875	0.0534
783.0	0.0542
783.125	0.0566
783.25	0.055
783.375	0.0558
783.5	0.0566
783.625	0.0566
783.75	0.0566
783.875	0.0589
784.0	0.0573
784.125	0.0566
784.25	0.0566
784.375	0.0566
784.5	0.0566
784.625	0.0558
784.75	0.0566
784.875	0.0558
785.0	0.0542
785.125	0.0534
785.25	0.0542
785.375	0.0518
785.5	0.0518
785.625	0.0518
785.75	0.0518
785.875	0.0518
786.0	0.0518
786.125	0.0518
786.25	0.0518
786.375	0.0518
786.5	0.0518
786.625	0.0518
786.75	0.0518
786.875	0.0526
787.0	0.0542
787.125	0.0542
787.25	0.0534
787.375	0.0558
787.5	0.055
787.625	0.0566
787.75	0.0566
787.875	0.0566
788.0	0.0566
788.125	0.0566
788.25	0.0605
788.375	0.066
788.5	0.0707
788.625	0.0786
788.75	0.0896
788.875	0.0966
789.0	0.1037
789.125	0.1084
789.25	0.1132
789.375	0.1202
789.5	0.1344
789.625	0.1517
789.75	0.18
789.875	0.2146
790.0	0.25
790.125	0.2704
790.25	0.279
790.375	0.2838
790.5	0.2798
790.625	0.2735
790.75	0.2665
790.875	0.2641
791.0	0.2594
791.125	0.2523
791.25	0.2397
791.375	0.2232
791.5	0.1926
791.625	0.1603
791.75	0.1234
791.875	0.0951
792.0	0.0715
792.125	0.0636
792.25	0.0573
792.375	0.0558
792.5	0.0558
792.625	0.0526
792.75	0.0518
792.875	0.0526
793.0	0.0518
793.125	0.0518
793.25	0.0518
793.375	0.0518
793.5	0.0518
793.625	0.0518
793.75	0.0542
793.875	0.0518
794.0	0.0518
794.125	0.0518
794.25	0.0511
794.375	0.0518
794.5	0.0518
794.625	0.0511
794.75	0.0518
794.875	0.0518
795.0	0.0511
795.125	0.0511
795.25	0.0518
795.375	0.0518
795.5	0.0518
795.625	0.0518
795.75	0.0503
795.875	0.0518
796.0	0.0518
796.125	0.0518
796.25	0.0518
796.375	0.055
796.5	0.0605
796.625	0.0636
796.75	0.0676
796.875	0.0746
797.0	0.0794
797.125	0.0801
797.25	0.0833
797.375	0.0849
797.5	0.0888
797.625	0.0927
797.75	0.0998
797.875	0.1084
798.0	0.1179
798.125	0.1242
798.25	0.1312
798.375	0.132
798.5	0.1289
798.625	0.1257
798.75	0.1218
798.875	0.1179
799.0	0.1147
799.125	0.1132
799.25	0.1124
799.375	0.1084
799.5	0.1037
799.625	0.0974
799.75	0.0864
799.875	0.077
800.0	0.0691
800.125	0.0613
800.25	0.0573
800.375	0.0566
800.5	0.055
800.625	0.0518
800.75	0.0518
800.875	0.0518
801.0	0.0518
801.125	0.0518
801.25	0.0526
801.375	0.0518
801.5	0.0518
801.625	0.0511
801.75	0.0518
801.875	0.0518
802.0	0.0518
802.125	0.0518
802.25	0.0518
802.375	0.0518
802.5	0.0518
802.625	0.0518
802.75	0.0518
802.875	0.0518
803.0	0.0503
803.125	0.0518
803.25	0.0511
803.375	0.0511
803.5	0.0518
803.625	0.0518
803.75	0.0518
803.875	0.0511
804.0	0.0495
804.125	0.0503
804.25	0.0471
804.375	0.0471
804.5	0.0495
804.625	0.0487
804.75	0.0487
804.875	0.0503
805.0	0.0518
805.125	0.0526
805.25	0.0558
805.375	0.0573
805.5	0.0566
805.625	0.0613
805.75	0.0589
805.875	0.0605
806.0	0.0605
806.125	0.0613
806.25	0.0605
806.375	0.0597
806.5	0.0581
806.625	0.0566
806.75	0.0566
806.875	0.0534
807.0	0.0503
807.125	0.0495
807.25	0.0471
807.375	0.0471
807.5	0.0463
807.625	0.0471
807.75	0.0479
807.875	0.0471
808.0	0.0471
808.125	0.0471
808.25	0.0479
808.375	0.0487
808.5	0.0471
808.625	0.0495
808.75	0.0487
808.875	0.0487
809.0	0.0503
809.125	0.0495
809.25	0.0495
809.375	0.0495
809.5	0.0479
809.625	0.0495
809.75	0.0479
809.875	0.0479
810.0	0.0495
810.125	0.0518
810.25	0.0526
810.375	0.0542
810.5	0.0566
810.625	0.0566
810.75	0.0566
810.875	0.0566
811.0	0.0566
811.125	0.0566
811.25	0.0573
811.375	0.0573
811.5	0.0566
811.625	0.0566
811.75	0.0566
811.875	0.0526
812.0	0.0526
812.125	0.0518
812.25	0.0487
812.375	0.0503
812.5	0.0479
812.625	0.0471
812.75	0.0471
812.875	0.0471
813.0	0.0471
813.125	0.0471
813.25	0.0471
813.375	0.0471
813.5	0.0463
813.625	0.0479
813.75	0.0479
813.875	0.0471
814.0	0.0471
814.125	0.0471
814.25	0.0471
814.375	0.0479
814.5	0.0471
814.625	0.0471
814.75	0.0471
814.875	0.0471
815.0	0.0479
815.125	0.0518
815.25	0.0471
815.375	0.0503
815.5	0.0471
815.625	0.0495
815.75	0.0471
815.875	0.0479
816.0	0.0471
816.125	0.0503
816.25	0.0487
816.375	0.0503
816.5	0.0495
816.625	0.0487
816.75	0.0495
816.875	0.0471
817.0	0.0503
817.125	0.0518
817.25	0.0518
817.375	0.0518
817.5	0.0518
817.625	0.0511
817.75	0.0511
817.875	0.0518
818.0	0.0518
818.125	0.0518
818.25	0.0518
818.375	0.0534
818.5	0.0542
818.625	0.0558
818.75	0.0566
818.875	0.0581
819.0	0.0613
819.125	0.0613
819.25	0.066
819.375	0.066
819.5	0.0691
819.625	0.0707
819.75	0.0707
819.875	0.0707
820.0	0.0707
820.125	0.0676
820.25	0.0676
820.375	0.0652
820.5	0.066
820.625	0.0652
820.75	0.0636
820.875	0.0652
821.0	0.066
821.125	0.066
821.25	0.066
821.375	0.066
821.5	0.066
821.625	0.066
821.75	0.0668
821.875	0.066
822.0	0.066
822.125	0.066
822.25	0.066
822.375	0.066
822.5	0.0644
822.625	0.0613
822.75	0.0589
822.875	0.0566
823.0	0.0534
823.125	0.0503
823.25	0.0471
823.375	0.0471
823.5	0.0455
823.625	0.0471
823.75	0.0471
823.875	0.0471
824.0	0.0471
824.125	0.0471
824.25	0.0455
824.375	0.0471
824.5	0.0471
824.625	0.0463
824.75	0.0471
824.875	0.0471
825.0	0.0471
825.125	0.0455
825.25	0.0471
825.375	0.0471
825.5	0.0463
825.625	0.0471
825.75	0.0463
825.875	0.0471
826.0	0.0463
826.125	0.0471
826.25	0.0463
826.375	0.0448
826.5	0.0471
826.625	0.0463
826.75	0.0471
826.875	0.0471
827.0	0.0471
827.125	0.0479
827.25	0.0471
827.375	0.0471
827.5	0.0471
827.625	0.0463
827.75	0.0471
827.875	0.0471
828.0	0.0471
828.125	0.0471
828.25	0.0455
828.375	0.0471
828.5	0.0471
828.625	0.0463
828.75	0.0471
828.875	0.0463
829.0	0.0463
829.125	0.0471
829.25	0.0471
829.375	0.0471
829.5	0.0471
829.625	0.0471
829.75	0.0471
829.875	0.0471
830.0	0.0463
830.125	0.0471
830.25	0.0471
830.375	0.0471
830.5	0.0471
830.625	0.0487
830.75	0.0503
830.875	0.0518
831.0	0.0518
831.125	0.0534
831.25	0.0542
831.375	0.055
831.5	0.0542
831.625	0.0558
831.75	0.0558
831.875	0.0566
832.0	0.055
832.125	0.0566
832.25	0.0566
832.375	0.0542
832.5	0.0542
832.625	0.0526
832.75	0.0518
832.875	0.0518
833.0	0.0526
833.125	0.0518
833.25	0.0518
833.375	0.0518
833.5	0.0518
833.625	0.0518
833.75	0.0534
833.875	0.0518
834.0	0.0518
834.125	0.0526
834.25	0.0518
834.375	0.0518
834.5	0.0518
834.625	0.0518
834.75	0.0511
834.875	0.0518
835.0	0.0518
835.125	0.0487
835.25	0.0503
835.375	0.0487
835.5	0.0479
835.625	0.0479
835.75	0.0495
835.875	0.0503
836.0	0.0487
836.125	0.0479
836.25	0.0518
836.375	0.0511
836.5	0.0511
836.625	0.0511
836.75	0.0511
836.875	0.0518
837.0	0.0503
837.125	0.0518
837.25	0.0518
837.375	0.0503
837.5	0.0518
837.625	0.0518
837.75	0.0511
837.875	0.0511
838.0	0.0518
838.125	0.0518
838.25	0.0511
838.375	0.0495
838.5	0.0511
838.625	0.0526
838.75	0.0511
838.875	0.0518
839.0	0.0518
839.125	0.0518
839.25	0.0518
839.375	0.0518
839.5	0.0518
839.625	0.0526
839.75	0.0518
839.875	0.0518
840.0	0.0542
840.125	0.0518
840.25	0.0518
840.375	0.0518
840.5	0.0518
840.625	0.0518
840.75	0.0518
840.875	0.0518
841.0	0.0518
841.125	0.0518
841.25	0.0518
841.375	0.0503
841.5	0.0511
841.625	0.0503
841.75	0.0518
841.875	0.0511
842.0	0.0518
842.125	0.0487
842.25	0.0511
842.375	0.0495
842.5	0.0487
842.625	0.0487
842.75	0.0495
842.875	0.0479
843.0	0.0503
843.125	0.0471
843.25	0.0479
843.375	0.0487
843.5	0.0471
843.625	0.0471
843.75	0.0479
843.875	0.0471
844.0	0.0471
844.125	0.0479
844.25	0.0471
844.375	0.0479
844.5	0.0479
844.625	0.0471
844.75	0.0471
844.875	0.0487
845.0	0.0471
845.125	0.0471
845.25	0.0471
845.375	0.0495
845.5	0.0511
845.625	0.0503
845.75	0.0518
845.875	0.0518
846.0	0.0511
846.125	0.0511
846.25	0.0518
846.375	0.0518
846.5	0.0518
846.625	0.0518
846.75	0.0518
846.875	0.0518
847.0	0.0495
847.125	0.0511
847.25	0.0479
847.375	0.0471
847.5	0.0487
847.625	0.0479
847.75	0.0471
847.875	0.0471
848.0	0.0479
848.125	0.0471
848.25	0.0479
848.375	0.0479
848.5	0.0471
848.625	0.0495
848.75	0.0471
848.875	0.0471
849.0	0.0479
849.125	0.0479
849.25	0.0495
849.375	0.0479
849.5	0.0471
849.625	0.0471
849.75	0.0479
849.875	0.0471
850.0	0.0471
850.125	0.0471
850.25	0.0487
850.375	0.0471
850.5	0.0463
850.625	0.0471
850.75	0.0471
850.875	0.0463
851.0	0.0463
851.125	0.0471
851.25	0.0487
851.375	0.0471
851.5	0.0471
851.625	0.0471
851.75	0.0471
851.875	0.0471
852.0	0.0471
852.125	0.0479
852.25	0.0471
852.375	0.0471
852.5	0.0463
852.625	0.0471
852.75	0.0471
852.875	0.0471
853.0	0.0495
853.125	0.0471
853.25	0.0479
853.375	0.0471
853.5	0.0471
853.625	0.0471
853.75	0.0479
853.875	0.0463
854.0	0.0471
854.125	0.0471
854.25	0.0471
854.375	0.0471
854.5	0.0479
854.625	0.0463
854.75	0.0471
854.875	0.0471
855.0	0.0471
855.125	0.0471
855.25	0.0471
855.375	0.0463
855.5	0.0487
855.625	0.0471
855.75	0.0471
855.875	0.0471
856.0	0.0471
856.125	0.0463
856.25	0.0471
856.375	0.0471
856.5	0.0471
856.625	0.0471
856.75	0.0471
856.875	0.0479
857.0	0.0479
857.125	0.0471
857.25	0.0471
857.375	0.0471
857.5	0.0471
857.625	0.0479
857.75	0.0471
857.875	0.0471
858.0	0.0463
858.125	0.0479
858.25	0.0471
858.375	0.0471
858.5	0.0471
858.625	0.0471
858.75	0.0471
858.875	0.0471
859.0	0.0471
859.125	0.0479
859.25	0.0463
859.375	0.0471
859.5	0.0471
859.625	0.0471
859.75	0.0471
859.875	0.0471
860.0	0.0471
860.125	0.0471
860.25	0.0471
860.375	0.0471
860.5	0.0471
860.625	0.0471
860.75	0.0471
860.875	0.0471
861.0	0.0471
861.125	0.0471
861.25	0.0471
861.375	0.0471
861.5	0.0471
861.625	0.0471
861.75	0.0471
861.875	0.0471
862.0	0.0471
862.125	0.0471
862.25	0.0471
862.375	0.0471
862.5	0.0471
862.625	0.0471
862.75	0.0471
862.875	0.0479
863.0	0.0471
863.125	0.0495
863.25	0.0471
863.375	0.0479
863.5	0.0471
863.625	0.0471
863.75	0.0471
863.875	0.0479
864.0	0.0471
864.125	0.0471
864.25	0.0471
864.375	0.0471
864.5	0.0471
864.625	0.0463
864.75	0.0463
864.875	0.0463
865.0	0.0471
865.125	0.0471
865.25	0.0479
865.375	0.0471
865.5	0.0471
865.625	0.0479
865.75	0.0471
865.875	0.0471
866.0	0.0479
866.125	0.0471
866.25	0.0471
866.375	0.0471
866.5	0.0487
866.625	0.0471
866.75	0.0471
866.875	0.0479
867.0	0.0487
867.125	0.0503
867.25	0.0479
867.375	0.0511
867.5	0.0511
867.625	0.0503
867.75	0.0511
867.875	0.0503
868.0	0.0511
868.125	0.0503
868.25	0.0518
868.375	0.0503
868.5	0.0518
868.625	0.0518
868.75	0.0503
868.875	0.0495
869.0	0.0511
869.125	0.0518
869.25	0.0503
869.375	0.0487
869.5	0.0511
869.625	0.0511
869.75	0.0518
869.875	0.0511
870.0	0.0518
870.125	0.0511
870.25	0.0518
870.375	0.0518
870.5	0.0503
870.625	0.0495
870.75	0.0503
870.875	0.0518
871.0	0.0503
871.125	0.0518
871.25	0.0511
871.375	0.0518
871.5	0.0511
871.625	0.0518
871.75	0.0518
871.875	0.0518
872.0	0.0518
872.125	0.0511
872.25	0.0503
872.375	0.0518
872.5	0.0495
872.625	0.0518
872.75	0.0511
872.875	0.0518
873.0	0.0518
873.125	0.0511
873.25	0.0503
873.375	0.0511
873.5	0.0518
873.625	0.0518
873.75	0.0511
873.875	0.0511
874.0	0.0518
874.125	0.0495
874.25	0.0503
874.375	0.0518
874.5	0.0518
874.625	0.0511
874.75	0.0511
874.875	0.0503
875.0	0.0503
875.125	0.0511
875.25	0.0511
875.375	0.0511
875.5	0.0518
875.625	0.0511
875.75	0.0518
875.875	0.0511
876.0	0.0518
876.125	0.0511
876.25	0.0518
876.375	0.0518
876.5	0.0503
876.625	0.0518
876.75	0.0518
876.875	0.0518
877.0	0.0518
877.125	0.0503
877.25	0.0518
877.375	0.0503
877.5	0.0511
877.625	0.0503
877.75	0.0518
877.875	0.0518
878.0	0.0503
878.125	0.0518
878.25	0.0503
878.375	0.0503
878.5	0.0511
878.625	0.0518
878.75	0.0518
878.875	0.0526
879.0	0.0526
879.125	0.0518
879.25	0.0518
879.375	0.0518
879.5	0.0518
879.625	0.0518
879.75	0.0518
879.875	0.0518
880.0	0.0518
880.125	0.0518
880.25	0.0511
880.375	0.0518
880.5	0.0518
880.625	0.0518
880.75	0.0511
880.875	0.0518
881.0	0.0518
881.125	0.0518
881.25	0.0518
881.375	0.0518
881.5	0.0518
881.625	0.0518
881.75	0.0511
881.875	0.0518
882.0	0.0518
882.125	0.0518
882.25	0.0503
882.375	0.0518
882.5	0.0518
882.625	0.0518
882.75	0.0511
882.875	0.0518
883.0	0.0518
883.125	0.0511
883.25	0.0518
883.375	0.0503
883.5	0.0518
883.625	0.0511
883.75	0.0518
883.875	0.0518
884.0	0.0518
884.125	0.0518
884.25	0.0518
884.375	0.0518
884.5	0.0511
884.625	0.0511
884.75	0.0503
884.875	0.0511
885.0	0.0518
885.125	0.0518
885.25	0.0503
885.375	0.0518
885.5	0.0518
885.625	0.0511
885.75	0.0518
885.875	0.0518
886.0	0.0518
886.125	0.0526
886.25	0.0511
886.375	0.0518
886.5	0.0518
886.625	0.0518
886.75	0.0518
886.875	0.0511
887.0	0.0511
887.125	0.0518
887.25	0.0518
887.375	0.0518
887.5	0.0511
887.625	0.0518
887.75	0.0495
887.875	0.0503
888.0	0.0518
888.125	0.0518
888.25	0.0518
888.375	0.0511
888.5	0.0511
888.625	0.0518
888.75	0.0518
888.875	0.0511
889.0	0.0518
889.125	0.0518
889.25	0.0511
889.375	0.0495
889.5	0.0518
889.625	0.0495
889.75	0.0518
889.875	0.0518
890.0	0.0518
890.125	0.0511
890.25	0.0518
890.375	0.0518
890.5	0.0511
890.625	0.0511
890.75	0.0518
890.875	0.0518
891.0	0.0503
891.125	0.0503
891.25	0.0495
891.375	0.0503
891.5	0.0518
891.625	0.0511
891.75	0.0518
891.875	0.0518
892.0	0.0518
892.125	0.0518
892.25	0.0518
892.375	0.0518
892.5	0.0518
892.625	0.0511
892.75	0.0518
892.875	0.0518
893.0	0.0518
893.125	0.0518
893.25	0.0518
893.375	0.0518
893.5	0.0511
893.625	0.0503
893.75	0.0511
893.875	0.0518
894.0	0.0511
894.125	0.0518
894.25	0.0511
894.375	0.0518
894.5	0.0495
894.625	0.0511
894.75	0.0518
894.875	0.0518
895.0	0.0518
895.125	0.0518
895.25	0.0511
895.375	0.0503
895.5	0.0511
895.625	0.0503
895.75	0.0511
895.875	0.0518
896.0	0.0518
896.125	0.0503
896.25	0.0518
896.375	0.0503
896.5	0.0511
896.625	0.0518
896.75	0.0518
896.875	0.0518
897.0	0.0511
897.125	0.0518
897.25	0.0495
897.375	0.0511
897.5	0.0518
897.625	0.0518
897.75	0.0518
897.875	0.0518
898.0	0.0518
898.125	0.0511
898.25	0.0503
898.375	0.0511
898.5	0.0518
898.625	0.0518
898.75	0.0518
898.875	0.0518
899.0	0.0511
899.125	0.0518
899.25	0.0518
899.375	0.0518
899.5	0.0534
899.625	0.0503
899.75	0.0511
899.875	0.0511
